bicycle
bus
car
motorbike
person
[ 21105748.      6767307.     27993810.     15122327.     27924730.
   8259089.     10792330.      3926474.5    13210892.      6592533.5
  10218339.     17328498.     23363802.     11848285.     19952830.
  11282350.     20901696.     17036894.     33663344.     12354025.
   5937206.     22196394.      9340400.     24266260.     10101203.
  11985722.      6830729.      9599654.      5619486.     11871038.
  21482512.     34226844.     40095640.      3562077.25   26146776.
   5589015.     17716608.      3985102.5    12253387.      1087369.25
   7889652.     21753220.     39721572.     39109076.     17522408.
  20690046.     14592837.     23897336.      3747751.5    34106964.
  25781678.     10417733.     11781858.     10097534.     15418588.
  10004013.     22535082.     19250620.      9771695.      1368776.625
   5077190.      4836350.     18072740.      5048303.5  ]
[  3.01529460e+07   1.08685810e+07   3.83140760e+07   4.88981312e+05
   4.88937150e+06   3.25830250e+06   7.69625500e+06   3.96301880e+03
   8.48428700e+06   9.99813400e+06   3.03294720e+07   2.77195620e+07
   2.60328008e+04   3.57138900e+06   2.14778520e+07   1.03326880e+07
   3.38943625e+06   4.14823200e+07   1.56691340e+07   1.04249460e+07
   1.56250469e+05   2.51556300e+07   3.08538750e+06   2.53268380e+07
   3.26450438e+05   2.48934300e+07   3.69211650e+06   1.76212225e+06
   1.40603670e+07   1.10912312e+05   3.58106800e+07   2.78555605e+04
   1.62514862e+06   1.75253720e+07   7.33152450e+06   4.75039200e+06
   3.04556031e+05   1.03386820e+07   2.55220860e+07   1.90290200e+07
   1.83314100e+07   3.72917950e+06   6.19853438e+05   7.81685550e+06
   3.37631120e+07   2.02186220e+07   9.20826750e+05   4.17541760e+07
   2.38405380e+07   7.07639500e+06   2.56613420e+07   2.50611720e+07
   3.85227560e+07   2.41920780e+07   1.16664700e+06   2.00416760e+07
   1.26107540e+07   5.57129640e+07   4.18104175e+06   1.57237710e+07
   3.44629080e+07   1.71574719e+03   1.25526440e+07   3.71146640e+07]
[  4.34753800e+06   1.14805930e+07   1.03211426e+04   1.51669891e+05
   1.83698906e+04   2.54578750e+04   6.65733516e+04   4.19857250e+06
   5.34565938e+04   1.83955475e+06   5.11063250e+06   7.99115688e+05
   1.54764725e+06   1.65126612e+06   4.54179102e+04   5.51726602e+04
   3.02349425e+06   7.85518125e+05   1.33733325e+06   4.83503450e+06
   1.95350050e+06   1.99039512e+04   9.84423900e+06   1.19085300e+07
   1.08248460e+07   0.00000000e+00   6.55554812e+05   2.89486150e+06
   2.62692850e+06   6.33785850e+06   3.32758281e+04   9.18159500e+06
   2.43044969e+05   3.31228775e+06   1.92022925e+06   4.37285600e+06
   4.31508156e+05   1.80462020e+07   3.10666800e+06   1.05837641e+05
   8.14029600e+06   5.06478650e+06   5.31166900e+06   1.37959420e+07
   1.39111150e+06   3.66549031e+05   1.11790080e+07   3.04520801e+04
   3.11993575e+06   4.48158625e+05   2.39317275e+06   7.55008750e+04
   2.85995275e+06   1.90383388e+06   1.54046680e+07   1.05711620e+07
   1.37530112e+06   1.20491270e+04   6.36465703e+04   7.31843812e+05
   2.13943500e+06   1.50123260e+07   8.91495700e+06   2.65577600e+06
   1.59481600e+07   2.84995100e+06   1.18267570e+07   6.10517950e+06
   7.41590875e+05   7.73203875e+05   7.47475800e+06   9.67240900e+06
   1.97460862e+06   1.29674950e+06   0.00000000e+00   4.78394100e+06
   2.30467453e+05   4.59702600e+06   4.08334000e+06   6.65471719e+04
   1.05633369e+04   4.29291300e+06   3.07078900e+06   2.98686680e+04
   2.75637975e+06   6.56843650e+06   4.67124300e+06   7.97372266e+04
   5.34661150e+06   1.27894688e+06   6.18402350e+06   5.32798800e+06
   1.44684300e+06   4.31207250e+06   1.29547238e+06   6.59632750e+06
   4.10165195e+04   4.33566300e+06   1.02526081e+06   2.24444281e+05
   2.99837700e+06   5.73565438e+05   1.58226922e+05   8.66070000e+05
   7.95897644e+02   2.49343938e+05   4.66190031e+05   8.01517125e+05
   2.44588100e+06   1.11918828e+05   9.26593281e+04   5.99183550e+06
   7.44640062e+05   6.13436500e+06   6.78393400e+06   7.10765550e+06
   1.36334588e+06   6.08047125e+05   2.53781625e+06   2.91907438e+05
   2.97063275e+06   4.03491950e+06   7.83828828e+04   6.19581000e+06
   2.70022225e+06   5.09395000e+04   2.02874680e+07   3.39871143e+03]
[  4.58643100e+06   2.71856500e+06   1.82980766e+05   0.00000000e+00
   6.44329883e+03   3.96900950e+06   1.49533588e+06   1.47274688e+06
   1.43349990e+07   5.13242600e+06   7.72086300e+06   7.39129850e+06
   2.06652262e+06   3.25526219e+05   2.63620483e+03   2.56604125e+06
   1.72255088e+06   3.45433150e+06   2.67514450e+06   2.66688281e+04
   1.01201050e+07   2.25320975e+06   1.64142762e+06   2.97847719e+05
   6.97185562e+05   4.94330500e+05   1.53025750e+06   4.82144650e+06
   1.64378625e+05   6.92932450e+06   5.31489648e+04   1.30146570e+07
   4.03033425e+06   1.04405242e+05   2.03840125e+06   1.58507888e+06
   3.98607000e+06   1.05294510e+07   1.56830641e+05   8.04534531e+04
   1.33825250e+06   1.22358414e+05   1.95280488e+04   1.00699156e+06
   6.00722500e+05   8.03742950e+06   6.14016650e+06   5.57760900e+06
   3.89219600e+06   1.47205640e+07   2.14738825e+06   4.79916300e+06
   4.96403850e+06   7.31583750e+05   2.51047391e+05   1.35234297e+05
   4.69147050e+06   1.40905350e+06   7.58429626e+02   2.98565525e+06
   4.03323600e+06   5.27275450e+06   6.73580650e+06   3.64210800e+06
   4.70368438e+05   1.18273620e+07   1.92000125e+05   2.90181025e+06
   2.53994825e+06   7.88566100e+06   2.04288725e+06   1.33321830e+07
   9.86084400e+06   4.68131150e+06   1.93831760e+07   6.16520447e+02
   4.35162250e+06   1.51064738e+06   1.35846620e+07   4.18724225e+06
   3.39917725e+06   2.23280059e+04   8.67473700e+06   2.67072325e+06
   2.76807207e+04   6.94527050e+06   1.61248262e+06   2.95244525e+06
   5.81814062e+04   1.09300738e+06   3.49750977e+04   5.59038800e+06
   3.84938812e+05   1.16262280e+07   9.97582438e+05   2.56389925e+06
   3.38107719e+05   8.00121550e+06   1.17482388e+06   1.21359930e+07
   9.66361406e+04   2.20398797e+05   1.58222270e+07   1.66457910e+04
   1.39736781e+05   1.33707860e+07   2.11807800e+06   6.44261600e+06
   9.15810300e+06   4.90191800e+06   2.03449492e+04   4.71016000e+06
   3.40991344e+05   2.15699720e+07   4.78105550e+06   9.20917000e+05
   6.30222062e+05   4.73018250e+06   1.98720098e+04   3.02306660e+04
   1.43780070e+07   3.09045200e+06   1.68110625e+04   7.56822050e+06
   6.01390650e+06   1.55351775e+06   1.35046330e+07   8.59611500e+06]
[  0.00000000e+00   3.50104468e+03   1.21843875e+06   1.30320918e+04
   3.63181076e+01   5.59414795e+02   3.32894092e+03   0.00000000e+00
   2.60987675e+06   1.19989463e+04   3.64598297e+02   8.05397559e+03
   0.00000000e+00   5.25816445e+04   6.12667344e+04   1.15094727e+03
   5.20543594e+04   9.16202000e+05   3.46012036e+03   1.34815342e+04
   9.43057861e+01   2.89096191e+03   4.02079344e+05   2.96297925e+03
   9.81050488e+03   3.67125244e+02   2.23072725e+06   0.00000000e+00
   4.69004834e+03   6.21383838e+03   9.25845032e+01   3.67575867e+02
   6.44644928e+01   8.66150125e+05   4.20543125e+04   1.55792950e+06
   2.09705412e+06   7.47252734e+03   6.06779236e+02   8.51711487e+02
   1.93848547e+03   2.59623389e+03   1.21988193e+04   4.34321812e+05
   6.73203857e+03   9.96285278e+02   6.28691406e+01   1.51299988e+02
   9.66537812e+04   7.58236328e+03   8.37866641e+04   3.59902100e+02
   1.29968650e+06   2.83092781e+05   4.17786446e+01   1.29612352e+05
   4.83775188e+05   7.77849062e+05   1.72814539e+03   3.99504051e+01
   3.84153984e+04   3.30024570e+04   3.19701719e+05   4.76990430e+04
   8.11746140e+01   1.44268848e+04   4.75894409e+02   1.40217249e+03
   2.35727490e+03   1.74714562e+05   1.55391012e+06   1.85103650e+06
   0.00000000e+00   1.77353438e+04   3.23899078e+01   2.61254150e+02
   6.08426611e+03   2.43662141e+05   6.51762500e+05   1.89614551e+04
   1.56795969e+05   1.29832251e+03   6.55916162e+03   5.78172791e+02
   1.87575688e+06   2.55823775e+06   6.19774188e+05   1.33504150e+06
   1.07750438e+05   2.75902954e+02   7.30858105e+03   6.36548516e+04
   3.01232062e+05   5.45227422e+04   0.00000000e+00   1.05133701e+04
   3.45609692e+03   7.29448688e+05   6.13225525e+02   9.86035059e+03
   4.12600977e+04   6.39385742e+03   1.52142950e+06   3.46136914e+04
   3.01013525e+03   2.99825317e+03   1.87250879e+04   1.17373364e+03
   2.63769588e+01   3.06854156e+05   1.13424812e+06   5.99266895e+03
   0.00000000e+00   1.69944473e+04   1.85915195e+04   4.23618311e+03
   1.89740334e+01   1.28513486e+04   8.71559021e+02   2.52882075e+06
   1.53366406e+04   0.00000000e+00   2.19350469e+04   7.01885254e+02
   1.06922949e+04   1.03786062e+06   1.59545563e+02   0.00000000e+00
   1.01242106e+06   1.54593730e+04   1.40059355e+04   3.10941016e+03
   7.59605908e+03   1.63750350e+06   7.09747772e+01   3.33948560e+03
   3.29741375e+06   6.15841188e+05   6.08800439e+03   0.00000000e+00
   1.10029199e+04   9.46393051e+01   2.05461694e+03   1.00735894e+06
   3.62885986e+02   1.96246250e+06   3.26725757e+03   3.35465576e+03
   1.83282000e+05   8.74665604e+01   1.76013440e+03   3.31489282e+03
   1.10999438e+05   1.34019250e+05   6.70600250e+05   4.02192474e+02
   4.42753223e+03   2.51235578e+05   1.49027025e+06   1.21855141e+05
   1.66640358e+01   1.65306859e+05   1.10031525e+06   1.06746367e+04
   5.57074609e+03   2.78644250e+06   1.10803388e+06   1.60793359e+05
   3.07242773e+04   1.62109438e+06   1.59739975e+06   1.22540625e+04
   1.60154453e+04   4.42983406e+05   9.74263672e+03   9.98224219e+03
   1.56133275e+06   4.33304639e+03   2.87529550e+06   5.15123203e+04
   3.62339531e+05   9.36707656e+04   5.18911344e+05   7.82187744e+03
   9.34555078e+03   8.65417969e+03   7.73227109e+04   2.68222090e+04
   9.93645625e+05   1.64956172e+04   3.60216699e+03   2.34514350e+06
   0.00000000e+00   6.39567312e+05   0.00000000e+00   1.64115288e+06
   4.93532617e+03   4.57238312e+05   2.24260650e+06   9.01960750e+05
   6.39781311e+02   1.73386288e+06   9.98160438e+05   1.99806244e+02
   1.07781164e+05   1.81062622e+02   1.21205823e+03   3.14503174e+03
   1.20384216e+03   8.34019062e+05   4.56889500e+05   1.73966188e+06
   1.54445039e+04   2.86154004e+04   1.84981098e+01   2.97386562e+04
   9.07491394e+02   7.37521938e+05   2.57547344e+04   1.70828705e+02
   7.17262695e+02   2.86219775e+03   6.81965027e+02   2.42419516e+05
   4.63526031e+05   0.00000000e+00   7.02374802e+01   1.35623969e+05
   5.38029175e+02   6.60843125e+05   1.94321152e+04   5.81948948e+00
   1.18560488e+06   1.79236191e+04   1.17843638e+06   1.47853775e+02
   2.62673315e+03   4.48965742e+04   7.37477750e+05   4.82487695e+03
   6.73551250e+05   8.24858125e+05   6.24246216e+02   5.32574280e+02
   4.57456523e+04   1.60326152e+04   4.49744775e+03   2.89939600e+03
   1.03368773e+05   2.40987500e+05   8.92802441e+03   1.11046851e+03
   1.00688203e+04   1.30001278e+01   2.34197217e+03   6.11781562e+05]
[  2.18982675e+06   5.03913232e+03   1.46729675e+03   1.99520782e+02
   1.27700125e+06   2.05296112e+06   2.10033188e+05   6.21483582e+02
   1.08284834e+04   7.35371094e+02   9.07797852e+02   5.52249658e+03
   6.59562256e+02   2.88729355e+04   1.42443884e+03   5.89134814e+03
   1.47740936e+02   2.25393921e+02   1.36785662e+06   7.71656797e+04
   0.00000000e+00   1.19995613e+02   1.15874550e+02   4.01513562e+05
   2.94673634e+01   2.56047510e+03   0.00000000e+00   4.31127344e+05
   1.24011240e+04   1.29385254e+03   2.03977793e+04   5.23894961e+04
   3.71112085e+03   6.63205781e+04   4.15055225e+03   1.06209316e+04
   1.21886143e+04   8.33393738e+02   5.35548584e+03   0.00000000e+00
   6.06178906e+04   4.30562734e+04   7.80417139e+03   7.14633252e+03
   5.86848340e+03   1.29209326e+04   2.19296750e+05   3.72715039e+04
   6.96003281e+04   7.61844238e+02   4.80655508e+04   5.78968140e+02
   9.30803418e+03   1.20652168e+04   1.24712398e+05   2.11104641e+05
   6.21278516e+04   3.52704562e+05   3.73446367e+04   7.02015162e-02
   4.08925293e+03   7.60953203e+04   0.00000000e+00   1.38247147e+02
   0.00000000e+00   1.08762938e+05   3.77552875e+05   1.90430084e+02
   7.63278625e+02   3.58948398e+04   1.05633300e+06   4.26143875e+01
   2.67997441e+04   7.33544629e+03   2.16867852e+04   7.14352422e+04
   1.55104906e+05   6.76591748e+03   4.76708789e+04   4.70308625e+05
   3.72622375e+02   4.00458984e+03   1.92528954e+01   7.68907500e+04
   2.83982208e+02   9.16160625e+04   4.91612854e+02   1.13326201e+04
   9.73993750e+03   1.35517686e+04   3.25065098e+04   8.67683105e+03
   1.22104758e+05   3.68536188e+05   4.60263123e+02   1.14429655e+01
   9.13416328e+04   1.05041075e+01   4.40666523e+04   1.11905928e+04
   6.74084961e+03   2.71291660e+04   1.11371525e+06   6.91369934e+01
   4.61571655e+02   1.60809004e+04   5.08187578e+04   7.16101250e+04
   2.38723105e+04   1.53846875e+06   2.47345413e+02   7.01951188e+05
   5.04063416e+01   6.33273560e+02   3.30994800e+03   1.20712041e+04
   7.44916553e+03   1.25636865e+04   6.06513164e+04   3.29076484e+04
   2.58599048e+03   2.15348267e+02   5.47178564e+03   5.35239500e+05
   1.56755627e+03   2.01792456e+03   3.03586364e-01   3.17725742e+04
   1.20271997e+03   1.86956175e+06   3.78646758e+04   1.20481982e+03
   3.32923218e+03   1.48823700e+06   1.39697937e+03   1.83135430e+04
   1.50748535e+04   8.53974250e+05   2.82539819e+03   2.97297913e+02
   3.28433762e+01   7.81951233e+02   1.14612344e+04   1.59796078e+05
   1.84588127e+01   7.31618896e+02   7.72756165e+02   0.00000000e+00
   0.00000000e+00   2.86673584e+02   1.77963208e+03   8.84600159e+02
   9.60458062e+05   1.43342453e+05   1.03574402e+02   1.87370266e+05
   8.48131226e+02   0.00000000e+00   3.72304258e+04   1.14833100e+06
   1.04902855e+02   1.84393848e+03   1.73074646e+03   3.44476849e-01
   1.15132031e+05   0.00000000e+00   3.21832188e+05   4.18398633e+03
   1.48044688e+05   1.65759388e+06   1.31605789e+02   4.82602930e+00
   9.50086426e+03   2.52446578e+05   7.87165500e+05   1.38484485e+03
   4.77678906e+03   1.64214124e+03   1.39576064e+04   2.58844643e+01
   9.53320801e+03   9.83853516e+03   6.85602341e+01   4.01459727e+04
   2.09467278e+01   1.87362134e+03   1.19437500e+05   1.08040430e+04
   1.29654089e+03   7.70483643e+02   8.31741625e+05   1.91333069e+03
   1.29694767e+01   1.03606680e+04   3.50233164e+04   8.34576538e+02
   9.69849297e+04   1.86469629e+04   7.15529250e+05   3.09642982e+01
   2.72596069e+02   0.00000000e+00   5.72437688e+05   2.25922539e+04
   1.08621826e+04   1.85446415e+01   1.59834287e+04   1.34152375e+06
   9.85037969e+04   1.28659212e+06   2.72666759e+01   1.19720422e+03
   3.91369971e+03   1.90525059e+04   7.76487122e+02   3.97267625e+05
   2.99138812e+05   3.60653223e+03   4.96738477e+03   2.21172339e+03
   4.83578564e+03   2.06848555e+04   4.28915625e+03   1.11885547e+03
   0.00000000e+00   9.52688203e+04   2.47315906e+05   2.07911304e+03
   9.74429260e+02   0.00000000e+00   7.69325943e+01   2.10846934e+04
   2.79587031e+05   2.38100366e+03   1.39756562e+06   4.19331006e+03
   9.05126855e+03   1.02845619e+06   0.00000000e+00   0.00000000e+00
   2.76926147e+03   1.60611141e+05   0.00000000e+00   0.00000000e+00
   1.02417152e+02   5.31634865e+01   7.85603027e+03   2.11150497e+02
   4.21774719e+05   1.09208797e+05   2.00198145e+04   1.10054078e+05
   3.62235391e+04   8.10427188e+05   1.38861172e+04   2.47399531e+04]
[  2.99222500e+05   1.96979004e+04   5.55520752e+02   2.88234314e+02
   7.18384500e+05   2.26773999e+03   1.51758750e+05   6.89404297e+04
   1.26991626e+03   5.92194500e+05   2.71370728e+03   8.15707656e+04
   6.42662744e+03   2.07315186e+03   2.75344287e+03   3.65097473e+02
   5.41219759e+00   2.08790137e+03   7.36128693e+01   2.18042139e+03
   4.68393281e+04   7.69359219e+04   9.53584082e+03   1.97298438e+04
   4.81368896e+02   9.94432520e+03   2.11746777e+03   9.35759922e+04
   1.76142539e+04   3.62803625e+05   1.08724646e+03   2.25161445e+04
   3.05953613e+04   1.40758984e+05   1.09670117e+04   6.20979570e+04
   3.89072594e+05   1.59309825e+06   5.27611145e+02   1.46704338e+06
   2.40537003e+02   5.65746521e+02   1.55701477e+03   7.08562344e+04
   2.38493770e+04   2.82190210e+03   9.17516602e+02   5.35428789e+04
   3.46365508e+04   9.32696716e+02   1.24607039e+05   1.20510800e+06
   6.18038750e+01   3.12888088e+01   1.80808578e+02   5.46316602e+03
   5.55056824e+02   8.85178906e+04   1.76768932e+01   4.23864746e+03
   1.75288721e+03   2.48640508e+04   1.20316504e+03   4.45516699e+03
   1.41493867e+04   5.23199609e+04   8.68889062e+03   2.77113452e+03
   1.70390234e+05   9.58927031e+04   6.39713818e+03   2.41700879e+03
   2.96810906e+05   5.61999561e+03   5.01295312e+05   3.71952219e+05
   2.71587688e+05   3.96600625e+04   1.58273108e+03   1.31546667e+03
   3.36121924e+03   4.32074013e+01   7.91975547e+04   9.52024765e+01
   5.69328672e+04   1.66510635e+02   1.93626141e+05   3.85030884e+02
   4.42837763e+00   6.09839600e+02   2.96788483e+02   3.38164001e+02
   3.66152422e+04   2.74810425e+02   1.09790039e+05   1.19911934e+04
   1.89052750e+02   2.25163641e+05   3.69417062e+05   9.06693438e+04
   2.53324156e+05   6.77594609e+04   1.71891113e+03   7.00117310e+02
   3.18455078e+04   1.75935229e+03   3.63119375e+05   2.28793906e+04
   5.30549683e+02   7.32757666e+03   7.16835156e+03   3.63870972e+03
   1.39104238e+04   6.07846875e+03   7.05012756e+02   1.16639602e+05
   1.10348083e+03   6.60515078e+04   1.66107852e+04   3.44826133e+04
   1.19881201e+01   7.97456562e+05   3.58006797e+04   2.11074156e+05
   1.06584281e+05   5.33253601e+02   1.44837773e+04   2.07546329e+01
   1.50446686e+02   7.38950577e+01   9.29328735e+02   2.00126934e+04
   2.57899121e+03   1.76974817e+03   9.91714766e+04   9.86108301e+03
   1.03943203e+04   4.39137969e+04   5.30497119e+03   7.07459656e+02
   7.57994537e+01   4.27224297e+04   1.22678833e+03   4.79876602e+04
   3.49225977e+04   2.53897144e+03   1.64007812e+04   2.13655987e+01
   5.57684961e+04   3.70628613e+03   1.57438730e+04   1.17365719e+05
   2.36730151e+03   2.43434625e+05   3.78502617e+01   1.25817734e+04
   3.27356035e+04   3.58403047e+04   1.87185422e+05   1.49231238e+03
   1.68054840e+02   9.44284973e+01   1.49685071e+03   1.33599646e+03
   1.67253784e+03   7.15418701e+03   7.38137734e+04   2.56680016e+05
   1.09518933e+03   1.99936484e+04   3.02088013e+02   6.16290137e+03
   2.31636406e+04   1.68536841e+03   1.25521475e+04   2.53645630e+03
   6.92621719e+04   2.42672607e+03   3.91883125e+04   8.57859844e+04
   7.87277985e+01   7.85201172e+04   4.27162109e+03   3.40150586e+03
   5.62944648e+04   7.41166992e+02   1.27882688e+05   1.43970532e+03
   2.41409547e+05   6.27295625e+05   4.44007070e+04   2.44352979e+03
   6.20215027e+02   1.13842930e+05   8.21072311e+01   7.35093445e+02
   2.60906816e+04   1.77196934e+04   1.09901172e+04   1.84109703e+05
   3.61372192e+03   5.24232239e+02   2.34759492e+04   2.63473719e+05
   8.88387188e+04   5.44230835e+02   4.38095352e+04   5.57150830e+03
   1.68505594e+05   3.19441032e+00   8.89802063e+02   4.30013379e+03
   2.57727539e+04   1.58059307e+04   1.17925789e+05   2.75826035e+01
   2.09419961e+04   1.15560273e+04   2.81937714e+02   3.53865750e+05
   3.23111133e+03   4.20798926e+03   2.07100371e+04   2.07439922e+04
   2.20101758e+04   0.00000000e+00   3.48782166e+02   9.61632812e+03
   4.95631738e+03   2.51644902e+04   1.40015938e+04   6.81136875e+04
   1.08702576e+03   2.14269395e+04   1.12162400e+06   1.70340833e+03
   8.55581934e+03   4.03045288e+03   9.29180250e+05   2.93372461e+03
   4.86021729e+03   1.88468124e+02   8.42853516e+03   5.23239197e+02
   1.61976062e+05   5.39157062e+05   4.23720106e-02   2.61091728e+01
   1.24237141e+05   2.52648086e+04   0.00000000e+00   5.42744570e+04
   1.33901172e+04   9.29244507e+02   2.62744293e+02   2.63425806e+03]
[  3.59020691e+02   1.70236973e+04   3.73046445e+04   1.73867285e+04
   2.29853979e+03   6.21760078e+04   3.59775665e+02   7.92793604e+03
   1.31294525e+02   1.35727129e+01   5.90159102e+04   8.65762109e+03
   8.69985657e+02   2.39769922e+03   3.97400122e+03   8.06438110e+02
   1.28899453e+04   1.51093477e+04   1.04299600e+04   2.80344702e+03
   9.48816223e+01   1.24311734e+05   9.15247461e+03   6.89798889e+02
   6.45749531e+04   1.29144756e+04   5.74273945e+04   9.71502148e+03
   6.20234492e+04   7.13621338e+03   1.36903779e+04   1.06731656e+05
   1.41756729e+04   2.08072871e+04   3.94285352e+04   7.08548984e+04
   5.95157070e+04   3.14353638e+03   1.53817047e+02   1.42523760e+04
   1.24882423e+02   9.84577578e+04   3.75412305e+04   2.47088711e+04
   8.43751144e+01   9.66656543e+03   1.58927324e+04   2.94354785e+04
   0.00000000e+00   3.00874844e+04   1.33979625e+05   1.72572314e+03
   9.22865987e-01   1.06275352e+04   1.63563633e+04   1.20543047e+04
   1.07303524e+01   7.01005908e+03   1.12769081e+02   4.81848486e+03
   1.68355798e+03   1.25856352e+05   2.46850859e+04   3.73345996e+03
   1.58694990e+04   9.22226074e+03   4.67097687e+02   2.18714005e+02
   7.27901807e+03   1.17251001e+03   1.66926270e+04   1.14764990e+03
   6.12369297e+04   6.74127625e+02   7.63207197e+00   1.27457605e+03
   3.36626740e+02   8.43379784e+00   1.27628766e+05   5.14957578e+04
   9.55045395e+01   2.15808418e+04   3.58693008e+04   8.82338750e+04
   4.56337982e+02   1.21495018e+01   2.07034424e+03   2.68342505e+03
   8.57557969e+04   5.54960508e+04   8.75862988e+03   3.18503685e+01
   8.42326328e+04   1.56051123e+04   5.20738711e+04   3.76529805e+04
   1.55560635e+04   5.90324402e+02   3.15636562e+04   7.17731953e+04
   5.14578430e+02   1.22353691e+02   1.37590109e+05   2.13619458e+03
   3.01470293e+04   4.98490508e+04   7.43636780e+02   7.72763594e+04
   5.26536875e+04   1.53222095e+03   1.86366094e+04   2.84830231e+02
   3.84210742e+04   6.36546364e+01   1.30860400e+03   1.78021914e+04
   0.00000000e+00   5.93791641e+04   1.12428637e+01   5.01759961e+04
   2.52071808e+02   9.12473438e+04   1.54713594e+04   3.04687085e+03
   4.09110352e+03   4.35499336e+04   5.03001025e+03   3.11825957e+04
   4.84096172e+04   3.18713599e+03   9.99711609e+01   2.03263438e+04
   2.09847559e+04   8.13213359e+04   2.89657051e+04   1.58227539e+02
   4.74951367e+03   5.82365234e+02   1.22689441e+03   1.90477276e+01
   5.61053984e+04   1.59959436e+03   2.07790879e+04   4.73899040e+01
   9.82428833e+02   1.49167090e+03   1.51104761e+03   2.88144287e+03
   9.61278534e+01   1.72091016e+04   7.06226172e+04   5.42248877e+03
   2.92074280e+02   1.69568396e+03   3.43715439e+01   0.00000000e+00
   5.92530746e+01   4.29634735e+02   1.39549423e+02   8.38444453e+04
   1.56577832e+04   2.88795508e+03   1.37071826e+04   0.00000000e+00
   4.91819258e+04   8.72896912e+02   6.70885469e+04   2.72915253e+02
   9.17995391e+04   6.09598086e+04   5.65653564e+02   7.54642480e+03
   1.67490664e+04   2.10801465e+03   9.51430234e+04   3.78305547e+04
   2.82825293e+04   5.41981201e+03   1.34856660e+04   3.09644409e+03
   5.38166680e+04   3.58359314e+02   8.01360107e+03   1.86869844e+04
   7.30596191e+02   6.17006797e+04   7.44184219e+04   1.11195234e+04
   6.65862610e+02   1.12560706e+03   1.45418237e+03   2.40015859e+04
   1.57068506e+04   1.02976961e+05   1.60293422e+05   5.36559648e+04
   2.15298184e+04   1.61639600e+04   2.55130664e+04   2.53035962e+03
   9.01848984e+04   1.01899609e+04   6.34622726e+01   8.48597891e+04
   1.06191773e+05   1.21227066e+02   3.89872773e+04   5.28262773e+04
   2.83566246e+01   1.81972599e+01   7.63898877e+03   2.89473663e+02
   1.63923511e+03   1.93634155e+02   5.08502461e+04   3.00664062e+03
   2.50962695e+03   2.89574336e+04   2.14434121e+04   3.09142012e+04
   1.28883008e+04   1.09009258e+05   9.36740112e+02   0.00000000e+00
   3.91972344e+04   5.64860010e+03   1.52565637e+03   1.73318937e-01
   4.82585449e+02   9.77182068e+02   1.08065605e+02   6.71488810e+00
   4.45800625e+04   2.67688145e+04   1.24168766e+05   4.41788788e+02
   4.29070469e+04   1.56382947e+03   1.17954746e+04   1.60786499e+03
   5.04831396e+03   2.91547500e+04   7.15951025e+03   7.39275078e+04
   6.07302124e+02   1.21920695e+05   2.49763027e+04   8.66666603e+00
   1.55509814e+04   3.03623027e+04   3.50232578e+04   1.00570977e+05
   4.67866748e+03   1.84534953e+05   2.18856895e+04   5.71665391e+04
   6.77636016e+04   5.06970551e+02   2.63651390e+01   3.50364141e+04
   4.70038750e+04   1.25970335e+01   6.29480957e+03   9.87601013e+02
   1.06061232e+00   1.91023945e+04   6.06770813e+02   1.13635406e+05
   3.62332930e+04   6.35909790e+02   1.85357201e+00   3.38778778e+02
   1.34612168e+04   3.87862695e+03   8.81042656e+04   2.43300156e+04
   0.00000000e+00   8.48163033e+00   8.23221797e+04   5.86578467e+03
   1.73468437e+01   5.86512817e+02   2.11685312e+04   8.31047031e+04
   1.24547839e+03   6.50725488e+03   1.13884872e+02   3.39408020e+02
   2.22786792e+03   2.06888940e+03   1.58080342e+04   7.54724268e+03
   1.12424211e+05   4.65567031e+04   4.46508359e+04   2.17995148e+02
   5.02390862e+01   2.30365921e+02   4.86332500e+04   6.32635156e+04
   1.32244393e-01   1.89119763e+03   3.29633789e+04   1.94674255e+03
   3.94899506e+02   4.92871523e+04   2.53494775e+03   1.80580246e+02
   7.63187969e+04   1.59812363e+02   2.75432404e+02   1.12636807e+04
   6.88312759e+01   8.02198914e+02   6.89070625e+04   8.52666250e+04
   1.55509205e+01   5.67366289e+04   7.55111133e+03   1.24738623e+04
   3.28007812e+02   6.53396777e+03   7.77587969e+04   3.49637549e+03
   1.16813219e+05   8.02333047e+04   1.34868703e+05   5.98673164e+04
   2.37836055e+04   1.24361060e+03   3.67786523e+04   1.43546699e+04
   6.31100977e+04   3.96258667e+02   5.25708740e+02   5.87193906e+04
   1.08212814e+01   9.93242734e+04   4.73925391e+03   1.57623604e+04
   7.93259531e+04   2.37232739e+03   1.40939072e+04   9.76438046e+00
   1.12159219e+04   1.34603506e+04   3.21253887e+04   4.45596741e+02
   1.58011084e+04   1.98900223e+02   1.32947168e+04   1.20404089e+03
   6.90379028e+02   4.48392305e+04   3.06081226e+03   8.33876038e+02
   8.30438281e+04   1.22636023e+03   5.48720117e+04   3.33205117e+04
   6.10180312e+04   4.49748438e+04   9.26744766e+01   1.32495288e+03
   1.32825693e+04   5.76213379e+02   7.15731328e+04   5.95091113e+03
   4.97921250e+04   5.82745410e+03   3.92389746e+03   2.21096631e+03
   1.80338574e+04   1.46369727e+03   7.49136406e+04   4.03520239e+03
   1.61045483e+03   2.86905884e+03   5.27729431e+02   1.99780670e+02
   1.82871367e+04   1.97632344e+04   3.40124817e+02   5.44839609e+04
   3.07053986e+02   2.19200977e+03   1.67146057e+03   7.08685693e+03
   7.22225342e+02   5.97198715e+01   6.96389709e+02   1.46241425e+02
   9.74597363e+03   4.40263379e+03   1.62050234e+04   7.11231328e+04
   1.11521406e+04   5.47962830e+02   7.82615234e+02   2.77470483e+03
   7.50558853e+01   1.07514746e+04   2.21636309e+04   5.88705547e+04
   3.06453496e+04   2.87586548e+03   4.01610449e+03   5.57256317e+01
   0.00000000e+00   1.63682957e+01   1.09048740e+04   7.15312598e+03
   1.12489238e+04   7.90015686e+02   4.15368672e+04   1.87007930e+04
   3.13062653e+02   3.36755703e+04   3.96153398e+04   1.17292773e+04
   3.21148291e+03   1.25810850e+04   2.54251416e+03   9.97696172e+04
   1.08698430e+05   1.23492129e+04   4.15084531e+04   1.04551377e+04
   9.35721562e+04   1.21860254e+03   6.04793518e+02   1.51470947e+04
   6.79547422e+04   6.93592188e+04   1.51452275e+04   4.37814893e+03
   4.99781380e+01   2.08063950e+02   9.34163672e+03   1.04183633e+04
   9.79091309e+03   1.78703210e+03   2.62297793e+04   0.00000000e+00
   0.00000000e+00   2.12485879e+04   3.85687225e+02   1.96767212e+03
   7.27565137e+03   6.40245195e+04   1.02632129e+03   1.11154680e+05
   4.43740234e+03   0.00000000e+00   4.37780371e+03   0.00000000e+00
   9.27979736e+02   1.57431807e+04   5.50213575e+00   2.59613306e+03
   1.78290680e+02   1.07301289e+04   7.86393509e+01   5.23070068e+03
   3.96314531e+04   5.94552930e+04   3.54590234e+03   0.00000000e+00
   1.33694617e+03   8.63302148e+03   4.11073380e+01   4.54089752e+02
   2.52847188e+04   2.60741626e+03   8.83320496e+02   4.53365417e+02
   4.00432305e+04   2.86572192e+03   2.00960449e+04   0.00000000e+00
   2.05987915e+02   1.08912341e+03   4.66144609e+04   1.90625137e+04
   5.70689219e+04   0.00000000e+00   2.66051221e+03   0.00000000e+00
   1.64173125e+04   4.63215942e+02   1.03604977e+05   2.14418167e+02
   9.76409961e+03   3.31471893e+02   7.71579346e+03   2.14015601e+03
   1.92269116e+03   9.65290234e+04   4.30467822e+03   4.56399922e+04
   1.63429580e+04   4.94343567e+01   1.07376923e+02   4.34633984e+04
   1.98845684e+04   6.34383789e+04   2.76737964e+03   1.95013220e+03
   2.78563164e+04   1.02890884e+02   8.24297867e+01   1.49290406e+05]
[  2.36100171e+03   7.99616699e+03   1.34681982e+03   2.13548584e+01
   1.49231113e+04   9.27372053e-02   4.03032070e+04   4.14956406e+04
   5.52260820e+04   6.31207520e+02   4.48603668e+02   2.25918457e+04
   7.40897083e+00   8.07221953e+04   6.30122363e+03   5.65012360e+01
   3.75549438e+02   1.11860811e+04   5.69516113e+02   1.86534241e+03
   2.99199731e+03   1.68050098e+03   1.97881482e+03   3.38687347e+02
   1.18239914e+02   3.84655078e+03   6.54161255e+02   8.76856641e+03
   1.69239805e+04   2.54413971e+02   1.06138153e+01   3.46651878e+01
   2.77097729e+03   1.54989386e+01   1.07526636e+03   2.70940991e+03
   5.06586456e+02   1.01954250e+01   3.18353242e+04   4.75311157e+02
   1.39330107e+04   1.37061826e+04   3.06387310e+01   4.78950547e+04
   1.06848364e+03   5.31722595e+02   4.31688672e+03   6.83776428e+02
   2.02854218e+02   1.72042517e+03   3.98456616e+03   2.08141828e+00
   0.00000000e+00   3.59106719e+04   7.38899353e+02   6.18458203e+03
   2.16052783e+03   2.87594147e+02   2.80747452e+01   1.39218798e+01
   8.54925573e-01   1.75765417e+03   1.61492340e+02   4.90945679e+02
   1.21011951e+03   4.06739578e+01   5.10329932e+03   1.35910522e+03
   8.42811172e+04   1.68169327e+02   9.06966705e+01   2.82034160e+04
   8.13377094e+00   9.22789355e+03   1.15398965e+04   2.28676221e+03
   3.80030704e+00   1.08151846e+04   1.87727893e+03   5.82456299e+02
   1.55174463e+03   1.08385883e+05   3.28479414e+04   2.22641172e+04
   2.15580640e+03   1.69228878e+01   1.73718848e+04   2.33960132e+03
   1.66244446e+03   7.86084229e+02   1.50992646e+04   3.01217798e+03
   4.84017188e+03   0.00000000e+00   4.33881348e+03   1.26854382e+01
   5.33172363e+02   2.66719414e+04   6.84816357e+03   8.21246191e+03
   2.18948120e+03   5.49578174e+03   1.72316785e+03   1.54577756e+00
   6.00739822e+01   1.50668018e+03   3.39922031e+04   1.25886841e+02
   5.24274375e+04   6.51670938e+04   7.13190186e+02   5.58294434e+02
   1.19328162e+03   2.66690625e+03   8.11935469e+04   1.83180042e+03
   6.20946289e+03   1.45846289e+03   1.16045523e+01   5.55601013e+02
   2.57376251e+02   1.64059043e+04   4.79502655e+02   2.00210037e+01
   5.86335586e+04   1.13614062e+03   5.23109229e+03   4.09406982e+02
   1.17007380e+01   1.76276641e+04   2.06099796e+00   4.67885406e+02
   9.79959106e+01   5.64498926e+03   1.72868809e+04   1.26187766e+00
   2.42856770e+01   2.05272781e+02   1.44497031e+04   0.00000000e+00
   2.26990089e+01   2.39901093e+02   2.12186113e+04   1.31613550e+01
   5.45371143e+03   2.64481250e+03   2.97269219e+04   4.26784180e+04
   2.02809521e+03   4.70161865e+03   8.46035859e+04   4.49808203e+03
   1.94345039e+04   8.96827637e+02   1.20821625e+02   7.10641953e+04
   6.07041357e+03   5.86632539e+04   2.22231079e+03   2.40622339e+03
   1.62306621e+04   9.93060840e+03   1.87114239e-01   1.21666794e+02
   3.89147227e+04   1.46314832e+03   8.52598203e+04   3.49399963e+02
   4.62723145e+03   1.69056934e+04   3.46866882e+02   6.78362988e+03
   5.09915352e+04   1.62389160e+04   1.23794079e+01   3.38761328e+03
   7.69685852e+02   2.60445264e+03   4.68742798e+02   4.69521729e+03
   5.89155586e+04   6.24935596e+03   6.04604675e+02   0.00000000e+00
   7.10017627e+03   5.87362031e+04   2.92434394e-02   6.44359009e+02
   4.21625732e+03   5.43926172e+04   2.72056860e+03   3.87449585e+03
   1.49469061e+01   6.42405352e+04   6.46454004e+03   6.07668604e+03
   5.92620410e+03   3.38336172e+04   5.11240875e+02   7.23131719e+04
   1.26207441e+04   7.98807068e+01   1.61992729e+00   8.54693970e+02
   1.44052705e+04   2.38972778e+03   1.67326767e+02   2.97425000e+03
   1.61335754e+01   3.56669312e+03   2.22104590e+03   2.65788727e+02
   3.78347852e+03   7.60941162e+03   3.12760215e+04   6.39265273e+04
   1.85248730e+04   1.48273666e+02   1.20620895e+02   3.16010918e+04
   2.63257227e+03   2.03210251e+02   1.20220288e+03   4.18183823e+01
   8.13173193e+03   3.33174849e+00   3.80510107e+03   5.50905469e+04
   1.74965015e+03   5.94390283e+03   3.79814180e+04   3.60470123e+02
   1.57386703e+02   3.65318438e+04   5.01419353e+00   1.36486484e+05
   8.01592812e+04   1.78186191e+04   5.80828674e+02   5.16714211e+01
   2.29030054e+03   3.82832959e+03   7.11160840e+03   7.79882617e+03
   1.17612568e+04   9.32969824e+03   0.00000000e+00   4.44332539e+04
   3.03057938e+01   2.90687199e+01   4.60579980e+03   3.83534927e+01
   1.38171592e+04   2.86502409e+00   4.20877724e+01   4.10514618e+02
   5.81255455e+01   1.99500415e+03   5.63431689e+03   4.16503242e+04
   1.38402100e+03   1.65164087e+03   9.70666687e+02   1.00927380e+03
   1.09803406e+03   1.14754971e+04   1.46522156e+02   3.86438516e+04
   4.64935547e+03   4.60213818e+03   2.07000961e+02   6.06886536e+02
   7.94705139e+02   4.50188599e+01   0.00000000e+00   6.04019940e-01
   6.31650928e+03   0.00000000e+00   1.84568152e+03   2.75759824e+04
   8.87708496e+03   1.08696449e+02   2.54614551e+04   0.00000000e+00
   2.03047218e+01   2.91887671e+03   2.79134011e+00   3.45144727e+04
   3.50747040e+02   4.60309052e+02   1.69603607e+02   2.41676904e+03
   9.93016484e+04   1.93007207e+04   7.52483252e+03   4.63345264e+03
   3.35675508e+04   6.67220642e+02   9.69429016e+02   1.19577966e+03
   6.46142626e+00   1.42484546e+03   1.39232520e+04   5.95406580e+00
   4.98738379e+03   1.49273965e+04   3.24370215e+03   1.09852617e+05
   5.51506538e+01   1.91024536e+02   6.78943329e+01   2.49400854e+03
   3.42550469e+04   3.76031799e+01   6.82415332e+03   7.07575806e+02
   9.40985391e+04   9.60444736e+00   1.94596577e+01   3.97116241e+02
   9.57023193e+02   1.80836230e+04   1.10479150e+04   2.94549355e+04
   1.07863000e+05   2.07246140e+02   3.13285547e+03   1.88175957e+04
   1.34157971e+03   5.76282263e+00   5.28849883e+04   5.66601318e+03
   1.47398468e+02   1.94818711e+04   3.16323848e+04   2.97408887e+03
   2.64274687e-01   1.45173096e+04   1.06645653e+02   1.28255371e+02
   1.96258652e+04   2.25370469e+04   1.87980701e+03   5.71468633e+04
   3.51245422e+01   4.85722852e+03   1.29824922e+04   5.30863906e+04
   9.25150781e+04   1.19558325e+03   8.39227417e+02   2.31201636e+03
   6.63892029e+02   1.24256091e+03   8.12493359e+04   4.08943984e+04
   2.33657446e+03   2.20472092e+02   9.16085742e+03   1.41119904e+02
   2.87851099e+03   1.70360120e+03   1.06657791e+01   1.62820541e+02
   1.68621621e+04   7.10816562e+04   3.62206726e+02   1.35543633e+04
   1.65324051e+02   3.32420586e+04   1.05003014e+01   3.52593677e+03
   1.08514478e+03   1.05744828e+05   3.63596008e+02   1.09533232e+04
   8.27405243e+01   4.20533478e+02   2.31109766e+03   7.14480615e+03
   2.16689746e+04   1.97981580e+03   3.65054631e+00   8.66367981e+02
   2.86851624e+02   3.38453086e+04   3.67046992e+04   6.62318994e+03
   8.14625781e+04   3.65592114e+03   1.00987301e+01   2.13297729e+01
   2.11617891e+04   1.39249033e+04   1.06404004e+03   5.13583496e+03
   4.29613916e+03   1.65813656e+01   3.78647400e+02   7.68520691e+02
   2.08928802e+02   2.85572217e+03   1.35420742e+04   9.25315039e+03
   3.15178638e+03   9.66395950e+01   7.15230938e+04   2.05446182e+02
   2.36073867e+04   2.62034054e+01   8.31377832e+03   2.83982941e+02
   5.01482764e+03   1.22420723e+04   1.48217224e+02   7.14543772e+00
   3.78472534e+02   2.86343628e+03   5.93079688e+03   1.83422211e+02
   1.13641528e+03   3.26466431e+03   5.95529297e+02   3.45691382e+03
   3.00717334e+03   3.20572676e+04   1.89539771e+03   6.99865055e+00
   2.65814917e+03   1.07509247e+02   4.22422510e+03   1.95476211e+04
   1.37082312e+03   9.27538986e+01   4.39237518e+02   5.16181396e+03
   1.95334338e+03   1.17966895e+03   6.02096055e+04   1.01503203e+04
   1.30768037e+04   2.61298096e+02   3.77008789e+03   5.36834619e+03
   2.18308163e+01   7.17470703e+02   3.59780835e+03   1.63853989e+02
   4.92722107e+02   5.18846191e+02   0.00000000e+00   8.63708069e+02
   9.97656250e+00   1.50581312e+00   4.02238086e+04   0.00000000e+00
   0.00000000e+00   4.13220166e+03   0.00000000e+00   8.04785400e+02
   4.03277393e+03   1.46248425e+03   1.00719424e+04   7.86733582e+02
   6.60652344e+04   2.65486289e+04   1.34184314e+03   3.62363550e+03
   1.92582901e+02   6.52377344e+04   1.45583760e+04   4.66168671e+01
   5.73098877e+02   1.54254532e+01   7.55179993e+02   1.30534834e+04
   3.60212476e+03   2.31218750e+02   3.84221924e+02   0.00000000e+00
   1.22165381e+04   6.03874658e+03   1.43141846e+03   8.81433350e+02
   2.84275024e+02   4.45321381e+02   7.09961250e+04   1.48088062e+00
   2.93001282e+02   3.78068810e+01   1.01546867e+05   3.51815771e+03
   1.52591690e+02   3.29212988e+03   9.16198730e+00   5.02463574e+03
   1.76208084e+02   3.17350830e+02   4.95274536e+02   5.02475244e+03
   1.49510339e+03   2.45545850e+03   3.21396561e+01   5.22852539e+02
   2.61180664e+03   9.45943828e+04   9.30433426e+01   3.94413849e+02
   0.00000000e+00   1.36316914e+04   2.11717383e+03   5.87442236e+03]
[  4.29203568e+01   1.43581904e+04   2.21260742e+03   1.56911682e+03
   1.65580103e+03   3.24038691e+04   1.97847290e+02   1.33063945e+04
   4.45517090e+03   3.95551875e+04   3.04714258e+03   9.11231461e+01
   3.28421655e+03   2.06785957e+04   7.50976709e+03   8.08538818e+02
   2.89926270e+03   1.60384937e+03   4.70320664e+04   2.88667633e+02
   1.24355160e-01   2.89005029e+03   2.93600220e+02   8.49531494e+02
   2.31067090e+04   3.77518997e+01   1.52716191e+04   5.22085304e+01
   2.63247375e+02   7.85241602e+03   4.54904053e+03   3.19151294e+03
   1.92242969e+04   0.00000000e+00   5.23006055e+03   1.07910858e+02
   3.69567993e+03   6.13462344e+04   0.00000000e+00   1.24136982e+04
   3.70019702e+03   2.23771683e+02   3.89693904e+00   5.74483154e+02
   1.62193867e+04   4.37623749e+02   3.49340283e+03   1.22756553e+04
   8.25523071e+02   3.38790894e+01   6.48455566e+02   7.00336121e+02
   6.07836800e+01   1.94772715e+04   7.44151904e+03   3.65789883e+04
   1.09112244e+03   7.73092480e+03   5.83768845e+01   4.29042676e+03
   2.17481470e+03   6.37683411e+02   2.24854517e+03   5.96092102e+02
   5.18179590e+03   5.26335022e+02   5.40342102e+01   5.00491028e+01
   2.47342575e+02   7.53109207e+01   2.27360260e+02   1.78580742e+04
   3.10458457e+04   2.20645233e+02   2.28566973e+04   4.56735764e+01
   4.44072571e+01   1.42674210e+02   6.55498505e+01   1.22238193e+04
   4.09003296e+02   6.45797188e+04   3.18759355e+04   1.57123359e+04
   9.75904453e+04   8.36681824e+02   4.63548145e+03   1.31588096e+04
   8.49994629e+03   4.37269805e+04   3.29901886e+01   3.04646924e+03
   2.59392853e+02   1.27221514e+04   1.67935840e+03   1.81501387e+04
   3.57975234e+04   3.61511797e-01   9.73314746e+03   1.44800024e+03
   2.88252316e+01   1.11095508e+03   1.17026904e+03   4.20989941e+03
   3.05640907e+01   6.05471039e+00   1.18101270e+03   2.39263887e+04
   1.10650816e+01   1.59497236e+04   9.69817810e+01   5.40202578e+04
   7.20913867e+03   9.49175179e-01   1.41314669e+01   1.85419080e+03
   1.44591705e+02   2.43105586e+04   7.68726929e+02   9.88845520e+01
   0.00000000e+00   3.36531323e+03   6.93327881e+03   6.54647522e+01
   6.71433487e+01   7.90276953e+03   5.45024902e+02   1.13965820e+02
   5.06878052e+02   9.51105118e+01   2.44548457e+04   1.12390833e+03
   6.10883369e+01   4.83520410e+03   1.26382593e+03   5.76154150e+03
   4.46354062e+04   0.00000000e+00   1.20208235e+01   4.30352753e+02
   6.14049673e-01   5.49330788e+01   6.18404541e+02   2.23409760e+02
   2.22533905e+02   9.81999805e+03   2.18147754e+03   0.00000000e+00
   3.16720776e+03   6.22479844e+04   1.07773468e+02   4.28952930e+03
   1.40297229e+03   4.31687451e+03   1.43454697e+02   1.36355947e+04
   3.09523916e+00   6.09741882e+02   1.56090836e+02   1.00155088e+04
   1.50496368e+02   2.18279932e+03   7.27537231e+01   5.87437201e+00
   5.80629766e+04   1.41857269e+02   3.49643555e+02   9.34247620e+02
   6.37786377e+03   1.77963066e+04   4.57297206e-01   1.28895245e+01
   3.95141626e+03   7.53888306e+02   5.33635330e+01   3.37178003e+03
   5.96640078e+04   8.64698547e+02   4.49437188e+04   8.05463428e+03
   2.29928594e+04   2.89633828e+04   2.09537125e+01   4.91909180e+03
   1.49090222e+03   0.00000000e+00   1.12683633e+04   4.00060059e+03
   1.00675068e+01   3.38577332e+02   5.06069427e+02   1.40798019e+02
   1.85065796e+03   1.11187051e+04   1.10068066e+03   1.27782949e+04
   2.25539941e+03   2.15583878e+02   3.38282227e+02   4.49340674e+03
   6.58613721e+03   4.70489990e+02   6.59955627e+02   0.00000000e+00
   4.15347168e+03   2.30405426e+02   1.81935779e+03   1.73798743e+03
   7.03587891e+03   4.88447852e+04   9.02290878e+01   7.90456177e+02
   3.64315625e+03   6.91219238e+03   3.10305328e+01   1.06779170e+04
   9.36377344e+04   1.51827850e+02   1.12147156e+03   8.18759082e+03
   1.43347891e+04   2.25616287e+02   7.05325165e+01   2.22373120e+03
   1.00684064e+03   1.30163527e+01   4.20979706e+02   7.80506363e+01
   5.54853210e+02   2.68376251e+02   3.05610733e+01   3.69444542e+01
   8.43492798e+02   4.94015007e+01   5.35985374e+01   1.69406166e+01
   5.34841347e+01   1.44059509e+02   2.63067627e+02   8.34542084e+01
   9.05047035e+00   1.98798580e+01   1.03187097e+03   2.07981387e+04
   3.64632148e+04   1.46232881e+04   2.77167645e+01   3.67180835e+03
   3.96308823e+01   3.29767456e+02   1.56032300e+03   9.25035095e+01
   6.49273730e+03   1.25762109e+03   6.50623941e+00   6.60933456e+01
   4.65606982e+03   1.21347427e+02   1.13487317e+03   1.15739067e+02
   3.15144989e+02   3.40769946e+03   2.58906158e+02   1.94839859e+01
   4.09085508e+04   2.33956665e+03   2.80274258e+04   1.51962334e+04
   1.90289441e+03   1.89147353e-01   1.51705963e+02   2.14477930e+03
   1.23401451e+02   7.19376221e+01   2.86704492e+04   4.56929138e+02
   1.29974622e+03   7.58463318e+02   4.96063672e+03   4.46715137e+03
   7.94255127e+02   6.36454048e+01   1.54204980e+03   9.30143516e+04
   2.67171265e+03   6.55570703e+03   8.32470215e+03   1.27949600e+02
   2.40733917e+02   1.00627949e+04   4.73997375e+02   6.38047363e+02
   1.11788887e+04   1.52829468e+03   1.07608910e+02   2.76883698e+02
   3.20789795e+03   1.87985327e+03   4.99877295e+03   4.49518677e+02
   7.52768707e+01   4.71686523e+02   6.50275244e+03   8.57789612e+01
   1.93902109e+04   6.75445703e+04   1.34146252e+03   6.46942261e+02
   1.43513684e+03   1.81624866e+03   1.25871971e-01   8.79573340e+03
   0.00000000e+00   5.84149316e+03   4.97867773e+03   2.75432461e+04
   1.03541748e+03   6.42242041e+03   1.32072400e+03   9.98413672e+03
   1.29199795e+04   4.32161484e+04   2.23626807e+03   2.29812734e+04
   1.31379700e+02   8.58242249e+02   1.30477832e+03   2.43228247e+03
   9.86653625e+02   2.53752609e+02   9.13132324e+03   3.61386255e+03
   0.00000000e+00   7.01090576e+03   1.00343002e+02   2.71181665e+03
   9.36477509e+01   1.96814961e+04   9.48745605e+02   4.53131523e+04
   3.59370352e+04   1.33073828e+03   5.12871361e+01   9.60583954e+01
   0.00000000e+00   4.06943909e+02   3.64606641e+04   1.40705246e+02
   4.21095117e+03   2.44061816e+03   3.02493652e+03   5.06541641e+04
   4.53424438e+02   1.42631702e+03   6.37740173e+02   1.21354889e+02
   1.73791875e+04   2.62148071e+03   2.00483711e+04   3.26819992e+00
   6.57460625e+04   2.03075439e+02   2.26133867e+04   3.31643311e+02
   1.61209600e+04   3.92598694e+02   6.63670044e+01   6.07233057e+03
   4.25173218e+02   2.17676929e+03   4.98804199e+02   1.07175049e+03
   7.61453781e+01   4.86846582e+03   2.24775513e+03   1.02113727e+05
   1.86461660e+04   1.42140125e+03   4.10434961e+03   3.23195044e+03
   3.97154785e+02   1.70866922e+05   1.03922686e+04   4.00760132e+02
   2.11139053e+02   3.77773047e+03   3.24299164e+02   3.43464792e-01
   1.06473511e+03   1.67001855e+03   6.60594766e+04   1.86690881e+03
   1.88309351e+03   4.09858359e+04   6.10647891e+04   2.57676300e+02
   5.47086296e+01   1.69226074e+04   2.62491040e+03   6.69018896e+03
   4.70272827e+02   1.67494727e+04   6.55361523e+03   3.52684082e+03
   6.44299316e+00   4.78209453e+04   1.96286926e+01   2.41041962e+02
   6.92993896e+02   1.93633337e+03   1.11584949e+03   1.04427803e+04
   7.90622656e+03   1.07883350e+04   1.09991174e+03   8.82231832e-01
   1.02147588e+04   1.50377747e+02   0.00000000e+00   4.93844574e+02
   5.23743042e+02   1.47617441e+04   5.20939014e+03   1.29623330e+00
   5.88307556e+02   2.84193726e+03   4.07001801e+02   1.75164749e+02
   1.75543359e+03   6.44499658e+03   5.75463281e+04   5.21034180e+02
   1.92512539e+04   2.02050873e+02   7.98305817e+01   5.45573997e+01
   1.64086899e+02   1.40166454e+01   2.68759883e+04   1.40659094e+01
   4.70471497e+01   3.15996056e+01   7.28217102e+02   2.60082293e+00
   6.47621870e+00   1.00353301e+04   2.27904907e+02   3.52974792e+02
   1.33242505e+03   4.14110898e+04   1.14329456e+03   3.92429291e+02
   4.76471100e+02   1.58083984e+05   2.76796152e+04   6.78945112e+00
   1.47182666e+04   8.51918457e+03   3.11940703e+04   1.37682607e+04
   3.70671289e+04   1.13650078e+04   8.29869336e+03   4.84642151e+02
   1.37979941e+04   5.82557764e+03   3.54145233e+02   1.85278168e+02
   9.75895996e+02   1.35377441e+02   9.62417480e+03   9.74520020e+03
   1.97831367e+04   1.03186221e+04   6.88011292e+02   2.08059982e+02
   5.71929138e+02   7.93770569e+02   1.85083789e+03   2.02087656e+04
   3.24979248e+03   2.84693413e+01   1.73458359e+04   1.22341852e+01
   3.19329667e+00   6.79834461e+00   4.60350928e+03   1.65609314e+03
   3.13029761e+03   2.93702637e+03   3.21560449e+04   1.94014062e+04
   7.61981592e+03   2.07765698e+03   2.48639336e+01   1.58348511e+03
   2.38602930e+03   5.85427429e+02   1.55321375e+03   6.45221289e+03
   1.41052822e+04   4.36649297e+04   3.34944677e+00   2.16996582e+03
   1.40805615e+04   2.41546562e+04   1.33421860e+02   5.96380119e+01
   1.14971228e+03   8.94361572e+01   5.36174850e+01   1.26834180e+04]
[  1.12681107e+02   4.00061250e-01   0.00000000e+00   7.46558154e+03
   9.30952454e+01   9.85639572e-01   4.44371843e+00   8.18399429e+00
   3.02584015e+02   5.47811813e+01   1.15422840e+01   1.80118912e+02
   7.49093914e+00   2.39298496e+01   0.00000000e+00   0.00000000e+00
   0.00000000e+00   3.56909729e+02   0.00000000e+00   0.00000000e+00
   1.85567017e+02   1.80398438e+04   5.93045801e+03   9.96374893e+01
   0.00000000e+00   0.00000000e+00   1.03821623e+00   8.98173828e+02
   2.07425247e+02   1.16484424e+03   7.88489648e+03   9.70048828e+02
   1.27765662e+03   7.13821182e+01   0.00000000e+00   3.90810034e+03
   1.01445179e+01   1.03867178e+04   1.82354688e+03   9.01677490e+02
   9.26980078e+03   3.16507950e+01   1.51868665e+03   2.05297437e+03
   5.60063982e+00   9.21267867e-01   2.06215186e+03   9.93789062e+02
   8.84393692e-01   2.41774273e+00   1.14853411e+01   1.48988318e+03
   1.16584892e+01   1.38830292e+02   7.77647629e+01   6.56964264e+01
   4.49400146e+03   7.18441010e+01   0.00000000e+00   3.55118774e+02
   2.42980118e+02   5.56458950e+00   4.14029045e+01   4.04833099e+02
   2.27617447e+02   1.60684790e+03   2.61104012e+01   0.00000000e+00
   2.68844238e+02   1.73774451e+03   1.46911792e+03   2.16201782e+01
   1.82124481e+02   9.31825924e+00   9.11085415e+00   1.42480920e+03
   3.07599964e+01   1.11963831e+03   4.61924133e+01   3.37535620e+00
   0.00000000e+00   2.14349575e+01   5.65158936e+02   3.85648071e+02
   1.01187050e+02   1.53092232e+01   1.05516136e+02   3.49193954e+00
   1.35273652e+04   3.09612488e+02   1.32387178e+04   2.38742188e+02
   1.10237822e+04   4.53724518e+02   0.00000000e+00   4.60854919e+02
   7.94821045e+03   5.73048630e+01   3.95027075e+03   1.59089279e+02
   1.97012476e+03   1.83038254e+02   2.63649201e+00   9.74148333e-01
   2.58273853e+03   1.48661084e+03   0.00000000e+00   4.47003052e+02
   9.85284209e-01   0.00000000e+00   6.94492435e+00   3.65369904e+02
   6.91339160e+03   8.81151562e+03   6.16691494e+00   0.00000000e+00
   1.14732019e+03   8.94261658e+02   6.76132143e-01   2.40654030e+01
   0.00000000e+00   2.02047226e+02   8.49315262e+00   2.03373184e+01
   2.65039062e+00   0.00000000e+00   2.99662948e+00   1.21859622e+00
   2.53166962e+01   1.18397351e+03   1.43435217e+03   5.39659790e+02
   0.00000000e+00   5.27552032e+01   5.20207214e+02   4.90976013e+02
   1.28772021e+04   1.66801477e+03   3.34584846e+01   1.17008835e+02
   3.74395117e+03   5.05335503e+01   1.86344490e+01   5.21818555e+03
   6.94380665e+00   2.54254532e+00   3.04593658e+01   2.07155204e+00
   5.20398664e+00   3.71132395e-03   0.00000000e+00   6.81105576e+01
   2.06295261e+01   1.58848276e+01   8.25640747e+02   9.11385655e-01
   3.80149506e+02   1.99693279e+01   3.26518869e+00   8.53364258e+01
   1.47020309e+02   8.59104919e+01   1.54910918e+04   3.98064038e+03
   3.71892212e+03   1.08049883e+04   0.00000000e+00   3.47869604e+03
   5.65909912e+02   5.65543652e+03   8.23236942e+00   9.30701965e+02
   5.78310242e+02   7.84892212e+02   7.98764467e+00   2.58221769e+00
   8.08156433e+02   6.89422035e+00   2.17161579e+01   0.00000000e+00
   9.97466087e+00   1.43349854e+03   0.00000000e+00   1.32975305e+03
   1.93060684e+02   4.00274292e+03   3.87166710e+01   1.78698897e+00
   4.12046777e+03   2.48388657e+02   1.29828003e+02   0.00000000e+00
   1.22850610e+03   4.38685028e+02   3.37032684e+02   1.39440414e+02
   1.29144878e+01   2.39040112e+03   3.32281860e+03   9.68235742e+03
   2.49070320e+01   1.44143350e+04   3.03875809e+01   5.61546974e+01
   3.69838181e+01   3.77582016e+01   5.19455017e+02   8.47113708e+02
   0.00000000e+00   3.94600122e+03   3.18016748e+03   4.94764832e+02
   0.00000000e+00   0.00000000e+00   2.84878143e+02   5.13718213e+03
   5.69651550e+02   4.86117363e+01   1.25732050e+01   2.51043365e+02
   8.30852737e+01   1.33306198e+02   4.25349060e+02   1.92123818e+00
   5.47478369e+03   6.59224219e+03   2.42935374e-01   5.74168253e+00
   9.32525558e+01   8.52733826e+02   2.00354156e+02   6.78303711e+02
   2.14818909e+02   6.58900635e+02   1.01797723e+03   8.84699249e+01
   6.47446823e+01   8.70524609e+03   0.00000000e+00   2.72401440e+03
   0.00000000e+00   1.53236709e+04   9.94491425e+01   0.00000000e+00
   0.00000000e+00   4.17993835e+02   8.44231152e+03   0.00000000e+00
   6.21923447e+00   2.35617828e+01   6.05999658e+03   3.47936859e+01
   3.56343126e+00   3.55497070e+02   2.80267868e+01   1.85509668e+03
   1.60637561e+03   2.14397659e+02   2.38615437e+01   1.20673643e+04
   1.69697601e+02   2.16335251e+02   0.00000000e+00   0.00000000e+00
   0.00000000e+00   0.00000000e+00   7.52071381e+00   1.96696118e+03
   1.59378223e+03   2.44433212e+00   0.00000000e+00   1.28498108e+03
   2.58393550e+00   1.08072559e+04   7.29787549e+03   2.01860794e+02
   6.23558984e+03   1.69668159e+01   4.72247887e+01   0.00000000e+00
   1.82634220e+01   1.82120923e+03   1.09714072e+04   3.61537628e+02
   5.39822674e+00   6.64302551e+02   1.78460095e+03   3.81129799e+01
   0.00000000e+00   2.11645675e+00   5.31726646e+01   1.07738013e+03
   1.94208350e+03   1.81803543e+02   0.00000000e+00   0.00000000e+00
   7.35187378e+01   1.14482361e+02   2.09565144e+01   4.06019449e+00
   3.40273590e+02   1.95779388e+02   7.58970312e+03   0.00000000e+00
   2.75689972e+02   8.17520797e-01   1.21138058e+01   0.00000000e+00
   9.53190332e+03   0.00000000e+00   8.21977344e+03   3.33690681e+01
   3.20520248e+01   0.00000000e+00   1.60030216e-01   6.71138721e+03
   2.30655762e+03   5.04590771e+03   1.09336865e+03   1.49536224e+02
   5.58708105e+03   6.44527771e+02   1.14067059e+01   2.20503754e+02
   6.48726807e+02   0.00000000e+00   2.74191189e+01   4.96517715e+01
   6.03427429e+02   1.76020641e+01   1.16870155e+01   5.28602881e+03
   5.49969101e+00   5.01635864e+02   2.46411530e+02   2.72775024e+03
   1.73737988e+03   3.48462891e+03   4.27723438e+03   1.47242554e+02
   2.48863184e+03   0.00000000e+00   1.08006516e+02   0.00000000e+00
   2.28570703e+03   0.00000000e+00   3.82664526e+03   2.43468399e+02
   2.04680640e+03   6.48814468e+01   4.16217232e+00   3.96102118e+00
   4.49983789e+03   4.75663471e+00   0.00000000e+00   1.50000992e+02
   1.20950635e+04   3.54629004e+03   4.98609961e+03   2.15775061e+00
   2.35000839e+01   0.00000000e+00   1.70710957e+00   3.37830925e+01
   4.99151489e+02   0.00000000e+00   0.00000000e+00   1.65451660e+02
   1.71680679e+02   0.00000000e+00   2.09584106e+02   6.27356055e+03
   9.66413879e+01   3.86408752e+02   2.05453701e+01   4.94938164e+01
   8.37953186e+00   1.92543411e+00   3.80807419e+01   4.87778816e+01
   1.36754761e+02   1.37446455e+04   2.02136154e+01   4.96920801e+03
   4.31678271e+03   2.69315479e+03   2.27921631e+03   4.85584564e+02
   1.73095081e+03   6.63402344e+02   2.37715134e+02   8.91951370e+00
   2.19159683e+02   0.00000000e+00   1.11447632e+02   4.70123148e+00
   0.00000000e+00   4.79440928e+00   1.64675949e+02   9.25703735e+01
   6.14630203e+01   1.08633191e+03   5.62825342e+03   4.01277351e+00
   1.40156509e+02   1.42480478e+01   8.54132233e+01   9.82839108e+00
   3.36977673e+00   1.00009053e+04   2.20929193e+00   5.78044939e+00
   1.20136948e+01   7.51053894e+02   4.89304541e+03   2.43281021e+02
   7.50787793e+03   1.31963387e+01   7.52470303e+00   0.00000000e+00
   1.26812480e+04   4.63742096e+02   7.28200455e+01   4.01379433e+01
   2.65685486e+02   1.08113953e+02   1.67416081e-01   1.37450724e+01
   1.46281600e+00   3.39714941e+03   3.56446899e+03   1.26069460e+01
   1.17202563e+03   2.32837451e+03   7.82905334e+02   2.17615414e+01
   1.81093025e+01   3.08118091e+03   1.18068291e+04   2.99085732e+01
   3.34433479e+01   1.52210271e+00   1.07074623e+01   1.63592896e+02
   5.20392227e+01   6.10633326e+00   5.92416455e+03   7.58232031e+03
   8.74287305e+03   1.13058352e+00   7.04733810e+01   4.21723419e+02
   2.13382373e+03   1.52706826e+00   6.89611389e+02   1.86761609e+03
   1.83018227e+01   1.00283643e+04   8.64835892e+01   2.01377917e+03
   4.31641483e+00   3.01143555e+02   8.66453552e+00   4.07453651e+01
   7.09781689e+03   1.21543908e+00   1.29948578e+02   0.00000000e+00
   8.35695565e-01   4.25670868e+02   1.76194443e+02   1.51843424e+01
   1.63076706e+02   5.83245898e+03   1.26211001e-02   2.82264893e+03
   2.95280487e+02   2.28445190e+03   4.26096387e+03   1.23289856e+02
   5.19720068e+03   3.86849548e+02   1.17948326e+02   2.21786156e+01
   1.25081596e+01   1.63487500e+03   1.75751667e+01   4.85109277e+03
   6.65029755e+01   1.79254341e+01   9.49578381e+00   3.54646045e+03
   6.91821899e+01   2.55053192e-01   1.61726112e+01   0.00000000e+00
   1.96547412e+03   3.54966461e+02   4.20681549e+02   1.01672100e+04
   5.48697090e+01   4.29815340e+00   6.61752930e+03   8.14825439e+03
   2.09841919e+00   3.75951392e+03   1.12425709e+01   2.60164978e+02
   0.00000000e+00   1.06355293e+04   5.60831451e+00   1.36857700e+01]
[  2.88042426e+00   5.61645569e+02   9.84303741e+01   3.03280212e+02
   6.31227905e+02   9.22070740e+02   4.42520218e+01   3.94317963e+02
   3.42938660e+02   2.01576653e+01   2.17978809e+03   1.39974561e+03
   6.26553271e+03   9.91132050e+01   5.05233740e+03   7.49298401e+01
   3.27219439e+00   1.12267616e+02   1.05032935e+03   5.92271973e+02
   8.90339966e+01   6.13569946e+01   4.10946777e+03   1.04086937e+02
   1.58075409e+02   7.28903532e+00   8.96782684e+00   9.98336868e+01
   3.83404492e+03   2.26424122e+01   3.07169628e+00   7.95626602e+01
   7.12195947e+03   7.58874512e+01   1.26460524e+01   2.33209961e+03
   5.80366113e+03   3.03265991e+01   1.32967710e+00   2.60146411e+03
   5.55284619e+03   7.27481079e+02   1.84974208e-01   7.01951265e-01
   1.40737381e+01   6.53610413e+02   3.49472876e+03   7.49937439e+01
   1.09680700e+01   2.11414566e+01   5.78076744e+01   9.40968628e+01
   1.57003198e+03   7.86642456e+02   9.82686340e+02   5.74426709e+03
   3.85965843e+01   5.86860943e+00   2.42518872e+03   5.35502344e+03
   1.74702661e+03   3.96114624e+02   9.54550098e+03   2.30268300e-01
   2.05328579e+01   2.73601654e+02   7.98679886e+01   1.08720917e+02
   7.44369030e+00   1.14824585e+03   2.62591577e+03   3.90208374e+02
   3.27641083e+02   5.45027008e+01   1.56045914e+02   7.38820862e+02
   9.81352921e+01   4.61558228e+02   4.42178174e+03   1.38034427e+00
   9.50735703e+01   3.46998322e+02   1.91288403e+03   1.16945877e+01
   7.29426270e+02   3.63801050e+03   1.07391289e+02   1.30688538e+02
   4.79037402e+03   5.21195435e+02   1.63896393e+02   2.10394226e+02
   0.00000000e+00   4.50872217e+03   1.95430660e+00   2.58195820e+01
   1.46728851e+02   2.22523560e+03   1.24115038e+01   4.32213860e+01
   5.01177559e+01   1.17865974e+02   3.88791237e+01   4.38485260e+01
   2.35526611e+03   0.00000000e+00   9.43712311e+01   5.36170459e+03
   2.79328979e+03   1.23939568e+02   5.55428284e+02   3.82813759e+01
   1.47678650e+03   1.94084448e+03   9.71809814e+02   0.00000000e+00
   3.14569031e+02   2.95742096e+02   3.08739453e+03   2.81484842e+00
   5.51145058e+01   2.70756958e+03   0.00000000e+00   1.83166084e+01
   4.98918037e+01   4.84742584e+02   2.59942505e+02   2.51241425e+02
   3.61840845e+03   5.22466540e-01   1.51263275e+02   3.77556543e+03
   1.37977063e+03   1.56892538e+01   6.15462012e+03   1.40983656e-01
   4.91082420e+01   9.15685608e+02   3.00667175e+02   2.99330831e+00
   3.27454883e+03   0.00000000e+00   6.94888977e+02   5.66191254e+01
   3.13220276e+02   2.79888964e+00   3.72759581e+00   7.51293182e+00
   0.00000000e+00   3.76929352e+02   3.31791449e+00   1.15937903e+03
   3.40560822e+02   2.94868237e+03   2.57894135e+02   9.30169434e+02
   9.51606323e+02   6.14448738e+00   1.61022668e+03   1.55779404e+02
   1.08367566e+03   2.05796973e+03   1.10171261e+01   6.81233154e+02
   3.76753296e+03   1.56963037e+03   1.01297928e+02   2.73569660e+01
   2.15317825e+02   1.20806543e+03   3.01836884e+02   0.00000000e+00
   4.58530792e+02   3.75294995e+00   1.82254906e+01   2.83497310e+00
   1.70733243e-01   5.86981885e+03   7.83399048e+02   1.36826639e+01
   7.06984558e+01   9.46898193e+01   1.57261459e+02   7.96970596e+01
   2.69631836e+03   3.27698112e-01   9.13300323e+01   1.26603508e+00
   1.55712234e+02   5.90872116e+01   1.80925827e+01   2.30053482e+02
   1.68349247e+01   1.21032547e+02   2.83323730e+02   4.35415375e+02
   1.46479706e+02   2.42017841e+01   1.06724594e+02   1.59096384e+01
   3.52255974e+01   7.10847351e+02   8.96831512e-01   4.86859322e+00
   3.48099060e+01   2.69766216e+01   1.25509634e+01   1.06804321e+02
   6.20861740e+01   4.50455093e+01   4.62702197e+03   1.85543213e+02
   1.80741954e+00   6.00239560e-02   4.89916916e+01   2.72439056e+02
   3.89492836e+01   8.56903625e+02   2.37950821e+02   7.62225037e+01
   2.80067047e+02   6.71284485e+02   5.91517715e+01   1.40901038e+03
   2.31824615e+02   1.57427254e+01   3.51044189e+03   2.97238190e+02
   5.65988623e+03   6.38552979e+03   4.36196143e+03   2.30641155e+01
   0.00000000e+00   1.71890747e+02   3.53019684e+02   4.01725269e+03
   1.39466479e+03   9.12539864e+00   3.45412451e+03   5.42141418e+02
   2.39338837e+02   2.74884243e+01   1.25648523e+03   0.00000000e+00
   3.97641479e+02   2.14437842e+03   3.46816223e+02   0.00000000e+00
   1.85933643e+03   2.55465164e+01   0.00000000e+00   3.35483887e+02
   1.97164172e+03   1.13671932e+01   2.27486134e+01   4.83827002e+03
   1.84803891e+00   1.83496094e+02   4.44040337e+01   1.23052568e+01
   4.07588379e+03   0.00000000e+00   7.34512500e+03   5.02598152e+01
   1.94468193e+01   9.96042114e+02   8.47368469e+02   1.20883301e+03
   7.36306152e+01   8.92494568e+02   1.84034775e+02   5.28253906e+02
   0.00000000e+00   0.00000000e+00   2.19265305e+02   5.91167488e+01
   9.60695076e+00   1.32764847e+02   6.55246826e+02   1.99477039e+03
   4.28411818e+00   8.61144483e-01   3.39733789e+03   2.16773224e+00
   2.34198868e-01   1.64236816e+03   2.27057007e+02   9.08827335e-02
   4.46242773e+03   9.45202866e+01   6.06224394e+00   2.87537426e-01
   1.48350488e+03   2.54942703e+02   6.12671143e+03   1.42619324e+02
   1.11606934e+03   3.19658203e+02   8.71002865e+00   9.51905457e+02
   4.48828711e+03   2.50010083e+03   1.64513149e+01   5.10717452e-01
   5.45060449e+03   2.09790771e+03   7.14129248e+03   9.83203796e+02
   2.21573410e+01   1.84421582e+03   4.77078094e+02   1.55633392e+02
   2.15025520e+00   4.43381081e+01   4.55923843e+01   1.01113660e+03
   2.47183228e+03   9.89144058e+01   2.70213348e+02   0.00000000e+00
   1.15353193e+01   2.56433813e+03   4.21699944e+01   3.06567700e+03
   5.86298599e+01   4.51275299e+02   4.85678711e+01   0.00000000e+00
   6.89153194e-01   6.40117981e+02   6.53346539e+00   1.34109879e+00
   3.11303101e+01   8.82672806e+01   5.38799988e+02   6.70398188e+00
   1.69844836e+03   5.31020851e+01   5.94975952e+02   3.38682495e+03
   3.09989282e+03   3.07023926e+03   8.21140381e+02   2.69571400e+00
   1.85495712e+02   7.10917603e+02   1.75199329e+03   9.37637177e+01
   2.93331547e+01   3.25520776e+03   7.40705109e+01   0.00000000e+00
   5.40112598e+03   9.83581352e+00   1.62948657e+03   5.45072794e+00
   4.35747656e+03   8.21189087e+02   7.91376419e+01   9.93910980e+01
   1.69211769e+01   0.00000000e+00   2.89142609e+02   7.47417786e+02
   2.77482568e+03   8.87938499e-01   1.50199234e+02   8.99277420e+01
   1.94470768e+01   2.70923972e+00   7.99191553e+03   3.26542139e-01
   7.30879822e+02   1.49575269e+03   0.00000000e+00   7.88926926e+01
   1.38357471e+03   6.47846387e+03   1.89516937e+02   5.26613892e+02
   7.20239929e+02   4.93565399e+02   2.41802032e+02   8.15983105e+00
   6.74968109e+01   5.62692909e+01   2.08281689e+01   8.32250137e+01
   1.20396216e+03   2.18722229e+01   7.11741406e+03   2.86167908e+01
   7.38325562e+02   3.28380775e+01   4.53204721e-01   1.41627899e+02
   2.12202053e+01   1.66522751e+02   1.74687790e+02   2.25305695e+02
   2.45625171e+03   1.80834976e+02   1.29406677e+02   3.03574707e+03
   3.98797046e+03   1.28917816e+02   4.35207397e+02   4.18287180e-02
   3.70235443e+01   9.27201270e+03   9.49384308e+01   1.37755823e+03
   1.85717331e+02   1.88569689e+00   4.69935493e+01   0.00000000e+00
   3.02681519e+02   4.88607617e+03   2.07405835e+03   4.41262451e+03
   9.88987885e+01   3.14892941e+01   1.05779327e+02   0.00000000e+00
   3.94910011e+01   3.92937622e+01   1.71698334e+02   3.11276514e+03
   1.26399988e+03   6.45724854e+02   7.24291992e+03   4.15190086e+01
   8.86421738e+01   2.45791968e+03   8.59207988e-01   9.80784973e+02
   3.33666602e+03   8.93960381e+00   4.47338898e+02   4.89371307e+02
   1.75209103e+01   2.66927528e+01   1.46076462e+02   9.36541824e+01
   2.28617462e+02   1.50682510e+02   6.06870728e+01   5.68062496e+00
   1.13753529e+01   1.27628016e+00   1.60673857e+00   7.97466370e+02
   7.55511035e+03   1.55159534e+03   5.45398865e+01   1.46068347e+03
   7.51324023e+03   1.64931137e+02   2.32999316e+03   4.52609152e-01
   4.53456543e+02   5.61658669e+01   3.16799713e+02   0.00000000e+00
   2.33034741e+03   8.05892822e+02   1.05214241e+02   5.15577197e+03
   7.39757031e+03   1.82266895e+03   2.36239696e+00   6.31557770e+01
   4.76609688e+01   7.71968994e+02   7.01224136e+01   3.17414368e+02
   7.06713562e+02   2.20184636e+00   3.42999268e+01   2.67508626e+00
   3.73475555e+02   2.22451904e+03   1.16757195e+02   1.41193384e+03
   1.05365723e+02   5.27652442e-01   9.43458271e+00   8.54711328e+03
   6.95447016e+00   8.71673737e+01   1.58567566e+03   3.28599829e+03
   0.00000000e+00   2.77609253e+00   4.30678894e+02   2.21408863e+01
   8.80677998e-01   7.59646851e+02   5.49211121e+02   5.09205957e+03
   3.15397168e+03   1.00585258e+02   4.48306030e+02   3.44440820e+03
   1.40806854e+02   0.00000000e+00   9.15266190e+01   5.87415381e+03
   1.70256790e+02   2.46135300e+02   6.79971924e+01   6.44436328e+03]
[  4.50120972e+02   9.42142773e+00   4.28858185e+00   6.20637465e+00
   5.28303814e+00   1.74592053e+03   3.67727470e+01   6.31424751e+01
   7.78256369e+00   7.74369995e+02   3.63157201e+00   1.52662338e+02
   9.15221680e+02   1.15979028e+03   5.78703186e+02   1.55168343e+00
   1.99043808e+01   2.10943970e+02   3.91495575e+02   8.78344715e-01
   4.01414185e+01   6.12800062e-01   7.81597595e+01   7.13951477e+02
   5.12650609e-01   8.12709713e+00   3.02096939e+01   3.32858162e+01
   1.91747169e+01   3.25262726e+02   2.39524040e+01   8.48098755e-01
   2.08376328e+02   2.07767811e+01   3.29345898e+03   1.28966052e+03
   1.20171623e+01   1.08869458e+03   7.36895676e+01   6.79875183e+01
   4.05347443e+00   1.49513641e+02   1.06515495e+02   6.47883301e+01
   2.60858521e+02   8.08652573e+01   5.82069214e+02   2.66648969e-03
   2.58852844e+01   5.11925011e+01   1.77655396e+03   0.00000000e+00
   1.38817043e+01   6.80681076e+01   0.00000000e+00   5.35078392e+01
   7.96122408e+00   9.69265461e+00   2.56842377e+02   3.89061707e+02
   2.25797868e+00   1.01652901e+02   9.25616360e+00   5.67414131e+01
   2.62274017e+01   9.39429092e+00   1.06600220e+02   1.52629118e+01
   1.49338937e+00   1.34442062e+02   9.78658752e+01   1.99283936e+03
   3.11310120e+01   1.26943398e+04   1.92904443e+03   2.06076527e+01
   9.01877022e+00   5.42540398e+01   2.11065811e+02   4.35223341e+00
   3.97566719e+01   2.46326389e+01   7.15477371e+00   1.67246284e+01
   6.89321289e+01   1.35070574e+00   7.92623108e+02   1.04570341e+01
   2.38347153e+02   7.11113214e+00   6.06671715e+01   6.24039078e+01
   2.24833965e+01   3.80175690e+02   7.38879211e+02   1.06140976e+02
   2.67883873e+01   1.05037590e+02   1.23898788e+02   3.66852646e+01
   0.00000000e+00   5.58935699e+01   9.39305267e+01   1.66988144e+01
   1.88602428e+01   1.58203192e+01   2.52339363e+01   9.41114746e+02
   1.42215300e+01   8.65010381e-01   1.50287805e+03   8.45626450e+00
   1.30258341e+01   7.22126999e+01   1.56851709e-01   0.00000000e+00
   1.03298264e+01   4.80047684e+01   1.94597559e+03   1.51186562e+00
   4.42662689e+02   4.63609791e+00   5.81287003e+00   3.73954844e+00
   1.02972174e+00   1.34323389e+04   9.07015741e-01   1.01667261e+01
   1.33559460e+03   6.85484695e+01   3.16534691e+01   1.91085831e+02
   1.41346542e+02   3.65979004e+01   6.39775537e+03   1.15322173e+00
   4.79171896e+00   7.88096809e+00   1.58715552e+03   1.46650066e+01
   8.16289616e+00   6.03817261e+02   1.41204238e+00   1.49868201e+03
   1.40484161e+01   1.06735809e+02   5.69811773e+00   2.40358612e+02
   9.22101074e+02   1.30104513e+01   2.75067806e+01   1.47535858e+02
   5.92718649e+00   1.93105221e+01   7.49801086e+02   5.81411209e+01
   9.72897339e+01   0.00000000e+00   2.74690747e+00   1.71107141e+03
   7.04621338e+03   1.86430505e+03   7.86762094e+00   3.84042053e+01
   3.05745106e+01   1.56097393e+01   1.12623573e+02   3.24043427e+01
   3.61565113e+00   6.03335142e+00   6.50982056e+01   9.55814481e-01
   1.06052458e+00   6.46897888e+02   2.22145233e+01   1.55567001e+02
   2.94082909e+01   4.77122803e+01   3.02245350e+01   1.05624939e+03
   6.07355103e+02   7.34267426e+01   6.48771057e+02   1.94681366e+02
   9.26413116e+01   5.49726067e+01   9.02511775e-01   5.51940441e+00
   8.51672363e+01   1.13391571e+02   2.03071537e+01   2.13531685e+00
   5.96654883e+03   1.39031967e+02   1.21496677e+00   3.64794312e+01
   5.75838356e+01   4.03572197e+01   3.85275078e+01   1.02462866e+03
   1.83145103e+01   1.30886211e+01   1.71888208e+03   1.42438602e+01
   9.65167618e+00   5.32597303e+00   6.77622742e+02   1.91195786e+00
   1.23237335e+02   7.51650391e+02   1.31265274e+02   3.03047568e-01
   5.51057434e+02   7.97369156e+01   9.61613007e+01   3.12369507e+02
   0.00000000e+00   1.43435257e+02   5.77142090e+03   1.73062912e+02
   9.73160088e-04   3.94983292e+00   3.09068848e+02   1.72247887e+00
   2.63272667e+01   1.45887317e+03   1.71489609e+02   2.48225689e+01
   5.11816597e+00   5.75662422e+01   2.36368809e+01   1.03460327e+03
   6.45061951e+02   1.46242517e+03   0.00000000e+00   0.00000000e+00
   6.88701477e+01   2.02282117e+03   3.98595947e+03   2.05435196e+02
   2.88403187e+01   4.87888527e+01   7.80433960e+01   0.00000000e+00
   1.43866777e+01   7.23926306e-01   1.67721985e+03   3.82040381e-01
   1.39180496e+02   7.03540192e+01   1.05019775e+03   1.35721588e+01
   1.95123138e+01   8.51118469e+02   1.21504785e+03   5.55804539e+00
   7.57960587e+01   5.09775124e+01   3.14073999e+03   1.13876190e+02
   1.06588890e+02   4.52135324e+00   4.92858948e+02   2.42560654e+01
   8.97547245e+00   0.00000000e+00   1.57056747e+02   5.95943308e+00
   3.67923498e+00   6.59670410e+01   2.85740063e+03   2.42384308e+02
   1.76633606e+02   2.58206367e+00   4.37548637e+01   3.52290077e+01
   4.09266937e+02   3.29719048e+01   1.35406036e+01   2.12970304e+00
   6.43454590e+02   1.96374130e+02   3.11226463e+01   8.92618713e+02
   9.00221939e+01   2.50848312e+01   7.19876337e+00   1.61115456e+01
   6.93100433e+01   9.21623230e+01   6.90670227e+02   2.68851452e+01
   8.10840607e+01   2.58381023e+01   5.82577324e+01   6.25050476e+02
   2.24439640e+01   1.09855884e+03   6.75267410e+01   5.80286035e+03
   7.32347183e+01   1.33397846e+01   2.47327100e+03   4.44915131e+02
   1.34449966e+02   5.51979431e+02   2.82377586e+01   1.17591248e+03
   2.43555470e+01   1.43343445e+02   2.40928888e+00   3.21136932e+01
   1.10656519e+01   7.89397812e+01   4.15913477e+03   6.78622341e+00
   2.62334692e+03   2.76697308e-01   1.41884998e+03   9.18311615e+01
   1.44717041e+02   2.82344246e+01   1.96298279e+02   1.61019684e+02
   1.90175644e+02   1.13064850e+02   1.65619907e+01   1.50883514e+02
   2.88785667e+01   7.59580612e+00   1.66999209e+00   7.62391663e+00
   0.00000000e+00   3.35292633e+02   2.13803887e+00   6.37758850e+02
   2.15124536e+00   1.22680336e+02   1.76368835e+02   4.66117523e+02
   2.72905212e+02   0.00000000e+00   4.12561462e+02   6.52389812e+00
   0.00000000e+00   1.67278981e+00   7.07586594e+01   1.66586189e+01
   2.75687752e+01   2.58606968e+01   1.34326752e+02   9.67884636e+00
   0.00000000e+00   1.28809723e+02   9.37042141e+00   7.09927246e+03
   1.88283981e+02   2.32250671e+01   9.81181412e+01   3.91913948e+01
   3.27928036e-01   3.19082764e+02   1.37558731e+02   1.00886375e+02
   1.32117480e+03   7.02038884e-01   2.83666534e+02   8.51278305e+01
   1.71966034e+02   1.50193909e+02   0.00000000e+00   9.43028931e+02
   3.92467194e+01   0.00000000e+00   4.12639618e+00   1.49181261e+01
   1.76326404e+03   3.13614511e+00   5.92145004e+01   3.40122986e+00
   2.09925213e+01   2.07794897e+03   2.27490625e+03   0.00000000e+00
   9.74899963e+02   5.16892204e+01   1.87740784e+01   3.07265544e+00
   3.03037910e+01   0.00000000e+00   3.32729785e+03   3.84587555e+01
   2.44653992e+02   1.50918503e+02   1.02707849e+03   5.53730957e+02
   3.98034149e+02   1.20025581e+02   1.72909561e+02   1.40993604e+03
   1.83641449e+02   8.52979279e+00   4.91933775e+00   2.44155622e+00
   1.48801132e+02   2.49065137e+03   2.31195812e+01   3.50578430e+02
   7.38185501e+01   1.33041000e+02   1.05560339e+03   1.36028625e+03
   8.72042465e+00   5.50942200e+02   8.50268738e+02   1.23207048e-01
   7.90496674e+01   3.75831723e+00   6.73628601e+02   8.27181244e+00
   7.28051819e+02   1.13613915e+00   2.32914246e+02   7.55059361e-01
   1.80218750e+02   9.60117676e+02   7.12928528e+02   2.16973801e+01
   1.09827432e+04   4.24039886e+02   1.11113548e+02   3.40357552e+01
   2.90739536e+01   9.80921875e+02   9.97473145e+01   3.00689966e+03
   1.09681189e+03   9.26431046e+01   1.52960539e+01   4.39368439e+01
   1.00448608e+00   1.49464441e+03   1.63199097e+02   4.81738930e+01
   1.49061232e+01   3.57067108e+01   5.41800618e-01   7.87358856e+01
   1.09625711e+01   9.55908108e+00   2.72099662e+00   6.97282887e+00
   3.78841782e+00   1.77321075e+02   8.22794800e+01   5.13258838e+03
   1.70103111e+01   2.26421362e+03   1.06360207e+02   1.68124218e+01
   5.95176277e+01   1.77764172e+03   7.33719940e+01   1.52625113e+01
   7.01125061e+02   1.23846817e+01   2.46555322e+03   1.14918144e+02
   2.57922864e+00   1.14829330e+01   1.68996143e+01   1.17352852e+02
   1.45220691e+03   1.24198608e+03   1.53676224e+02   4.01495190e+03
   1.66003287e-01   0.00000000e+00   6.09276543e+01   6.28198981e-01
   8.69532394e+01   2.73660831e+01   9.58950867e+02   4.76565808e-01
   3.51533905e+02   7.00107956e+01   5.72709846e+01   1.35019604e+03
   6.59566269e+01   0.00000000e+00   6.94544907e+01   3.23225372e+02
   6.67500610e+01   8.88100708e+02   5.79296387e+02   7.92552063e+02
   1.17950903e+03   3.61530243e+02   5.06937828e+01   2.34839058e+01
   1.73052185e+03   1.08075895e+01   3.90517330e+00   2.02826404e+03
   4.89813042e+01   6.30156441e+01   2.71758804e+01   5.07784424e+02
   1.85689771e+03   1.12059729e+03   9.91828186e+02   2.08136946e-01]
