car
person
[ 19079442.      2459712.75   41658980.     15565454.     46535960.
   2338192.25   11595362.      4011590.5    20245136.      7976543.
  12936735.     23047478.     15975879.      7272589.     17835726.
  10284149.     16064400.     11555622.     50055240.     10655038.
   3111638.75   23122996.      6048420.5    19456416.      6704487.
  13200665.      7384049.5    10721312.      2272047.5    13802513.
  25215784.     31646774.     42406184.      1189039.125  26858950.
   1783498.625  11531346.      3171784.25    9033931.      2925548.
   9414280.     17755046.     39923312.     50978116.     11757786.
  27046772.     14457251.     20212612.      3036195.     32188050.
  27238416.      9046454.     14671380.     12944200.      8171728.5
  18295280.     28675022.     12827031.     15828685.      6520698.5
   4382510.5     2714501.75   20485440.      4762030.   ]
[  2.83928780e+07   1.10394950e+07   2.52579820e+07   1.02484734e+05
   6.84320750e+06   6.23367550e+06   8.45589000e+06   2.81183472e+01
   9.73313500e+06   7.28852050e+06   2.89696100e+07   2.70100620e+07
   1.69535901e+03   1.97946281e+05   2.19263220e+07   1.62581660e+07
   1.40731012e+06   3.73927720e+07   1.50355440e+07   5.27541350e+06
   2.36615820e+04   3.67136960e+07   1.10780719e+05   3.53221800e+07
   7.71404531e+04   3.47684520e+07   4.25966050e+06   8.55071125e+05
   2.09633360e+07   4.42888232e+03   3.08348280e+07   1.82579609e+04
   1.52855188e+05   1.68426840e+07   7.22541950e+06   1.81677025e+06
   1.61160797e+05   9.81144600e+06   2.38760460e+07   1.58514010e+07
   9.36363700e+06   1.99230050e+06   1.85675234e+05   1.14031690e+07
   3.49607200e+07   1.88627320e+07   2.81066719e+04   4.35639520e+07
   2.09831340e+07   1.36283062e+06   2.54801880e+07   2.38963580e+07
   4.36903160e+07   2.39481920e+07   1.92307750e+05   1.73338740e+07
   1.86864220e+07   6.22190440e+07   2.56230975e+06   1.51697150e+07
   2.83287520e+07   2.07186890e+03   1.72090060e+07   4.87843200e+07]
[  3.88162375e+06   1.07834550e+07   9.75303359e+04   1.17139922e+05
   1.36295869e+04   9.11929199e+03   1.05346270e+04   3.98889650e+06
   4.68518408e+03   8.52174125e+05   5.94117100e+06   9.59839750e+05
   1.08828062e+05   1.76954525e+06   1.90714734e+03   1.92151562e+04
   1.81246862e+06   3.32763500e+05   1.75028578e+05   6.82528200e+06
   6.53304062e+05   6.01709442e+01   8.09582100e+06   1.34701110e+07
   8.23051150e+06   0.00000000e+00   3.33139688e+04   4.24204550e+06
   2.32687250e+06   4.97570850e+06   3.60831592e+03   1.15656480e+07
   1.11574555e+05   4.36738850e+06   1.96949725e+06   3.83557350e+06
   4.70052383e+04   1.57817800e+07   1.55990912e+06   1.24446899e+03
   6.90326000e+06   5.11356250e+06   4.71348400e+06   1.29351650e+07
   3.90374600e+06   2.89571387e+04   9.66518600e+06   2.16790234e+04
   2.30144950e+06   6.12071875e+05   2.51001275e+06   1.32877939e+04
   2.96519475e+06   1.39586338e+06   1.39180080e+07   1.00718270e+07
   1.24390000e+06   8.37443164e+03   4.21101484e+04   4.11924062e+05
   1.89935312e+06   1.38969350e+07   6.34720450e+06   2.41915275e+06
   1.50381230e+07   6.29980750e+05   1.04591600e+07   5.77939950e+06
   5.97920195e+04   5.07604875e+05   6.64655900e+06   8.29040650e+06
   7.42726875e+05   1.44621828e+05   0.00000000e+00   1.87891000e+06
   4.36284844e+05   3.79429150e+06   3.66197475e+06   4.66551781e+05
   2.03255444e+03   5.67608900e+06   4.30994550e+06   5.79783020e+02
   2.76822450e+06   6.97016700e+06   4.04121100e+06   1.35772375e+03
   5.10841800e+06   1.23834088e+06   6.35335200e+06   5.51380150e+06
   4.42259250e+05   4.63755800e+06   7.56551312e+05   6.43619950e+06
   6.39576554e-01   2.10401425e+06   4.20160781e+05   2.06313008e+04
   3.48007325e+06   2.09712719e+05   2.92853312e+05   3.53166344e+05
   1.03435391e+04   2.88236969e+05   8.50113203e+04   9.09215000e+05
   2.45406475e+06   1.76768250e+05   1.50564121e+04   5.71795250e+06
   3.64122469e+05   7.48906250e+06   3.50981850e+06   7.66624250e+06
   3.41581700e+06   4.37690938e+05   2.15627525e+06   3.40941156e+05
   4.24257550e+06   5.00027150e+06   2.33396211e+04   5.49619300e+06
   1.56095225e+06   1.69239551e+04   1.93602820e+07   1.13305146e+04]
[  2.74014025e+06   1.79532538e+06   1.64197344e+05   0.00000000e+00
   5.66612366e+02   3.58398525e+06   7.44783375e+05   1.29864000e+06
   1.38832180e+07   3.69728525e+06   8.34396750e+06   7.72159200e+06
   2.03975638e+06   4.97192344e+05   1.77288525e+03   1.99178188e+06
   1.95137388e+06   2.94467525e+06   1.17293562e+06   7.40068604e+03
   7.67729200e+06   1.81084425e+06   1.91160325e+06   1.41327773e+04
   1.47498075e+06   2.17222070e+04   1.47444625e+06   5.10310800e+06
   1.72904609e+05   4.75511650e+06   5.97520781e+04   1.26866870e+07
   3.61024625e+06   9.65797000e+05   1.37908738e+06   1.18522212e+06
   3.67615675e+06   9.87400200e+06   2.30092129e+04   2.47666758e+04
   1.80549700e+06   2.64031621e+04   1.98333945e+04   1.76115359e+05
   4.75211625e+05   6.45271650e+06   5.94031900e+06   5.14956350e+06
   2.55551325e+06   1.18449280e+07   2.90858175e+06   4.45342300e+06
   6.67873600e+06   8.53217375e+05   2.86390254e+04   3.02151230e+04
   5.44855250e+06   3.67554000e+05   0.00000000e+00   3.94891225e+06
   2.99563700e+06   6.68899500e+06   5.61525800e+06   3.00011850e+06
   6.57829219e+04   1.12811690e+07   1.97544609e+04   2.39498725e+06
   4.03597425e+06   7.80327650e+06   1.42297462e+06   1.18966560e+07
   8.79800400e+06   6.70961650e+06   1.71209240e+07   2.84470288e+03
   3.66430500e+06   3.44134100e+06   1.18803100e+07   3.84525325e+06
   3.41046475e+06   8.27002441e+03   7.45239750e+06   2.03161288e+06
   2.59974434e+04   5.91708850e+06   2.91498969e+05   4.01433225e+06
   1.46076602e+04   6.79594844e+04   4.94069336e+03   6.60656900e+06
   3.85246438e+05   8.73710200e+06   8.43581000e+05   1.31962562e+06
   9.74309453e+04   6.03574850e+06   7.13265625e+05   1.23742750e+07
   1.53461396e+04   1.04155312e+04   1.56947100e+07   1.30949097e+02
   6.28898477e+04   1.14986530e+07   1.54368888e+06   6.91076450e+06
   8.80309300e+06   6.34483250e+06   2.05266016e+03   4.87974250e+06
   5.11435039e+04   1.93260540e+07   5.40604500e+06   1.22984555e+05
   9.56475125e+05   3.44998125e+06   4.88962109e+03   1.61945342e+04
   1.31552950e+07   2.64847900e+06   7.74903320e+03   7.98875100e+06
   5.42301550e+06   1.50110688e+06   1.33966450e+07   8.77675400e+06]
[  0.00000000e+00   6.28423486e+03   1.14867188e+06   5.74819238e+03
   3.85381660e+01   8.59406860e+02   5.60590286e+01   0.00000000e+00
   1.65884250e+06   1.14671318e+04   5.55361023e+02   4.13841406e+03
   0.00000000e+00   2.72332129e+04   2.34545371e+04   3.11579199e+03
   8.34650469e+04   1.07614975e+06   1.37579077e+03   1.10362422e+04
   0.00000000e+00   5.95816602e+03   5.35566625e+05   2.65114185e+03
   2.42620918e+04   1.65667920e+03   1.47023638e+06   0.00000000e+00
   3.03511230e+03   1.73321033e+00   1.37779722e+01   0.00000000e+00
   0.00000000e+00   6.15383812e+05   3.60644453e+04   1.52198225e+06
   2.22263650e+06   2.17539990e+03   3.41352417e+03   5.35512009e+01
   4.81179883e+03   4.23438916e+03   3.19430298e+02   3.46714219e+05
   3.11211157e+03   1.00867401e+02   1.83984928e+01   6.21664200e+01
   1.14825068e+04   4.62412354e+03   5.17363164e+04   5.67112610e+02
   1.07296950e+06   4.79365781e+05   1.48405199e+01   1.39068922e+05
   4.99427719e+05   9.21827000e+05   1.74154068e+02   2.44356060e+01
   1.45153018e+04   5.59788086e+03   7.32093375e+05   1.16680059e+04
   1.37043447e+01   9.87637012e+03   2.64485181e+03   1.45544324e+03
   1.10464570e+04   5.65885977e+04   1.58645038e+06   1.08289500e+06
   0.00000000e+00   1.08481074e+04   2.34256077e+01   2.57179688e+02
   1.43907336e+03   1.02564312e+05   6.26203062e+05   2.17797168e+04
   2.16849344e+05   6.48413452e+02   2.56634839e+03   6.90640974e+00
   1.86516650e+06   2.04812200e+06   6.72490750e+05   1.46051912e+06
   3.51962031e+04   1.38839661e+02   1.44569177e+03   3.61685898e+04
   1.20535117e+05   8.86276660e+03   0.00000000e+00   1.48505188e+03
   6.40906006e+02   9.81664438e+05   2.20065283e+03   6.10967822e+03
   1.20311406e+04   5.25104919e+02   1.49448012e+06   1.39420537e+04
   2.27854443e+03   1.75901871e+02   4.93853564e+03   6.59598975e+03
   2.48947601e+01   8.70548438e+03   7.04117438e+05   1.80374922e+04
   2.26212120e+00   5.63133057e+03   2.84092402e+04   1.28441729e+04
   0.00000000e+00   3.01292114e+02   1.19687585e+03   1.91525000e+06
   1.17581895e+04   5.22841988e+01   1.53894443e+04   1.00578331e+02
   3.14082739e+03   1.00858519e+06   7.36734848e+01   0.00000000e+00
   7.83901875e+05   1.48366035e+04   7.78227344e+03   3.94358032e+03
   3.14953516e+03   1.21870662e+06   0.00000000e+00   4.56841650e+03
   2.98692550e+06   4.62236719e+05   6.59473779e+03   2.84953523e+00
   3.86472461e+03   0.00000000e+00   1.86453821e+03   7.32912250e+05
   6.95223145e+02   2.05647988e+06   3.32984375e+02   1.71027222e+03
   6.48475547e+04   2.26294231e+01   5.67742676e+02   8.81220642e+02
   2.18797617e+04   1.05556016e+05   6.87494750e+05   8.74827805e+01
   3.03052563e+03   3.36713125e+05   1.03793050e+06   7.59963438e+04
   3.00360718e+03   4.71712695e+04   8.17800250e+05   6.19249072e+03
   3.91632349e+03   2.23371250e+06   1.02446794e+06   4.32433008e+04
   3.70211890e+03   1.34831500e+06   1.36329875e+06   1.52196826e+03
   4.58442578e+03   2.92783969e+05   5.06221582e+03   4.36619971e+03
   1.76996475e+06   2.90477075e+03   2.42201050e+06   1.01648688e+05
   2.66513094e+05   5.49793867e+04   5.93870062e+05   3.29169570e+04
   2.16765020e+04   1.11784121e+04   3.84974414e+04   2.45474023e+04
   6.41243812e+05   1.02489954e+03   4.70016449e+02   1.35994525e+06
   0.00000000e+00   5.76618812e+05   0.00000000e+00   1.01509406e+06
   2.73879736e+03   3.35381312e+05   1.93118200e+06   7.34518562e+05
   2.20037903e+02   1.73823988e+06   7.59369750e+05   9.04743835e+02
   5.95473633e+04   1.04686874e+02   4.02799103e+02   1.60818762e+03
   4.93895361e+03   8.10344562e+05   5.84672000e+05   1.51607312e+06
   3.24754932e+03   2.32559839e+03   0.00000000e+00   1.92456191e+04
   6.99386780e+02   9.89008000e+05   1.29611045e+04   2.59050846e+01
   2.66240234e+03   1.72435803e+03   0.00000000e+00   3.70030625e+04
   2.63307969e+05   0.00000000e+00   8.56153992e+02   2.63481777e+04
   3.55751495e+01   6.04773000e+05   1.47115088e+04   6.03026352e+01
   8.83854062e+05   4.91898438e+03   1.19687600e+06   5.11315430e+02
   1.76395422e+03   3.92882056e+03   7.00409438e+05   3.94952362e+02
   3.68118281e+05   8.05886000e+05   2.11868267e+01   3.49333154e+03
   7.74458838e+03   2.88496680e+03   1.06001091e+01   2.35947119e+03
   3.94740781e+04   6.05056062e+05   9.72527246e+03   2.04677475e+02
   8.18317969e+03   0.00000000e+00   0.00000000e+00   6.07586875e+05]
[  1.53946138e+06   5.33129736e+03   4.38755890e+02   0.00000000e+00
   1.42263650e+06   2.06004912e+06   1.50193875e+05   7.22628937e+01
   4.32395410e+03   1.06844983e+03   8.15668106e+01   1.30247546e+03
   3.09483594e+03   1.30445410e+04   1.12676929e+03   2.01761548e+03
   3.27217316e+02   7.09846268e+01   9.41498750e+05   2.04786895e+04
   0.00000000e+00   1.40064407e+02   4.56920195e+00   4.67725469e+05
   0.00000000e+00   6.20152490e+03   1.18335037e+01   4.57907000e+05
   6.68257959e+03   2.84659424e+02   2.26790381e+03   5.52700439e+03
   1.15282988e+04   2.27316152e+04   6.03317078e+02   2.54266382e+03
   7.42176025e+03   1.80952661e+03   2.67466156e+02   0.00000000e+00
   5.44728711e+04   2.11608203e+04   2.05033740e+03   8.01849747e+01
   2.94179004e+03   4.58593604e+03   4.25191281e+05   5.66936914e+03
   3.19427500e+04   2.11102966e+02   2.30842725e+03   2.63607025e+02
   1.61942175e+03   4.91770410e+03   1.01602320e+05   1.19146781e+05
   3.22865000e+04   6.78231719e+04   1.32172100e+04   7.11588074e+02
   5.05930176e+03   9.37418359e+03   2.13010240e+00   6.30195856e+00
   1.23078227e+00   4.74533203e+04   4.01325719e+05   1.96141144e+02
   1.41078812e+02   7.20902295e+03   1.09309288e+06   4.20465515e+02
   1.23810996e+04   1.76989526e+03   1.39201514e+04   3.07042070e+04
   9.93800156e+04   3.36571387e+03   1.06999980e+04   5.32186500e+05
   0.00000000e+00   5.89365527e+03   0.00000000e+00   1.68777227e+04
   4.41261566e+02   3.61357305e+04   8.20554749e+02   3.65298755e+03
   2.23416846e+03   9.99696289e+03   8.51181055e+03   1.64890088e+03
   6.58636523e+03   5.81793438e+05   7.24454651e+02   1.24468670e+01
   1.82494891e+05   4.92582798e+00   6.70292236e+03   5.22534619e+03
   1.69573517e+02   2.79769165e+03   6.09168188e+05   3.65494204e+00
   3.18883572e+01   7.70294482e+03   8.93998438e+03   5.40716289e+04
   4.07812891e+04   1.24276475e+06   2.08181934e+03   5.62609250e+05
   8.75603485e+00   8.67320984e+02   2.42157202e+03   5.24189648e+03
   2.02126208e+03   4.83512207e+03   9.75543164e+03   1.00992686e+04
   1.08747620e+02   4.78962524e+02   1.94124976e+03   3.36812406e+05
   1.53478381e+03   3.16093231e+02   0.00000000e+00   4.35903271e+03
   9.55192661e+00   2.16338450e+06   3.47821992e+04   3.28812958e+02
   9.64754883e+02   1.24630525e+06   8.93716248e+02   4.84447217e+03
   4.21555811e+03   6.38460188e+05   7.19474182e+02   2.12947202e+00
   0.00000000e+00   2.21925049e+01   3.12857690e+03   6.19349297e+04
   0.00000000e+00   9.29969604e+02   4.68726166e+02   0.00000000e+00
   0.00000000e+00   9.48100815e+01   1.18210663e+02   5.76470795e+01
   8.15997375e+05   1.40055594e+05   4.12062836e+02   1.63570000e+05
   1.35223669e+03   0.00000000e+00   5.78759023e+04   8.52246875e+05
   1.67474011e+03   1.07810315e+03   8.54551086e+02   3.47770929e+00
   1.17780945e+05   0.00000000e+00   2.01839453e+05   7.37707703e+02
   1.64248562e+05   1.21176625e+06   2.00123525e+00   0.00000000e+00
   1.18073438e+03   1.03961422e+05   7.01476750e+05   1.75154395e+03
   8.48350647e+02   1.86400647e+03   6.07122607e+03   0.00000000e+00
   4.55312012e+03   1.66690100e+03   1.25852295e+02   8.29561426e+03
   0.00000000e+00   1.31372650e+02   2.16622031e+04   2.34200415e+03
   4.06918799e+03   1.29610653e+01   8.34386312e+05   3.80251587e+02
   3.72005501e+01   3.34627417e+03   4.53045166e+03   1.06044067e+03
   1.51894424e+04   5.30930762e+03   4.49221406e+05   0.00000000e+00
   2.14018745e+01   0.00000000e+00   6.27820188e+05   6.74092725e+03
   5.77716699e+03   0.00000000e+00   7.65308789e+03   8.08011938e+05
   3.89080898e+04   6.89378562e+05   6.04633152e-01   2.05946313e+03
   2.13234375e+03   9.54422949e+03   2.25312915e+03   3.87590062e+05
   1.68912594e+05   3.37515289e+02   1.15695007e+03   9.85604630e+01
   1.35539661e+03   2.92909229e+03   6.36866602e+03   5.51751526e+02
   0.00000000e+00   1.26647344e+05   8.23578281e+04   5.28349609e+04
   2.36004944e+02   0.00000000e+00   2.86366248e+00   2.21593516e+04
   3.50944438e+05   6.71909546e+02   1.27553788e+06   2.52243286e+03
   1.84631445e+03   6.86212250e+05   0.00000000e+00   0.00000000e+00
   1.73104370e+02   4.29582438e+05   4.73224163e+00   3.60651565e+00
   3.00989857e+01   1.53507614e+02   3.86413647e+03   2.37711865e+03
   5.13378844e+05   3.80564719e+05   7.23561768e+02   3.40925664e+04
   3.44110859e+04   4.86077188e+05   3.34950659e+03   1.10509602e+05]
[  1.75654719e+05   1.05333848e+04   1.43339001e+03   6.05015869e+02
   3.59811875e+05   7.11715775e+01   1.01908145e+04   4.56742656e+04
   5.81292725e+02   3.72321562e+05   1.54573401e+03   2.00686523e+04
   3.79105493e+03   4.17945752e+03   1.72010962e+03   2.33392532e+02
   3.71759444e-01   1.48101819e+03   1.08066425e+01   3.36952454e+02
   4.80141172e+04   8.03418594e+04   5.51156006e+03   1.19538545e+04
   3.04559387e+02   1.99875232e+03   1.67455151e+03   5.30519844e+04
   5.41501221e+03   4.49097438e+05   4.13094177e+01   2.88406519e+03
   5.43718799e+03   3.59427305e+04   4.09525726e+02   1.44351680e+04
   3.85729906e+05   1.59475225e+06   3.03592377e+01   1.35178188e+06
   4.67486725e+01   7.41350220e+02   4.56805811e+03   8.63596777e+03
   5.61143281e+04   5.65119751e+02   6.91118011e+01   4.37144482e+03
   5.55664961e+04   8.89845825e+02   3.62140938e+04   9.33091438e+05
   6.10105225e+02   1.17916174e+01   2.02988434e+02   2.41782422e+03
   1.51015107e+04   1.05350234e+05   0.00000000e+00   2.94456128e+03
   3.63805939e+02   1.50427158e+04   4.03044861e+02   4.06449341e+03
   3.58952905e+03   3.50504297e+03   4.31736084e+03   2.79296851e+03
   2.26645078e+05   8.29702734e+04   6.75401758e+03   2.33646059e+00
   4.79225664e+04   4.61082666e+03   3.72625406e+05   1.43367062e+05
   6.38811641e+04   1.65429004e+04   1.33895386e+03   9.00101929e+01
   1.83343124e+01   2.53670364e+02   2.21562363e+04   8.39508911e+02
   2.37407832e+04   2.59903550e-01   3.48963398e+04   9.62687912e+01
   1.62760792e+01   5.50242310e+02   3.88890686e+01   4.90913452e+02
   5.60708828e+04   5.55230469e+02   1.07701117e+05   2.83178345e+03
   4.51491261e+00   2.47342109e+05   2.47317156e+05   8.90948984e+04
   1.79869922e+05   3.92076196e+03   2.59637451e+02   1.44946362e+03
   9.90161230e+03   1.48364929e+03   4.60421969e+05   2.73670996e+04
   2.34423492e+02   2.01188940e+03   5.07303711e+03   1.68152283e+03
   1.45261846e+04   6.17201111e+02   6.65198288e+01   9.77194824e+03
   1.66544991e+01   1.08240742e+05   1.67007031e+04   3.01101230e+04
   0.00000000e+00   1.00325862e+06   9.97688379e+03   1.09508406e+05
   8.95579590e+03   2.07143311e+02   7.33489648e+03   5.63693695e+01
   4.79971649e+02   1.63748817e+01   1.24753418e+03   1.04735615e+04
   3.10123682e+03   3.05721021e+03   1.08178916e+04   5.76152686e+03
   7.86880249e+02   3.00309219e+04   6.14757874e+02   4.93798981e+02
   4.64015341e+00   9.06619727e+03   5.46827454e+02   3.65683086e+04
   2.58383086e+04   7.72522766e+02   2.18954180e+04   0.00000000e+00
   4.12922031e+04   1.99641541e+03   2.56793848e+03   8.97342734e+04
   2.15584473e+03   1.61293828e+05   3.74586296e+00   3.71770972e+03
   1.33455654e+04   3.75377124e+03   1.38024094e+05   9.19978485e+01
   6.27711243e+02   1.03168556e+02   7.92942749e+02   1.12205191e+01
   8.07641113e+02   6.77441162e+03   3.15118945e+04   2.23343344e+05
   7.78269470e+02   1.06282988e+04   1.20587139e+01   6.54731836e+03
   3.39791809e+02   1.26685986e+03   5.83015547e+04   1.36751599e+03
   2.66346992e+04   6.19685730e+02   5.95548291e+03   2.24376445e+04
   5.03334045e+02   1.99210664e+04   8.30511536e+02   8.55653687e+02
   8.35936406e+04   1.13999707e+03   4.59130820e+04   2.06209869e+02
   2.17286000e+05   3.95540531e+05   3.52143281e+04   9.37854187e+02
   8.01580582e+01   3.15155293e+04   5.13838053e-01   1.31681738e+03
   1.50359707e+04   7.27870752e+03   2.57434967e+02   1.52290609e+05
   2.16082031e+03   1.02228165e+01   6.51364941e+03   1.41232297e+05
   9.49064688e+04   9.99495316e+01   3.56932344e+04   3.61036133e+03
   9.78023672e+04   1.18685436e+00   7.79995996e+03   4.92245508e+03
   1.61502207e+04   1.10150898e+04   3.69525156e+04   7.39349442e+01
   3.28078418e+03   2.28826953e+04   1.08431616e+01   6.57439922e+04
   8.04697815e+02   3.39291748e+03   8.33378516e+03   2.70356348e+04
   4.69863359e+04   0.00000000e+00   9.79049110e+00   1.53823906e+04
   2.31402237e+02   6.69915430e+03   1.01114131e+04   5.15767969e+04
   6.75846329e+01   1.83902227e+04   1.12584350e+06   9.56858154e+02
   1.09199426e+03   1.89059082e+03   9.01657938e+05   8.50864197e+02
   2.43011694e+03   2.19572296e+01   3.15521881e+02   0.00000000e+00
   6.96204150e+03   4.12642062e+05   0.00000000e+00   8.55174713e+01
   4.35482930e+04   5.74709766e+03   0.00000000e+00   4.30597500e+04
   5.05299707e+03   1.36534485e+03   8.24270248e+01   2.93455786e+03]
[  1.73986816e+02   1.49643877e+04   2.41563145e+04   3.65361875e+04
   1.14238855e+03   9.78461875e+04   3.45368713e+02   7.00167578e+03
   2.46340199e+01   5.11356964e+01   5.94527109e+04   5.30381592e+03
   4.71748596e+02   1.13362634e+03   3.73774854e+03   1.56631607e+02
   6.92090771e+03   8.40901367e+03   5.29782031e+03   1.73049927e+03
   1.90915775e+01   1.29270273e+05   6.10572266e+02   1.06251068e+01
   3.01965078e+04   3.87243774e+03   4.24626875e+04   5.34138281e+03
   7.54041328e+04   2.17936934e+04   9.49564062e+03   8.06240312e+04
   1.16740225e+04   9.46246680e+03   2.46541133e+04   5.15885078e+04
   6.11882188e+04   1.85605127e+03   3.25646248e+01   3.47873291e+03
   1.21139198e+02   9.07635547e+04   2.78392168e+04   2.47927871e+04
   1.99412552e+02   5.12294629e+03   1.18280977e+04   2.42141719e+04
   0.00000000e+00   1.75690020e+04   6.47922891e+04   7.59019775e+02
   0.00000000e+00   8.83749023e+03   1.13961755e+03   2.89170996e+04
   1.06826042e+02   2.14118335e+03   4.59579010e+02   3.75756287e+02
   5.83285059e+03   1.10006906e+05   3.83933359e+04   4.60358984e+03
   6.69872998e+03   3.57166064e+03   3.02768005e+02   5.42501106e+01
   3.25394531e+03   7.04028259e+02   3.92640938e+04   1.16001074e+03
   5.30309219e+04   2.83627472e+02   0.00000000e+00   3.42457245e+02
   4.54628845e+02   9.60183811e+00   9.12237266e+04   7.52448516e+04
   1.31137381e+01   5.85167188e+03   5.63559258e+04   9.64259219e+04
   3.30558441e+02   0.00000000e+00   2.29360767e+03   5.48501099e+02
   9.84237656e+04   7.38680078e+04   1.52679517e+03   6.76381636e+00
   9.01343125e+04   2.02724551e+04   5.72747539e+04   1.56108242e+04
   1.32432627e+04   1.36339996e+02   4.69577773e+04   4.31044297e+04
   9.63325256e+02   5.22045670e+01   1.53424906e+05   5.59198975e+02
   3.22494219e+04   2.33843945e+04   2.00855541e+01   4.78218125e+04
   7.11981016e+04   1.27778943e+03   1.29826978e+03   5.30936096e+02
   3.23641191e+04   3.44409065e+01   7.13012619e+01   1.12659893e+04
   0.00000000e+00   1.89421914e+04   6.46023989e-01   3.76056250e+04
   9.66885376e+01   5.37720195e+04   1.05322793e+04   4.81443542e+02
   1.01116962e+03   3.54731875e+04   2.86453711e+03   2.17888262e+04
   4.30530781e+04   1.66285327e+03   3.62433258e+02   4.49008594e+03
   6.35783008e+03   1.57805430e+04   2.23777930e+04   2.27575760e+01
   1.24304321e+03   3.74716415e+01   5.77412071e+01   2.20011905e-01
   4.18740469e+04   5.13086304e+02   2.78254004e+04   4.49497819e-01
   2.93176788e+02   5.62745508e+03   5.74323853e+02   1.57217151e+03
   1.80153946e+02   1.90323457e+04   8.67895938e+04   7.72371533e+03
   7.74815002e+02   4.36639374e+02   2.32709408e+01   4.81460035e-01
   3.83211975e+01   2.93378479e+02   2.99632843e+02   7.48533906e+04
   1.72081602e+04   2.00754431e+03   7.91813477e+03   0.00000000e+00
   3.89080117e+04   5.55530701e+02   6.54489648e+04   1.36723846e+02
   7.34932734e+04   2.71350625e+04   1.36251862e+02   3.08341577e+03
   1.22061953e+04   1.73358228e+03   4.22821719e+04   4.10489883e+04
   1.21926035e+04   5.02850879e+03   9.60830469e+03   5.84948547e+02
   4.45831328e+04   1.63842452e+00   4.66161836e+04   8.24242480e+03
   3.41765991e+02   3.11596973e+04   1.17182938e+05   5.33465332e+03
   1.67829626e+03   6.27446777e+02   5.35287109e+02   3.48136328e+04
   4.92314893e+03   8.17596719e+04   1.17739375e+05   3.22745508e+04
   4.14255859e+04   8.10868359e+03   1.97486875e+04   4.94608496e+03
   7.50887188e+04   5.70008154e+03   4.14761887e+01   7.24668047e+04
   7.68660234e+04   9.47886200e+01   3.54158867e+04   9.32471016e+04
   6.92714977e+00   0.00000000e+00   1.80978119e+02   2.78563232e+02
   5.74157288e+02   8.47729568e+01   6.06112500e+04   2.98537598e+03
   9.01895508e+02   1.64161230e+04   4.31161133e+04   4.22355957e+03
   1.16774648e+04   9.00933750e+04   3.94757509e+00   0.00000000e+00
   4.64489570e+04   4.41835742e+03   6.72743713e+02   0.00000000e+00
   3.12252106e+02   5.34573059e+02   8.68856812e+00   5.84242630e+00
   4.61499258e+04   1.61638350e+04   7.93868984e+04   1.90914612e+02
   3.57889961e+04   2.79025879e+02   1.19007617e+03   9.95362122e+02
   4.62039600e+03   5.04340332e+03   1.98163184e+03   1.87964941e+04
   4.19854218e+02   1.12704398e+05   4.21605957e+02   6.51219101e+01
   1.18651816e+04   2.29376465e+04   3.25436914e+04   5.33917891e+04
   1.09465271e+03   1.26471500e+05   8.70426453e+02   1.59901748e+04
   4.44000625e+04   2.25311035e+02   1.05986839e+02   2.45323652e+04
   5.71484414e+04   0.00000000e+00   3.56451440e+03   9.50811401e+02
   0.00000000e+00   1.24105078e+04   1.81716385e+01   1.03740125e+05
   4.54990820e+04   4.66543999e+01   4.38733912e+00   2.58175995e+02
   1.67011934e+04   1.54510645e+03   5.71042891e+04   1.12284609e+04
   7.87225485e+00   5.90902596e+01   8.81167969e+04   6.91137061e+03
   2.87454581e+00   7.16430786e+02   1.73731836e+04   7.50096953e+04
   1.00833209e+03   1.22065344e+03   8.60526502e-01   1.66070801e+02
   1.17829932e+03   4.77112988e+03   1.38199805e+04   7.14659766e+03
   5.93610781e+04   3.33051055e+04   3.45222812e+04   8.24518677e+02
   4.96977882e+01   2.42862793e+02   9.02198047e+03   7.86982891e+04
   7.19607055e-01   4.26076447e+02   1.38090439e+04   7.56924343e+00
   9.74247498e+02   3.44690938e+04   7.61996399e+02   2.19018463e+02
   5.92223789e+04   6.07383789e+02   5.01998291e+01   1.61254639e+04
   4.33137283e+01   5.96996887e+02   6.48971484e+04   5.56102422e+04
   2.17058105e+01   4.42204180e+04   9.67047070e+03   1.18030156e+04
   4.58248260e+02   1.56630918e+04   6.61079922e+04   1.42456738e+03
   7.55584297e+04   4.50503281e+04   1.27847648e+05   2.25525020e+04
   1.78058516e+04   8.76680603e+02   6.76625781e+04   4.75774658e+03
   4.57079844e+04   1.88791618e+01   4.55832214e+02   7.17627188e+04
   3.26667023e+02   1.10757686e+04   1.80286975e+03   2.52276406e+04
   5.63180156e+04   7.76721008e+02   2.00617539e+04   3.80620155e+01
   3.27417068e+01   5.40160156e+03   2.31269414e+04   9.82354202e+01
   1.84639355e+04   1.44441895e+02   1.75077637e+04   2.49023666e+01
   6.36340332e+02   3.35461484e+04   7.72545654e+02   6.50594055e+02
   3.47244844e+04   2.78509064e+02   3.93947109e+04   3.87924683e+03
   2.49986875e+04   3.75000156e+04   2.32805290e+01   3.48928802e+02
   5.21267883e+02   8.89137329e+02   6.79654531e+04   2.77239697e+03
   3.44149336e+04   2.91428589e+03   1.90855286e+03   1.00248517e+03
   3.22769092e+03   1.39242676e+03   4.63977695e+04   2.83178662e+03
   2.02245789e+02   2.50832056e+03   4.31895485e+01   6.97442169e+01
   7.52620459e+03   4.55524414e+03   2.87789703e+02   3.35828906e+04
   7.20544357e+01   1.48109949e+03   5.37830078e+02   1.11404697e+04
   2.83885010e+02   2.29585400e+01   7.22144836e+02   1.96901703e+02
   4.09798291e+03   1.27585522e+03   7.52809082e+03   4.45124492e+04
   9.89002344e+03   3.06627466e+03   5.03560822e+02   4.94013580e+02
   1.82713928e+01   3.51683899e+02   4.79638398e+04   5.62364922e+04
   2.29798906e+04   3.13043701e+03   1.88348792e+03   7.50341082e+00
   3.15257797e+01   5.52055168e+00   2.64796270e+04   4.56176514e+03
   2.18052891e+04   2.78472870e+02   5.95502031e+04   1.25260869e+04
   2.69716644e+01   6.60877246e+03   2.74221250e+04   3.88742578e+03
   1.27088501e+03   7.35993018e+03   7.81112183e+02   1.08853766e+05
   3.79574844e+04   2.19987852e+04   4.56506289e+04   1.30425029e+04
   7.49209688e+04   8.94902527e+02   7.01342773e+02   5.81549854e+03
   5.41166719e+04   1.53996455e+04   2.27338066e+04   2.14124170e+03
   7.04396439e+00   8.90476501e+02   1.03464268e+04   1.02871172e+04
   1.15055088e+04   2.01932068e+03   7.00478857e+03   2.04295588e+00
   2.14318848e+00   1.75005625e+04   6.72093570e-01   4.26148242e+03
   2.17529358e+02   5.88190352e+04   2.09707535e+02   6.61882891e+04
   1.64606201e+03   0.00000000e+00   9.73892090e+02   8.94324303e+00
   4.91318855e+01   1.33862432e+04   2.83259821e+00   8.88813416e+02
   2.34506516e+02   6.43362744e+03   1.03072746e+02   9.91324707e+03
   2.84710977e+04   5.47236211e+04   2.95922974e+02   6.60405111e+00
   6.01594788e+02   1.18430078e+03   0.00000000e+00   5.07518433e+02
   1.71105684e+04   4.74314165e+00   2.02973962e+03   9.28492615e+02
   3.48125156e+04   1.37193286e+03   9.05741113e+03   0.00000000e+00
   2.84771698e+02   8.46504822e+01   4.22715000e+04   2.04298379e+04
   3.60753369e+03   0.00000000e+00   5.60805237e+02   1.23577940e+00
   4.73936035e+03   8.12220581e+02   1.18227156e+05   7.60601807e+01
   1.47701543e+04   2.28188431e+02   4.33433643e+03   1.42735449e+03
   1.52594568e+03   8.11573906e+04   6.23937305e+03   3.97258750e+04
   9.18580200e+02   1.14931564e+02   3.40368700e+00   1.69551699e+04
   1.38709053e+04   6.01880117e+04   1.02692078e+03   0.00000000e+00
   2.48423477e+04   5.79744812e+02   5.06248055e+01   1.22954352e+05]
[  1.14822205e+03   2.76324536e+03   1.17275623e+03   1.26838455e+02
   1.43018652e+04   0.00000000e+00   5.63186328e+04   5.19141211e+04
   8.41870781e+04   7.83045654e+01   5.70084343e+01   2.01086758e+04
   3.26759863e+00   7.74434688e+04   3.81733472e+03   6.66046190e+00
   2.88568329e+02   3.99275293e+03   7.77948120e+02   4.69921191e+03
   1.04802112e+03   1.60817334e+03   1.05397217e+03   3.69410973e+01
   3.90004578e+01   2.98505957e+03   2.18188095e+02   1.23547637e+04
   7.32694702e+02   3.92180481e+02   1.26244072e+02   2.95034289e+00
   6.01669092e+03   0.00000000e+00   4.38183472e+02   2.03568628e+03
   7.21465454e+02   8.79388142e+00   2.60153223e+04   2.95822754e+01
   2.16714233e+03   8.51226465e+03   1.28877686e+02   4.15143867e+04
   1.37391846e+03   7.17406494e+02   2.37304639e+03   9.52244797e+01
   2.20533173e+02   4.78348969e+02   4.33017822e+03   3.83026099e+00
   0.00000000e+00   2.72080273e+04   8.45957092e+02   7.31417676e+03
   5.39000342e+03   9.47489548e+01   8.65538788e+00   0.00000000e+00
   9.69771028e-01   8.57616638e+02   2.90730072e+02   3.88237030e+02
   1.54205971e+01   1.94725937e+02   2.97151245e+03   1.20063672e+03
   5.53457695e+04   6.67610703e+01   3.00026150e+01   4.17499805e+04
   6.38446569e-01   1.22066377e+04   4.06302490e+02   7.57235962e+02
   8.96382555e-02   1.52257019e+03   3.73235931e+02   5.25478027e+02
   2.46402490e+03   9.72434141e+04   2.95318281e+04   5.65832520e+03
   4.47667297e+02   1.28945694e+01   2.16235371e+04   1.13122009e+03
   6.49321167e+02   5.05356934e+02   6.15582080e+03   1.01874121e+03
   1.74197424e+03   0.00000000e+00   8.50022949e+02   2.28425312e+00
   1.89964737e+02   1.02332373e+04   1.25476699e+04   2.13132227e+03
   1.31476208e+03   1.47542200e+03   7.30715637e+02   0.00000000e+00
   3.59442406e+01   1.05041174e+03   3.19367891e+04   1.56836379e+00
   4.73657695e+04   4.29011484e+04   4.33768616e+01   3.56962158e+02
   5.57987823e+01   6.50553040e+02   4.60582969e+04   1.17697302e+03
   1.08992477e+02   5.74355103e+02   4.69258785e+00   1.57387405e+02
   2.24602219e+02   1.72856128e+03   2.43334702e+02   4.29637566e+01
   3.92151445e+04   1.25966484e+02   5.01996631e+03   5.67521706e+01
   2.77843170e+01   1.47215391e+04   1.66423759e+01   1.00447003e+03
   1.42776291e+02   1.19066650e+04   6.10382275e+03   4.52914143e+00
   6.73190079e+01   9.39905853e+01   1.58499766e+04   7.36533999e-01
   4.28720123e+02   3.71493645e+01   1.03440039e+04   1.77881546e+02
   4.71597070e+03   2.79933984e+03   3.88315894e+03   2.83418086e+04
   4.38474693e+01   3.85350366e+03   1.01002859e+05   1.23635876e+03
   1.57209033e+04   3.42390472e+02   1.71417160e+02   5.37146484e+04
   1.90071602e+04   3.30159531e+04   9.83435059e+02   3.27299634e+03
   3.67893701e+03   8.71230273e+03   0.00000000e+00   1.94362885e+02
   3.61168125e+04   3.97461426e+02   7.17164141e+04   2.84404697e+01
   1.73236768e+03   1.51878750e+04   1.31060815e+03   5.10889771e+02
   5.91400156e+04   1.53702393e+04   1.00201599e+02   5.73769775e+02
   4.30994843e+02   6.06656104e+03   1.50334732e+02   3.56736786e+02
   6.37594805e+04   2.08941330e+02   3.76928467e+02   0.00000000e+00
   5.06107568e+03   3.42721367e+04   3.25234681e-02   1.05502327e+02
   4.94508453e+02   8.03695391e+04   5.60666016e+02   3.17304802e+01
   5.04471741e+01   8.01281328e+04   1.49433191e+03   2.26064087e+03
   4.11542892e+00   1.80829980e+04   4.95456085e+02   5.28105312e+04
   3.42409531e+04   1.54217072e+02   7.03578262e+01   3.25055786e+02
   1.01377959e+04   1.37357666e+02   4.93204498e+02   3.32126953e+03
   8.41809464e+00   3.17471069e+03   5.74869446e+02   7.99423294e+01
   3.12450684e+03   3.81539966e+03   3.60341094e+04   4.69818398e+04
   2.50682598e+04   6.54008331e+01   1.68699890e+02   4.39599609e+04
   3.06592285e+03   2.36978893e+01   4.94006378e+02   1.95930023e+02
   3.41000049e+03   1.84364319e+00   2.18927588e+03   2.77754434e+04
   6.90168152e+02   4.20469580e+03   5.78741172e+04   5.57779007e+01
   1.67912445e+02   2.35949609e+04   1.15027153e+02   9.15469375e+04
   6.62893750e+04   2.39506274e+03   8.21955032e+01   7.87614298e+00
   7.77901428e+02   7.87631348e+03   1.19958031e+02   3.22445129e+02
   6.25741895e+03   2.61343750e+03   0.00000000e+00   8.69899453e+04
   4.81987953e+01   5.98279858e+00   6.14181494e+03   1.58956261e+01
   2.98971094e+03   1.33274088e+01   2.16456342e+00   2.75657623e+02
   2.22914386e+00   1.53343274e+03   4.01829053e+03   2.20138062e+03
   3.25499359e+02   4.57983032e+02   1.04620740e+03   5.29071350e+02
   4.83726410e+02   7.39235986e+03   1.06380482e+01   1.43559004e+04
   1.69553333e+03   3.09328149e+03   3.84342316e+02   2.47598343e+02
   2.95168262e+03   2.68649261e+02   3.24309883e+01   5.29587412e+00
   9.05138770e+03   0.00000000e+00   6.34132202e+02   2.53558184e+04
   8.27420801e+03   2.79469452e+02   1.28363945e+04   0.00000000e+00
   1.32623730e+01   1.09040515e+03   7.61812592e+00   4.36940664e+04
   7.02405472e+01   1.72444794e+02   4.80307846e+01   2.56295135e+02
   5.41678945e+04   5.31816602e+03   1.24361924e+04   1.52144006e+03
   4.96816211e+04   5.19746643e+02   4.37672302e+02   9.36239014e+02
   0.00000000e+00   5.92821472e+02   1.11175176e+04   1.24937572e+01
   4.84833691e+03   1.57135225e+04   5.28553271e+03   5.31520312e+04
   1.97167145e+02   1.78681732e+02   2.68058258e+02   1.95714319e+03
   2.80861484e+04   1.15490738e+02   2.41787994e+02   4.59390015e+02
   5.69029180e+04   4.14176178e+00   3.02921200e+00   2.06065842e+02
   1.52932451e+04   2.56738359e+04   8.69053027e+03   2.28260137e+04
   7.30471328e+04   2.43228638e+02   1.94380627e+03   6.18202490e+03
   1.44293594e+02   4.55778301e-01   4.58550078e+04   6.94824316e+03
   4.78760010e+02   5.88940369e+02   1.44092861e+04   2.59400928e+03
   0.00000000e+00   1.09118369e+04   4.02279053e+02   3.77735443e+02
   1.06185850e+04   1.84541235e+03   7.52968262e+02   5.04243320e+04
   7.39684067e+01   2.67015771e+03   5.22322273e+01   3.13953809e+04
   6.19794062e+04   5.82368736e+01   5.65515479e+03   1.36033435e+03
   2.06806323e+03   9.72772095e+02   8.33327891e+04   2.13879258e+04
   4.15175195e+03   3.79808411e+02   8.19679004e+03   7.14278889e+00
   6.56077393e+03   9.27408081e+02   1.91355574e+00   5.65428009e+01
   2.36183281e+04   3.92334453e+04   8.14020081e+02   1.39220352e+04
   1.28570004e+01   3.18949844e+04   4.43031406e+00   2.46560303e+03
   1.15110962e+03   8.73981797e+04   2.05750000e+02   2.46487869e+02
   6.75257568e+01   1.20038223e+02   6.56465027e+02   3.38191382e+03
   1.42418701e+04   1.23598303e+03   2.06730862e+01   3.62532013e+02
   2.10813965e+02   3.35686875e+04   4.72871523e+04   2.12773169e+03
   6.90263125e+04   5.56739441e+02   2.20967655e+01   5.16359711e+00
   3.63024365e+03   9.12388672e+03   6.91750732e+02   8.49634473e+03
   1.20149377e+03   6.38486385e-01   1.91879501e+02   2.25386093e+02
   2.99965424e+02   1.09600989e+03   6.16238477e+03   1.16366465e+04
   7.83333801e+02   0.00000000e+00   5.99927852e+04   6.44326706e+01
   1.80934705e+03   7.08645439e+00   1.04055068e+04   1.81804352e+02
   9.71587305e+03   1.52662537e+03   2.09448814e+01   7.05794573e-01
   1.39588196e+02   3.13281250e+03   5.11389551e+03   8.09060593e+01
   2.26995346e+02   8.81647263e+01   2.69769604e+03   2.21007104e+03
   1.01152842e+04   1.82122246e+04   8.51315079e+01   3.38050461e+00
   3.25516284e+03   8.25285339e+01   1.12918066e+03   1.34767197e+04
   1.50630820e+04   3.36959015e+02   1.48261093e+02   1.84136902e+03
   1.05797034e+03   2.60973267e+02   7.86215781e+04   9.15250879e+03
   1.42402266e+04   1.05928825e+02   2.47666016e+03   4.34903271e+03
   3.72350264e+00   1.24731628e+03   5.37388245e+02   2.00602783e+02
   1.35756805e+02   1.53887305e+03   0.00000000e+00   5.78046265e+02
   1.70119972e+01   0.00000000e+00   1.93666777e+04   0.00000000e+00
   0.00000000e+00   5.55425537e+03   0.00000000e+00   3.81677032e+02
   9.14951721e+02   6.45944214e+02   1.31555039e+04   2.31631989e+02
   6.67428906e+04   2.51705078e+04   7.32555542e+02   9.17633972e+02
   2.48256645e+01   4.87438906e+04   3.00951934e+04   8.34945755e+01
   9.27376175e+01   5.09082298e+01   8.07397461e+02   3.76074463e+03
   1.51515442e+03   1.83892894e+00   5.82074646e+02   0.00000000e+00
   6.45935107e+03   5.25086182e+03   7.62522461e+02   1.36748489e+02
   2.57459412e+02   4.37798157e+02   5.88413281e+04   1.45737857e-01
   4.68139610e+01   2.14499756e+02   5.53688867e+04   4.08913501e+03
   1.34753830e+02   1.25439644e+02   2.21495032e+00   1.72028867e+04
   9.97684250e+01   3.78064651e+01   1.41843536e+02   4.12700000e+03
   3.41422058e+02   1.92541733e+02   1.30004456e+02   7.22063599e+02
   2.92079010e+02   8.44804141e+04   2.32083607e+01   1.60591507e+02
   0.00000000e+00   4.45239062e+03   2.10863013e+03   1.82439148e+03]
[  3.01969452e+02   9.79065820e+03   6.46933365e+01   1.12755933e+03
   3.06900482e+02   2.63757559e+04   3.20913506e+01   7.05541602e+03
   2.65720850e+03   4.75776211e+04   1.99981128e+03   8.06557274e+00
   1.61767822e+03   2.27459297e+04   1.90879431e+03   5.31571960e+02
   1.78744385e+03   1.54015173e+03   6.14267344e+04   9.71476212e+01
   2.12325239e+00   3.84183301e+03   4.29589348e+01   2.76117249e+02
   1.01939580e+04   1.88039074e+01   1.73119141e+04   1.00163750e+02
   5.05128418e+02   2.12950058e+02   5.96500793e+02   2.08336108e+03
   2.78230493e+03   0.00000000e+00   1.23879639e+03   4.89226761e+01
   7.61841064e+02   5.89902891e+04   1.07896388e+00   6.06397998e+03
   1.80557202e+03   5.46504259e+00   5.00452340e-01   1.36190018e+02
   8.33493750e+03   6.41663025e+02   2.96576196e+03   3.32204272e+03
   4.67315979e+01   2.04860210e+00   2.74677612e+02   6.56674133e+02
   5.08205986e+01   1.09798818e+04   7.80115381e+03   3.81352109e+04
   2.84657806e+02   1.09972842e+04   4.08582001e+01   1.67931006e+03
   2.30659277e+03   3.03027344e+02   1.01591589e+03   1.82649796e+02
   5.90128223e+03   1.93425339e+02   4.30285873e+01   2.60771637e+01
   1.22494423e+02   5.24608421e+00   2.09305298e+02   6.42764014e+03
   3.50727773e+04   2.36174774e+01   2.77736895e+04   1.33348522e+01
   1.27351067e+02   9.09546432e+01   2.25677490e+02   9.24424902e+03
   1.96158203e+02   3.41355664e+04   2.30971895e+04   5.77102393e+03
   6.32228242e+04   1.56829880e+02   1.96902246e+03   2.57335620e+03
   2.02427673e+03   3.08080527e+04   8.62433136e-01   4.03294287e+03
   2.16909058e+02   5.31964648e+03   9.17089966e+02   3.49376562e+03
   1.57435098e+04   0.00000000e+00   8.17352490e+03   1.61219226e+03
   9.20046844e+01   1.80987927e+03   1.57854681e+01   1.24735156e+03
   0.00000000e+00   1.38840485e+01   5.66933228e+02   3.57767812e+04
   2.99984193e+00   6.43532520e+03   8.55067902e+01   3.67600156e+04
   7.82202100e+03   6.35404587e+00   2.72530103e+00   2.05457626e+02
   4.82770813e+02   1.16952217e+04   2.20246078e+02   5.45535812e+01
   6.93310574e-02   4.25717377e+02   1.45159521e+03   2.08657837e+01
   2.57981949e+01   4.19748389e+03   1.30793365e+02   1.48285465e+01
   4.36759460e+02   2.66163445e+01   1.91787988e+04   4.58751984e+02
   2.28142151e+02   9.59441956e+02   1.44972778e+02   4.54557227e+03
   5.17650742e+04   8.06003988e-01   1.09359833e+02   1.86687317e+01
   1.00873339e+00   2.07494335e+01   1.89732101e+02   9.52007294e+01
   8.46552505e+01   2.86877197e+03   3.73839380e+03   0.00000000e+00
   5.39789673e+02   5.37498867e+04   3.88191147e+01   2.36752716e+02
   8.84619690e+02   5.86000000e+03   2.80032837e+02   6.07196875e+03
   1.47168341e+01   8.85564453e+02   2.88371105e+01   1.68598608e+03
   6.02776108e+01   3.09800635e+03   1.93292908e+02   2.95809269e+01
   3.52032422e+04   2.51363029e+01   3.86735931e+02   3.87035889e+03
   4.45874268e+03   1.63285244e+04   6.59466386e-01   4.58174362e+01
   2.32975977e+03   4.29857300e+02   1.44200859e+01   1.13974548e+03
   5.41509219e+04   6.50633728e+02   4.49013672e+04   9.51679102e+03
   2.87287402e+04   2.17247285e+04   2.29444485e+01   7.80744934e+02
   1.13193213e+03   1.69907182e-01   8.60085022e+02   1.15921326e+03
   3.10654907e+01   8.81976395e+01   2.21338257e+02   6.75904724e+02
   8.25965759e+02   1.81698291e+03   5.45398682e+02   1.25775723e+04
   1.14002014e+03   6.34656372e+02   1.21869949e+02   3.67879932e+03
   1.95876758e+03   1.46652454e+03   3.51575745e+02   0.00000000e+00
   7.88561218e+02   1.08787918e+01   1.90766357e+03   1.85821060e+02
   3.49452295e+03   5.65745000e+04   3.49205780e+01   2.61610077e+02
   1.15468896e+03   6.54505615e+03   1.27233896e+01   4.05371069e+03
   7.05333438e+04   8.14249496e+01   2.74992561e+01   4.19748633e+03
   9.90000000e+03   6.92220535e+01   7.25920486e+01   1.84452661e+03
   1.97993454e+02   4.88582306e+01   1.16924812e+02   1.00766335e+02
   4.75199646e+02   1.15298014e+01   2.04866867e+02   1.10950394e+02
   2.02345361e+03   3.62752075e+01   1.30082235e+01   5.57997513e+01
   1.70147293e+02   8.19055405e+01   4.36899323e+02   9.34036026e+01
   6.20038688e-01   3.38976312e+00   9.77770020e+02   2.12906992e+04
   2.27097422e+04   6.56438623e+03   1.66155839e+00   4.26793671e+02
   6.77813873e+01   2.71519165e+02   1.09242944e+03   4.02590103e+01
   4.28359668e+03   2.18453125e+02   0.00000000e+00   4.14417816e+02
   6.68189026e+02   1.18789520e+01   8.58998291e+02   7.68593311e+00
   2.63772919e+02   3.79492651e+03   2.21220306e+02   4.75287485e+00
   3.29978633e+04   4.88052124e+02   4.56897383e+04   2.39121246e+02
   1.14616272e+03   5.22377729e-01   1.78001205e+02   3.80845856e+02
   1.58606796e+01   4.42915726e+00   4.15143008e+04   2.99680908e+02
   1.75954663e+03   2.05390411e+02   2.06383618e+03   5.16222168e+03
   2.18907959e+02   1.48514547e+01   3.17273895e+02   7.03953672e+04
   3.79892236e+03   1.89746143e+03   1.61684590e+04   2.35716049e+02
   1.69904205e+02   2.94266528e+03   2.27805130e+02   1.08545203e+03
   2.24119849e+03   7.26042542e+02   8.87995052e+00   4.95577240e+02
   4.22241016e+03   1.04692761e+03   5.95768896e+03   1.74102092e+00
   5.20815516e+00   8.86441406e+02   8.07676172e+03   4.98696417e-01
   4.59876123e+03   6.30612578e+04   5.78598633e+02   6.70067810e+02
   2.48925073e+03   1.01592828e+03   0.00000000e+00   2.35311011e+03
   0.00000000e+00   3.19018213e+03   8.17287292e+02   1.89534160e+04
   2.32724857e+01   4.72891162e+03   5.29484436e+02   1.18963691e+04
   1.56873792e+03   3.81651914e+04   2.92525342e+03   3.05208867e+04
   6.31955385e+00   3.26549286e+02   5.02009186e+02   1.29951996e+02
   3.94719147e+02   1.00450027e+02   7.07666895e+03   2.91213184e+03
   0.00000000e+00   2.52561127e+02   9.70833282e+01   1.47131909e+03
   1.77390575e+01   2.20706689e+03   1.63653333e+03   2.95463379e+04
   2.46735234e+04   2.55530457e+02   2.19682877e+02   1.71271255e+02
   6.82283521e-01   2.75645782e+02   1.08662715e+04   2.57577057e+02
   1.57903203e+04   2.38784473e+03   2.34673120e+03   4.37380938e+04
   1.41298065e+02   1.24457788e+03   1.11210535e+03   9.84492264e+01
   2.46469883e+04   1.02897986e+03   2.41237363e+04   2.15722293e-01
   5.94875938e+04   1.10725632e+02   1.62214131e+04   2.09780322e+03
   4.45540527e+03   2.82020874e+02   1.79770184e+01   4.10980664e+03
   2.18372055e+02   2.57137061e+03   2.20110229e+02   1.38566541e+03
   7.63932276e+00   2.33941602e+03   3.60641907e+02   9.16041953e+04
   2.57060962e+03   5.31235962e+02   1.65349548e+03   8.13631042e+02
   2.97947159e+01   1.43175641e+05   2.08354199e+03   3.82851013e+02
   2.22125610e+02   6.90535156e+02   2.89085114e+02   0.00000000e+00
   7.25132385e+02   2.01192627e+03   5.67349414e+04   3.02439282e+03
   5.68589417e+02   4.85318594e+04   5.84497383e+04   9.43807373e+01
   6.86604996e+01   4.79262549e+03   2.64857495e+03   2.95494849e+03
   6.70360641e+01   1.38222109e+04   3.39655243e+02   1.10839136e+03
   3.05870247e+01   1.37628330e+04   9.44904785e+01   2.69638489e+02
   4.09676514e+02   2.67858716e+03   9.31312073e+02   7.78816553e+03
   4.95741943e+03   3.70919312e+02   1.03023303e+03   2.48059511e+00
   2.43738135e+03   3.57342987e+02   3.95472422e-02   8.64802094e+01
   2.62504395e+02   2.08848652e+04   3.44410254e+03   0.00000000e+00
   3.37700623e+02   1.29198896e+04   5.68848145e+02   4.66695328e+01
   4.29038361e+02   1.62860010e+03   3.98670195e+04   2.20428101e+02
   1.92710059e+04   1.55622650e+02   8.89929733e+01   5.02372246e+01
   2.27308731e+01   2.39139671e+01   2.00597793e+04   3.15335250e+00
   6.94528818e-01   5.65230675e+01   4.58948250e+01   1.20804143e+00
   2.35533695e+01   8.56333301e+03   3.15695923e+02   6.80084534e+02
   4.28427704e+02   2.41277773e+04   1.80195656e+01   5.95990723e+02
   6.36316948e+01   1.46891719e+05   3.19573965e+04   4.61159439e+01
   6.93072388e+02   9.52851855e+03   1.86345020e+04   3.47843091e+03
   1.97992676e+04   1.40170713e+04   2.63268628e+03   2.49535812e+02
   1.01169912e+04   5.33507178e+03   1.18909790e+02   4.84752312e+01
   1.76958923e+03   4.48833799e+00   3.61061475e+03   8.28958887e+03
   6.34904102e+03   6.72501709e+03   2.03269318e+02   1.80170383e+01
   2.64458649e+02   4.91307495e+02   3.20972900e+03   1.51419248e+04
   2.30409058e+03   6.29473572e+02   1.19300195e+04   2.79267311e+01
   5.69528046e+01   0.00000000e+00   8.48931445e+03   2.93256012e+02
   8.90299500e+02   5.50988135e+03   4.85866367e+04   1.10494297e+04
   3.62173315e+03   5.62347229e+02   1.78735466e+01   1.17855408e+03
   2.41594678e+03   1.24408417e+01   2.24618164e+03   2.18936694e+03
   8.18546826e+03   3.08500840e+04   4.52749920e+00   8.39717834e+02
   3.80563623e+03   2.19933359e+04   9.41570511e+01   0.00000000e+00
   2.50946426e+02   1.68611710e+02   2.25683403e+01   6.49747607e+03]
[  2.00414520e+02   0.00000000e+00   0.00000000e+00   5.85368408e+03
   4.02562180e+01   1.25711260e+01   1.00924097e-01   9.61607456e+00
   7.85242615e+01   9.02747803e+01   1.09057560e+01   2.10135437e+02
   3.89884329e+00   9.76383896e+01   2.64122677e+00   0.00000000e+00
   0.00000000e+00   1.57917542e+02   0.00000000e+00   0.00000000e+00
   3.91982452e+02   1.39216562e+04   7.58042383e+03   1.12756065e+02
   7.03401661e+00   0.00000000e+00   0.00000000e+00   3.86329437e+02
   1.39076935e+02   4.63731476e+02   5.88989111e+03   1.46234180e+03
   9.59135620e+02   2.54773788e+02   2.98770595e+00   1.00216864e+03
   6.16183891e+01   1.03154639e+04   3.41601270e+03   5.06768005e+02
   4.71856152e+03   1.37905521e+01   4.60302612e+02   2.27270508e+03
   2.11433105e+01   1.08186173e+00   3.28857520e+03   3.95088310e+01
   4.03905296e+01   6.34934082e+01   4.01736984e+01   1.10756104e+03
   0.00000000e+00   3.16032440e+02   1.06948120e+02   2.90157814e+01
   2.66149170e+03   1.55583618e+02   2.67425209e-01   9.59755611e+00
   2.45687744e+02   1.40420237e+01   0.00000000e+00   4.86047668e+02
   2.78052711e+01   6.67548889e+02   2.97835312e+01   0.00000000e+00
   1.79781525e+02   4.05250171e+03   1.81183487e+02   6.66801682e+01
   3.67388687e+01   6.38845587e+00   7.58885193e+00   2.09839331e+03
   5.15548587e-01   1.29800598e+03   8.49173605e-01   1.43554688e+02
   0.00000000e+00   3.20834503e+01   2.53722931e+02   1.11164185e+03
   5.04154129e+01   1.94650898e+01   1.69462848e+00   5.83055592e+00
   6.81116357e+03   2.19098694e+02   9.51031250e+03   1.96003586e+02
   1.19786895e+04   2.28552124e+02   0.00000000e+00   5.51011292e+02
   4.82542676e+03   9.73200035e+00   1.71762524e+03   3.85460701e+01
   4.61997894e+02   1.37244934e+02   1.26177239e+00   7.18252003e-01
   9.57362305e+02   5.34566956e+02   0.00000000e+00   1.45755508e+02
   6.38211489e+00   0.00000000e+00   0.00000000e+00   1.66856995e+02
   2.77476172e+03   6.96285596e+03   7.66307259e+00   9.24106300e-01
   1.90972388e+03   3.38716888e+02   2.09518456e+00   2.71827564e+01
   0.00000000e+00   1.50861710e+02   3.47527653e-01   0.00000000e+00
   2.66802430e+00   0.00000000e+00   3.75613441e+01   2.31900597e+00
   4.35502701e+01   1.26055811e+03   1.60045483e+03   1.91494400e+02
   8.33069146e-01   7.74928360e+01   6.41144897e+02   1.22989090e+02
   5.41668262e+03   1.99826935e+02   1.44790985e+02   1.16094315e+02
   1.95275830e+03   3.79312019e+01   2.28684025e+01   5.24083350e+03
   2.20871639e+01   5.87334514e-01   4.62746525e+00   1.40930343e+00
   5.85919189e+00   1.22895092e-01   0.00000000e+00   1.18903458e+02
   4.33427963e+01   8.08639336e+00   3.84845200e+01   1.84179115e+01
   2.33029327e+02   2.16542053e+01   1.37744761e+01   1.02131023e+01
   1.82182312e+02   5.17671204e+01   1.24104561e+04   4.85036316e+02
   1.01245483e+03   6.19934326e+03   0.00000000e+00   2.84405933e+03
   4.14787994e+02   3.13889331e+03   1.97883940e+00   1.29784680e+03
   7.73222637e+00   6.95602051e+02   4.10151911e+00   8.81100082e+00
   2.87316036e+01   3.25314522e+00   9.14222870e+01   0.00000000e+00
   1.43653536e+01   1.46378625e+03   0.00000000e+00   7.77813049e+02
   1.61652649e+02   4.98326025e+03   1.20238647e+01   4.39489784e+01
   4.20292578e+03   5.47089882e+01   5.86119766e+01   1.46737671e+01
   1.50788867e+03   5.92198242e+02   8.04276001e+02   1.72403061e+02
   1.85748405e+01   3.73137793e+03   5.17872949e+03   4.84685938e+03
   3.98164153e+00   1.07277324e+04   0.00000000e+00   3.12148666e+00
   5.91105509e+00   6.87251472e+00   7.10639404e+02   1.86852234e+03
   0.00000000e+00   1.22096448e+03   2.74943579e+03   4.31934875e+02
   0.00000000e+00   0.00000000e+00   1.63342102e+02   2.11481274e+03
   1.90262543e+02   0.00000000e+00   5.61014128e+00   5.11247772e+02
   6.70478821e+01   7.61747131e+01   1.71073074e+02   7.02421248e-01
   4.14521289e+03   7.67146680e+03   0.00000000e+00   4.54111665e-01
   1.39860749e+00   4.72323334e+02   7.98924103e+01   2.75139038e+02
   1.42832977e+02   3.38410339e+02   9.80317627e+02   1.57788506e+01
   4.48554802e+01   7.41512061e+03   2.94885933e-01   1.06960693e+03
   0.00000000e+00   1.39961250e+04   2.35235577e+01   0.00000000e+00
   0.00000000e+00   3.83078705e+02   5.77898682e+03   2.37623072e+00
   0.00000000e+00   3.60590324e+01   8.90997559e+03   2.04682660e+00
   1.59538002e+01   1.31184120e+01   3.25243092e+00   1.26141479e+03
   4.44224396e+02   3.67894506e+00   3.21896166e-01   4.39314551e+03
   4.42770119e+01   1.43940918e+02   0.00000000e+00   0.00000000e+00
   0.00000000e+00   1.29284763e+00   0.00000000e+00   1.69405054e+03
   2.37903809e+03   1.13960524e+01   0.00000000e+00   1.61284387e+03
   6.44459867e+00   1.14757266e+04   6.21386230e+03   6.21436310e+01
   3.63318042e+03   3.78541851e+00   8.90745831e+00   5.45763612e-01
   2.08314381e+01   2.95846497e+02   1.04499619e+04   2.64355621e+02
   4.50288630e+00   4.55980591e+02   4.60761230e+02   6.95015106e+01
   1.80188462e-01   1.67734420e+00   1.17736809e+02   1.49258826e+03
   1.18850549e+03   1.10480042e+02   0.00000000e+00   0.00000000e+00
   1.19177528e+02   1.06271065e+02   0.00000000e+00   3.01126266e+00
   2.69370056e+02   5.38834419e+01   6.05355518e+03   0.00000000e+00
   1.48969437e+02   0.00000000e+00   1.13766146e+01   0.00000000e+00
   6.01303076e+03   0.00000000e+00   4.62106836e+03   1.57671413e+01
   7.50025749e+00   0.00000000e+00   6.25299263e+00   5.51222510e+03
   1.64183374e+03   2.17054932e+03   7.79536133e+02   1.95717068e+01
   1.74878076e+03   5.89243774e+01   4.32221069e+01   9.33642578e+01
   2.00189209e+02   0.00000000e+00   2.12612667e+01   6.85402060e+00
   7.87453247e+02   1.16063957e+01   4.59242916e+00   2.09276636e+03
   8.49527740e+00   3.41414368e+02   2.61903442e+02   3.14112842e+03
   9.08408936e+02   3.62701611e+03   4.32225146e+03   1.10635653e+01
   1.03212927e+03   1.98078823e+00   1.94165440e+01   0.00000000e+00
   3.29716821e+03   1.64241266e+00   2.73794019e+03   4.83370895e+01
   1.29802075e+03   2.24735603e+01   4.16220322e+01   4.12726045e-01
   1.77589246e+03   3.20926361e+01   1.45294527e-02   9.97050247e+01
   5.39054541e+03   3.30455371e+03   1.90365857e+03   8.88006032e-01
   1.14745131e+01   1.00818491e+01   1.85545444e+01   1.59428696e+02
   9.12787781e+01   6.75203323e+01   0.00000000e+00   1.69908325e+02
   1.32371567e+02   0.00000000e+00   3.46324585e+02   4.78109424e+03
   5.71361542e+00   9.63110809e+01   1.89343147e+01   4.85557632e+01
   5.94912577e+00   2.32690588e-01   7.24733829e-01   1.15320747e+02
   3.56268120e+01   1.48170918e+04   8.41665173e+00   1.14211670e+03
   1.88970581e+03   3.74081470e+03   2.19680420e+03   9.81228447e+00
   1.22042200e+03   1.19457573e+02   4.03400177e+02   4.60037708e+00
   1.50184059e+01   0.00000000e+00   8.83608322e+01   2.23045197e+01
   0.00000000e+00   3.81733060e+00   1.48563583e+02   1.60324219e+02
   6.75818787e+01   5.36779602e+02   4.61302246e+03   2.84942818e+01
   6.07019806e+01   9.60401654e-01   2.52448654e+02   9.55381870e+00
   1.54631250e-02   5.92101709e+03   3.43528481e+01   1.09769297e+01
   4.11464167e+00   3.11821503e+02   4.10242188e+03   1.49986984e+02
   6.12516895e+03   3.69488258e+01   2.01579475e+00   0.00000000e+00
   1.39917363e+04   5.06311584e+02   5.24047050e+01   2.15255928e+00
   2.93726105e+02   7.26395340e+01   2.16868848e-01   4.47254639e+01
   2.18896151e-01   4.18723206e+02   1.59830298e+03   2.21698399e+01
   2.84166088e+01   1.19392102e+03   1.60963049e+03   1.77680225e+01
   5.68676901e+00   7.51166016e+02   1.08911182e+04   1.28778658e+01
   9.89350033e+00   5.20801430e+01   9.91418839e+00   2.98641357e+02
   6.85569153e+01   1.01334457e+01   5.34142383e+03   4.14667676e+03
   8.00098047e+03   0.00000000e+00   2.27233185e+02   1.06957222e+02
   2.69591504e+03   2.95485711e+00   5.22474854e+02   2.52401825e+02
   1.01391726e+01   8.29104395e+03   7.19136581e+01   1.79880530e+03
   0.00000000e+00   1.59798248e+02   8.18900490e+00   2.66509075e+01
   3.07125513e+03   3.31666641e+01   7.32438660e+01   8.12813401e-01
   0.00000000e+00   2.53011658e+02   2.00533081e+02   1.30878496e+01
   5.28633118e+01   3.11126489e+03   2.39477620e-01   3.36531311e+02
   2.88477936e+02   1.11222095e+03   5.88190186e+03   2.06221176e+02
   3.38475684e+03   8.04513611e+02   1.27247787e+02   4.36461020e+00
   2.46242294e+01   1.77431335e+03   7.40588303e+01   8.83269531e+03
   4.65657902e+00   2.17111530e+01   2.57700419e+00   5.22591113e+03
   2.90568447e+01   6.22268617e-01   6.12518158e+01   0.00000000e+00
   2.74991406e+03   3.47037231e+02   7.56178040e+02   7.07631592e+03
   2.19815094e+02   6.77227783e+01   2.93816724e+03   3.26066064e+03
   4.05989742e+00   1.57929028e+03   9.50747430e-01   2.51320023e+02
   0.00000000e+00   6.26468164e+03   1.54434705e+00   3.86095581e+01]
[  7.86596060e+00   9.24711060e+02   3.67486649e+01   1.64346191e+02
   1.30781281e+02   7.48944824e+02   6.05164452e+01   1.78578049e+02
   8.18131733e+00   1.35180120e+01   6.56819885e+02   1.39872168e+03
   2.61266431e+03   1.77977921e+02   2.57927808e+03   2.46372009e+02
   3.49759549e-01   2.30915466e+02   8.11172302e+02   3.05048767e+02
   1.27297653e+02   4.26073313e+00   1.86563037e+03   4.89891396e+01
   4.71776543e+01   6.28190517e+00   4.74311638e+01   5.94637299e+00
   2.53574487e+03   1.00020523e+01   2.07408756e-01   9.73971481e+01
   4.57819580e+03   6.15315933e+01   3.69383842e-01   1.73305359e+03
   3.57682300e+03   7.33828735e+00   2.82881021e+00   1.30198914e+03
   6.40209229e+03   2.56238495e+02   0.00000000e+00   2.32563949e+00
   0.00000000e+00   5.85483398e+02   5.37503906e+03   3.69066315e+01
   1.24709816e+01   1.45370913e+01   7.17741470e+01   7.03659439e+00
   8.02666504e+02   9.09037231e+02   5.20679382e+02   2.78182910e+03
   3.86868787e+00   4.02335262e+00   1.64548865e+03   4.74719629e+03
   8.37912048e+02   2.18153854e+02   7.92233887e+03   3.68584466e+00
   5.64015031e-01   1.71584076e+02   5.15184669e+01   6.32749672e+01
   4.04095993e+01   1.45349060e+03   2.82684424e+03   1.35575403e+03
   3.60068909e+02   4.08394318e+01   7.44430771e+01   9.72393677e+02
   7.78420715e+01   9.00587402e+02   3.93492065e+03   1.53869283e+00
   6.76471412e-01   2.10317947e+02   3.14469971e+03   4.38485861e+00
   3.17234863e+02   3.46964600e+03   5.49429665e+01   4.82173386e+01
   2.87689893e+03   3.44039337e+02   2.08620743e+02   1.61454285e+02
   0.00000000e+00   2.48509619e+03   2.55637856e+01   8.79261017e+00
   2.64430328e+02   2.30159644e+03   5.15780602e+01   1.10982391e+02
   2.53370171e+01   2.34382439e+01   1.50004181e+02   1.03433599e+01
   2.28137646e+03   0.00000000e+00   4.38166580e+01   3.45724365e+03
   2.18998511e+03   1.14615082e+02   2.20387375e+02   7.04445267e+00
   2.49237158e+03   1.09622388e+03   3.14360046e+02   0.00000000e+00
   2.86721230e+01   1.26883926e+01   2.88004834e+03   2.09203262e+01
   4.09711609e+01   2.77034253e+03   1.68596908e-01   1.99401932e+01
   5.16339760e+01   3.13772369e+02   3.39897232e+01   4.36533875e+02
   2.51268237e+03   0.00000000e+00   1.21573120e+02   1.76027637e+03
   1.43894946e+03   5.92913103e+00   7.08853125e+03   0.00000000e+00
   1.46471548e+00   6.10730103e+02   3.69063797e+01   7.89102268e+00
   2.38121875e+03   0.00000000e+00   1.02945459e+03   5.46342506e+01
   1.49546387e+02   4.85426140e+00   0.00000000e+00   6.51271152e+00
   4.30837601e-01   3.78840057e+02   9.94297147e-01   9.30873718e+02
   3.31708618e+02   3.14925684e+03   1.12822197e+02   8.33532532e+02
   8.75254639e+02   7.48502985e-02   2.10499878e+03   2.58643372e+02
   1.20346863e+03   1.33888416e+03   3.52105713e+00   5.76461853e+02
   3.14993408e+03   2.58282410e+02   1.43771194e+02   3.78514061e+01
   2.52388077e+01   8.37681396e+02   2.33523117e+02   3.58701855e-01
   2.46220627e+02   9.34793282e+00   3.03742771e+01   3.49583101e+00
   5.13733506e-01   4.50620312e+03   6.10268860e+02   1.42204285e+01
   1.39007065e+02   3.08150959e+01   1.57181764e+00   2.01745358e+01
   3.18953613e+03   0.00000000e+00   2.80314522e+01   0.00000000e+00
   0.00000000e+00   2.86161900e+01   2.37424922e+00   1.28112381e+02
   1.18742571e+01   2.01842056e+02   4.44808472e+02   7.84816406e+02
   6.06940613e+01   6.63493824e+00   2.54825497e+01   4.51066828e+00
   9.03213501e+01   7.59244232e+01   6.62478018e+00   2.51937056e+00
   5.30037460e+01   1.52016563e+01   1.87149000e+00   6.94090271e+01
   3.71997299e+01   2.01833145e+02   3.53989697e+03   6.27878113e+02
   3.65580153e+00   7.84127116e-01   8.66669540e+01   1.40549469e+02
   1.59023514e+01   3.91116150e+02   3.74393005e+02   3.91180153e+01
   7.04244385e+01   7.73372009e+02   5.74672165e+01   1.47290869e+03
   4.93194275e+01   0.00000000e+00   3.06663647e+03   5.15816467e+02
   3.58814722e+03   5.35982324e+03   4.04504907e+03   3.33378105e+01
   0.00000000e+00   1.24911957e+02   4.96756989e+02   2.79094458e+03
   1.24231628e+03   1.12607217e+00   2.35651392e+03   2.54735992e+02
   7.04063845e+00   4.98128204e+01   5.12308533e+02   0.00000000e+00
   4.08025757e+02   2.89470398e+02   5.58548508e+01   0.00000000e+00
   4.43873138e+02   2.60453176e+00   0.00000000e+00   2.49450089e+02
   2.18290503e+03   0.00000000e+00   1.49140615e+01   2.01361267e+03
   1.02243459e+00   1.01584290e+02   4.76329660e+00   1.88845024e+01
   3.55554932e+03   0.00000000e+00   6.60251123e+03   1.74678497e+01
   3.59922028e+01   5.86607666e+01   1.47676010e+02   2.43871484e+03
   5.54439735e+01   5.57580750e+02   7.07929535e+01   3.58047363e+02
   0.00000000e+00   0.00000000e+00   3.18053951e+01   5.89989624e+01
   3.60354090e+00   1.19803894e+02   4.39061707e+02   1.27967358e+03
   4.79619026e+00   2.22535915e+01   2.62665552e+03   4.54871988e+00
   4.80732620e-01   1.82438123e+03   2.00290268e+02   8.35606635e-01
   4.75854346e+03   4.44063454e+01   1.81742878e+01   0.00000000e+00
   5.09504181e+02   8.14725342e+02   4.78631543e+03   6.50024643e+01
   1.50537256e+03   1.17023605e+02   7.82804823e+00   1.04111145e+03
   4.04090479e+03   6.93154236e+02   2.71738076e+00   8.01667118e+00
   3.77980005e+03   8.05991272e+02   6.67242871e+03   4.47678833e+02
   2.71549320e+00   2.12816681e+02   2.26421860e+02   2.38983841e+02
   9.50492084e-01   1.09019241e+02   2.24351597e+01   8.85961670e+02
   7.73640991e+02   1.00637245e+02   7.51803101e+02   0.00000000e+00
   7.45385838e+00   3.61841431e+03   1.53366270e+01   3.90479053e+03
   1.17531731e+02   1.64162811e+02   3.12172455e+02   1.33052394e-02
   5.38907671e+00   6.46066895e+02   3.95593381e+00   3.89928246e+00
   2.45177002e+01   6.24123306e+01   1.09105359e+03   3.80849113e+01
   1.82764270e+03   4.80939423e+02   8.94386902e+02   3.24947144e+03
   2.13303320e+03   7.30357361e+02   5.14011047e+02   2.82789111e+00
   1.61125183e+02   7.31161804e+02   1.01117706e+03   9.08277130e+01
   4.29197769e+01   3.81645630e+03   1.53200493e+01   0.00000000e+00
   4.02646753e+03   4.35041428e+00   1.79309399e+03   1.26059607e-01
   1.35501941e+03   7.73419495e+02   5.02518311e+01   7.49528122e+01
   1.13980427e+01   1.18212576e+01   1.09412926e+02   5.95593750e+02
   6.79639404e+02   8.14547920e+00   2.27767429e+01   3.92145348e+01
   1.01339197e+01   1.95383513e+00   3.96829297e+03   5.87084293e+00
   3.76414825e+02   9.96089539e+02   0.00000000e+00   1.86290375e+02
   1.38323071e+03   6.38319336e+03   1.40580536e+02   8.36052856e+02
   1.73407516e+02   3.63519783e+01   8.63156281e+01   4.84309311e+01
   1.49346497e+02   4.62967873e+01   9.92245770e+00   4.33414490e+02
   2.60747705e+03   4.26938324e+01   7.87626221e+03   5.14726448e+01
   9.94914001e+02   3.80132828e+01   0.00000000e+00   1.06436150e+02
   1.08810282e+00   1.81094009e+02   3.72985443e+02   5.28805542e+02
   7.65747681e+02   9.58209381e+01   1.56210384e+01   3.37281982e+03
   1.43784351e+03   2.26170166e+02   3.71414948e+02   1.31927535e-01
   6.50892334e+01   5.02682910e+03   1.00601501e+02   1.08614722e+03
   8.10275803e+01   3.11300302e+00   1.04790087e+01   0.00000000e+00
   4.87298157e+02   2.75275195e+03   5.61224670e+02   3.13824146e+03
   9.81556168e+01   2.63512459e+01   2.15386185e+02   6.70460582e-01
   1.54473524e+01   2.19370422e+01   1.05301460e+02   2.71304541e+03
   3.22509369e+02   8.07572144e+02   7.86855078e+03   2.68439960e+01
   2.83382931e+01   1.45107837e+03   7.33187256e+01   1.21186317e+02
   1.37368115e+03   1.38679447e+01   3.24153046e+02   4.33141663e+02
   9.95640850e+00   2.80173016e+01   5.62100716e+01   2.86263580e+02
   6.30640945e+01   1.19855980e+02   1.27753563e+02   0.00000000e+00
   1.82444420e+01   7.99166965e+00   1.56204653e+00   1.33170105e+03
   8.04802832e+03   1.73130505e+03   2.92975559e+01   1.09317896e+03
   8.90110547e+03   6.00475655e+01   1.26082336e+03   6.14474678e+00
   3.69123566e+02   8.29970779e+01   1.91385155e+01   2.16925323e-01
   6.55019897e+02   3.84453003e+02   5.10547943e+01   4.03790576e+03
   4.79728076e+03   7.32245605e+02   8.35991025e-01   2.26493645e+01
   4.64786339e+01   6.71110901e+02   3.06766586e+01   7.06478760e+02
   2.64293995e+01   2.56507844e-01   7.97823095e+00   8.26592982e-01
   1.42887695e+02   7.83002136e+02   1.75850525e+02   6.96102600e+02
   1.18759598e+02   4.14952546e-01   1.13026552e+01   8.49347754e+03
   2.32524204e+00   2.37186722e+02   4.11522339e+02   1.88014807e+03
   9.97061492e-04   0.00000000e+00   2.51547134e+02   8.61657715e+01
   1.08032293e+01   7.72866272e+02   3.72192352e+02   3.97393677e+03
   7.39434753e+02   1.31595398e+02   1.64412415e+02   1.68142725e+03
   3.46950569e+01   0.00000000e+00   4.91553001e+01   4.59813477e+03
   7.17457809e+01   3.30525284e+01   7.26215210e+01   3.60522803e+03]
[  3.27486237e+02   2.52127342e+01   2.08264494e+00   1.67531681e+01
   2.52507629e+01   8.93236084e+02   4.25970573e+01   3.44010124e+01
   2.02895498e+00   2.57695496e+02   1.09479271e+02   6.19272308e+01
   6.05275208e+02   3.57284302e+02   3.44281433e+02   0.00000000e+00
   4.14256401e+01   4.16296295e+02   4.65865555e+01   2.80408096e+00
   1.31598387e+01   6.08996451e-01   1.60791779e+01   1.07531091e+03
   6.10887706e-01   5.67693806e+00   6.76511431e+00   1.19002190e+01
   3.65864068e-01   2.10253433e+02   2.83241711e+01   1.37467349e+00
   3.04178772e+02   6.89385772e-01   2.60857837e+03   1.75023779e+03
   4.14622879e+01   3.77367432e+02   3.15766487e+01   2.07773571e+01
   7.93199110e+00   4.16630516e+01   5.98851538e+00   4.95321732e+01
   2.05698943e+00   5.08091507e+01   6.66624756e+02   0.00000000e+00
   9.62069016e+01   3.30325394e+01   1.15679492e+03   6.02356717e-02
   1.79692402e+01   5.03482676e+00   0.00000000e+00   2.08706772e+02
   3.06018019e+00   1.32817383e+01   9.03131943e+01   1.92274734e+02
   9.67764378e+00   2.43516178e+01   4.44885111e+00   2.77820549e+01
   3.19541740e+01   5.41248274e+00   1.18121933e+02   6.43181944e+00
   2.13001518e+01   7.24500961e+01   2.05270767e+01   2.33580298e+03
   1.44016333e+01   9.76898730e+03   1.62356885e+03   5.31556416e+00
   2.00785446e+00   1.24099121e+01   9.42925110e+01   4.36410522e+00
   3.26980400e+01   4.55820274e+01   3.14777946e+00   2.98921413e+01
   8.98829346e+01   2.67029762e-01   7.46975769e+02   3.11552787e+00
   1.07148369e+02   1.93240821e+00   5.47481499e+01   3.05504131e+01
   2.85626245e+00   1.46932602e+02   2.10337418e+02   7.32541046e+01
   1.53878202e+01   6.63931503e+01   1.03399704e+02   1.18726212e+02
   2.89920360e-01   3.66313019e+01   5.52054482e+01   3.98915329e+01
   3.26110191e+01   3.85729051e+00   3.73455262e+00   1.74451648e+03
   4.85768366e+00   0.00000000e+00   7.23763000e+02   7.26645327e+00
   7.01599312e+00   2.94212780e+01   0.00000000e+00   9.05642211e-01
   1.52552252e+01   4.31301422e+01   1.81793701e+03   6.82468891e-01
   3.53733307e+02   3.60608292e+00   4.87963021e-01   4.53128958e+00
   1.92442441e+00   1.28143369e+04   2.71860814e+00   1.45836315e+01
   2.96180237e+02   1.08311447e+02   1.78992443e+01   1.90012329e+02
   6.40639801e+01   1.72009850e+01   3.39978198e+03   1.26235712e+00
   6.59328520e-01   1.28723707e+01   5.54395325e+02   5.59427071e+01
   1.01845112e+01   6.27825012e+02   1.13597155e+00   9.14380981e+02
   1.64381371e+01   4.77123451e+01   8.17073822e+00   1.01082031e+02
   1.40809094e+03   9.95870590e+00   2.39133205e+01   3.24882141e+02
   5.47325211e+01   2.05713959e+01   7.70199219e+02   1.13791056e+01
   1.25823851e+01   0.00000000e+00   9.31898785e+00   8.58591980e+02
   5.71940820e+03   2.97088208e+03   1.39770687e+00   1.13341875e+01
   3.61254082e+01   1.25205708e+00   4.54814301e+01   5.09704895e+01
   1.67925510e+01   1.86749725e+01   3.56387711e+01   9.19089079e-01
   3.22083950e-01   9.30179565e+02   4.59564400e+01   7.16859436e+01
   1.05560570e+01   1.31660318e+01   5.15410995e+01   9.75914429e+02
   7.37778503e+02   4.05730438e+01   4.80839661e+02   2.76396515e+02
   9.68029633e+01   8.93191910e+01   4.97211218e+00   0.00000000e+00
   7.16084137e+01   1.87451401e+02   1.24251976e+01   6.20217264e-01
   7.12088477e+03   7.77991180e+01   9.63729501e-01   5.42368507e+01
   2.22929974e+01   7.14226151e+00   2.38527946e+01   1.31306653e+03
   1.07462416e+01   9.07558382e-01   1.15558044e+03   2.76001930e+01
   7.42464600e+01   2.48860836e+01   1.24733521e+03   2.40022540e+00
   7.25425186e+01   1.12269875e+02   7.17098541e+01   5.78312778e+00
   3.57770721e+02   3.11430569e+01   6.72458191e+01   2.78536285e+02
   0.00000000e+00   1.30226807e+02   4.58998438e+03   4.02197601e+02
   0.00000000e+00   2.51283646e+00   5.25179195e+00   1.21278458e+01
   3.59517479e+01   1.26223730e+03   9.63012238e+01   7.27359085e+01
   3.84988725e-01   3.32282906e+01   2.18037910e+01   1.32643713e+03
   7.32421265e+02   6.56976135e+02   0.00000000e+00   0.00000000e+00
   3.29400558e+01   3.24004077e+03   2.65829175e+03   3.23989987e+00
   3.10583611e+01   7.69297409e+01   9.17844696e+01   0.00000000e+00
   6.91288757e+00   3.15588325e-01   7.63572388e+02   0.00000000e+00
   1.83867752e+02   5.58258095e+01   7.73340759e+02   1.11662760e+01
   1.41584406e+01   1.26712500e+03   1.03493555e+03   8.25297737e+00
   3.97936225e+00   4.09848518e+01   1.48701672e+03   8.57300491e+01
   2.09823441e+02   1.61512642e+01   9.15837463e+02   2.52116413e+01
   2.65299053e+01   0.00000000e+00   1.18083939e+02   2.49080544e+01
   6.46181524e-01   4.03814507e+01   2.33990625e+03   2.39565567e+02
   2.06344299e+02   2.45214295e+00   2.12949371e+01   3.75300331e+01
   3.81629456e+02   4.12860451e+01   3.28230362e+01   2.35148263e+00
   5.14335815e+02   8.63647461e+01   3.05936852e+01   9.23620056e+02
   1.52493525e+01   3.69685631e+01   8.04585552e+00   2.37290268e+01
   6.55899734e+01   5.94499588e+01   2.95137177e+02   3.32068977e+01
   8.02498627e+01   6.34582367e+01   4.82806854e+01   4.57639557e+02
   3.16102886e+00   7.12895691e+02   4.45527611e+01   6.31305371e+03
   1.27537888e+02   3.19834137e+01   2.62851660e+03   5.42515747e+02
   1.45644562e+02   2.78387814e+01   7.97227621e+00   1.96153519e+02
   5.25253868e+01   7.31164627e+01   4.07829374e-01   2.16189156e+01
   1.55900230e+01   3.02624397e+01   1.21175024e+03   3.39907875e+01
   2.08185889e+03   1.51882815e+00   1.45593005e+03   5.77830811e+01
   1.08887177e+02   9.82026863e+00   1.28729050e+02   2.89127106e+02
   9.60665970e+01   4.26632233e+01   2.19039798e+00   1.63001038e+02
   6.30267525e+00   1.91549644e+01   1.64079857e+00   7.53805256e+00
   0.00000000e+00   1.70397385e+02   9.03586674e+00   8.74494080e+02
   3.86221409e+00   4.47834320e+01   2.77700500e+01   1.03987109e+03
   3.28953018e+01   0.00000000e+00   6.44588242e+01   2.29530296e+01
   0.00000000e+00   1.74582691e+01   2.37592201e+01   9.73775578e+00
   2.87262893e+00   9.58048630e+00   2.17861877e+02   1.75655293e+00
   0.00000000e+00   9.61950378e+01   2.23357410e+01   5.33313086e+03
   1.18999985e+02   6.93151703e+01   3.59965820e+01   3.38293529e+00
   5.90776801e-02   2.55660477e+02   2.65021545e+02   8.61033096e+01
   1.95440991e+03   2.27960014e+00   4.69706650e+01   7.48067904e+00
   1.78348953e+02   1.79754639e+01   0.00000000e+00   8.26397278e+02
   1.57364836e+01   0.00000000e+00   1.41008654e+01   1.16465652e+00
   1.22288281e+03   1.75237858e+00   1.19935102e+01   3.38225889e+00
   3.12396278e+01   2.40508423e+03   1.41700220e+03   0.00000000e+00
   6.32186279e+02   1.06197548e+02   1.03297520e+00   6.48949981e-01
   2.02887383e+01   0.00000000e+00   2.84561719e+03   3.26224556e+01
   1.91308609e+02   6.84852600e+01   3.96704315e+02   3.07999176e+02
   5.29538345e+01   2.63904610e+01   1.23495575e+02   7.70349731e+02
   3.25845917e+02   1.05646553e+01   6.15303087e+00   5.53212070e+00
   7.08669891e+01   1.96309644e+03   2.54983234e+01   6.00044403e+01
   6.91573181e+01   5.85099945e+01   9.22160522e+02   5.31074402e+02
   5.52870131e+00   1.32571228e+03   9.04495178e+02   4.20494229e-01
   6.55936432e+01   1.04048181e+00   1.05809180e+03   5.79710603e-01
   7.49100403e+02   4.14851608e+01   1.60787186e+02   1.47403896e+00
   6.38895607e+01   6.29501831e+02   1.02872208e+02   2.19056559e+00
   9.11547949e+03   2.33851288e+02   8.66788559e+01   1.88060207e+01
   4.13255539e+01   1.01596802e+03   9.19746552e+01   9.62885071e+02
   1.43810803e+03   5.71382713e+01   5.70195389e+01   5.51338348e+01
   4.47195292e+00   1.10719714e+03   4.58385735e+01   4.44622612e+01
   7.20436907e+00   6.94497070e+01   0.00000000e+00   1.91678238e+02
   2.19608727e+01   8.13275242e+00   5.20060921e+00   1.96001987e+01
   1.38459218e+00   7.65763779e+01   9.79725552e+00   2.71675732e+03
   9.37834358e+00   1.86499097e+03   2.46062347e+02   1.10761843e+01
   1.35071487e+02   1.42948877e+03   2.35250741e-02   1.24718466e+01
   8.40832031e+02   4.60574478e-01   1.40518689e+03   6.85759506e+01
   7.91392279e+00   8.31051712e+01   2.03924656e+01   4.78083038e+01
   6.87737122e+02   1.26753845e+03   6.02497177e+01   2.01373828e+03
   7.70781159e-01   4.66538705e-02   6.14276409e+00   2.10492301e+00
   7.32575302e+01   1.38422070e+01   9.79274536e+02   0.00000000e+00
   6.22650375e+01   4.71118736e+00   4.96877403e+01   1.59937451e+03
   1.35872632e-01   0.00000000e+00   7.98690128e+00   2.44091129e+01
   2.84896851e+01   5.77653992e+02   3.80527344e+02   1.18856067e+03
   2.20586655e+02   4.40723541e+02   3.69637489e+01   1.62262115e+01
   3.34508887e+03   1.97550869e+01   8.80047917e-01   1.98325854e+03
   4.94118614e+01   2.00336395e+02   1.59392366e+01   2.49219070e+02
   1.24592041e+03   1.63034656e+03   2.27984818e+02   5.38342428e+00]
