bicycle
bus
car
motorbike
person
[ 29753912.       2143304.5     38472160.      20867704.      41578068.
   1583667.125   15874208.       5559881.       9110767.       8094773.5
   4772206.5     26609596.      35783404.      10837315.      27671894.
  15032438.      28124118.      22206122.      39961684.      12016686.
   4356035.      29012850.       5316630.      31022972.      13424533.
  16320983.       8118471.5     13499435.       4863508.      16010724.
  27021982.      46094884.      48996312.       2742426.      37434448.
    685099.625   25542296.       3619739.5     13070061.       1072395.875
   9915897.      29415150.      56999408.      51808276.      18276778.
  26715278.      20086010.      32526198.       3839533.25    50445780.
  36478736.      15815293.      16874074.      14973281.      12459234.
  12706655.      22815294.      28312740.       4150272.25     1667014.25
    639557.375     927491.9375  12430178.       6271593.    ]
[  3.37023520e+07   1.09276980e+07   4.86432200e+07   2.16657844e+05
   5.78400150e+06   9.81132188e+05   4.52973600e+06   4.92699310e+02
   1.19278490e+07   8.22274375e+05   4.21955280e+07   2.80599740e+07
   8.80471191e+03   2.03906400e+06   2.86509900e+07   1.38129340e+07
   5.69454812e+05   4.74651400e+07   5.96893000e+06   1.61488460e+07
   1.97095438e+05   2.86152680e+07   8.15710250e+05   3.02029060e+07
   3.43782938e+05   4.04448160e+07   4.51036400e+06   1.37865038e+06
   1.07662040e+07   1.43934644e+03   4.91223440e+07   1.14791572e+04
   1.77586900e+06   2.24253740e+07   8.62208500e+06   7.36993650e+06
   1.37220609e+05   1.38981050e+07   3.60541800e+07   2.40274420e+07
   2.24677180e+07   8.75287900e+06   6.49680062e+05   7.76739000e+06
   3.55358520e+07   2.70661240e+07   3.03027094e+05   5.14115360e+07
   3.00689380e+07   7.95608100e+06   3.37360760e+07   3.43963680e+07
   5.12209080e+07   3.24368140e+07   2.62781250e+05   2.68947120e+07
   1.40997240e+07   7.96765920e+07   5.96169550e+06   9.42303700e+06
   4.47526760e+07   2.62485156e+03   1.52290940e+07   5.13188720e+07]
[  6.15037500e+06   1.40077040e+07   4.89314502e+03   8.07012344e+04
   3.00180020e+04   4.70719102e+04   1.59247139e+04   6.53962050e+06
   1.71292891e+04   1.86939950e+06   7.16358450e+06   7.41228562e+05
   6.06538062e+05   1.94980200e+06   1.04750918e+04   7.51455234e+04
   3.59986175e+06   6.70000875e+05   5.43248062e+05   4.81636400e+06
   3.02892750e+06   2.58168730e+04   1.01272480e+07   1.49251460e+07
   1.43558490e+07   0.00000000e+00   1.23273133e+05   4.45467600e+06
   4.53312800e+06   7.90711550e+06   9.13140137e+03   1.05135340e+07
   2.60692609e+05   4.53554150e+06   2.09843700e+06   5.05724450e+06
   2.07183156e+05   2.00361980e+07   4.94006700e+06   3.45691992e+03
   8.29060000e+06   3.72927400e+06   6.81188600e+06   1.82999200e+07
   1.10587600e+06   3.47751000e+05   1.01879200e+07   4.31580312e+04
   4.26667150e+06   4.60991594e+05   3.87181800e+06   5.75571055e+04
   3.85590350e+06   2.92210675e+06   1.82480660e+07   1.46900320e+07
   2.70290550e+06   1.91574414e+04   2.60815898e+04   1.50114609e+05
   3.51652850e+06   1.82793960e+07   1.09164880e+07   4.18805400e+06
   1.96710580e+07   2.62280975e+06   1.45834250e+07   8.69201300e+06
   1.39281891e+05   5.92299938e+05   9.14300800e+06   1.16581940e+07
   2.82825225e+06   8.55563188e+05   0.00000000e+00   4.70235450e+06
   1.84029328e+05   4.84921000e+06   5.24101350e+06   4.94359414e+04
   1.71194668e+04   7.08689450e+06   4.52358950e+06   3.76589258e+03
   3.01715775e+06   6.98096100e+06   4.39271900e+06   8.32025085e+02
   7.22093450e+06   1.86119700e+06   6.92142450e+06   4.52833750e+06
   7.24312656e+04   4.55362000e+06   1.70113162e+06   6.92663950e+06
   2.30347583e+03   3.17032675e+06   2.25176100e+06   4.79544094e+05
   3.90514875e+06   1.71623312e+06   1.73293734e+05   6.51921188e+05
   9.41338281e+03   1.63546094e+05   5.08613125e+05   1.06480888e+06
   4.25321650e+06   1.86773625e+05   5.11740586e+04   8.46222200e+06
   1.20226297e+05   8.12180700e+06   5.20010000e+06   9.74779600e+06
   1.41879262e+06   8.16363500e+05   2.99712750e+06   3.78403562e+05
   3.07221850e+06   5.04808900e+06   2.76993018e+03   7.22855300e+06
   3.45698250e+06   1.47801045e+04   2.37694260e+07   1.84676721e+03]
[  4.63361200e+06   3.16459075e+06   1.29958680e+05   0.00000000e+00
   9.59295508e+03   3.29421525e+06   1.67148775e+06   1.90378175e+06
   1.56442840e+07   6.99644150e+06   8.81809000e+06   8.05786250e+06
   2.88323100e+06   1.37365453e+05   2.73217920e+03   2.86166675e+06
   1.31010988e+06   3.46113550e+06   2.88701425e+06   1.39813926e+04
   1.17637280e+07   2.17124425e+06   2.93603325e+06   1.07150273e+04
   4.22149469e+05   2.69062344e+05   2.32566050e+06   6.20602050e+06
   5.23928789e+04   8.53032500e+06   3.18586328e+04   1.47486130e+07
   4.30684300e+06   1.01425703e+05   1.54776038e+06   1.60932238e+06
   2.89636050e+06   1.16258170e+07   9.95566406e+04   2.20068281e+04
   2.45559650e+06   2.70490684e+04   2.70595684e+04   9.66709875e+05
   1.33059688e+06   1.06757620e+07   6.63975200e+06   4.92174350e+06
   4.16386175e+06   1.69759160e+07   3.57283275e+06   6.27049850e+06
   6.46755150e+06   4.75426875e+05   9.08949766e+04   1.15596516e+05
   5.24467500e+06   9.69951625e+05   1.73173256e+01   3.24936150e+06
   4.18675600e+06   7.38620150e+06   6.60083150e+06   4.90070250e+06
   7.34983875e+05   1.29988500e+07   4.54810438e+05   3.58198650e+06
   3.23285400e+06   7.95601750e+06   3.11358550e+06   1.54163810e+07
   1.29768600e+07   7.67550850e+06   2.30112340e+07   2.66103271e+03
   4.97111300e+06   2.21237300e+06   1.56782170e+07   2.99294025e+06
   2.73102725e+06   2.46032227e+04   9.11855000e+06   3.11980200e+06
   3.28171328e+04   8.80442200e+06   1.54312700e+06   4.00039375e+06
   3.07031504e+04   1.26122862e+06   6.14849648e+04   7.88644000e+06
   8.58058203e+04   1.07904630e+07   1.84307888e+06   2.10066700e+06
   8.74665375e+05   8.72159500e+06   1.70443488e+06   1.20421660e+07
   1.12497234e+05   4.26602625e+05   1.91006980e+07   1.06070557e+03
   1.46357422e+05   1.66548420e+07   3.44049425e+06   8.59336900e+06
   1.04411230e+07   8.13429900e+06   7.79084082e+03   5.70534550e+06
   5.45001875e+05   2.49965820e+07   4.22116100e+06   4.21624344e+05
   1.46642656e+05   5.05750250e+06   3.06215293e+04   2.00095703e+04
   1.86423780e+07   4.18533575e+06   2.61898633e+04   1.20910120e+07
   8.31746800e+06   2.43150575e+06   1.62778450e+07   1.17247120e+07]
[  0.00000000e+00   1.63714365e+04   1.83231425e+06   8.37482031e+03
   1.41550760e+01   1.33065948e+02   7.48102966e+02   1.92533703e+01
   2.68722850e+06   1.65190234e+04   7.69104858e+02   6.99592139e+03
   6.46564627e+00   6.04878242e+04   5.59046016e+04   4.10968457e+03
   6.71487646e+03   6.12822875e+05   1.02092422e+04   3.95847227e+04
   1.32478683e+02   3.69396216e+03   7.00746312e+05   4.83457568e+03
   5.87121631e+03   9.61817017e+02   1.99454525e+06   0.00000000e+00
   8.84929297e+03   2.66626196e+03   2.80685822e+02   1.16367424e+02
   2.59180412e+01   1.08562125e+06   4.13011367e+04   1.77631600e+06
   2.96003650e+06   9.80358691e+03   5.31091003e+02   2.15535620e+03
   4.34657861e+03   5.91067383e+03   7.92447803e+03   4.68277906e+05
   1.78735391e+04   1.51103503e+03   6.99160156e+02   6.68074341e+01
   9.49245781e+04   2.28454375e+04   1.79684703e+05   1.39681229e+02
   1.95950338e+06   6.46161312e+05   3.01134125e+02   2.04741406e+05
   7.02193125e+05   1.04418681e+06   1.65815576e+03   8.04655609e+01
   4.71265781e+04   2.21625488e+04   3.59058062e+05   3.77225078e+04
   4.51088295e+01   3.32503789e+04   9.18400574e+02   9.11919983e+02
   1.49093469e+03   7.87366641e+04   1.47421125e+06   1.65175738e+06
   0.00000000e+00   1.84027598e+04   4.04625916e+02   3.12458643e+03
   6.24431934e+03   1.69348219e+05   7.94394500e+05   3.69811211e+04
   5.48163047e+04   2.03439844e+03   1.83813008e+04   2.37590967e+03
   2.04633288e+06   2.60899925e+06   8.94670562e+05   1.59716900e+06
   7.90696250e+04   3.23585388e+02   6.28751660e+03   1.04161875e+05
   2.95968312e+05   7.11441748e+03   0.00000000e+00   3.75851294e+03
   7.26995947e+03   4.77884719e+05   3.11858325e+03   1.89783262e+04
   3.85920391e+04   5.32463818e+03   2.14353725e+06   4.44159609e+04
   2.15427197e+03   3.34151270e+03   1.99610059e+04   1.07440283e+03
   2.34265556e+01   4.63966602e+04   1.09913750e+06   1.12378711e+04
   0.00000000e+00   2.61605996e+04   3.85093018e+03   6.14509570e+03
   0.00000000e+00   7.85610962e+01   3.36998535e+03   2.41056200e+06
   1.71851836e+04   8.35336975e+02   2.26122871e+04   1.56325647e+03
   6.70979688e+03   1.82318450e+06   3.86292847e+03   0.00000000e+00
   1.33476075e+06   1.38308936e+04   9.95811816e+03   1.47489795e+04
   1.21945752e+04   1.37927862e+06   5.70826483e+00   9.96280945e+02
   3.45133650e+06   1.03482569e+06   1.09628057e+04   0.00000000e+00
   2.20102363e+04   1.90479946e+01   8.14884570e+03   5.68510312e+05
   1.49298633e+03   2.52885950e+06   7.46788672e+03   5.09382031e+03
   4.97400117e+04   2.64463329e+00   5.40213916e+03   4.45060059e+03
   2.44727234e+05   2.30167297e+05   8.40560438e+05   2.02376648e+03
   6.10667334e+03   3.90214688e+05   1.62704550e+06   9.42944297e+04
   1.50508438e+02   1.81825562e+05   1.44245175e+06   1.03560020e+04
   1.30531309e+04   2.24083250e+06   1.44319562e+06   6.56985703e+04
   3.51613906e+04   1.23891912e+06   1.70332138e+06   6.05944873e+03
   3.58077539e+03   4.64402969e+05   7.14316748e+03   7.62340674e+03
   2.44379700e+06   4.03023755e+03   2.90731950e+06   4.25230547e+04
   5.37711375e+05   7.03892422e+04   7.52506438e+05   6.96041406e+03
   8.44081738e+03   1.50648193e+04   4.15072656e+04   2.62185156e+04
   1.09740200e+06   1.31859277e+04   5.96847070e+03   2.02163962e+06
   0.00000000e+00   4.05906781e+05   2.52980061e+01   1.33167862e+06
   5.54737402e+03   6.10275062e+05   2.19646425e+06   1.17776362e+06
   9.83370483e+02   2.56421850e+06   9.90199562e+05   9.32019226e+02
   1.90773844e+05   7.78081116e+02   4.11047998e+03   4.73778564e+03
   9.69819031e+02   1.10515588e+06   2.09429234e+05   2.65893500e+06
   7.05352148e+03   1.95467910e+04   3.04200478e+01   1.04817715e+04
   2.05635327e+03   1.01943300e+06   3.57442812e+04   6.73160782e+01
   4.65199402e+02   1.26896521e+03   2.78293359e+03   6.83451094e+04
   4.11823906e+05   0.00000000e+00   9.63086853e+02   4.06879812e+05
   2.33661911e+02   9.62716562e+05   9.15559668e+03   2.69141064e+03
   1.89214638e+06   1.84165039e+04   1.03385875e+06   2.49979639e+03
   2.56530737e+03   1.24583789e+04   8.45088625e+05   1.51793945e+03
   9.49342750e+05   1.16841750e+06   9.84270020e+02   3.82991028e+02
   4.62085469e+04   6.95388721e+03   9.14141602e+02   6.15844482e+03
   9.77067891e+04   5.81293562e+05   1.80044512e+04   6.22184021e+02
   1.60048389e+04   1.35473953e+02   3.08540308e+03   5.57858375e+05]
[  2.25848450e+06   5.03578027e+03   1.21951379e+03   6.33750366e+02
   1.44185562e+06   1.86383188e+06   2.44895969e+05   1.21444556e+03
   5.49666553e+03   6.99610718e+02   9.34758362e+02   1.02811113e+04
   2.51685522e+03   5.73916562e+04   6.76182764e+03   7.06662646e+03
   6.74477966e+02   1.67009961e+03   8.66289062e+05   8.72137344e+04
   0.00000000e+00   5.49551147e+02   4.40527710e+02   7.68305188e+05
   1.14683609e+02   9.42190308e+02   0.00000000e+00   3.76218188e+05
   2.10506445e+04   2.29679077e+03   1.93186152e+04   6.41900684e+03
   8.60762402e+03   1.02103805e+05   2.24828711e+03   1.76548652e+04
   2.07827578e+04   2.03597888e+03   5.11329248e+03   5.11617393e+01
   8.32147734e+04   4.66953477e+04   1.01354014e+04   3.93646436e+03
   8.76910156e+03   6.19830273e+03   4.58997312e+05   3.14155957e+04
   7.82671797e+04   3.91197235e+02   4.02121558e+03   1.61061987e+03
   5.17920654e+03   1.13845918e+04   3.30069469e+05   6.39396797e+04
   2.77606660e+04   2.37883688e+05   2.33837125e+05   1.23052747e+03
   3.82459619e+03   4.14904219e+04   0.00000000e+00   2.13361496e+02
   0.00000000e+00   1.01770791e+04   4.87232875e+05   1.77965256e+02
   8.43201416e+02   2.27552227e+04   1.05700175e+06   3.60429443e+02
   3.06370879e+04   8.32639551e+03   2.36721172e+04   6.35433945e+04
   2.20335098e+04   1.13043936e+04   6.08173633e+04   6.07014500e+05
   5.88067131e+01   7.01374219e+03   5.80763757e-01   3.84522773e+04
   6.96359680e+02   1.08864758e+05   7.76473755e+02   2.07251875e+04
   6.06536621e+03   7.52241602e+03   1.12576133e+04   6.84426514e+03
   2.86887402e+04   8.49015188e+05   4.09544312e+02   7.01895952e-01
   3.09315219e+05   8.66043549e+01   1.14477979e+04   2.37853828e+04
   5.06278900e+02   8.46409863e+03   1.12682838e+06   2.37634460e+02
   1.22864355e+03   2.52605859e+04   5.10127930e+04   2.04781500e+05
   1.16756670e+04   1.91257950e+06   1.50977982e+02   4.82756406e+05
   9.99307175e+01   1.54715100e+03   7.60782764e+03   2.56064102e+04
   4.13117969e+03   1.01820059e+04   5.18215820e+03   2.74728438e+04
   4.86558447e+03   1.10992957e+03   4.94792969e+03   1.14972656e+05
   2.01809583e+03   5.79854883e+03   4.19797935e+01   1.44960078e+04
   2.11532324e+03   2.89161650e+06   1.27518105e+04   2.43884937e+03
   3.62170337e+03   1.74339838e+06   2.56353418e+03   2.03786230e+04
   2.62252207e+04   8.19068312e+05   5.19181396e+02   4.53537712e+01
   5.33242683e+01   7.05367859e+02   7.28214844e+03   2.65361375e+05
   0.00000000e+00   1.87385132e+03   1.02534485e+03   0.00000000e+00
   0.00000000e+00   1.79384131e+03   1.88953699e+03   2.17529468e+03
   8.99077875e+05   1.89825062e+05   9.29120483e+01   2.97712781e+05
   7.40079773e+02   3.37975983e+02   1.50163857e+04   1.68714938e+06
   2.14330109e+02   3.66542944e+03   1.66905933e+03   1.21927891e+01
   9.41159062e+04   0.00000000e+00   6.47732750e+05   4.21557373e+03
   1.30726297e+05   1.95503138e+06   1.49188431e+02   1.61368046e+01
   2.22319902e+04   3.71127781e+05   5.89738750e+05   4.45970850e+03
   3.42941724e+03   2.55991382e+03   1.43621523e+04   5.89796219e+01
   1.38185576e+04   3.11595776e+03   3.28871346e+01   1.11357021e+04
   2.53404312e+01   9.99645203e+02   2.62160820e+04   1.15107754e+04
   1.42696362e+03   9.26374664e+01   1.17656888e+06   3.03161816e+03
   1.55293396e+02   1.12500742e+04   3.15311621e+04   1.62113293e+03
   4.84040898e+04   1.74235234e+04   3.07116000e+05   1.46115005e+02
   6.86000671e+01   3.10008740e+00   4.03095219e+05   2.62795996e+04
   1.33560791e+04   3.70238991e+01   9.47022754e+03   5.98692375e+05
   6.91179375e+04   1.14034925e+06   2.02048988e+01   2.52529565e+03
   6.66132422e+03   1.86364961e+04   3.49523120e+03   5.36565250e+05
   3.64077438e+05   3.61971265e+03   4.52201318e+03   3.59171338e+03
   6.46766162e+03   9.64856250e+03   6.29242773e+03   3.02920703e+03
   1.50852804e+01   1.90977641e+05   5.71998047e+04   2.42039087e+03
   9.89881042e+02   0.00000000e+00   3.14900398e+00   6.62945547e+04
   4.39699938e+05   7.53123877e+03   1.46083738e+06   4.61923682e+03
   4.65389453e+03   1.47064588e+06   6.97079773e+01   5.19728546e+01
   7.23591431e+02   2.62088375e+05   6.25998974e+00   0.00000000e+00
   3.80924170e+03   1.15940361e+02   1.43727256e+04   4.22802490e+03
   7.34918312e+05   2.55887891e+05   4.53791172e+04   1.21193508e+05
   9.97174531e+04   5.48479375e+05   1.88778066e+04   3.96298750e+04]
[  3.02932438e+05   2.53539336e+04   1.01541174e+03   1.03848962e+03
   4.51120406e+05   3.97510693e+03   2.09799980e+04   1.14903359e+05
   2.01142712e+03   9.33395688e+05   4.45129395e+03   8.05718281e+04
   1.43494268e+04   2.95686743e+03   2.11551831e+03   1.69686926e+03
   3.20439911e+01   3.00096606e+03   7.77161360e+00   3.01337573e+03
   9.70901074e+03   2.58835078e+05   1.43846211e+04   9.73805371e+03
   1.43825330e+03   6.33273877e+03   4.37919141e+03   3.37442062e+05
   1.05884199e+04   2.52744984e+05   2.44389099e+02   8.59081738e+03
   2.82782871e+04   5.59747109e+04   1.77424585e+03   2.87302222e+03
   5.83050250e+05   1.77707212e+06   1.56483618e+03   1.39388850e+06
   6.49860413e+02   9.33151917e+02   1.35655884e+03   4.50253125e+04
   7.11533154e+03   5.63356201e+03   1.09175317e+03   1.50997812e+04
   1.10442012e+04   2.84619312e+03   3.92826133e+04   1.04903838e+06
   4.90475525e+02   4.71981201e+01   7.45332825e+02   7.84837695e+03
   1.61511389e+03   2.54631766e+05   1.71654797e+01   8.58792578e+03
   1.11547327e+03   3.92508281e+04   2.37820996e+03   7.88665576e+03
   1.59681182e+04   1.46329297e+04   6.97165625e+03   8.05390918e+03
   2.87453188e+05   1.27365773e+05   1.43252305e+04   1.13930823e+03
   5.36155898e+04   1.38612119e+04   3.91689812e+05   3.83981914e+04
   1.05227312e+05   2.10799141e+04   2.69903174e+03   6.07563538e+02
   1.55059265e+02   1.73399826e+02   4.92470000e+04   2.74059784e+02
   4.22497422e+04   2.51962700e+01   8.40718672e+04   5.06035126e+02
   6.39447212e+00   2.10819043e+03   1.16656055e+03   1.54527832e+03
   5.27463828e+04   2.40936670e+03   7.30476875e+04   6.71396582e+03
   3.25094543e+02   3.51513750e+05   5.88379875e+05   1.55994703e+05
   1.89859805e+04   1.70781387e+04   8.67302063e+02   5.13612061e+02
   4.20005703e+04   5.50765137e+03   5.07511719e+05   1.75330137e+04
   8.79896729e+02   6.89261133e+03   1.49283438e+04   8.04486865e+03
   1.58050537e+04   2.27937012e+03   5.51419556e+02   4.17169922e+04
   5.07554810e+02   9.83622812e+04   2.27907227e+04   4.35765469e+04
   4.77863026e+00   1.15040675e+06   2.26650898e+04   3.24965750e+05
   1.14403828e+04   2.17722681e+03   1.56795654e+04   7.42515516e+00
   7.13431763e+02   4.06600708e+02   1.17619434e+03   2.25581660e+04
   1.36389268e+04   3.48600610e+03   1.37429785e+03   1.23673359e+04
   4.82193848e+03   8.09758516e+04   4.79649609e+03   1.72422925e+03
   8.22430801e+01   2.19094453e+04   1.21888452e+03   4.23168555e+04
   9.09867891e+04   3.69461743e+03   1.16673945e+04   2.34972935e+01
   9.04558750e+04   3.62529077e+03   9.15207617e+03   1.72052328e+05
   3.71152881e+03   1.45525734e+05   3.45414703e+02   1.24476865e+04
   4.97000156e+04   8.89464417e+02   1.65577922e+05   2.77942627e+02
   2.59135986e+02   2.43117966e+02   3.87976099e+03   5.40817932e+02
   2.96942896e+03   3.28418042e+03   7.20479141e+04   3.27516125e+05
   1.45642334e+03   2.46045547e+04   3.83957458e+02   3.52223633e+03
   1.17375305e+03   2.39462671e+03   2.63400293e+04   1.07273164e+04
   4.52219258e+04   4.31913135e+03   4.89653047e+04   2.61424297e+04
   4.62493591e+02   3.78829688e+04   6.41055566e+03   5.77939111e+03
   4.59387773e+04   8.04932312e+02   1.14585016e+05   4.58694122e+02
   3.87057500e+05   5.45332375e+05   5.31439922e+04   1.66116553e+03
   6.41608032e+02   5.63795430e+04   3.23997078e+01   6.56367493e+01
   2.00265332e+04   5.24483154e+03   1.03877119e+04   1.44751201e+04
   3.76741187e+03   1.72768082e+02   1.70856758e+04   2.19819656e+05
   1.35113375e+05   1.85964929e+03   6.11515869e+03   1.05789336e+04
   3.53222094e+05   5.86908579e+00   1.68554871e+03   9.31423340e+03
   2.48768789e+04   2.21214629e+04   6.04277969e+04   3.90765266e+01
   9.59275586e+03   1.17110059e+04   3.23487282e+01   5.81324180e+04
   7.97843506e+03   5.72234766e+03   1.49302637e+04   6.59549219e+04
   1.61062539e+04   4.60913229e+00   2.24884964e+02   1.29204238e+04
   6.94231628e+02   2.44288965e+04   1.66181816e+04   1.60109094e+05
   8.39339661e+02   2.62341309e+04   1.54928450e+06   4.75585059e+03
   1.38820154e+03   2.48931592e+03   1.02938525e+06   2.25553833e+03
   4.52013672e+03   2.64832489e+02   6.23376404e+02   8.27660461e+02
   2.97215547e+04   3.58983062e+05   8.01415443e+00   1.61407626e+00
   1.55179141e+05   1.66436445e+04   7.19246674e+00   7.87735000e+04
   2.83913867e+03   2.48840039e+03   6.77375977e+02   1.17148291e+03]
[  1.90663864e+02   2.70970879e+04   3.37495430e+04   2.98448906e+04
   5.80113831e+02   1.16566273e+05   1.69518982e+02   1.04562402e+04
   2.98095581e+02   2.92850418e+01   7.25928203e+04   6.70582520e+03
   3.30728564e+03   2.91711548e+03   4.25921875e+03   5.96605957e+02
   2.05373281e+04   2.49175605e+04   3.54414727e+04   4.42190381e+03
   1.85308472e+02   1.07203312e+05   1.76547412e+03   2.73766937e+02
   3.58622930e+04   1.46411621e+04   9.20869297e+04   1.50905938e+04
   9.65354062e+04   1.74731465e+04   8.01265088e+03   1.09015133e+05
   1.48177031e+04   2.99036641e+04   4.34787461e+04   8.18437500e+04
   1.07581469e+05   2.00587244e+03   4.07751282e+02   2.62316055e+04
   9.31679077e+01   1.41405078e+05   4.40890625e+04   4.02345625e+04
   1.27348717e+02   8.82275879e+03   5.75403027e+03   2.49459766e+04
   0.00000000e+00   3.09437559e+04   8.68001719e+04   6.10731995e+02
   0.00000000e+00   1.27504795e+04   6.00379688e+03   1.50757275e+04
   3.98780937e+01   5.10571899e+02   4.83094299e+02   6.99836243e+02
   1.10687561e+03   1.53289875e+05   2.30758691e+04   2.21091650e+03
   2.13549243e+03   9.95754590e+03   8.08754883e+02   4.16126404e+01
   8.71197266e+03   1.48079211e+03   3.74578242e+04   2.66322437e+03
   5.48813398e+04   7.39225891e+02   3.78149986e+01   4.82957275e+02
   4.66507202e+02   1.94480824e+00   1.19475406e+05   8.00659531e+04
   5.91077499e+01   4.68106982e+03   1.73498438e+04   9.52960625e+04
   8.71108826e+02   0.00000000e+00   3.19847839e+02   5.88400330e+02
   1.38074406e+05   6.73585312e+04   1.01874775e+04   2.87009163e+01
   1.24883531e+05   2.40150156e+04   3.70560078e+04   8.10919824e+03
   2.41368809e+04   9.80300446e+01   4.12481328e+04   1.88631328e+04
   3.43273560e+03   4.02843201e+02   1.47557797e+05   3.45861890e+03
   4.60625391e+04   2.50112773e+04   7.85310181e+02   4.96117266e+04
   9.06379453e+04   1.16436145e+03   8.53497461e+03   2.28473251e+02
   5.34423047e+04   1.36572693e+02   5.74808777e+02   3.80803594e+04
   0.00000000e+00   1.41372725e+04   1.35954180e+01   5.51055469e+04
   1.17078577e+03   8.72688750e+04   1.87054414e+04   1.37925073e+03
   9.75104688e+03   3.98034336e+04   3.47808545e+03   2.82026543e+04
   1.90676016e+04   5.12708691e+03   2.38696976e+02   1.27080693e+04
   1.09118291e+04   1.16234355e+04   3.82929766e+04   1.45185623e+01
   3.60366211e+03   3.94943924e+01   6.30043945e+02   3.65851898e+01
   4.89263242e+04   1.65177466e+03   1.79836992e+04   1.01819725e+01
   3.67482544e+03   9.29010449e+03   2.29917896e+03   6.17590332e+03
   4.68976379e+02   2.78151875e+04   1.06635414e+05   5.45371387e+03
   4.19387726e+02   1.35952795e+03   1.13892174e+02   0.00000000e+00
   2.74021149e+02   7.57692261e+02   5.20746460e+02   1.12525555e+05
   2.96858418e+04   4.07222119e+03   2.21465762e+04   3.55000839e+01
   6.00462578e+04   3.59522949e+03   7.78114297e+04   2.87297577e+02
   4.23122617e+04   2.68777246e+04   5.69191406e+02   7.26657568e+03
   5.29875117e+04   1.78358899e+03   3.17681504e+04   5.42603477e+04
   2.60621816e+04   8.43013281e+03   1.78909258e+04   2.75727997e+02
   3.66632383e+04   7.40081253e+01   9.22814355e+03   1.95337266e+04
   2.50950537e+03   2.43789883e+04   8.32542422e+04   7.55086377e+03
   2.60076562e+03   2.36658716e+03   1.52828943e+03   2.93312305e+04
   9.46093848e+03   1.10026445e+05   1.02985992e+05   5.95651875e+04
   2.04385371e+04   1.85472168e+04   3.51595898e+03   6.08215381e+03
   1.24424320e+05   2.40651348e+04   4.90762863e+01   7.39396562e+04
   9.47597812e+04   6.12864418e+01   3.87588398e+04   1.05172633e+05
   1.97525845e+01   8.80147705e+01   4.67029633e+02   6.71502563e+02
   1.88400360e+02   1.70260437e+03   4.78010391e+04   2.15543018e+03
   3.33437109e+03   1.00795859e+04   3.88297500e+04   1.97201797e+04
   3.50139917e+03   1.12937938e+05   3.03315449e+01   0.00000000e+00
   4.79979648e+04   9.55865918e+03   1.27761804e+03   1.43620529e+01
   9.03166748e+02   1.22755823e+03   1.68082901e+02   6.22991714e+01
   7.25960234e+04   5.57498867e+04   6.57131094e+04   1.12298218e+03
   4.96583633e+04   1.96097522e+03   7.53295215e+03   4.47930566e+03
   1.41607812e+04   2.07906309e+04   6.35948486e+03   3.33022539e+04
   6.71721863e+02   1.42488250e+05   4.64674951e+03   2.08609253e+02
   2.87110410e+04   4.15022617e+04   4.64125859e+04   4.73403086e+04
   4.53961523e+03   1.23015945e+05   7.73820605e+03   6.29704805e+04
   7.78448984e+04   1.07142639e+03   2.72665985e+02   7.74547031e+04
   6.45221367e+04   1.26093521e+02   2.70208618e+03   1.43897070e+03
   5.37675896e+01   1.17401865e+04   1.56380054e+03   1.03079266e+05
   5.34830312e+04   6.46021606e+02   2.48856945e+01   9.44777893e+02
   2.05465234e+04   5.96334570e+03   8.94026406e+04   3.09446113e+04
   0.00000000e+00   8.47966003e+01   1.28837383e+05   9.85120117e+03
   1.83716431e+01   1.39788574e+03   4.53301318e+03   1.02211266e+05
   2.13524561e+03   1.59484167e+03   2.82889557e+01   5.01443634e+02
   9.02662231e+02   4.43726465e+03   2.12729199e+04   1.37254375e+04
   5.96215156e+04   2.33720996e+04   6.28751484e+04   5.19197144e+02
   4.96538506e+01   1.81358704e+02   2.04241562e+04   1.18459297e+05
   3.91052628e+00   1.19533765e+03   1.96869629e+04   6.27715721e+01
   8.39083191e+02   6.00879531e+04   2.86753198e+03   3.21537476e+02
   7.05006953e+04   3.50839569e+02   3.64806557e+01   2.31073809e+04
   2.59983002e+02   1.44195947e+03   7.97530781e+04   8.15234062e+04
   3.62190514e+01   3.55654922e+04   5.08859473e+03   1.71892285e+04
   4.27987213e+02   5.37795996e+03   8.81314688e+04   3.59522583e+03
   1.01973422e+05   1.15661031e+05   1.62376484e+05   2.39340449e+04
   4.13881055e+04   6.92877991e+02   3.89981328e+04   4.65285742e+03
   7.13427734e+04   2.23918457e+02   3.63995654e+03   1.00016117e+05
   3.77115051e+02   1.04291475e+04   2.91600854e+03   3.22730781e+04
   5.06024688e+04   2.36004980e+03   9.48465137e+03   2.10928207e+02
   3.15445175e+01   7.62113574e+03   2.53430781e+04   9.26146973e+02
   2.40188223e+04   8.29782837e+02   2.09257090e+04   4.20046661e+02
   8.58679382e+02   5.71380703e+04   4.93397803e+03   2.01083093e+03
   9.64366641e+04   1.09492322e+03   3.48442773e+04   1.26318027e+04
   4.39822148e+04   7.32455000e+04   2.68024811e+02   6.99154968e+02
   2.40660596e+03   1.44027576e+03   8.05603984e+04   9.57185938e+03
   4.76135898e+04   7.34287939e+03   4.06351050e+03   4.13331934e+03
   1.95368438e+04   1.53473779e+03   2.75228594e+04   9.90123633e+03
   9.25950098e+03   4.81341113e+03   3.07477478e+02   4.22193390e+02
   3.34249609e+04   9.09821973e+03   3.93737526e+01   2.22132930e+04
   2.05137646e+03   3.27602539e+03   3.80764062e+03   1.36613193e+04
   9.98730469e+02   7.75648193e+01   1.90600208e+03   4.61179962e+02
   5.40480469e+03   1.32792510e+04   2.41063223e+04   8.05683125e+04
   4.75712952e+02   4.33461395e+02   1.68194873e+03   2.23686783e+02
   6.44662094e+01   3.55707446e+03   3.12625449e+04   1.09349188e+05
   4.88143672e+04   5.85346289e+03   4.88360498e+03   2.58577423e+02
   4.60124893e+01   4.49194221e+01   1.76276797e+04   1.83340586e+04
   1.07947344e+04   8.98529968e+02   5.84616484e+04   2.59289727e+04
   5.66379089e+02   1.11726123e+04   4.65060703e+04   9.53312598e+03
   3.04644897e+03   3.43256177e+03   4.05571436e+03   7.47932344e+04
   4.99056680e+04   2.59730098e+04   3.94800352e+04   1.54234707e+04
   1.01197977e+05   1.31644263e+03   3.35451721e+02   4.33576367e+03
   7.77985547e+04   2.41014766e+04   1.18844297e+04   4.01866235e+03
   5.42478577e+02   1.11398279e+03   2.25992910e+04   1.14846152e+04
   2.43105508e+04   9.01153125e+03   2.83571338e+03   2.65359745e+01
   3.36654395e-01   2.43396523e+04   1.09375954e+02   2.94178418e+03
   2.98991675e+03   6.41314961e+04   1.29584729e+03   6.77287578e+04
   2.36249375e+04   0.00000000e+00   3.48393750e+03   1.76089058e+01
   1.37845264e+03   2.46912578e+04   3.33848076e+01   3.14641919e+03
   5.68124268e+02   1.29968154e+04   1.67046738e+02   9.48178027e+03
   1.18256768e+04   8.93002500e+04   6.14714905e+02   1.18318243e+01
   8.98689941e+02   2.50566113e+03   3.43931618e+01   6.66878357e+02
   1.33031064e+04   7.91808319e+01   1.83848865e+03   1.58240393e+03
   4.78979141e+04   1.03831064e+04   1.74873574e+04   0.00000000e+00
   2.44714081e+02   1.20581323e+03   5.17497969e+04   1.16031455e+04
   8.42778516e+03   5.22057610e+01   2.73455371e+03   5.45639801e+00
   1.20673555e+04   1.04320776e+03   1.52066234e+05   4.05688385e+02
   7.59949072e+03   7.56363770e+02   1.15508359e+04   3.43594604e+03
   3.91961255e+03   1.05872852e+05   2.76550342e+03   4.65983086e+04
   2.17504834e+03   3.38547913e+02   7.09532852e+01   2.01150938e+04
   1.13694885e+03   6.72564375e+04   3.65923535e+03   1.83535061e+01
   3.99324570e+04   4.90227020e+02   1.27138232e+03   1.64941625e+05]
[  4.08818530e+03   8.26955762e+03   1.50120325e+03   5.80733681e+01
   3.30596953e+04   1.43894100e+01   6.05736719e+04   2.79573887e+04
   1.14480203e+05   5.23268700e+01   1.24888756e+02   2.82340684e+04
   6.44837036e+01   9.32439766e+04   3.37599756e+03   5.56770401e+01
   1.23226440e+03   1.08428623e+04   7.31323608e+02   7.54343079e+02
   3.74298779e+03   3.26337866e+03   1.66213403e+03   2.18254089e+01
   2.86402588e+02   7.01564355e+03   1.48629236e+03   2.33394980e+04
   1.26586401e+03   1.41349045e+02   1.72211670e+02   5.10662079e+02
   3.58946808e+02   3.97520661e+00   6.76211975e+02   7.96299683e+02
   1.59732581e+03   4.13143120e+01   4.21272188e+04   1.95629486e+02
   1.12585635e+04   2.03092627e+03   7.60463867e+01   4.47687656e+04
   2.34438940e+03   5.40546143e+02   3.57534058e+03   1.12672905e+02
   8.68351624e+02   4.34561371e+02   1.52325000e+03   4.52348757e+00
   1.66282937e-01   4.80220264e+03   1.35489697e+03   1.30462822e+04
   4.66211768e+03   3.97778076e+02   1.75754669e+02   3.94317007e+00
   8.56765747e+00   1.77874438e+03   3.35957611e+02   4.67827301e+02
   1.99207718e+02   1.59083084e+02   8.90926270e+03   7.28226611e+03
   4.74214922e+04   1.34835419e+02   1.57022690e+02   4.47738594e+04
   6.18747444e+01   1.81153164e+04   5.96923401e+02   8.41854675e+02
   6.06290698e-01   6.39898877e+03   3.61422272e+02   1.70205212e+03
   1.13392004e+03   1.28184867e+05   5.08349922e+04   9.92544922e+03
   1.43711121e+03   6.50600891e+01   6.81086035e+03   1.72101904e+03
   1.26202502e+03   4.73109985e+02   1.34548213e+04   3.40847217e+03
   1.54091492e+03   1.90562963e+00   2.82210913e+03   8.18019714e+01
   5.95305420e+02   1.22866943e+04   1.09615928e+04   4.89631006e+03
   1.27735791e+03   4.29875293e+03   1.38513306e+03   4.04509735e+01
   3.16906708e+02   1.70382129e+03   4.51582695e+04   4.20744820e+01
   5.55577422e+04   9.20643594e+04   5.63932495e+02   3.95153137e+02
   3.28081543e+02   1.11032983e+03   8.56046328e+04   1.80506189e+03
   3.28009491e+02   8.56530945e+02   4.87083855e+01   8.71766357e+02
   3.06037018e+02   5.75800439e+03   1.02030219e+03   3.31746674e+01
   4.12062070e+04   4.72435577e+02   8.98687598e+03   6.31093384e+02
   2.08102436e+01   2.11880645e+04   1.73319916e+02   5.54219543e+02
   5.79006165e+02   7.15417773e+03   1.84004688e+04   4.18034697e+00
   1.92235779e+02   1.84162674e+02   2.15372949e+04   0.00000000e+00
   1.88310928e+02   1.93443314e+02   6.13420752e+03   2.45670395e+02
   4.94589600e+03   1.66439453e+04   2.27732568e+03   5.07586641e+04
   1.26944385e+03   6.14618408e+03   9.52510000e+04   5.28849756e+03
   1.76088477e+04   1.22922437e+03   2.31363556e+02   7.52251797e+04
   4.27292676e+03   3.33398125e+04   1.26169702e+03   3.52280957e+03
   4.16646680e+03   1.14314111e+04   0.00000000e+00   3.03656555e+02
   3.00473652e+04   2.34903564e+03   8.41403438e+04   4.15679817e+01
   4.64795312e+03   1.65863027e+04   1.90777664e+02   1.17579858e+03
   8.00012500e+04   1.83806484e+04   1.68100262e+01   4.72127167e+02
   1.54624438e+03   7.67202637e+03   1.25941931e+03   5.79439758e+02
   1.03201984e+05   2.20245377e+02   3.93098724e+02   0.00000000e+00
   2.18582246e+04   5.82603125e+04   5.58479977e+00   6.19506287e+02
   2.97612396e+02   9.04566484e+04   1.62596130e+03   2.04871048e+02
   6.14625931e+01   8.97219766e+04   5.02822314e+03   5.81318896e+03
   7.57538605e+01   2.24330215e+04   8.38048096e+02   5.27778984e+04
   2.43875449e+04   2.95976044e+02   0.00000000e+00   5.16395035e+01
   1.89976738e+04   5.11138397e+02   1.86200821e+02   4.87810498e+03
   6.22179146e+01   4.71010596e+03   2.72544678e+03   2.95668671e+02
   5.37326709e+03   1.09996357e+04   5.87352891e+04   7.85899141e+04
   4.70073672e+04   1.54564499e+02   2.03763214e+02   5.35142930e+04
   1.14207188e+04   7.56577301e+01   2.33378223e+03   1.71952484e+02
   6.48145996e+03   4.71456795e+01   5.15270020e+03   5.20757617e+04
   1.94582739e+03   5.62624658e+03   6.70976641e+04   4.62405914e+02
   2.34538742e+02   5.54315527e+03   5.30470161e+01   1.02278312e+05
   8.78846328e+04   2.02176611e+03   1.60204712e+02   6.29288597e+01
   3.32645850e+03   2.16638550e+03   4.75215881e+02   1.67429492e+03
   1.12932236e+04   4.95047705e+03   0.00000000e+00   8.65903750e+04
   1.14397415e+02   2.38828812e+02   4.34602686e+03   3.03898335e+01
   6.64282959e+03   1.40710449e+02   4.46404457e+01   2.46323013e+02
   1.81415207e+02   1.91925623e+03   2.55872729e+03   5.64485156e+03
   1.84982568e+03   1.88258044e+03   1.57022009e+03   4.45706696e+02
   1.71563330e+03   8.17411865e+03   1.69572372e+02   1.70554004e+04
   3.67971631e+03   3.97315503e+03   5.04302521e+02   2.37285965e+02
   4.50066162e+02   6.36928368e+01   7.08496380e+00   8.87341404e+00
   1.55156475e+04   0.00000000e+00   1.80291577e+03   2.89008242e+04
   1.33664844e+04   3.14011047e+02   1.61034385e+04   0.00000000e+00
   8.92857361e+01   1.01456348e+04   6.91456223e+00   3.92794531e+04
   5.13725159e+02   1.03770459e+03   1.63508820e+02   2.45057837e+03
   7.20952891e+04   8.02842676e+03   6.74352393e+03   1.37618115e+04
   6.05738711e+04   1.59552600e+03   7.47467651e+01   1.21139160e+03
   0.00000000e+00   1.74644397e+03   2.08729863e+04   1.04873288e+00
   2.57066797e+03   2.00109961e+04   3.70652686e+03   6.30977031e+04
   3.66779900e+01   2.12578033e+02   2.54272034e+02   3.26185718e+03
   4.34947305e+04   9.88528214e+01   1.18618762e+03   4.77799377e+02
   6.34050352e+04   1.24569559e+01   1.76315002e+02   1.38374268e+02
   1.79813745e+03   3.22382305e+04   2.16664551e+04   3.68144688e+04
   9.36056875e+04   7.38238342e+02   2.64737988e+03   1.00605557e+04
   3.99570496e+02   1.79222088e+01   7.84363281e+04   3.92845664e+04
   7.73180161e+01   1.95734314e+03   1.23627959e+04   5.75243604e+03
   0.00000000e+00   1.85230137e+04   3.23244080e+02   3.45627899e+02
   1.59399873e+04   4.00242017e+03   1.76563000e+03   6.05077617e+04
   2.12778931e+02   3.90510083e+03   6.32029968e+02   2.02126621e+04
   6.40049141e+04   2.94921875e+02   5.49090538e+01   1.57670068e+03
   6.48804077e+02   3.81676367e+03   1.03875914e+05   3.35035469e+04
   1.02814221e+03   2.42268784e+02   1.56347910e+04   9.08077545e+01
   7.91441357e+03   1.08128113e+03   6.87623978e-01   4.98362610e+02
   2.63925410e+04   4.28507617e+04   1.20932764e+03   2.29910078e+04
   5.51193298e+02   3.84496328e+04   3.15543747e+00   1.53765244e+04
   2.30636060e+03   9.92119609e+04   1.35801282e+03   1.69112756e+03
   1.92044235e+02   4.05094421e+02   1.58884290e+03   2.03987715e+04
   1.14571553e+04   5.30038086e+03   2.86599159e+01   3.53566437e+02
   5.88555969e+02   4.90835078e+04   4.86409102e+04   3.79044312e+03
   7.43836875e+04   2.56359302e+03   4.35097980e+00   1.82067451e+01
   3.20776270e+03   9.77490820e+03   2.39950903e+03   5.46986768e+03
   4.15064258e+03   3.20231247e+01   4.20185486e+02   1.11183301e+03
   2.45418564e+02   3.18435840e+03   1.34820059e+04   1.57066865e+04
   6.46942725e+03   2.65671253e+00   8.40838281e+04   9.39600342e+02
   2.90782812e+03   3.80840187e+01   1.26336982e+04   4.65671906e+02
   3.58622266e+03   6.92557666e+03   4.64394684e+01   9.10361946e-01
   9.29040146e+01   5.71419189e+03   5.14520068e+03   1.04925880e+02
   6.88161682e+02   2.27835327e+02   5.58533301e+03   4.22581494e+03
   3.31910254e+03   3.20781094e+04   2.16396957e+02   9.76493740e+00
   6.23409766e+03   1.72210159e+02   2.35678076e+03   4.02313828e+04
   1.53250073e+03   2.49437759e+02   3.29386475e+02   1.88048157e+03
   1.86524536e+03   9.94926819e+02   7.02627969e+04   5.55664111e+03
   2.17728613e+04   5.10571777e+02   2.68157178e+03   3.65102710e+03
   5.30646820e+01   9.79847717e+02   3.42567383e+03   3.78658295e+02
   5.07200531e+02   2.80162720e+02   0.00000000e+00   3.24726025e+03
   1.60830751e-01   1.38984275e+00   1.22696074e+04   9.58189905e-01
   3.32309747e+00   5.94104102e+03   0.00000000e+00   8.34687439e+02
   7.97069727e+03   7.86859436e+02   6.68022559e+03   5.68169678e+02
   8.79365078e+04   3.04005137e+04   5.61563538e+02   3.38828638e+03
   3.47732422e+02   2.47957363e+04   1.82789414e+04   1.62965820e+02
   2.44851242e+02   4.25659256e+01   1.25065857e+03   8.14165820e+03
   1.99353906e+03   3.84264771e+02   2.20866260e+03   0.00000000e+00
   1.18057490e+04   5.93271094e+03   1.52119238e+03   1.75571411e+02
   3.23015015e+02   7.22018127e+02   5.55087266e+04   6.57967234e+00
   5.89130005e+02   2.57188690e+02   9.99143594e+04   6.94419043e+03
   2.52236877e+02   5.96347839e+02   1.36944389e+00   5.67136621e+03
   3.40101685e+02   5.92556686e+01   9.08637695e+02   4.99993311e+03
   1.06887402e+03   1.50635681e+03   3.64796944e+01   7.92977722e+02
   6.55553650e+02   1.11226273e+05   1.05796913e+02   7.13394531e+02
   0.00000000e+00   1.19198994e+04   6.11626611e+03   4.39703076e+03]
[  1.50999146e+02   1.78432539e+04   1.99085693e+02   1.97341077e+03
   7.08841309e+02   2.49492090e+04   2.88787811e+02   1.09101123e+04
   5.99109570e+03   5.33241484e+04   4.65486938e+02   7.06658554e+01
   6.12155273e+03   3.53960000e+04   2.47375879e+03   6.48579346e+02
   2.44387964e+03   2.06498242e+03   7.97075000e+04   9.46690430e+02
   5.52135754e+00   3.12983887e+03   1.19366127e+02   1.03963892e+03
   1.73739238e+04   3.81600266e+01   1.27976162e+04   1.10755867e+02
   3.75571136e+02   1.58110254e+03   1.60040430e+03   2.02008081e+03
   6.99961914e+02   0.00000000e+00   3.08868506e+03   8.15909271e+01
   3.55647888e+02   8.68095703e+04   5.40854573e-01   6.86594678e+03
   6.35452734e+03   3.50768700e+01   3.07648277e+00   5.38985352e+02
   6.20538379e+03   1.83299957e+02   6.07311719e+03   8.36738379e+03
   5.11741364e+02   4.18931961e+01   7.65838684e+02   4.25007617e+03
   1.28130630e+02   1.91440605e+04   1.69886484e+04   5.50868477e+04
   4.05881378e+02   1.03536133e+04   1.32063379e+01   2.87737939e+03
   2.55782349e+03   8.40543396e+02   1.32841553e+03   3.84541412e+02
   7.56927344e+03   4.95316498e+02   1.35413788e+02   1.51620148e+02
   1.44468674e+02   6.10823059e+01   7.41853394e+02   1.39479346e+04
   5.49493555e+04   1.79402145e+02   3.75368984e+04   5.70488205e+01
   2.06545166e+02   6.12225281e+02   2.55462097e+02   1.56989443e+04
   4.86585419e+02   3.23874961e+04   2.36543086e+04   1.00443291e+04
   8.00950625e+04   4.99675026e+01   5.13604736e+03   9.30476270e+03
   1.05705557e+04   3.71157422e+04   3.34812260e+00   2.96217651e+03
   4.63587158e+02   6.79616748e+03   1.09926880e+03   4.31778076e+03
   8.42358789e+03   1.91014690e+01   1.56893096e+04   6.99397827e+02
   2.24188099e+01   2.84979858e+03   3.61095428e+01   3.44764331e+03
   9.87153053e+00   9.95143318e+00   9.21029602e+02   5.34815742e+04
   1.83008747e+01   1.98132656e+04   3.04667114e+02   6.21902344e+04
   2.12716064e+03   1.12704262e+02   6.36168957e+00   3.83407410e+02
   6.30136841e+02   1.99363828e+04   5.39145813e+02   2.55103493e+01
   3.51966172e-01   9.94172363e+02   6.18434033e+03   2.03190582e+02
   3.76221252e+02   8.57320508e+03   3.79270813e+02   5.70679207e+01
   8.17495911e+02   1.04828568e+02   2.18876250e+04   7.57099243e+02
   1.34134109e+02   1.75296021e+03   6.40266113e+02   5.86566162e+03
   6.96896094e+04   0.00000000e+00   3.68867378e+01   1.33028015e+02
   0.00000000e+00   1.95634430e+02   4.95283295e+02   4.20479309e+02
   1.89677658e+02   1.84164905e+03   2.38207617e+03   1.69243574e-01
   3.56424072e+02   5.98670742e+04   1.43570953e+02   1.31853302e+02
   1.03866272e+03   5.80113525e+03   4.55914001e+02   1.53713750e+04
   2.26425705e+01   6.81589233e+02   1.53689606e+02   7.47785205e+03
   1.70691177e+02   4.93623779e+03   2.53264496e+02   4.08658066e+01
   5.78771055e+04   2.30648479e+01   2.79290283e+02   7.01560840e+03
   6.48462500e+03   1.46542266e+04   3.49509621e+00   4.12298737e+01
   5.60052393e+03   6.71647888e+02   1.22622475e+02   1.78127625e+03
   6.30635742e+04   4.00376953e+02   4.76579414e+04   8.41872656e+03
   2.82633574e+04   1.59333916e+04   6.14978905e+01   3.69726855e+03
   9.16390198e+02   8.44894648e-01   1.98346082e+03   2.81233862e+03
   1.59988155e+01   2.96829254e+02   2.81234161e+02   3.19036346e+02
   1.87818774e+03   5.46305859e+03   1.33506677e+03   1.26594551e+04
   1.60004822e+03   6.75653870e+02   3.66796204e+02   2.50667188e+03
   1.50691333e+03   6.80644043e+02   5.95940308e+02   0.00000000e+00
   2.41204883e+03   1.61287247e+02   4.64299609e+03   1.46171289e+03
   5.60036621e+03   8.48554453e+04   1.05226784e+02   2.67209351e+02
   4.06868481e+03   8.32460938e+03   1.02260323e+02   1.04557285e+04
   8.26863281e+04   1.50027817e+02   1.39281509e+02   6.51035645e+03
   9.71804199e+03   1.07022903e+02   4.85104942e+01   1.55384619e+03
   3.98834564e+02   5.07413940e+01   4.98195610e+01   6.59682617e+01
   7.13399231e+02   9.46922150e+01   3.11194191e+01   1.96189529e+02
   2.09025464e+03   3.56216240e+01   2.67411537e+01   6.56668625e+01
   2.69438416e+02   4.20008667e+02   1.27812439e+03   5.29098969e+01
   2.10853920e+01   1.08054581e+02   9.89371521e+02   4.31962539e+04
   3.78676172e+04   7.09890332e+03   1.67687424e+02   1.06626453e+03
   1.05101753e+02   3.96268188e+02   2.60084692e+03   1.24946609e+02
   7.25930029e+03   1.14610571e+03   7.06323433e+00   8.79815903e+01
   2.01374927e+03   3.93977814e+01   1.05490601e+03   7.04657593e+01
   3.49593109e+02   8.14042053e+02   2.17837875e+02   4.54117355e+01
   5.21215586e+04   1.36925220e+03   4.18185234e+04   9.30364624e+02
   2.44259692e+03   9.84342766e+00   1.01297661e+02   1.14004517e+03
   9.61135635e+01   2.19532127e+01   4.25853203e+04   6.21546021e+02
   1.23022717e+03   6.28471985e+02   4.66720166e+03   8.05082275e+03
   3.43667114e+02   3.55692505e+02   4.57644531e+02   9.15412266e+04
   6.59602783e+03   2.74454785e+03   1.54683643e+04   3.53368042e+02
   4.24600494e+02   9.94428125e+03   1.55601855e+03   4.24253320e+03
   1.00484102e+04   1.23091882e+03   1.64001709e+02   1.44029468e+03
   7.03076758e+03   7.17055481e+02   7.11553467e+03   6.66432476e+00
   2.60126228e+01   4.26811371e+02   1.08733633e+04   1.11526260e+02
   1.45941680e+04   7.36471484e+04   8.77955994e+02   1.73281189e+03
   6.00122119e+03   5.67212793e+03   8.82290459e+00   3.73686084e+03
   1.40589619e+01   2.69330005e+03   5.08813037e+03   1.26590928e+04
   3.56798584e+02   3.70510791e+03   1.41479187e+02   1.80679199e+04
   4.19774609e+03   4.12241445e+04   1.29030444e+03   4.17344805e+04
   1.55324036e+02   5.54355530e+02   2.21719458e+03   4.25136139e+02
   1.26719031e+03   2.25236237e+02   6.73209229e+03   4.07821997e+03
   1.97680140e+00   1.27688428e+03   2.20712204e+02   2.81364551e+03
   5.10960121e+01   5.59547754e+03   1.26359460e+03   2.49509160e+04
   2.74239434e+04   1.20971228e+03   1.64492966e+02   2.31106201e+02
   1.60770302e+01   4.48962250e+02   1.52639834e+04   1.77930127e+03
   5.80439795e+03   5.70610889e+03   2.25210083e+03   7.62178359e+04
   1.80117020e+02   1.52706177e+03   9.30134094e+02   2.16925125e+02
   2.63324277e+04   2.54656689e+03   2.81940410e+04   5.41942358e+00
   6.73820391e+04   3.16585205e+02   3.51973984e+04   8.97015503e+02
   6.79779199e+03   3.07760895e+02   2.14159973e+02   4.97326660e+03
   4.26253265e+02   1.72371082e+03   2.22031586e+02   3.54182886e+03
   1.86412888e+02   7.10708936e+03   3.67401855e+02   1.28604758e+05
   1.11234658e+04   1.71512244e+03   4.54021484e+03   1.15796008e+03
   3.11130924e+01   1.64405438e+05   3.07187500e+03   3.97080688e+02
   3.52935364e+02   4.89779395e+03   1.83816177e+02   1.12029257e+01
   9.68632996e+02   1.85056519e+03   8.07433203e+04   3.71739478e+03
   1.74661328e+03   4.91760781e+04   7.10746250e+04   3.00392212e+02
   1.09819244e+02   5.87138672e+03   2.78801831e+03   6.92041699e+03
   2.92510284e+02   2.55633281e+04   1.97015686e+03   2.51629150e+03
   2.41124840e+01   1.56650215e+04   6.35820732e+01   3.06098315e+03
   1.06319641e+03   1.49776721e+03   9.61395447e+02   1.39577959e+04
   1.12522139e+04   6.94974121e+02   1.07618628e+03   7.25918412e-01
   2.38838721e+03   2.49826706e+02   4.56527770e-01   2.59938873e+02
   2.02028839e+02   2.92653984e+04   6.09706641e+03   2.05471420e+01
   4.78936310e+02   8.51241406e+03   6.87533203e+02   6.09179573e+01
   2.48280273e+03   4.75290430e+03   5.45331055e+04   4.60637482e+02
   1.32912373e+04   4.88694519e+02   3.02807159e+01   1.90634201e+02
   1.59532700e+02   4.35318899e+00   3.04750410e+04   3.05011249e+00
   9.27050934e+01   6.93610687e+01   7.61784363e+01   5.42709303e+00
   5.30114326e+01   1.63910039e+04   4.23712280e+02   2.19191452e+02
   1.57052124e+03   2.01185234e+04   3.22978180e+02   6.31808777e+02
   1.11666290e+02   1.69339922e+05   3.61122930e+04   3.55327187e+01
   1.67025806e+03   1.42605449e+04   1.74785391e+04   6.15390869e+03
   1.48576143e+04   1.77511406e+04   7.96047510e+03   2.82800781e+03
   1.59271191e+04   2.05397803e+03   3.54711945e+02   1.96388321e+02
   2.52989941e+03   2.81700001e+01   9.54608594e+03   1.15123252e+04
   1.32560215e+04   1.45141533e+04   6.64712219e+02   1.92598312e+02
   8.46241028e+02   8.29053833e+02   3.22853467e+03   2.30637871e+04
   3.87782397e+03   2.48897537e+02   2.74198516e+04   1.48129105e+02
   0.00000000e+00   6.04976952e-01   5.71038721e+03   4.94893677e+02
   1.12772864e+03   9.25645020e+03   6.97747812e+04   1.46828896e+04
   1.14369434e+04   1.28845947e+03   2.43423248e+02   7.66798950e+02
   7.83061462e+02   4.50350990e+01   2.32271265e+03   3.38301538e+03
   2.23607500e+04   2.40741289e+04   6.17126389e+01   1.60149268e+03
   1.24868164e+04   2.87401934e+04   1.67473679e+02   1.35002945e+02
   4.10629456e+02   1.62078114e+01   1.74067402e+01   1.84412402e+04]
[  2.85932495e+02   6.11536360e+00   2.72191739e+00   9.94783691e+03
   1.68619186e+02   3.18108120e+01   6.59881639e+00   6.41297483e+00
   1.13623398e+02   1.86874786e+02   3.28861923e+01   4.62651398e+02
   1.20966063e+01   1.67601700e+02   1.57580490e+01   3.21784782e+01
   3.18401408e+00   2.54403305e+02   0.00000000e+00   0.00000000e+00
   2.84546234e+02   1.67358398e+04   8.67454297e+03   1.89859711e+02
   2.16730046e+00   0.00000000e+00   0.00000000e+00   1.05803186e+03
   2.37184128e+02   1.01667102e+03   8.37111914e+03   2.20582593e+03
   2.34849487e+03   2.35165146e+02   6.35266638e+00   1.04879980e+03
   3.29318886e+01   1.28515898e+04   2.06213599e+03   1.31418945e+03
   6.59901807e+03   1.71442165e+01   1.65555359e+03   2.50194897e+03
   6.18842077e+00   5.46528101e+00   4.38849365e+03   4.63057041e+00
   1.91123238e+01   1.66977596e+01   2.85683041e+01   1.20621912e+03
   6.87416866e-02   4.01429939e+01   8.95638885e+01   5.38956451e+01
   4.83920801e+03   4.09985107e+02   1.03665590e+00   1.27367844e+02
   1.45496475e+02   9.80194759e+00   0.00000000e+00   5.36960388e+02
   1.36085739e+02   1.87456299e+03   2.84130306e+01   5.77626228e-01
   2.43839081e+02   3.87019336e+03   2.51764450e+02   5.26164055e+01
   1.17127638e+01   5.49670532e+02   9.68659210e+00   2.97208789e+03
   2.91779470e+00   9.84464417e+02   3.57573247e+00   4.86050148e+01
   0.00000000e+00   1.01677742e+02   2.13825989e+02   1.60197778e+03
   1.86179108e+02   4.58765259e+01   7.58890009e+00   1.49719963e+01
   1.19178213e+04   2.48779404e+02   1.27208115e+04   1.23679749e+02
   1.49643213e+04   3.66143829e+02   0.00000000e+00   3.98690826e+02
   8.69186133e+03   1.30814242e+00   2.68657300e+03   6.00132790e+01
   6.95404236e+02   1.38062572e+01   2.31002274e+01   0.00000000e+00
   1.15816248e+03   1.54408447e+03   0.00000000e+00   2.20383606e+02
   6.35779476e+00   2.51143074e+00   4.16060448e+00   2.48969452e+02
   2.24239722e+03   6.37560889e+03   2.38468361e+01   3.91125262e-01
   1.79283630e+03   6.14775940e+02   5.89370079e+01   8.51430969e+01
   0.00000000e+00   4.47801971e+02   1.44576197e+01   4.35102320e+00
   2.07433414e+01   4.45960617e+00   4.62690086e+01   1.83711815e+00
   9.09090958e+01   7.80339172e+02   4.98965179e+02   5.86719360e+02
   0.00000000e+00   8.48215942e+01   5.13802307e+02   5.30606003e+01
   7.95039893e+03   1.51492050e+02   5.93633041e+01   2.00149078e+02
   2.44517798e+03   5.01321678e+01   3.01475792e+01   4.66656689e+03
   1.17316980e+01   3.42988276e+00   9.70629044e+01   8.81720006e-01
   1.19885092e+01   1.70985832e+01   4.30158806e+00   7.04521484e+01
   1.03181099e+02   7.14651299e+00   9.12396927e+01   2.21052051e+00
   7.53905151e+02   1.61080322e+01   5.56735897e+00   1.10830154e+01
   1.84191483e+02   5.62095871e+01   1.52933613e+04   6.84366699e+02
   1.46976221e+03   8.49790039e+03   0.00000000e+00   3.13824414e+03
   5.00917328e+02   4.02291846e+03   1.42781055e+00   4.63555566e+03
   2.11959286e+01   1.03159399e+03   3.71467133e+01   2.45894279e+01
   8.66516647e+01   1.39383278e+01   1.92434341e+02   0.00000000e+00
   1.89223232e+01   3.19250562e+03   0.00000000e+00   1.42623584e+03
   3.13950226e+02   8.69886719e+03   2.77780991e+01   2.87157707e+01
   5.31840967e+03   1.45392242e+02   6.62288666e+01   7.78981781e+01
   2.46098193e+03   8.23606262e+02   5.75765259e+02   3.62680695e+02
   7.42340775e+01   3.09442603e+03   4.91983545e+03   5.72237109e+03
   1.09456720e+01   1.43515723e+04   9.39188194e+00   2.58013630e+01
   3.98959885e+01   2.68559418e+01   1.19108337e+03   2.89930884e+03
   0.00000000e+00   1.78478406e+03   4.09006592e+03   1.15073584e+03
   0.00000000e+00   1.69164491e+00   3.26578735e+02   3.31797778e+03
   4.34135742e+02   3.13131027e+01   1.63065758e+01   7.32255783e+01
   8.81886444e+01   1.70590378e+02   3.33478333e+02   3.72036695e+00
   6.81853906e+03   9.17736816e+03   2.58720446e+00   3.86181140e+00
   1.55222285e+00   5.75768250e+02   1.15105049e+02   3.83700775e+02
   7.64448166e+01   8.34167053e+02   2.48821777e+03   8.38479462e+01
   1.40929184e+02   8.01878076e+03   2.74586415e+00   8.03300415e+02
   0.00000000e+00   1.41725781e+04   1.16174744e+02   1.66412961e+00
   7.91813433e-01   3.41539734e+02   7.42776953e+03   4.68673587e-01
   0.00000000e+00   6.42682419e+01   1.06764326e+04   2.21235871e+00
   1.13703470e+01   8.76747971e+01   6.76182709e+01   1.60810791e+03
   1.09986304e+03   4.79086304e+01   3.22966075e+00   6.49318213e+03
   9.63297806e+01   9.17550888e+01   0.00000000e+00   0.00000000e+00
   1.06036890e+00   4.71358490e+00   2.90696812e+00   1.96214648e+03
   2.51559180e+03   1.05634132e+02   4.36370420e+00   2.16305444e+03
   1.02411776e+01   1.42260039e+04   5.41071143e+03   5.14083786e+01
   2.70544116e+03   4.44450760e+01   6.49972229e+01   1.86430001e+00
   4.97153549e+01   5.49321167e+02   1.07859551e+04   1.64801239e+02
   1.06293402e+01   1.71779190e+02   1.11316089e+03   3.75880508e+01
   2.22132540e+00   1.42207947e+01   5.96584396e+01   3.23095630e+03
   1.15585303e+03   4.40231873e+02   0.00000000e+00   1.02767777e+00
   1.11799110e+02   1.53806244e+02   1.48823051e+01   5.74777126e+00
   4.14045685e+02   3.91132019e+02   7.30034814e+03   2.41667062e-01
   2.28366699e+02   8.46684456e-01   6.82154465e+01   5.06592095e-01
   9.90210645e+03   3.31464052e-01   1.11159141e+04   1.70477219e+01
   2.60652790e+01   0.00000000e+00   1.05497065e+01   8.05918408e+03
   4.23760693e+03   3.98094263e+03   9.38550110e+02   3.85608063e+01
   1.38888513e+03   3.79311523e+01   5.97773266e+00   1.84361572e+02
   6.82757141e+02   0.00000000e+00   2.71097603e+01   5.27596321e+01
   2.08998032e+02   3.50563431e+01   2.17953091e+01   3.39824707e+03
   8.33553848e+01   8.17194275e+02   2.34533218e+02   3.17163379e+03
   1.10997766e+03   4.11429883e+03   5.47151270e+03   7.41839523e+01
   1.47755920e+03   5.54820156e+00   1.61523422e+02   2.91050720e+00
   2.94372632e+03   8.12657550e-03   3.35807812e+03   6.20943184e+01
   1.52359851e+03   6.82091370e+01   1.52014723e+01   2.02884054e+00
   3.99239453e+03   1.74542561e+01   0.00000000e+00   9.71942215e+01
   6.32622607e+03   6.41861475e+03   5.37479102e+03   7.20099335e+01
   2.42154408e+01   1.76121438e+00   5.83113632e+01   1.87051743e+02
   4.29099152e+02   4.04493980e+01   0.00000000e+00   2.96348999e+02
   1.29526520e+02   0.00000000e+00   4.53834381e+02   5.60078711e+03
   6.83966017e+00   2.07172577e+02   3.68272858e+01   8.88432007e+01
   3.21887755e+00   4.99305649e+01   1.12764988e+01   2.27700150e+02
   1.13614021e+02   1.72158594e+04   4.33527184e+01   6.33727100e+03
   6.51342163e+02   4.17462061e+03   2.16205493e+03   5.40334473e+01
   3.24071924e+03   3.10386566e+02   5.56855164e+02   7.92125854e+01
   1.56881046e+01   1.67070973e+00   9.22238235e+01   8.31902390e+01
   0.00000000e+00   4.71918983e+01   2.58205963e+02   1.34685928e+02
   1.79246887e+02   1.13441345e+03   7.62026709e+03   3.01220264e+01
   1.83570206e+02   6.51870270e+01   2.42936554e+02   1.57216740e+01
   4.19573517e+01   9.35058301e+03   4.25159035e+01   7.23431091e+01
   1.95549355e+01   5.31058411e+02   3.90683374e+03   1.44970367e+02
   7.66493848e+03   2.73426170e+01   2.10602975e+00   2.63529587e+01
   1.95093672e+04   1.15827551e+03   1.23000122e+02   3.10396767e+00
   5.33636841e+02   3.45228821e+02   4.83758879e+00   4.68546219e+01
   8.14403629e+00   5.47551697e+02   2.86588794e+03   6.98395309e+01
   7.61342392e+01   2.40533203e+03   7.15747620e+02   8.45071564e+01
   1.08581940e+02   6.71429260e+02   1.28895000e+04   9.06998825e+01
   3.04425259e+01   2.54736843e+01   3.65675812e+01   2.72577606e+02
   5.51121559e+01   3.77020493e+01   9.05651953e+03   7.67559619e+03
   1.24250029e+04   3.04779673e+00   2.66530579e+02   1.19073662e+02
   4.80391895e+03   1.27087307e+00   7.54170654e+02   3.32279327e+02
   1.24536613e+02   1.20523018e+04   1.19120384e+02   2.39609570e+03
   5.38009763e-01   4.17088745e+02   7.84173431e+01   8.19145050e+01
   6.13159619e+03   1.72698479e+01   1.42197037e+02   7.55535507e+00
   1.58030140e+00   4.13365417e+02   2.60528656e+02   1.22012081e+01
   1.49454025e+02   4.91681348e+03   0.00000000e+00   1.18658875e+03
   2.73014160e+02   2.18106766e+02   6.70128613e+03   4.47261230e+02
   5.64021045e+03   7.27312256e+02   1.55599762e+02   9.26371689e+01
   2.12472782e+01   1.25341846e+03   1.66597458e+02   9.48281543e+03
   3.74094353e+01   3.99604034e+01   9.68048763e+00   6.77885010e+03
   1.39711945e+02   1.44911842e+01   4.18466721e+01   0.00000000e+00
   3.72598071e+03   3.11376862e+02   6.72945862e+02   5.91036182e+03
   1.77798233e+02   1.57978622e+02   2.35548608e+03   4.09226318e+03
   7.61522102e+00   3.64507153e+03   1.17097979e+01   4.23526642e+02
   0.00000000e+00   9.22703516e+03   6.01204824e+00   1.85735428e+02]
[  6.39935074e+01   4.79147186e+02   4.26876717e+01   2.92135620e+02
   1.04106781e+02   1.29481116e+03   1.05735847e+02   2.27665100e+02
   2.67094841e+01   2.24360065e+01   1.25868860e+03   2.07926929e+03
   4.56217041e+03   2.84445221e+02   3.50332642e+03   4.50310150e+02
   1.77919235e+01   2.19307693e+02   1.28081128e+03   3.72901093e+02
   7.09910812e+01   1.80649643e+01   3.97618994e+03   7.23856277e+01
   1.58035248e+02   6.05814514e+01   5.43964691e+01   3.83395119e+01
   4.95206543e+03   1.86595936e+01   5.82005405e+00   2.66107998e+01
   4.48203760e+03   9.31249847e+01   2.20103951e+01   1.84013660e+03
   5.27580371e+03   3.06654072e+01   4.98780817e-01   1.60059973e+03
   7.71773242e+03   5.85147400e+02   2.29648852e+00   3.65892947e-01
   9.23423004e+00   7.17520081e+02   5.97000098e+03   6.88054123e+01
   4.58428116e+01   6.05632744e+01   6.26773643e+01   8.57890244e+01
   2.12515894e+03   6.01346558e+02   6.92742859e+02   4.78886426e+03
   2.88604813e+01   1.68140335e+01   2.11738232e+03   5.04192383e+03
   2.32611304e+03   2.29389191e+02   8.09348877e+03   2.62217069e+00
   1.61798346e+00   3.46181732e+02   1.06785675e+02   1.32523132e+02
   2.31590900e+01   1.73491614e+03   3.67261206e+03   1.42457861e+03
   6.28679321e+02   7.45043182e+01   8.67161865e+01   1.43880664e+03
   7.09342422e+01   9.60074768e+02   4.88854053e+03   1.15665426e+01
   1.98925610e+01   8.72565079e+01   3.30587646e+03   1.59291773e+01
   9.34278625e+02   4.43454443e+03   1.21246780e+02   1.25917122e+02
   4.95496289e+03   6.83169861e+02   1.77373566e+02   2.47385071e+02
   0.00000000e+00   3.02516577e+03   3.90631332e+01   2.24578896e+01
   2.70667572e+02   4.07904297e+03   8.35476913e+01   8.95721054e+01
   5.29668236e+01   3.39014702e+01   9.09402390e+01   1.00791512e+01
   2.91568726e+03   0.00000000e+00   1.52666901e+02   5.75066943e+03
   3.86316553e+03   1.61888596e+02   6.37050720e+02   1.57403755e+01
   3.06651514e+03   2.01741296e+03   4.05705933e+02   1.20270185e-01
   1.51214355e+02   1.86161366e+01   3.36133716e+03   6.02875443e+01
   5.63055725e+01   3.22211011e+03   1.18083382e+00   6.54730682e+01
   3.69239464e+01   4.23937500e+02   8.43913574e+01   1.00734442e+03
   4.89380078e+03   1.62202609e+00   1.12205170e+02   2.43333545e+03
   1.24664771e+03   8.13805389e+00   9.39425195e+03   5.33295822e+00
   1.85107231e+01   4.82951630e+02   6.45010452e+01   3.54868746e+00
   4.11989111e+03   0.00000000e+00   7.93528687e+02   9.00277710e+01
   2.08841492e+02   1.30404968e+01   2.98398161e+00   1.26110573e+01
   1.81674826e+00   5.78246948e+02   4.23676777e+00   1.39950439e+03
   2.77138550e+02   3.16182031e+03   2.12211655e+02   1.42128113e+03
   1.66742358e+03   4.07187605e+00   1.93695605e+03   4.24985565e+02
   1.18589783e+03   2.70357788e+03   1.07105017e+01   7.08587952e+02
   4.95048535e+03   8.24951477e+02   2.87091858e+02   2.59802380e+01
   1.28854284e+01   1.58022327e+03   5.82507263e+02   7.52193689e-01
   2.38640579e+02   3.31205988e+00   5.29200745e+01   6.90912437e+00
   4.05236340e+00   4.14086621e+03   8.31503906e+02   2.20951004e+01
   1.04851196e+02   4.23555794e+01   9.29874611e+00   6.21192589e+01
   4.59213721e+03   2.35784626e+00   4.90535393e+01   7.55188823e-01
   7.95309305e+00   3.94058228e+01   8.09240818e+00   2.14603668e+02
   6.58493137e+00   1.47577576e+02   6.07425293e+02   1.03056995e+03
   1.38058014e+02   6.56510696e+01   3.42032814e+01   1.50562296e+01
   2.12511024e+01   1.85296280e+02   1.77335148e+01   1.06855974e+01
   4.39985657e+01   2.38510590e+01   3.08063164e+01   2.39910919e+02
   6.07695999e+01   1.91324219e+02   3.71811523e+03   1.42684906e+02
   1.34998679e+00   4.02007723e+00   9.47828827e+01   1.12126060e+02
   4.00936966e+01   7.03384155e+02   2.97152344e+02   7.86688614e+01
   3.03104919e+02   1.04472900e+03   1.49173981e+02   2.85195239e+03
   5.95346451e+01   1.04257378e+02   3.15273535e+03   6.43813477e+02
   3.97931323e+03   5.45896631e+03   3.90810205e+03   6.49784317e+01
   0.00000000e+00   9.68238144e+01   1.89810455e+02   1.76261145e+03
   2.26519849e+03   7.49221468e+00   2.81921997e+03   9.50103394e+02
   1.87611694e+01   1.06856071e+02   4.80785889e+02   2.47318834e-01
   5.93757812e+02   8.94923645e+02   4.24564514e+02   0.00000000e+00
   4.02670837e+02   1.30179596e+00   1.21428180e+00   4.50811218e+02
   3.15828223e+03   1.60592937e+00   7.37017298e+00   5.80094824e+03
   4.94712710e-01   2.92296753e+02   9.08607330e+01   4.12219658e+01
   4.65562109e+03   5.76258004e-01   7.34173730e+03   7.94393234e+01
   3.30522132e+00   1.19678528e+02   4.86725281e+02   1.67377747e+03
   5.98504677e+01   6.11023071e+02   1.45869659e+02   4.95118469e+02
   0.00000000e+00   4.04258341e-01   7.03905945e+01   1.64343887e+02
   4.58951340e+01   9.87207031e+01   1.11243408e+03   1.13797168e+03
   9.11513615e+00   1.05416557e+02   4.47523730e+03   1.27336836e+01
   2.25404406e+00   3.02161890e+03   1.67816162e+02   1.84886768e-01
   4.95450342e+03   4.79133530e+01   4.78468781e+01   1.70817125e+00
   5.36292542e+02   2.83783966e+02   5.88843213e+03   7.00815735e+01
   1.61154529e+03   1.83175095e+02   9.96597595e+01   3.83026917e+02
   4.90983936e+03   1.27222607e+03   4.14511251e+00   8.01928282e-01
   4.93993750e+03   2.62679517e+03   7.89110742e+03   3.18796082e+02
   7.63980246e+00   3.40652802e+02   5.45276672e+02   3.78009125e+02
   3.23336387e+00   6.98222580e+01   6.92129898e+01   8.68982483e+02
   1.08998328e+03   1.18895004e+02   5.14932190e+02   2.38703537e+00
   3.48464966e+00   3.14054517e+03   4.27182808e+01   4.95970264e+03
   7.60755005e+01   1.70151642e+02   2.85984222e+02   5.40720105e-01
   2.66662693e+00   8.16550476e+02   1.03854966e+00   1.38584023e+01
   8.79758682e+01   1.09231682e+02   1.36348474e+03   3.82284355e+01
   1.80251294e+03   3.68818634e+02   1.15989502e+03   3.31675049e+03
   3.03827344e+03   1.43785791e+03   1.53199036e+03   1.10442698e+00
   1.55001511e+02   1.22948071e+03   1.49072717e+03   8.67722855e+01
   1.52316406e+02   4.85021924e+03   3.76144147e+00   3.08119655e-01
   4.73111523e+03   8.53780975e+01   2.05749219e+03   2.54307914e+00
   2.57796558e+03   4.70073578e+02   1.87456985e+02   7.58306351e+01
   5.82802773e+01   1.52389965e+01   2.22519424e+02   1.40545361e+03
   1.42142627e+03   2.57123775e+01   1.18655670e+02   7.47460709e+01
   3.14623222e+01   1.56057596e+01   6.77139990e+03   7.11931169e-01
   5.73149048e+02   1.68814648e+03   0.00000000e+00   4.01413696e+02
   2.14201758e+03   1.04563057e+04   1.64858231e+02   1.20794958e+03
   8.20537048e+02   2.13525925e+01   1.65342010e+02   1.74559326e+01
   2.16024323e+02   1.33838287e+02   5.34501419e+01   3.35263000e+02
   2.66991772e+03   4.92756386e+01   8.84907617e+03   8.49334793e+01
   8.70990417e+02   5.30899963e+01   2.31594443e+00   1.20203423e+02
   1.98377609e+01   5.59884155e+02   3.80558319e+02   3.08981567e+02
   2.56917651e+03   1.62233032e+02   7.19537201e+01   4.98104150e+03
   3.17678296e+03   3.05250610e+02   5.22968567e+02   6.46203613e+00
   9.64272308e+01   8.03058105e+03   8.51089401e+01   1.93656714e+03
   1.38217224e+02   7.57867050e+00   1.43981266e+01   0.00000000e+00
   7.48710083e+02   3.41319629e+03   1.39942749e+03   3.46078931e+03
   3.49993629e+01   4.35671844e+01   3.85058319e+02   4.05722596e-02
   5.87681923e+01   2.69239388e+01   2.30575775e+02   3.70601855e+03
   8.49989258e+02   1.06733569e+03   1.04937139e+04   2.89606552e+01
   1.37927414e+02   2.38746045e+03   5.38528900e+01   2.27666916e+02
   2.04652209e+03   3.00248470e+01   2.93610596e+02   4.90361481e+02
   3.62090569e+01   1.60304031e+01   1.19868263e+02   1.82431503e+02
   1.23081528e+02   1.35334686e+02   7.84964142e+01   2.00088787e+00
   5.86603394e+01   2.99652519e+01   2.72733402e+00   2.19220947e+03
   9.78002930e+03   2.81671289e+03   6.91720734e+01   5.50842041e+02
   1.12412803e+04   2.20198517e+02   1.53920447e+03   7.00040007e+00
   4.58516235e+02   1.61514496e+02   5.57386894e+01   1.45660257e+00
   1.25436047e+03   1.10699121e+03   7.60612564e+01   7.65250635e+03
   5.91839355e+03   6.89019043e+02   0.00000000e+00   7.75448837e+01
   1.24561691e+01   6.57964722e+02   5.35433311e+01   1.29690515e+03
   1.23713737e+02   5.69007206e+00   1.72858620e+01   2.03452635e+00
   1.47540710e+02   1.37595239e+03   1.36906570e+02   1.04598804e+03
   8.91639786e+01   5.78111553e+00   5.27152328e+01   1.06895000e+04
   4.36482697e+01   9.73074722e+01   4.98068298e+02   2.37177808e+03
   4.95801210e-01   1.11498028e-01   5.06880737e+02   9.43746109e+01
   1.14750156e+01   1.45131787e+03   7.27052673e+02   3.42852222e+03
   9.41867065e+02   9.16454849e+01   2.84417358e+02   4.92407812e+03
   1.54387802e+02   0.00000000e+00   2.36575790e+02   5.55172217e+03
   1.31294342e+02   2.69474030e+02   1.11223297e+02   5.82785400e+03]
[  4.94857971e+02   4.42499771e+01   1.66959047e+00   8.03132439e+00
   1.29589443e+01   1.60573535e+03   8.76844711e+01   8.23915405e+01
   4.09668922e+00   5.74933228e+02   2.50392838e+01   1.37537521e+02
   5.26324402e+02   1.26204382e+03   4.53580902e+02   0.00000000e+00
   4.99644203e+01   4.69674713e+02   1.02012680e+02   2.24854898e+00
   5.99047585e+01   5.16733900e-02   9.49693375e+01   1.43148486e+03
   0.00000000e+00   6.48736715e+00   3.71586704e+00   3.91984596e+01
   2.08052826e+01   8.54582214e+01   2.34645004e+01   3.95849538e+00
   1.43876221e+02   2.05007973e+01   2.81072217e+03   1.91616724e+03
   5.12217827e+01   1.25974866e+03   1.03208481e+02   6.78993683e+01
   6.66724110e+00   3.57527466e+01   5.96810760e+01   9.01315918e+01
   5.04685736e+00   1.26692711e+02   6.22142944e+02   8.51453900e-01
   9.50776443e+01   3.96049538e+01   1.88092615e+03   0.00000000e+00
   1.66007061e+01   5.56783600e+01   0.00000000e+00   1.98498550e+02
   6.91706133e+00   3.26871185e+01   2.67034637e+02   3.64352509e+02
   2.47703457e+01   5.91282272e+01   1.05668182e+02   5.68427124e+01
   1.20442591e+01   1.79742413e+01   2.75690948e+02   2.48207359e+01
   1.06179533e+01   1.24832306e+01   3.73748970e+01   2.07236816e+03
   2.18668270e+01   1.42081406e+04   2.25358643e+03   9.64927483e+00
   1.48263321e+01   1.84108887e+01   5.95242615e+01   8.25912762e+00
   7.77391205e+01   4.97573128e+01   7.94473648e+00   1.88859673e+01
   2.75625534e+01   2.52340585e-01   1.13959656e+03   2.16366310e+01
   1.89732391e+02   1.63486347e+01   1.00099724e+02   4.99288750e+01
   1.62041721e+01   4.13224731e+02   2.12614014e+02   3.75188026e+01
   4.95226250e+01   9.29344559e+01   6.83502350e+01   1.14459846e+02
   0.00000000e+00   3.05489235e+01   8.80213852e+01   4.35923157e+01
   2.61098194e+01   2.75031281e+01   6.85286951e+00   2.24005225e+03
   4.63023224e+01   3.27853179e+00   1.10318958e+03   1.07199020e+01
   1.11506109e+01   1.40904160e+02   2.94931829e-01   5.34772098e-01
   1.00007629e+01   3.88373413e+01   3.61784937e+03   2.37998462e+00
   2.54384430e+02   6.74761629e+00   1.42854033e+01   1.43095932e+01
   3.80530655e-01   1.70137793e+04   7.26044536e-01   2.72996407e+01
   1.02657983e+03   1.43520844e+02   3.94493065e+01   1.84200348e+02
   1.40675018e+02   5.12075186e+00   3.89714429e+03   5.85770798e+00
   2.75957632e+00   7.25707722e+00   1.84820447e+03   1.13085785e+01
   1.73313026e+01   9.00986450e+02   5.76844931e+00   8.27470337e+02
   8.55591774e+00   9.94000473e+01   8.79913998e+00   1.61266129e+02
   1.23660327e+03   1.34210863e+01   6.32910967e+00   4.01693817e+02
   1.02211599e+01   2.84145489e+01   9.14432190e+02   6.84604416e+01
   5.49353943e+01   0.00000000e+00   2.19892349e+01   1.61894312e+03
   6.73685645e+03   4.08882520e+03   2.05841827e+01   2.05232410e+01
   5.79061241e+01   3.90758324e+01   5.76001358e+01   3.24357491e+01
   7.08945036e+00   1.03433905e+01   2.12324875e+02   1.47421920e+00
   6.78244352e+00   7.67339783e+02   4.86804428e+01   1.16413910e+02
   4.08027840e+01   2.04030266e+01   3.67822418e+01   1.57550464e+03
   1.13002356e+03   1.17478333e+02   1.08409656e+03   5.37277344e+02
   4.42177010e+01   1.00412262e+02   1.45331478e+00   6.78182888e+00
   9.14277191e+01   9.95122452e+01   6.34412537e+01   5.53786659e+00
   6.96762354e+03   3.70518494e+01   4.59465885e+00   2.70758915e+01
   3.34854736e+01   6.27097664e+01   8.25422516e+01   1.32706152e+03
   3.95155869e+01   4.39232588e+00   1.00162128e+03   3.42990837e+01
   1.46312500e+02   1.47997427e+01   1.91969836e+03   7.60827923e+00
   4.81347351e+01   1.76147964e+02   9.54101105e+01   2.23623562e+00
   4.10641968e+02   5.06385307e+01   1.37159958e+02   3.80400055e+02
   0.00000000e+00   1.15202950e+02   4.23729248e+03   4.35586212e+02
   0.00000000e+00   9.19721985e+00   5.95111609e+00   1.19272766e+01
   7.25276718e+01   1.66496069e+03   1.21390694e+02   5.24015999e+01
   6.13673782e+00   7.29178619e+01   2.40595589e+01   1.51383643e+03
   1.32578516e+03   1.80301392e+03   0.00000000e+00   2.33421788e-01
   1.05935219e+02   3.59247290e+03   3.80038306e+03   2.48468208e+01
   3.60665016e+01   4.96017609e+01   8.77149506e+01   0.00000000e+00
   2.71248188e+01   0.00000000e+00   1.24965686e+03   4.00437951e-01
   1.56017471e+02   5.33515472e+01   1.04251294e+03   5.01281548e+01
   1.40531559e+01   1.05614539e+03   1.27838599e+03   2.95361958e+01
   5.39117432e+01   5.12560425e+01   2.53449780e+03   1.21942955e+02
   2.17024994e+02   6.18851185e+00   9.13332886e+02   2.27843895e+01
   4.10347672e+01   0.00000000e+00   1.05928047e+02   1.59256611e+01
   1.64018548e+00   3.89720421e+01   3.80328296e+03   3.09087616e+02
   8.49482880e+01   2.55983281e+00   6.78036118e+01   9.99687805e+01
   3.41770752e+02   2.61350040e+01   1.15793676e+01   1.32179332e+00
   8.23893311e+02   2.04556488e+02   6.21235161e+01   1.03624927e+03
   3.16195965e+01   5.25421476e+00   1.61639462e+01   5.55891800e+01
   1.02676559e+02   4.17491760e+01   1.85259875e+03   2.54090405e+01
   2.94739857e+01   7.85799866e+01   4.03208389e+01   7.43378113e+02
   1.49762325e+01   1.12217834e+03   8.06661148e+01   7.26500342e+03
   3.12834442e+02   3.02708759e+01   2.84926562e+03   4.84736816e+02
   1.80757568e+02   2.74265839e+02   2.95886593e+01   3.70180817e+02
   5.79673538e+01   1.31187317e+02   1.72745585e-01   9.10929108e+00
   2.30876236e+01   6.33851013e+01   2.50381055e+03   2.59191589e+01
   2.43069409e+03   0.00000000e+00   2.14278784e+03   9.50508804e+01
   4.23320801e+02   5.39918442e+01   1.04626251e+02   2.22528839e+02
   1.39126770e+02   7.38768463e+01   3.10627317e+00   1.06046654e+02
   2.63009605e+01   3.42646179e+01   2.55538709e-02   9.59610748e+00
   0.00000000e+00   3.10700714e+02   2.00625553e+01   8.98311218e+02
   3.25359702e+00   1.02091606e+02   3.36471100e+01   6.62343750e+02
   6.10587082e+01   0.00000000e+00   1.06982315e+02   1.31099882e+01
   0.00000000e+00   2.21486211e+00   8.39666595e+01   9.46534252e+00
   1.22593460e+01   2.77981186e+01   2.14944717e+02   1.59511375e+01
   4.36048239e-01   1.64085617e+02   2.41181316e+01   6.68512891e+03
   1.32227402e+02   9.11805267e+01   8.07831955e+01   3.40586052e+01
   3.57669652e-01   1.69611832e+02   2.86936432e+02   1.09834213e+02
   1.89331665e+03   2.35331707e+01   3.59931793e+01   5.08679199e+00
   8.88371658e+01   1.58832884e+01   8.62990990e-02   1.32412451e+03
   2.38097363e+01   0.00000000e+00   9.82117558e+00   6.53352308e+00
   1.95978516e+03   5.26394939e+00   1.64163704e+01   6.09448099e+00
   2.08763103e+01   3.06531567e+03   1.71624353e+03   0.00000000e+00
   8.15611938e+02   7.38572311e+01   2.20863266e+01   4.85113764e+00
   2.91339855e+01   0.00000000e+00   3.27928760e+03   6.40281601e+01
   2.00836243e+02   1.14716431e+02   1.35509692e+03   5.20738770e+02
   4.04293671e+02   4.62681389e+01   5.80125084e+01   1.88234973e+03
   2.89574799e+02   1.30520000e+01   5.67671728e+00   1.56676495e+00
   1.46590637e+02   2.13979395e+03   3.52843628e+01   5.78681068e+01
   8.59038620e+01   1.19169060e+02   1.40114368e+03   6.17049683e+02
   1.04252748e+01   1.64923169e+03   5.15114075e+02   0.00000000e+00
   3.57293053e+01   8.04672623e+00   1.64874463e+03   5.07150192e+01
   7.20261963e+02   1.19377518e+01   1.35259415e+02   7.27246475e+00
   3.86890144e+01   1.72646033e+03   2.38126740e+02   3.91767311e+01
   1.30824727e+04   1.73812103e+02   6.02623215e+01   5.51320457e+01
   6.76257019e+01   1.08063000e+03   1.09153137e+02   1.69935913e+03
   1.58743262e+03   6.23316917e+01   5.31555405e+01   8.46749039e+01
   3.01533294e+00   1.97976465e+03   9.84209061e+01   9.85707397e+01
   3.33876991e+01   6.29272308e+01   7.70899951e-02   7.34310455e+01
   1.89972382e+01   3.20948887e+00   1.22088623e+01   1.99902935e+01
   3.13900828e+00   1.70423767e+02   4.09522095e+01   3.83514038e+03
   5.61320648e+01   3.47993799e+03   1.61282043e+02   4.38627243e+01
   6.14916229e+01   7.73289917e+02   3.90730743e+01   3.20950661e+01
   1.14723926e+03   2.46087646e+00   2.07151465e+03   1.69887421e+02
   1.17609482e+01   2.69225464e+01   1.11441269e+02   7.46708527e+01
   1.30691260e+03   1.99541125e+03   5.22412224e+01   2.12336670e+03
   1.04854536e+00   8.36071000e-02   1.11678400e+01   1.21543097e+00
   1.01067139e+02   4.02923508e+01   1.62584033e+03   0.00000000e+00
   8.61351242e+01   1.69127941e+01   7.54137344e+01   2.67584888e+03
   1.71267077e-01   1.03750236e-01   1.73134270e+01   1.26624802e+02
   3.96764183e+00   1.32361157e+03   5.45494690e+02   1.27539893e+03
   8.79337585e+02   4.09568756e+02   7.29666367e+01   2.13236904e+01
   2.54620239e+03   6.11221647e+00   4.10327435e+00   3.04252222e+03
   1.47637054e+02   2.11223846e+02   1.37680521e+01   3.99589874e+02
   2.74397681e+03   1.38003430e+03   1.04619702e+03   9.16487503e+00]
