bicycle
car
motorbike
person
[ 10781966.      17470726.      29569066.      19479038.      32196736.
  15666281.       6897213.5      1968200.25    19115730.      10809162.
  14191190.      15179927.       2942959.75     5985455.       8057309.
  10782786.       7452612.       3727819.5     37733940.       8407597.
   8379989.       8107482.       6693838.      13928791.       1200075.875
  16557102.      11562622.       9400196.       1773290.625    9528138.
  18224530.      10192233.      31553672.        753227.0625  25954542.
   6535370.       6927366.       1761815.      15424427.       1538127.75
  14333554.       4145993.25    31110644.      36643608.      19410970.
  19666910.       8315428.5      6043796.5       499399.375   19215720.
  32594554.       4832667.       9867114.       8310506.5      7828023.
  13296795.      22871686.        801784.0625  17433012.       3460700.25
  12458173.       4872153.      19308340.        796442.375 ]
[  2.74944260e+07   1.05085250e+07   1.48254330e+07   4.27546211e+04
   8.68274300e+06   5.14617000e+06   1.39776970e+07   2.46317188e+03
   9.81744200e+06   8.94803600e+06   2.07021480e+07   2.46186780e+07
   1.19425625e+04   2.37569719e+05   1.39619540e+07   1.16913320e+07
   5.91679500e+06   2.69845160e+07   2.99439500e+07   3.06364950e+06
   8.61963125e+04   3.64340120e+07   1.93487594e+05   2.64113120e+07
   6.31883906e+04   2.32551680e+07   4.48293450e+06   2.90493938e+05
   1.72109300e+07   2.26233008e+04   8.36657200e+06   3.38566455e+03
   1.72539031e+05   1.44708380e+07   1.53913170e+07   8.58997312e+05
   5.94739414e+04   3.47388025e+06   1.41798980e+07   1.94457720e+07
   1.66367150e+06   1.34063150e+06   7.30616650e+06   8.96682100e+06
   3.99766800e+07   1.86747840e+07   9.19707715e+03   2.35621980e+07
   1.25639010e+07   1.27332055e+05   1.79878140e+07   1.33719630e+07
   3.55266040e+07   9.60833500e+06   5.04337000e+05   1.60048760e+07
   1.39822720e+07   3.40584920e+07   9.72244500e+05   1.59545830e+07
   1.73344060e+07   2.51653540e+03   1.29751370e+07   3.53574720e+07]
[  1.42412288e+06   7.04971100e+06   1.39399188e+05   1.91496391e+05
   6.28641484e+04   5.90657178e+03   2.21137578e+05   2.50276900e+06
   1.45097764e+04   1.12724525e+06   5.33000300e+06   6.62706438e+05
   2.21453050e+06   1.67049488e+06   7.60164795e+03   2.93978750e+04
   1.66063550e+06   6.53190938e+04   5.64209500e+05   5.57698150e+06
   1.05445227e+05   1.85892261e+03   6.99791250e+06   8.57583900e+06
   3.87244500e+06   0.00000000e+00   9.58359438e+05   2.94507500e+06
   7.18846250e+04   4.36040150e+06   1.12053418e+04   8.34469200e+06
   1.75733488e+06   2.18393575e+06   2.88710100e+06   3.68716475e+06
   1.41429662e+06   1.21111820e+07   8.41185438e+05   3.34889492e+04
   4.44634850e+06   5.37007550e+06   1.71509812e+06   7.26173900e+06
   3.94509700e+06   4.06151000e+05   9.41980200e+06   7.32527930e+03
   3.39979094e+05   1.80941891e+05   3.12211094e+05   2.57781680e+04
   2.80133975e+06   7.21240875e+05   1.08557570e+07   5.01067050e+06
   7.67893250e+05   1.87138750e+04   3.84902617e+04   4.56885906e+05
   1.41915612e+06   8.99663800e+06   6.57518000e+06   3.44256825e+06
   1.15831850e+07   9.58128750e+05   8.69608800e+06   3.98078075e+06
   2.53431172e+05   1.97935125e+06   5.27701800e+06   6.29083900e+06
   1.09995025e+06   1.28012756e+02   0.00000000e+00   9.88744375e+05
   4.94240088e+03   4.83077700e+06   4.16124350e+06   4.81825062e+05
   5.84238330e+03   3.64621825e+06   2.72269175e+06   4.33082568e+03
   4.33449550e+06   5.24751250e+06   3.72656575e+06   7.67758281e+04
   3.96404400e+06   4.04171531e+05   5.94850600e+06   4.38755200e+06
   1.62330500e+06   3.51324775e+06   9.87155156e+04   6.81641350e+06
   3.80473145e+03   1.74256600e+06   1.82655047e+05   2.80172876e+03
   3.22760175e+06   1.37371703e+05   5.76430250e+05   1.99580512e+06
   3.64395020e+03   1.47834525e+06   7.95717529e+02   2.65644125e+05
   2.35196975e+06   2.40406469e+05   1.80523262e+04   4.66770200e+06
   7.17682688e+05   5.11572600e+06   5.29405100e+06   3.37899950e+06
   2.30736925e+06   4.96324188e+05   2.54487575e+06   1.77947538e+06
   3.40915450e+06   4.70424400e+06   3.93846844e+05   6.14931750e+06
   6.75394812e+05   4.01299341e+03   1.46567550e+07   1.48978668e+02]
[  2.53463400e+06   2.00049475e+06   1.15745453e+05   0.00000000e+00
   3.50251001e+03   3.35773050e+06   4.36792156e+05   7.78923875e+05
   9.81840600e+06   2.67154775e+06   8.38361800e+06   5.66779400e+06
   1.91529188e+06   4.71941750e+05   2.21164526e+03   1.06492600e+06
   3.41564300e+06   1.96219812e+06   1.49433550e+06   3.59669141e+03
   5.16711750e+06   2.95656975e+06   1.31051800e+06   3.54797070e+04
   1.30613000e+06   2.83274906e+05   5.62492938e+05   4.38902100e+06
   2.01427750e+05   3.29408200e+06   7.06117188e+04   1.12154050e+07
   3.75942025e+06   8.59452312e+05   1.41922888e+06   2.86404400e+06
   3.57032400e+06   9.59123300e+06   8.81565547e+04   6.77475781e+03
   1.12484638e+06   2.32521816e+04   4.35350128e+02   2.92696469e+05
   1.10738575e+06   3.95059750e+06   4.97137050e+06   5.73174400e+06
   1.37906512e+06   1.05570140e+07   2.10035550e+06   3.43460775e+06
   4.72586250e+06   2.10579200e+06   7.26991500e+05   6.59297969e+04
   5.63180250e+06   5.02900039e+04   1.20898901e+03   3.84443225e+06
   2.56060225e+06   4.39744200e+06   5.92356300e+06   2.42111625e+06
   6.48941562e+04   7.59535350e+06   2.11430547e+04   4.03838100e+06
   2.93377150e+06   6.94721200e+06   1.02327531e+06   9.46991000e+06
   5.83134250e+06   4.65171300e+06   1.12869630e+07   1.21398962e+03
   2.58653350e+06   2.34387550e+06   1.20950090e+07   3.10844675e+06
   3.22930150e+06   1.05816406e+04   7.34509950e+06   2.00173925e+06
   3.48098281e+04   4.54234650e+06   3.82500352e+04   3.02742850e+06
   5.78935977e+04   9.33915312e+05   1.03086035e+04   5.91915400e+06
   4.13890000e+05   7.23674900e+06   5.14987500e+05   3.39812650e+06
   3.29956289e+04   4.07916725e+06   2.98643281e+05   1.07806350e+07
   2.33390117e+04   3.41855469e+04   9.58182100e+06   1.36989160e+03
   1.68086289e+04   9.95976500e+06   2.02914988e+06   4.23552000e+06
   7.35955050e+06   4.60384050e+06   2.08430811e+03   3.30181925e+06
   5.71087031e+04   1.76924740e+07   4.29840450e+06   1.14374988e+06
   1.21267350e+06   2.34960250e+06   2.34440356e+03   1.04974773e+05
   9.50161500e+06   9.05782812e+05   3.70809375e+03   3.78380650e+06
   1.86947088e+06   1.05755038e+06   8.92822600e+06   4.36292100e+06]
[  0.00000000e+00   4.74798779e+03   7.73527438e+05   6.88023926e+03
   1.50223242e+03   1.46306482e+03   9.93667908e+02   4.19689274e+00
   1.78172800e+06   5.68660205e+03   1.16563342e+03   3.41319629e+03
   0.00000000e+00   1.18492227e+04   1.92828867e+04   1.08767734e+04
   7.86496016e+04   9.94987875e+05   6.24017944e+02   1.10234305e+05
   3.72921753e+02   4.25156006e+03   3.34228719e+05   1.24334199e+04
   2.31082617e+04   1.46349756e+03   1.40023225e+06   0.00000000e+00
   2.37836987e+03   1.65348797e+05   2.66802998e+01   7.80509338e+02
   0.00000000e+00   1.92492375e+05   3.62809570e+04   1.08338675e+06
   1.29636475e+06   7.49209229e+03   5.95810852e+01   1.62591199e+03
   3.34537012e+03   4.60638519e+02   3.52194043e+03   3.17851844e+05
   3.28248560e+03   1.27840065e+02   5.02101898e+00   5.02875336e+02
   1.43820605e+04   1.02365449e+04   3.73288110e+03   4.08781403e+02
   8.65982188e+05   3.31614125e+05   9.95502853e+00   3.59124072e+03
   4.69701188e+05   7.53223438e+05   1.36998755e+03   0.00000000e+00
   9.21248906e+04   9.35910547e+03   5.14006125e+05   5.49577422e+04
   0.00000000e+00   4.56833374e+02   5.39764282e+02   3.90538910e+02
   3.52820770e+02   6.34847109e+04   1.17491725e+06   1.28890212e+06
   3.79114962e+00   7.26176807e+03   3.46964031e-01   3.36351051e+01
   2.15800366e+03   2.08417719e+05   4.90781312e+05   2.87338438e+05
   2.59522875e+05   8.41823364e+02   3.69148804e+03   1.73396716e+03
   1.43538562e+06   1.71552450e+06   1.27088883e+05   1.42286962e+06
   1.14561883e+05   0.00000000e+00   3.05845996e+03   8.78534180e+03
   3.87398500e+05   1.19107412e+04   0.00000000e+00   1.31893652e+03
   5.24860254e+03   1.21048038e+06   1.34604431e+03   3.48041836e+04
   1.31090405e+03   3.54484297e+04   8.18950938e+05   1.17010648e+05
   2.87230688e+03   1.66968188e+03   1.00942255e+03   1.97827873e+01
   5.30511322e+01   4.13999031e+05   4.66539375e+05   1.68991895e+04
   3.13246765e+01   1.86040784e+03   2.01517012e+04   5.08695117e+03
   1.70681915e+01   4.32118242e+04   7.22402405e+02   1.92885925e+06
   4.38287188e+04   9.77396870e+00   9.09296973e+03   3.42130554e+02
   1.41725024e+03   5.32129375e+05   9.52416565e+02   0.00000000e+00
   3.47550594e+05   5.42830713e+03   8.52091858e+02   5.17598145e+03
   9.22707031e+03   1.07209375e+06   6.58022583e+02   4.05936011e+03
   2.30492950e+06   3.18748375e+05   8.88982812e+03   0.00000000e+00
   5.24394482e+03   1.09975403e+03   2.25293408e+03   6.52691562e+05
   7.34557068e+02   1.31629425e+06   2.08915723e+03   1.00532385e+03
   2.64087969e+05   1.15324646e+02   7.84874695e+02   1.97736865e+03
   1.38636553e+04   2.33372188e+04   4.60675688e+05   4.12496094e+03
   4.68545557e+03   3.20267906e+05   3.62486312e+05   4.49155656e+05
   5.29258057e+02   2.45665254e+04   6.15153562e+05   2.28117407e+03
   8.17512812e+04   2.40140900e+06   1.01924175e+06   2.28669938e+05
   2.58684469e+05   1.36472838e+06   1.14317975e+06   6.28569946e+02
   7.14249658e+03   1.94679641e+05   7.30782666e+03   3.62599023e+03
   1.00519838e+06   1.21951006e+04   1.45628062e+06   7.97628047e+04
   2.05848922e+05   3.39428867e+04   2.25090047e+05   4.71306211e+04
   1.30814893e+04   3.76382812e+03   2.22395332e+04   2.41293887e+04
   4.18635062e+05   5.02019482e+03   3.70907153e+03   1.31784838e+06
   3.27845812e-01   5.61443438e+05   0.00000000e+00   1.56125812e+06
   2.84074146e+03   4.00830969e+05   1.13434025e+06   5.45533250e+05
   5.19188049e+02   9.78436500e+05   1.66508912e+06   5.79267700e+02
   1.56734629e+04   3.79068489e+01   1.64675916e+03   2.47040259e+03
   3.77910614e+02   3.82934719e+05   5.94411375e+05   6.22822812e+05
   1.79771423e+03   1.03344092e+04   2.08459401e+00   1.76689648e+04
   1.04990784e+03   9.97137812e+05   6.87322266e+03   5.36281860e+02
   1.07909839e+03   3.09155396e+03   1.29892896e+03   1.35877234e+05
   7.07553000e+05   0.00000000e+00   2.82180908e+02   3.78419648e+04
   1.40691528e+02   5.64560500e+05   2.92976602e+04   1.42726622e+01
   3.11685844e+05   8.76874939e+02   8.13241938e+05   2.97693909e+02
   1.22173230e+03   1.06989133e+05   4.90128000e+05   2.88907501e+02
   2.33340297e+05   9.66738312e+05   2.07762891e+03   4.67941437e+01
   3.95297891e+04   3.06320044e+03   1.92430688e+03   1.53008032e+03
   6.88072656e+03   4.05630438e+05   3.85786499e+03   8.27922729e+02
   8.78197205e+02   2.74010220e+01   2.83957129e+04   5.12752688e+05]
[  1.06763275e+06   8.67154883e+03   1.76908350e+03   9.21744751e+02
   1.52251925e+06   1.13986175e+06   2.05966406e+05   1.17528160e+02
   9.31843555e+03   6.77557617e+02   7.32396606e+02   3.55211475e+03
   1.13152393e+03   7.22481982e+03   1.10572522e+03   2.76814502e+03
   2.78368688e+00   2.04457016e+02   1.13616475e+06   2.11614746e+04
   0.00000000e+00   1.05472460e+01   8.99580765e+00   2.72438156e+05
   2.91614208e+01   1.85999963e+03   0.00000000e+00   3.72332281e+05
   4.64114111e+03   1.79486008e+01   1.18437383e+05   6.21876367e+03
   6.76007812e+03   9.93025781e+04   2.24577588e+03   9.64586250e+04
   3.36071484e+03   1.91123962e+02   3.09723438e+03   0.00000000e+00
   2.33910516e+05   7.94662207e+03   2.55035327e+03   1.15688220e+03
   1.56634204e+03   4.47515771e+03   2.69068938e+05   4.49765312e+04
   5.59686133e+04   3.38263092e+02   8.53137891e+03   2.28114532e+02
   1.14939758e+03   2.14772900e+03   1.78373359e+05   3.63878625e+05
   3.86317031e+04   4.21133750e+04   1.36366885e+04   2.09957199e+02
   1.57141638e+03   1.50161904e+04   0.00000000e+00   1.48399029e+01
   0.00000000e+00   7.39226016e+04   8.65643828e+04   7.95712280e+01
   2.11502487e+02   5.82473633e+03   7.35638312e+05   5.72162666e+01
   1.78860742e+04   3.08985229e+03   2.55776289e+04   6.29456836e+04
   9.58115547e+04   7.53707715e+03   2.12436270e+04   3.83983438e+05
   3.72054253e+01   5.46750977e+03   0.00000000e+00   1.53708125e+04
   1.14988330e+03   6.37907959e+03   4.76962677e+02   6.64819629e+03
   2.56601416e+03   1.24910098e+04   1.68882207e+04   2.12138281e+03
   1.35923418e+04   4.23601688e+05   3.43367767e+02   3.38248901e+01
   1.23882656e+05   1.37985870e+02   1.48642305e+04   2.70926281e+05
   1.05287610e+03   1.09843535e+04   2.73334812e+05   2.54973431e+01
   8.29248840e+02   7.93852734e+04   1.36932070e+04   2.26104395e+04
   6.13331406e+04   7.96750562e+05   2.92121558e+03   8.05582500e+05
   4.62095184e+01   1.14427002e+03   7.26599503e+01   1.50241724e+03
   5.46059509e+02   4.49112549e+03   4.92941328e+04   9.50726484e+04
   5.17340039e+03   2.37023987e+02   2.17118262e+03   3.51916906e+05
   1.70839050e+03   5.08486404e+01   0.00000000e+00   1.00674619e+04
   1.36988983e+02   1.20956188e+06   3.32419492e+04   5.02227325e+01
   2.38958740e+03   1.05657688e+06   1.79368665e+03   6.02282812e+03
   3.75590649e+03   3.45589312e+05   1.63955603e+03   0.00000000e+00
   4.57183151e+01   7.37770813e+02   4.91185400e+03   1.17386885e+04
   2.24806690e+00   2.19539331e+03   3.84673889e+02   0.00000000e+00
   3.55612946e+02   6.17350403e+02   4.03004341e+01   1.78163906e+04
   5.92341938e+05   1.06244867e+05   1.03237427e+03   1.66037422e+05
   8.72674332e+01   9.70726967e-01   6.18937188e+04   7.66888750e+05
   8.93255762e+03   1.08703345e+03   2.22665332e+03   8.76559830e+00
   4.63481562e+05   0.00000000e+00   1.50424094e+05   1.39674695e+03
   3.52554188e+05   1.14875562e+06   3.15800751e+02   4.41910410e+00
   1.49839172e+03   1.68893000e+05   5.16562625e+05   1.27976440e+03
   6.25587341e+02   4.34752991e+02   2.10594580e+03   6.89340448e+00
   4.38916113e+03   3.07518604e+03   4.70578384e+01   6.17715625e+03
   3.09539843e+00   1.20642615e+03   7.93209766e+04   3.99171802e+03
   3.12441772e+03   1.26916527e+02   2.68929156e+05   9.35831543e+02
   1.80536194e+01   4.06093970e+03   1.25636045e+04   6.50352417e+02
   1.31465596e+04   5.69536768e+03   5.49609812e+05   4.38659019e+01
   0.00000000e+00   4.67091846e+00   6.48700688e+05   1.84795098e+04
   1.61366240e+04   2.76017308e+00   3.89812720e+03   8.20509312e+05
   2.73392637e+04   1.21891525e+06   1.99757278e+00   2.27374951e+03
   3.73082080e+03   1.31972031e+04   1.38435425e+03   1.82250516e+05
   1.12186031e+05   7.44602344e+03   1.59700098e+03   1.77205273e+04
   2.98914673e+03   4.81061084e+03   8.96866943e+02   6.20460327e+02
   0.00000000e+00   1.09851299e+04   1.09057945e+05   3.12378145e+04
   1.65067773e+03   9.06853008e+00   3.55738617e+02   1.50920422e+03
   2.08475422e+05   7.63698364e+02   8.22621500e+05   3.29405469e+03
   5.34404150e+03   4.56827688e+05   0.00000000e+00   2.97098547e-01
   2.25530737e+03   3.17492031e+05   0.00000000e+00   0.00000000e+00
   3.40799255e+02   2.45302544e+01   1.45630066e+03   1.26145288e+03
   3.56333281e+05   2.03954781e+05   2.45610962e+03   1.10760107e+04
   7.44716895e+03   5.39065438e+05   1.15544519e+03   9.66865156e+04]
[  3.36824766e+04   6.45315283e+03   4.09148010e+02   3.33360443e+02
   2.45535766e+05   2.07647363e+03   1.16307180e+05   2.94419556e+02
   3.52660217e+02   6.13452188e+05   2.68079258e+04   8.51070117e+03
   2.13137793e+03   2.76688354e+02   1.20121118e+03   6.01070068e+02
   3.68536568e+00   9.77061234e+01   1.09570131e+01   1.11266675e+03
   6.06551680e+04   5.45210000e+04   7.75193652e+03   8.48294922e+03
   7.06575562e+02   7.42268311e+03   4.37658740e+03   4.26093086e+04
   3.09744336e+04   5.11201250e+05   1.87628647e+02   1.45177578e+04
   2.82778945e+04   7.01564844e+04   1.61608765e+03   2.57923535e+04
   2.77156781e+05   9.34535125e+05   3.59285828e+02   1.14852438e+06
   2.10431576e+01   4.99973480e+02   5.49118604e+03   7.33751641e+04
   4.25785781e+04   3.79136255e+03   7.41862610e+02   4.77013135e+03
   4.21608008e+04   4.56711475e+03   5.28075000e+04   7.14018812e+05
   6.11656113e+01   2.88330889e+00   2.32779587e+02   9.07774597e+02
   1.04598877e+04   9.00268047e+04   0.00000000e+00   5.71228711e+03
   2.32469092e+03   4.65226680e+04   5.70195312e+02   5.08248291e+03
   5.46510107e+03   1.21081621e+04   2.63349243e+03   1.04839004e+04
   1.62130625e+05   2.21015508e+04   4.88692383e+04   4.76887939e+03
   9.09572266e+04   3.37466089e+03   2.52743641e+05   2.03609188e+05
   8.41796172e+04   2.57973496e+04   1.74279980e+04   8.74822754e+02
   6.61974060e+02   6.86749268e+02   2.87408652e+04   1.20358757e+02
   1.91500430e+04   6.27938881e+01   1.91596035e+04   7.56434917e+00
   3.76338120e+01   1.90795093e+03   5.16328247e+02   1.89530884e+02
   3.61399634e+03   2.51274368e+02   7.40251250e+04   8.70484772e+01
   1.42999401e+01   1.65683562e+05   3.54461688e+05   1.48177859e+05
   2.05861266e+05   8.73056875e+04   8.17069214e+02   4.80823029e+02
   2.18709336e+04   1.97767004e+03   3.31905625e+05   2.06280645e+04
   1.38225647e+03   1.62763721e+03   5.05286836e+04   1.33257007e+03
   9.10929492e+03   9.22110474e+02   6.45253113e+02   1.21141039e+05
   7.54615918e+03   8.01347266e+04   1.01859938e+05   4.74910469e+04
   5.09810507e-01   4.84388562e+05   3.02378438e+04   7.52154062e+04
   1.28909242e+05   1.18275610e+03   1.76836445e+04   4.63354492e+00
   1.56637939e+02   5.10966339e+01   1.60764587e+03   1.31017891e+04
   5.01497314e+03   1.61477380e+03   6.73035859e+04   1.95415051e+03
   5.84039209e+03   8.10498750e+04   2.15662363e+04   9.50939453e+02
   0.00000000e+00   1.76092207e+04   4.00297699e+01   4.04847734e+04
   2.55814771e+03   5.25137734e+04   3.65144219e+04   7.28233480e+00
   1.51645062e+05   1.75023584e+03   2.43570288e+03   1.42450254e+04
   6.35959778e+01   2.44522656e+05   2.22232952e+01   5.28145874e+02
   5.43555078e+04   1.68668027e+04   2.41475891e+05   3.38091766e+02
   8.88418091e+02   4.37273682e+02   1.05658906e+04   3.43783691e+03
   1.34071094e+03   1.14013574e+04   1.41249336e+04   5.47077461e+04
   8.82464172e+02   3.80516699e+03   1.73757721e+02   4.79490869e+03
   4.20999414e+03   2.25879712e+03   3.83670898e+04   2.42307324e+03
   1.43966182e+04   8.96337585e+02   1.26852992e+05   2.77323984e+04
   1.63611725e+02   1.45690898e+04   7.06215000e+04   3.20982422e+04
   5.15167148e+04   8.64661255e+01   7.05672422e+04   7.81863525e+02
   2.25876514e+03   3.54801844e+05   1.51832510e+04   4.15404968e+02
   3.45207886e+02   2.18770977e+04   3.30554047e+01   4.32577637e+03
   1.34018037e+04   7.48228271e+03   3.37263242e+04   1.77725141e+05
   6.00481982e+03   3.08344116e+02   1.30687578e+04   7.11910781e+04
   8.11596719e+04   8.03104065e+02   3.40295352e+04   6.44611182e+03
   8.49288594e+04   6.79800391e-01   6.80351562e+03   3.14902466e+03
   9.88878906e+03   6.05906689e+03   4.23137500e+04   2.63277130e+01
   5.92828320e+03   2.47474648e+04   4.88089172e+02   1.71289047e+05
   1.74256250e+04   1.22155872e+03   7.70957642e+02   8.62548145e+03
   4.12640547e+04   0.00000000e+00   1.75380859e+01   8.70538281e+03
   6.22086426e+02   7.91577588e+03   8.29495996e+03   1.19294775e+04
   3.20960144e+02   1.10461025e+04   7.40980500e+05   1.23735127e+04
   1.31408887e+03   1.45664441e+03   6.29438875e+05   1.09637708e+03
   5.03403961e+02   6.80745468e+01   9.83616821e+02   9.35186157e+01
   2.29645117e+04   4.47619156e+05   1.80417213e+01   1.83349972e+01
   4.38253672e+04   9.03929688e+03   0.00000000e+00   2.09761152e+04
   3.01633105e+03   6.87511292e+02   1.84235641e+02   1.13832881e+04]
[  5.50856262e+02   6.27770264e+03   1.83490996e+04   2.35316230e+04
   5.24253906e+02   6.14189492e+04   6.33336365e+02   2.34399097e+03
   1.23688835e+02   2.57199219e+02   2.72086523e+04   6.00512354e+03
   2.61406665e+03   6.68909912e+03   2.85385352e+03   2.40019592e+02
   6.13474219e+03   1.42812217e+04   2.76026875e+04   2.62303979e+03
   5.18689514e+02   8.24661484e+04   3.30465161e+03   2.19877930e+02
   2.87905957e+04   6.17287012e+03   4.07632031e+04   9.38350464e+02
   5.72814922e+04   1.47403613e+04   8.78211328e+03   8.42230000e+04
   5.86978418e+03   9.14298242e+03   1.66724551e+04   8.33565469e+04
   3.68691602e+04   1.39187488e+03   3.49942902e+02   9.68384766e+03
   1.48376884e+01   4.44761289e+04   2.29025586e+04   3.32263086e+04
   4.85580322e+02   1.27356592e+03   1.18444756e+04   1.60241924e+04
   1.06172581e+01   2.41226992e+04   5.55113555e+04   2.19731982e+03
   1.50801582e+01   1.23525566e+04   6.83693115e+03   1.32791592e+04
   2.10200348e+02   7.91165674e+03   2.32031219e+02   4.12874298e+02
   6.25463086e+03   9.30135469e+04   2.47604336e+04   1.56859668e+03
   1.01825225e+04   5.34620264e+03   3.06803314e+02   1.70138489e+02
   1.38498770e+04   2.88299561e+02   2.84674590e+04   1.27088611e+03
   6.08180078e+04   2.11944141e+03   2.04647732e+00   9.29871826e+02
   4.91447784e+02   6.47254610e+00   6.76840234e+04   2.72089766e+04
   5.29326363e+01   6.40899414e+03   3.97341094e+04   6.46299297e+04
   4.32357373e+03   9.69822311e+00   3.96140698e+03   1.74547961e+03
   6.28622539e+04   5.54172812e+04   2.68178906e+03   7.16995850e+01
   6.18899297e+04   1.26508408e+04   7.13362578e+04   1.94499395e+04
   3.81961797e+04   6.73449585e+02   4.52194023e+04   4.02328242e+04
   1.52991943e+04   7.64385147e+01   1.00562453e+05   6.18481836e+03
   1.23456924e+04   2.45653203e+04   2.84069214e+02   6.23339023e+04
   4.32444805e+04   3.10617493e+02   6.44800098e+03   4.01537628e+02
   2.58812842e+03   1.67940979e+01   1.18039726e+02   3.21435625e+04
   0.00000000e+00   3.94234805e+04   1.74138031e+02   1.42310752e+04
   2.58866913e+02   3.86049844e+04   1.89605469e+04   1.65105627e+03
   3.12358105e+03   4.15003555e+04   2.26423096e+03   1.78353027e+04
   3.55406523e+04   3.61124634e+03   5.18898987e+02   2.78921973e+03
   1.14903379e+04   3.74083516e+04   2.00945293e+04   8.62892685e+01
   5.21533691e+03   0.00000000e+00   1.87616791e+02   2.33391500e+00
   2.58778828e+04   4.13462296e+01   1.56185400e+04   1.90459108e+00
   7.90989380e+02   2.46368823e+03   3.38411743e+02   6.68944580e+03
   8.28390045e+01   5.10365088e+03   6.71621953e+04   3.46016162e+03
   7.39533813e+02   7.19019287e+02   1.08714890e+02   0.00000000e+00
   4.38002853e+01   1.90273331e+02   2.91493591e+02   7.22082969e+04
   7.86549658e+03   6.48200073e+02   5.87557275e+03   5.22508698e+01
   2.35651758e+04   4.56556543e+03   4.61186289e+04   4.23357605e+02
   6.48989609e+04   5.22232695e+04   1.74830032e+02   2.36451831e+03
   8.07202197e+03   7.92139038e+02   4.14152812e+04   4.07518906e+04
   1.20872822e+04   6.07981787e+03   4.92114404e+03   2.76717065e+03
   3.04876035e+04   6.26053528e+02   3.57068320e+04   9.59111426e+03
   5.18660693e+03   4.62810977e+04   7.62794219e+04   2.75479346e+03
   9.40759277e+02   2.91133154e+03   4.67414673e+02   1.43509854e+04
   1.06862871e+04   7.75986328e+04   8.28781250e+04   4.86195234e+04
   3.46277734e+04   4.61699365e+03   1.79911055e+04   1.08634497e+03
   5.18092578e+04   6.21464990e+03   2.53343185e+02   4.86690352e+04
   5.48653203e+04   2.50219559e+02   3.34590273e+04   3.46030469e+04
   4.16915474e+01   1.10118546e-01   1.74437085e+03   1.59428024e+02
   1.02178490e+02   2.04354462e+02   2.71527969e+04   4.88418408e+03
   5.29607471e+03   2.49532910e+04   2.68426289e+04   1.27499990e+04
   1.65065605e+04   5.71559219e+04   2.38031372e+02   1.34537041e+00
   2.21906855e+04   4.75690063e+02   2.95141266e+02   1.87208188e+00
   1.67635834e+02   2.36255688e+03   3.07380219e+02   4.87557640e+01
   3.39202578e+04   1.63777197e+04   4.96123398e+04   4.74972314e+03
   4.01351523e+04   4.64786285e+02   4.85120752e+03   2.13708223e+04
   5.73600342e+03   7.26336475e+03   2.03412415e+03   2.76859355e+04
   2.56328888e+02   6.18919844e+04   7.63557471e+03   1.41039246e+02
   1.24515078e+04   1.42729316e+04   8.35155957e+03   6.20815938e+04
   5.99749316e+03   9.08831797e+04   2.59206230e+04   8.35587793e+03
   5.68291523e+04   4.16606262e+02   1.57467178e+02   5.34957305e+04
   4.21543867e+04   6.76668549e+01   1.13544922e+04   1.51806873e+03
   1.15447197e+02   1.65675195e+04   1.18010364e+03   8.53603750e+04
   3.38268828e+04   3.21848633e+02   2.84818478e+01   8.31004028e+02
   2.57747778e+03   1.00421228e+03   6.96165078e+04   2.07198008e+04
   1.09935202e-01   4.64797096e+01   5.62783086e+04   4.10710547e+03
   8.02208126e-01   3.30960449e+02   1.56771318e+04   4.12975781e+04
   7.23099976e+02   2.53475732e+03   3.64487419e+01   2.74318451e+02
   2.95198193e+03   1.06178457e+04   6.28460059e+03   6.87307178e+03
   4.75822930e+04   2.42610059e+04   1.70841250e+04   3.11584424e+03
   9.67177734e+01   8.42945190e+02   5.65058105e+03   3.41678125e+04
   2.67399845e+01   1.25655188e+03   1.13508564e+04   2.84955414e+02
   4.91662231e+02   1.68444180e+04   2.24047998e+03   3.68384979e+02
   4.14385625e+04   1.13746780e+02   2.29922485e+01   7.37635889e+03
   7.52314301e+01   4.36705566e+02   5.32829375e+04   3.50859609e+04
   8.11314636e+02   4.58985508e+04   9.54355957e+03   4.80752686e+03
   3.57874561e+03   1.33348457e+04   7.83514531e+04   5.76485413e+02
   6.78605938e+04   4.64893047e+04   6.62733359e+04   2.33858633e+04
   6.83631787e+03   7.97909851e+02   4.17968516e+04   4.57648828e+03
   3.72063008e+04   4.16579785e+03   3.04178009e+02   2.44204102e+04
   2.95608643e+02   2.41416582e+04   2.85091675e+03   1.35073057e+04
   6.46099648e+04   1.28403638e+03   2.00341445e+04   3.16588287e+02
   1.02601355e+03   1.63658164e+04   1.23051064e+04   2.86700073e+03
   2.66640698e+03   2.23388397e+02   3.51458984e+04   1.24477921e+02
   4.71218231e+02   2.52982852e+04   3.62783472e+03   3.74025726e+02
   2.94015898e+04   3.45126434e+02   4.39024297e+04   1.03792100e+04
   2.92288457e+04   1.28668652e+04   2.81580017e+02   5.94901886e+01
   3.92557300e+03   4.76366516e+02   6.57647344e+04   1.94128870e+03
   2.42998574e+04   8.53402539e+03   6.14088574e+03   1.61248303e+03
   5.79652148e+03   6.15899414e+03   5.08367266e+04   7.10952148e+03
   9.18716278e+01   1.41505762e+03   2.47939453e+02   1.22705177e+02
   1.58605264e+04   5.80129541e+03   3.02346130e+02   4.28460742e+04
   1.34529043e+04   1.88556726e+03   4.90329529e+02   6.49671143e+03
   4.59508179e+02   8.21598206e+01   4.07835010e+03   1.74451526e+03
   6.41764258e+03   7.54692969e+03   1.70257344e+04   2.93525039e+04
   1.12186074e+04   5.49524951e+03   1.44824719e+03   9.43719604e+02
   8.81233749e+01   1.29740547e+04   4.02176133e+04   3.89136406e+04
   1.99719492e+04   5.55522266e+03   2.92827148e+03   1.77771408e+02
   7.95557327e+01   2.97439499e+01   1.61946367e+04   6.76979688e+03
   1.05213438e+04   5.47710457e+01   2.11708535e+04   1.62207383e+04
   1.41723853e+03   1.95770215e+04   3.02856973e+04   1.75742493e+03
   2.05754248e+03   1.00545195e+04   8.59265930e+02   5.98537422e+04
   6.27012266e+04   1.16236768e+04   2.57897285e+04   1.19857849e+03
   5.72374453e+04   1.02393384e+03   1.13120618e+03   3.46538037e+03
   2.40119746e+04   3.29238320e+04   1.26834590e+04   5.78826172e+02
   5.70019592e+02   2.98663055e+02   1.61003164e+04   8.90201172e+03
   1.59614111e+04   2.63005688e+03   1.33577393e+04   3.86776352e+01
   0.00000000e+00   4.30031094e+04   1.80094315e+02   1.02738721e+04
   1.31504468e+03   5.19152695e+04   3.45367896e+03   6.00275664e+04
   1.08700996e+04   0.00000000e+00   3.12479395e+03   4.82170522e-01
   5.67058350e+02   7.48846777e+03   9.04329300e+00   9.02583923e+02
   2.50505569e+02   4.38953955e+03   9.14378204e+01   7.69186084e+03
   2.79537129e+04   4.13851445e+04   1.84969055e+03   2.20267124e+01
   3.02366852e+02   2.66892725e+03   7.56964588e+00   4.40709961e+03
   9.10208594e+03   3.70594269e+02   1.42352405e+03   2.31733105e+03
   3.80052686e+03   3.29108887e+03   3.92818359e+04   0.00000000e+00
   1.65067078e+02   9.06848730e+03   3.72373906e+04   2.96539434e+04
   3.21009043e+04   1.55610367e+02   1.40265894e+03   0.00000000e+00
   9.24420020e+03   6.50289551e+02   9.45917969e+04   1.00639282e+03
   1.19583027e+04   8.91374902e+03   1.52099182e+03   9.85646484e+02
   1.04269507e+03   8.39209141e+04   2.04362549e+03   2.53444082e+04
   3.93292017e+03   8.66249313e+01   3.45506325e+01   1.38122061e+04
   1.40321289e+04   6.42852930e+04   1.02307477e+03   4.84689865e+01
   2.93109121e+04   4.12131409e+02   1.99140106e+02   9.08989766e+04]
[  1.90994458e+03   5.22144971e+03   1.23522656e+03   1.40824615e+02
   2.83019863e+04   1.80158920e+02   5.62279727e+04   2.92855703e+04
   5.13580430e+04   1.85541443e+02   4.60687073e+02   3.32376074e+03
   4.27595825e+01   6.06334258e+04   3.21069922e+03   2.11848640e+01
   2.24437695e+03   4.17669141e+03   3.84730005e+03   1.00277119e+04
   1.26069080e+03   4.57070898e+03   8.61265564e+02   9.29738464e+01
   2.34145493e+02   2.08610977e+04   1.07925000e+03   9.61634570e+03
   2.34761060e+03   2.71268768e+02   2.55173035e+02   8.08293304e+01
   7.57687842e+03   3.17752504e+00   3.43856140e+02   1.92800085e+03
   1.61367847e+03   6.37746215e-01   1.10674346e+04   2.24952377e+02
   6.22775635e+03   9.07724219e+03   1.26001511e+01   2.65930020e+04
   3.27519800e+03   1.16336617e+02   1.82709534e+03   4.03294586e+02
   1.26310150e+02   6.67910461e+02   4.45055023e+02   2.87478876e+00
   0.00000000e+00   2.25725566e+04   1.18141870e+03   3.52775684e+03
   1.67149180e+04   3.90226410e+02   9.79595642e+02   2.65039215e+01
   0.00000000e+00   1.29931000e+02   4.43109344e+02   2.13661407e+02
   2.12388550e+02   2.65993378e+02   1.82671191e+03   1.00856378e+03
   7.24567031e+04   7.04622498e+01   3.26239252e+00   3.38824219e+04
   4.77616959e+01   1.01428882e+03   2.41462280e+03   2.89390411e+02
   8.20238233e-01   4.10726123e+03   3.61080383e+02   8.24360657e+01
   2.07953418e+03   8.12315625e+04   3.14251191e+04   5.59906348e+03
   1.45693921e+03   1.67744386e+00   1.78760430e+04   9.28621033e+02
   5.29749756e+02   2.01557214e+03   7.30067529e+03   7.92378076e+03
   2.56375122e+03   8.19379687e-02   1.33177905e+03   6.79404068e+01
   6.15381851e+01   9.59274609e+03   6.03980273e+03   3.27917212e+03
   4.09675110e+02   1.67216614e+03   1.31224915e+03   0.00000000e+00
   4.47399902e+02   1.73737573e+03   6.02177393e+03   4.75616493e+01
   4.14189492e+04   4.22210820e+04   6.63187744e+03   2.10052954e+03
   9.62137207e+02   3.18450049e+03   2.87711777e+04   1.46014819e+03
   6.59587463e+02   7.34523438e+02   6.71141815e+01   1.14666656e+02
   2.86950409e+02   1.16230000e+04   2.82265649e+03   9.18166065e+00
   2.81289180e+04   6.85178589e+02   3.01964038e+03   7.21403961e+01
   3.50892715e+01   2.04955938e+04   7.34824085e+00   7.15560059e+02
   2.04963965e+03   1.76364316e+04   3.79314722e+03   1.91178155e+00
   2.03160828e+02   4.44315414e+01   8.18397607e+03   5.53289270e+00
   1.31552124e+02   2.57650696e+02   1.02769609e+04   9.14959717e+01
   6.22603125e+03   1.88149146e+03   5.72081348e+03   2.97513594e+04
   2.93763733e+02   9.19731384e+02   7.73823750e+04   5.04128662e+02
   2.77172344e+04   3.33948303e+02   1.94070415e+01   3.47205586e+04
   1.61444912e+04   2.98361582e+04   1.81814648e+03   2.79802979e+03
   6.54618799e+03   8.28468750e+02   0.00000000e+00   2.86811951e+02
   2.67415918e+04   4.10247925e+02   5.29800625e+04   3.65063080e+02
   1.41319214e+03   1.38114346e+04   2.69040308e+03   2.56330127e+03
   3.69886719e+04   1.19231465e+04   6.03189325e+00   1.34386572e+03
   5.62204651e+02   5.01882422e+03   7.75074951e+02   8.96956238e+02
   4.30870664e+04   1.03822437e+03   1.44893359e+03   0.00000000e+00
   5.58867188e+03   5.22591562e+04   0.00000000e+00   8.01534485e+02
   6.74832214e+02   3.93248555e+04   3.87063629e+02   8.56547607e+02
   2.04716415e+02   4.76218164e+04   8.54746777e+03   2.46205347e+03
   5.86136475e+02   2.10977930e+04   7.55312012e+02   4.55878477e+04
   2.49471758e+04   2.96660736e+02   3.48873830e+00   4.35614685e+02
   6.24502686e+03   3.76423340e+02   5.55854614e+02   3.86801904e+03
   1.33600509e+00   3.43330151e+03   1.92443176e+03   2.90437683e+02
   6.30886963e+03   2.75162720e+03   1.63341914e+04   6.24852539e+04
   1.23854375e+04   4.69376602e+01   9.87059250e+01   3.76308906e+04
   2.74338940e+03   4.14253922e+01   4.56646973e+02   1.48268158e+02
   6.90686230e+03   6.47405319e+01   1.80013843e+03   2.80211426e+04
   1.18670508e+03   1.21686462e+03   4.20412734e+04   3.69505676e+02
   5.57310562e+01   2.10039180e+04   2.64471664e+01   8.78906328e+04
   4.20189688e+04   7.91885693e+03   7.61691055e+01   1.36000107e+02
   8.17675049e+02   6.06493750e+03   2.87079980e+03   2.21593872e+03
   2.60169067e+03   2.91259399e+03   6.26404107e-01   6.06426523e+04
   4.31424217e+01   1.22312447e+02   2.46607010e+02   7.02308178e-01
   8.54503223e+03   7.00526123e+01   9.55868149e+00   3.71937439e+02
   6.97412949e+01   1.44345679e+03   5.34589941e+03   1.42514492e+04
   2.52184375e+03   5.68846558e+02   8.39081726e+02   3.65110779e+02
   3.53884766e+02   1.48012207e+04   5.37657166e+02   1.94558691e+04
   1.83279285e+03   6.53166504e+03   4.08110016e+02   4.67802887e+02
   3.23142261e+03   1.30164001e+02   9.47544003e+00   4.78948517e+01
   9.21389648e+03   0.00000000e+00   8.06568604e+02   9.82719238e+03
   4.99699219e+02   7.99888458e+01   1.53580762e+04   0.00000000e+00
   2.42302865e-01   3.59965552e+03   3.72547226e+01   4.54529570e+04
   2.95539398e+02   4.52001862e+02   6.42692337e+01   2.12104321e+03
   4.06301016e+04   1.14449092e+04   6.41431006e+03   4.23004395e+03
   4.20942695e+04   2.27737015e+02   4.88722015e+02   2.47487167e+02
   8.03072166e+00   4.33149750e+02   1.65457012e+04   3.33054686e+00
   1.80856816e+04   1.05750332e+04   8.07396301e+02   5.88616211e+04
   1.97128052e+02   2.13813370e+02   5.85568390e+01   1.46783044e+03
   8.86234961e+03   1.05009026e+02   3.35462646e+02   3.50806061e+02
   5.72283438e+04   1.90326920e+01   8.59911270e+01   2.39483810e+02
   9.07995410e+03   6.84729443e+03   1.05124824e+04   9.45871484e+03
   5.87589609e+04   7.34234558e+02   1.46886340e+03   2.04633184e+04
   3.61279999e+02   7.39014959e+00   4.67837969e+04   1.40377822e+04
   2.90785034e+02   1.91497668e+03   3.13242246e+04   7.97609985e+02
   1.04170108e+00   2.13251587e+03   5.40848511e+02   7.28768799e+02
   1.18496855e+04   3.04775439e+03   2.66203613e+03   2.67572715e+04
   1.08732376e+02   2.85107495e+03   4.57086761e+02   2.69825684e+04
   4.78259297e+04   1.95632141e+02   3.44757788e+03   9.30178320e+03
   1.76044336e+03   1.29049570e+04   5.57301016e+04   1.79926152e+04
   1.87207715e+03   3.16632660e+02   4.52868506e+03   7.71448822e+01
   2.65108130e+03   9.68555481e+02   1.28766537e+01   3.07138275e+02
   1.22975215e+04   3.36308984e+04   7.04143448e+01   5.59591650e+03
   1.25517990e+02   4.25865547e+04   1.25542746e+01   1.44413196e+03
   3.63881763e+03   5.91462305e+04   6.58994141e+02   2.01327026e+03
   1.70083267e+02   3.79425049e+02   1.21062781e+03   1.17050947e+04
   1.03721348e+04   7.37478027e+02   1.09082718e+01   1.85270044e+03
   6.56439285e+01   1.61988584e+04   2.90889414e+04   3.40235840e+03
   6.21171602e+04   7.99882751e+02   5.56864548e+00   3.85339432e+01
   7.32109033e+03   1.30605518e+04   1.25908252e+03   8.20987598e+03
   1.62738367e+03   1.12744265e+01   8.38845520e+01   9.75174332e+01
   2.36499710e+01   4.76937305e+03   1.04984424e+04   1.07778408e+04
   5.64162939e+03   7.70856247e+01   3.16923906e+04   7.80555420e+01
   5.28607031e+03   2.33825607e+01   1.15465264e+04   1.41374802e+02
   7.69139746e+03   4.01501880e+03   1.31788073e+01   0.00000000e+00
   1.55833649e+02   1.60507141e+03   5.32683252e+03   4.02897530e+01
   5.41228882e+02   2.26034009e+03   1.74281311e+03   3.80494336e+03
   3.35942896e+03   2.93946660e+04   4.80910034e+02   3.00702071e+00
   6.38999072e+03   3.50207329e+01   2.01805151e+03   2.66845820e+04
   9.08501367e+03   3.59593231e+02   1.56867691e+02   2.13767139e+03
   1.05610425e+03   2.78579773e+02   7.57331562e+04   7.16035303e+03
   6.88299170e+03   1.50600372e+02   2.04627319e+03   1.63777209e+03
   2.82846012e+01   4.86530792e+02   3.85865967e+03   8.11144653e+02
   1.43619659e+02   5.51786621e+02   0.00000000e+00   3.67638641e+02
   1.19626465e+01   2.86406398e+00   1.88609766e+04   3.07359576e-01
   7.65701914e+00   5.03391754e+02   0.00000000e+00   9.58984863e+02
   2.72037842e+03   1.39513013e+03   1.07973174e+04   3.27976898e+02
   5.18478203e+04   1.83316328e+04   8.57378906e+02   1.59667920e+03
   6.23023132e+02   3.51680469e+04   3.92746016e+04   1.08938248e+02
   1.09322464e+02   4.51745033e+01   1.58047339e+03   5.72911816e+03
   1.90399109e+03   1.37741959e+02   4.57844269e+02   1.49096039e+02
   1.43317461e+04   4.56151172e+03   2.75475891e+02   5.47120544e+02
   2.30980179e+02   3.51125702e+02   4.71069062e+04   5.73907661e+00
   1.92780725e+03   7.30501862e+01   5.39269570e+04   9.80298438e+03
   2.77431152e+02   4.69104584e+02   1.95321107e+00   1.06173828e+04
   1.04183508e+03   7.44131317e+01   8.77768326e+01   3.57156763e+03
   3.63053198e+03   7.72712744e+03   3.65916962e+02   3.65530273e+02
   2.52025711e+02   6.43937734e+04   1.21201271e+02   1.39270905e+02
   0.00000000e+00   6.22088281e+03   1.22811523e+04   3.89187134e+03]
[  1.46963638e+02   1.14714736e+04   7.75447937e+02   1.27089661e+03
   1.31918628e+03   2.56442578e+04   1.14019112e+02   6.75432812e+03
   2.80342212e+03   2.16107773e+04   2.43330811e+03   5.48713531e+01
   2.46159399e+03   2.29900078e+04   1.82625964e+03   3.25011597e+02
   2.70164429e+03   5.65403174e+03   5.85178477e+04   2.67245117e+02
   3.61316967e+00   7.01373438e+03   1.28272339e+02   1.39395813e+03
   9.27335742e+03   7.06448269e+00   1.73759785e+04   3.76250191e+01
   6.04757812e+02   2.52219482e+03   1.37645349e+03   6.02511914e+03
   7.36414502e+03   5.53331673e-01   1.45710193e+03   8.97814178e+01
   9.96325195e+02   4.22105352e+04   1.54189527e-01   6.74209277e+03
   2.91805981e+03   2.51444809e+02   1.27221403e+01   9.22444611e+01
   1.16637461e+04   1.49424026e+02   5.57875879e+03   2.79451001e+03
   8.94621887e+02   2.03142944e+02   1.22137549e+03   3.77389618e+02
   2.19850647e+02   8.10525244e+03   1.51407236e+04   1.96303730e+04
   3.69593658e+02   1.18373975e+04   5.61517525e+01   2.18838428e+03
   7.22900330e+02   1.73755920e+02   4.01462921e+02   2.33258009e+00
   2.90071655e+03   3.36168335e+02   3.35868469e+02   9.57686157e+01
   1.70471558e+02   1.46883335e+01   3.38842346e+02   5.41722900e+03
   2.74657676e+04   4.57508507e+01   2.32435723e+04   3.44071884e+01
   3.17135529e+02   1.24694672e+02   1.63469458e+03   1.55899199e+04
   1.63956750e+03   2.75417812e+04   2.08978281e+04   1.60784395e+04
   5.71385781e+04   1.38634491e+02   1.01467670e+03   3.71381079e+03
   2.51466479e+03   1.68340703e+04   5.01060200e+00   1.91506140e+03
   4.29194824e+02   1.14481025e+04   1.10010449e+03   9.79578418e+03
   1.92510762e+04   3.85416687e-01   7.59454199e+03   3.01768359e+03
   3.16196442e+01   2.88005029e+03   1.60873871e+02   1.64685999e+03
   7.40640879e-01   3.48195496e+01   3.56107941e+02   2.91299668e+04
   3.32254753e+01   9.68057617e+03   2.05059204e+02   4.23341133e+04
   8.64124023e+03   2.78065857e+02   4.47559452e+00   4.36991638e+02
   5.92338562e+02   1.91526562e+04   2.43353378e+02   3.30233307e+01
   8.31268311e+00   6.32308838e+02   1.25369751e+03   3.34120483e+02
   2.67711090e+02   6.70370850e+03   1.36691040e+02   5.35052299e+01
   6.14186768e+02   1.45708008e+02   1.29147305e+04   5.02197327e+02
   6.83497162e+01   2.77392847e+03   1.95644983e+03   6.65168701e+03
   2.24345781e+04   0.00000000e+00   1.14667809e+02   1.76609364e+01
   4.51283306e-01   1.47388519e+02   1.30812622e+02   1.73775284e+02
   1.14739792e+02   7.03214844e+03   2.46506323e+03   0.00000000e+00
   1.57538928e+03   5.65161211e+04   7.79136276e+01   2.60513208e+03
   4.04559479e+02   6.21704395e+03   4.12615265e+02   6.84385010e+03
   1.62827339e+01   5.93945740e+02   2.83652985e+02   1.56281665e+03
   8.20037003e+01   6.21863159e+02   1.94119080e+02   8.18012161e+01
   3.50803672e+04   7.50718918e+01   9.35599670e+01   2.29137451e+03
   6.88863916e+03   1.54933623e+04   5.06843090e+00   2.51644989e+02
   3.29846069e+03   3.19943573e+02   1.50365082e+02   6.58054504e+02
   3.87846836e+04   4.62380920e+02   2.36129551e+04   4.35174316e+03
   2.90796504e+04   2.22121367e+04   2.39289303e+01   1.11436511e+03
   9.72025696e+02   0.00000000e+00   1.12568818e+04   3.65702246e+03
   3.18987298e+00   1.80329971e+02   2.62406158e+02   4.42360931e+02
   2.23808154e+03   2.17188306e+03   6.59895691e+02   8.57395215e+03
   1.72189355e+03   7.79598694e+02   1.42922760e+02   2.59626489e+03
   8.18892383e+03   6.73532532e+02   3.63671997e+02   0.00000000e+00
   2.34700293e+03   2.38914505e+02   8.36591797e+02   1.01225366e+03
   3.12292676e+03   4.84276797e+04   8.42125626e+01   3.96709534e+02
   7.23451050e+02   1.78005994e+03   9.87950363e+01   5.48173193e+03
   5.21768750e+04   1.28553680e+02   1.36219009e+02   1.18093984e+04
   1.07959482e+04   3.33462494e+02   2.67487640e+02   7.61956909e+02
   3.29384521e+02   4.01412582e+01   4.62194000e+02   3.24755516e+01
   1.12382227e+03   1.40281631e+02   3.33215881e+02   2.12310501e+02
   1.53669202e+03   4.49610996e+00   1.62665348e+01   2.73742504e+01
   6.68171326e+02   4.91005554e+01   1.04168250e+03   6.33051910e+01
   1.69721947e+01   3.82576675e+01   7.55817322e+02   1.86572266e+04
   1.48946250e+04   6.17286182e+03   1.35564667e+02   2.73346704e+03
   7.37171459e+00   7.05811707e+02   2.79152557e+02   6.02629089e+01
   3.57397827e+03   8.20810364e+02   9.76667404e+00   7.96957779e+01
   3.29149487e+03   3.56985897e-01   1.02770020e+03   1.65200424e+01
   3.12471069e+02   3.21933374e+03   5.47886536e+02   7.33376551e+00
   3.35155703e+04   1.08318127e+03   4.81299648e+04   4.16846826e+03
   4.39708594e+03   2.13285950e+02   3.79092445e+01   4.21031372e+02
   1.12140495e+02   9.36382103e+00   2.87033438e+04   1.55887878e+02
   8.70180542e+02   3.21386871e+02   2.45330688e+03   1.00993652e+04
   1.64837814e+02   1.18378418e+02   4.18599854e+02   6.00844961e+04
   1.02039899e+03   4.27233301e+03   1.15700312e+04   1.23428909e+02
   8.10787598e+02   1.37454114e+03   3.80227588e+03   3.10309937e+03
   2.50945264e+03   1.74599756e+03   6.12656517e+01   4.07543152e+02
   4.65833203e+03   5.29086487e+02   9.56436719e+03   4.57484283e+01
   2.83853226e+01   2.48446777e+03   1.35199980e+04   1.21903820e+01
   5.73839502e+03   4.42628711e+04   2.37043976e+02   1.65698096e+03
   1.77306628e+03   1.71543945e+03   4.68121147e+00   2.73700195e+03
   4.33906496e-01   6.48529053e+03   1.79509338e+03   1.73960938e+04
   4.20524750e+02   7.69262939e+03   5.05205994e+02   1.18394180e+04
   2.27891211e+03   3.11155957e+04   2.49624438e+03   1.54086074e+04
   4.30373413e+02   4.44707642e+02   3.91380554e+02   4.84554382e+02
   4.90112457e+02   5.59844238e+02   5.59202686e+03   3.14216187e+03
   6.79600894e-01   1.62697095e+03   2.10913971e+02   1.60650500e+03
   1.23038082e+01   8.73937988e+03   1.36850330e+03   3.53805508e+04
   3.03089102e+04   1.01150482e+03   5.03558159e+01   9.27601929e+01
   7.99205589e+00   6.34575348e+01   9.09772949e+03   1.13867932e+03
   9.53213867e+03   1.18254512e+04   3.12994995e+03   3.68061523e+04
   1.77298111e+02   1.83807642e+03   1.47674072e+03   3.83070770e+02
   1.50164717e+04   1.44791309e+03   1.36584609e+04   4.14029789e+00
   5.61650742e+04   2.85296631e+02   1.50081807e+04   1.34530505e+03
   5.73908838e+03   4.02948761e+01   8.70555801e+01   6.33035156e+03
   1.36603668e+02   4.04675073e+03   4.26989136e+02   7.04618286e+02
   2.35749161e+02   3.52211914e+03   8.37403992e+02   6.18927188e+04
   5.25814453e+03   8.52563721e+02   2.61280127e+03   1.47414319e+03
   4.10269440e+02   1.19133625e+05   2.36416943e+03   2.41684753e+02
   5.96568298e+01   4.70375293e+03   1.12722374e+02   7.90897512e+00
   7.31030457e+02   5.25039490e+02   3.70408320e+04   3.36472510e+03
   7.74609009e+02   3.41374961e+04   3.95812617e+04   3.37965851e+02
   1.08656136e+02   5.95595605e+03   2.65876440e+03   3.77770801e+03
   2.50117922e+00   1.42230293e+04   2.30911914e+03   1.66951978e+03
   6.64700623e+01   1.88667480e+04   7.44917984e+01   8.18934814e+02
   8.41496094e+02   3.48242212e+03   5.32425293e+02   1.22522197e+04
   7.44947803e+03   1.64120691e+03   7.56763245e+02   7.08047771e+00
   3.64114795e+03   1.41813892e+03   0.00000000e+00   1.40480103e+03
   2.47670975e+02   1.49787314e+04   3.74813843e+03   1.46391632e+02
   6.00877808e+02   1.33298604e+04   1.13823169e+03   5.27810860e+01
   9.17124207e+02   1.97875500e+03   3.27374004e+04   8.90880127e+01
   1.52885342e+04   3.40713287e+02   8.32948837e+01   2.02983047e+02
   1.52977280e+02   2.07554770e+00   1.48401943e+04   2.69240875e+01
   7.54910889e+01   1.31395615e+02   2.98965851e+02   4.35792983e-01
   1.09880733e+01   1.31796797e+04   2.69123810e+02   3.65890198e+02
   4.16851349e+02   2.17324648e+04   1.30016876e+02   2.64073853e+02
   9.03707886e+01   1.18728391e+05   2.68296172e+04   1.43803835e+01
   4.40151514e+03   7.67777637e+03   1.61620117e+04   6.80072998e+03
   2.11339316e+04   8.75196387e+03   5.11338037e+03   4.34713898e+02
   7.04640576e+03   5.68639502e+03   7.02270386e+02   6.02791100e+01
   4.28884003e+02   1.48838987e+01   1.05287219e+03   1.25244561e+04
   6.48202979e+03   1.08927832e+04   7.34269714e+02   3.78436012e+01
   2.86517090e+02   6.25232605e+02   6.66961670e+02   1.13929580e+04
   2.69295581e+03   7.78453979e+01   3.19386768e+03   4.53629112e+01
   6.70580597e+01   6.32090509e-01   5.09968359e+03   5.01563477e+02
   7.34203674e+02   6.61129736e+03   3.64066484e+04   1.75108613e+04
   6.67520459e+03   7.60222473e+02   7.75453064e+02   1.87220374e+03
   2.76287671e+03   1.46269470e+02   2.26990552e+03   1.06264160e+03
   7.23133643e+03   4.02345469e+04   1.89739780e+01   8.50005249e+02
   9.32237793e+03   1.57515723e+04   1.88707901e+02   2.94648027e+00
   3.94309601e+02   1.18304947e+02   2.06073532e+01   3.72812573e+03]
[  2.26681122e+02   6.55611897e+00   5.61631501e-01   4.68861182e+03
   9.81087952e+01   5.62417507e+00   3.42723203e+00   7.53323126e+00
   5.61162964e+02   2.02449020e+02   3.26003609e+01   1.75522644e+02
   8.57104969e+00   1.21557373e+02   2.15675488e+01   4.21116638e+00
   0.00000000e+00   1.57583878e+02   0.00000000e+00   0.00000000e+00
   2.66574493e+02   1.32204434e+04   3.09850024e+03   1.81484482e+02
   7.87427759e+00   0.00000000e+00   5.65647304e-01   3.79360718e+02
   4.80249176e+01   6.23851562e+02   2.76696582e+03   2.98262207e+02
   7.29164124e+02   5.06186409e+01   8.43711421e-02   1.20331238e+03
   1.12033310e+02   6.28760254e+03   1.68444312e+03   8.97140320e+02
   5.71282764e+03   1.00296654e+02   6.25234131e+02   1.26591577e+03
   7.52323791e-02   1.25524263e+01   2.08653442e+03   2.22625229e+02
   9.60971165e+00   4.83144913e+01   4.39252548e+01   1.04373157e+03
   9.54657376e-01   1.57897446e+02   7.05607300e+01   6.76709976e+01
   2.73112207e+03   3.98340668e+02   0.00000000e+00   7.44463882e+01
   2.49139267e+02   2.79222488e+01   1.33337903e+00   5.62670166e+02
   2.50078796e+02   7.42180298e+02   5.25008240e+01   0.00000000e+00
   3.24026703e+02   1.00887079e+03   3.47400848e+02   5.03387451e+01
   4.71888885e+01   4.06492462e+01   9.11833477e+00   6.12237244e+02
   1.18402243e+01   1.50878552e+03   1.24263535e+01   5.79309692e+01
   0.00000000e+00   5.63076515e+01   2.25249756e+02   2.57343823e+03
   5.97186775e+01   4.58329887e+01   2.66782522e-01   4.49606133e+00
   6.56568506e+03   9.15392761e+01   7.83569238e+03   1.14488670e+02
   1.17093701e+04   3.36794464e+02   0.00000000e+00   6.14760925e+02
   4.20659766e+03   3.14731941e+01   1.85790259e+03   6.96193085e+01
   1.95719043e+03   3.25409149e+02   2.47866440e+00   5.12904596e+00
   2.62946045e+03   7.63993835e+02   0.00000000e+00   1.21982292e+02
   8.73313332e+00   0.00000000e+00   1.55305691e+01   1.49675781e+02
   4.48988281e+03   4.53929785e+03   9.00682926e+00   5.03840971e+00
   1.67415405e+03   8.96720581e+02   4.81450081e+01   1.84389172e+01
   0.00000000e+00   8.15500641e+01   1.49345179e+01   1.66384935e+00
   2.55998105e-01   5.16439819e+00   1.27596998e+01   3.75134289e-01
   1.95097923e+01   3.55837915e+03   1.89321997e+03   2.64050873e+02
   0.00000000e+00   4.18286285e+01   4.25028290e+02   1.87606537e+02
   5.25583398e+03   4.33203644e+02   9.36947937e+01   5.08088913e+01
   2.12544482e+03   1.00821297e+02   5.83912964e+01   5.37832080e+03
   2.14638309e+01   1.08722954e+01   5.54793015e+01   4.10170496e-01
   7.43433094e+00   1.97555904e+01   1.59410447e-01   3.47650795e+01
   1.54221558e+02   3.58545876e+00   6.85938644e+01   5.29801798e+00
   3.98712646e+02   2.69011040e+01   1.02317215e+02   3.72991638e+01
   1.68953857e+02   9.64421692e+01   1.12274990e+04   9.22265625e+02
   2.19212793e+03   7.34459717e+03   0.00000000e+00   2.57320337e+03
   6.15567017e+02   4.55396875e+03   8.96943092e-01   2.03541992e+03
   4.16290665e+01   1.70721603e+02   5.76198959e+00   1.69816418e+01
   1.49576416e+02   1.80682220e+01   8.23020935e+01   0.00000000e+00
   3.11656189e+01   2.07888770e+03   0.00000000e+00   1.96662256e+03
   9.30589676e+01   3.85700049e+03   4.97694283e+01   8.67151260e+00
   3.14373340e+03   1.37075836e+02   7.18062134e+01   1.48444490e+01
   6.94507568e+02   1.96443222e+02   6.77594788e+02   2.12943939e+02
   6.89443588e+01   2.34417773e+03   3.53358130e+03   4.68009619e+03
   5.77977610e+00   8.00529395e+03   9.03265076e+01   2.53723412e+01
   1.13874245e+01   3.50040321e+01   1.67714404e+03   1.88321399e+03
   0.00000000e+00   1.64400659e+03   2.03374219e+03   1.17222266e+03
   0.00000000e+00   2.80647054e-02   1.18000710e+02   1.90863184e+03
   3.41811676e+02   5.54618797e+01   1.25529648e+02   4.34283142e+02
   6.09742451e+00   8.02667923e+01   5.52427521e+01   3.11705637e+00
   4.03142993e+03   5.93291846e+03   1.91760600e+00   6.14665527e+01
   2.76182508e+00   7.67025879e+02   5.78941383e+01   4.32082458e+02
   1.58853424e+02   7.00488831e+02   7.72455566e+02   6.96669540e+01
   1.49040100e+02   8.68543945e+03   1.04995575e+01   1.40860034e+03
   1.00505561e-01   1.23940391e+04   4.52244324e+02   3.85988533e-01
   0.00000000e+00   2.58697754e+02   5.26741943e+03   0.00000000e+00
   3.41101122e+00   4.16209173e+00   5.35675098e+03   1.29132214e+01
   1.81527252e+01   1.40925201e+02   1.37328613e+02   9.74030273e+02
   5.76374390e+02   2.46830692e+01   3.45589943e+01   6.33401904e+03
   5.14706841e+01   2.39903687e+02   0.00000000e+00   0.00000000e+00
   1.78429365e-01   4.78053045e+00   4.29535675e+00   1.08769482e+03
   1.08415637e+03   1.54721079e+01   2.71763992e+00   1.94555786e+03
   4.99419957e-01   1.00166758e+04   5.98224316e+03   7.91906815e+01
   4.30116113e+03   7.22227335e+00   1.48588743e+01   1.23472095e+00
   1.31448936e+01   2.14719498e+02   1.06325811e+04   3.89303589e+02
   4.08481483e+01   4.52471222e+02   1.23568713e+03   1.08459404e+02
   6.15062535e-01   5.73036098e+00   1.69022675e+01   1.94176514e+03
   2.17019360e+03   1.87072861e+02   0.00000000e+00   0.00000000e+00
   1.34549393e+02   1.23676598e+02   1.75490665e+00   4.24416733e+00
   4.54655212e+02   5.35742126e+02   8.45303906e+03   2.89510757e-01
   2.00511749e+02   0.00000000e+00   5.87312698e+01   8.14889744e-02
   6.06460059e+03   0.00000000e+00   4.54115479e+03   1.13741131e+01
   1.87021618e+01   0.00000000e+00   1.36248028e+00   5.25355664e+03
   1.22462549e+03   3.40327710e+03   1.12838574e+03   3.93919106e+01
   2.36787280e+03   1.16430603e+02   3.38895798e+01   1.25392838e+02
   1.91033745e+01   0.00000000e+00   2.05430908e+01   2.46868348e+00
   6.51662964e+02   3.81915894e+01   5.28057909e+00   2.10044409e+03
   6.99451370e+01   4.47678955e+02   2.83215393e+02   3.25611401e+03
   1.50958606e+03   1.78428479e+03   5.44137207e+03   1.93094589e+02
   1.52932593e+03   7.57488489e+00   1.25500000e+02   9.99086189e+00
   3.36585400e+03   2.69984674e+00   3.98761865e+03   8.16126862e+01
   9.56964294e+02   4.17660217e+01   1.69498711e+01   7.80938506e-01
   1.50472083e+03   3.90058875e+00   4.33569288e+00   6.91044006e+01
   4.91517529e+03   2.07082666e+03   2.19460742e+03   3.69760728e+00
   1.07497536e+02   2.31423993e-02   6.44001770e+01   1.04485519e+02
   1.44270538e+02   3.12721195e+01   0.00000000e+00   2.30660172e+02
   5.66295532e+02   0.00000000e+00   2.09371597e+02   4.17877002e+03
   3.51212425e+01   1.85975845e+02   4.34111929e+00   9.55750656e+01
   7.04453897e+00   2.19409966e+00   1.24351025e+01   1.04966240e+02
   5.11865578e+01   1.19078379e+04   4.49658394e+00   1.46513782e+03
   1.61467432e+03   1.22615796e+03   2.27424634e+03   5.18464050e+01
   2.50872607e+03   2.60723694e+02   5.29070251e+02   7.03674984e+00
   9.32526245e+01   8.65851974e+00   1.43957657e+02   3.29474525e+01
   0.00000000e+00   5.49909413e-01   4.80644989e+01   1.20870674e+02
   2.49783051e+02   1.01731995e+03   3.59179077e+03   1.48285446e+01
   5.09823303e+01   7.77499914e+00   1.23400566e+02   5.76468563e+00
   9.49018764e+00   5.11649902e+03   2.34025669e+01   1.01642982e+02
   7.03440189e+00   6.20131958e+02   3.75325073e+03   2.14401352e+02
   5.12729248e+03   7.04838135e+02   7.96883297e+00   1.64121323e+01
   1.27643350e+04   6.56873962e+02   1.38214462e+02   1.84511242e+01
   6.98433594e+02   3.76396942e+02   2.93833947e+00   8.09721756e+00
   1.43808184e+01   1.38362341e+03   4.68517773e+03   5.31292114e+01
   1.62567673e+02   1.37527197e+03   1.03425134e+03   6.86781006e+01
   6.09603310e+01   1.39182043e+03   9.01513867e+03   2.91563969e+01
   1.29183989e+01   4.80391350e+01   9.98393784e+01   3.97671997e+02
   1.18907372e+02   8.97001648e+00   3.92898096e+03   3.05944043e+03
   5.26432715e+03   0.00000000e+00   2.71112122e+02   1.23982712e+02
   1.97915442e+03   5.16891956e-01   3.67654938e+02   1.13687012e+03
   4.06396961e+00   6.17301367e+03   8.57761536e+01   2.01400867e+03
   4.18894440e-01   1.22431023e+02   3.05027657e+01   3.04416748e+02
   3.94459717e+03   3.98183656e+00   4.88596764e+01   2.00389347e+01
   4.76257277e+00   6.43250854e+02   1.48810669e+02   2.34815254e+01
   1.39677246e+02   2.87002783e+03   1.07809715e-01   8.56246521e+02
   3.15571655e+02   8.80540100e+02   3.85680566e+03   7.58209534e+02
   3.07763525e+03   5.99042603e+02   1.75508621e+02   9.28525085e+01
   4.60142853e+02   1.43020203e+03   1.27007103e+02   6.03906152e+03
   5.55307007e+00   4.51781797e+00   3.24982529e+01   3.21644531e+03
   4.94310852e+02   2.87359543e+01   1.92719193e+01   0.00000000e+00
   2.15529956e+03   3.34049622e+02   6.15228577e+02   6.74512646e+03
   1.54889496e+02   3.55669327e+01   3.31804858e+03   3.75672852e+03
   1.89976168e+00   2.10058179e+03   2.45580053e+00   1.76750305e+02
   2.98021168e-01   7.37438330e+03   6.69763947e+00   1.49475708e+02]
[  3.00334435e+01   5.68244507e+02   4.21495819e+01   3.22509644e+02
   1.30712982e+02   5.93877686e+02   5.66737137e+01   5.02842438e+02
   3.59611397e+01   1.58462143e+02   1.28622729e+03   5.74910339e+02
   2.06614893e+03   2.11764587e+02   2.98959546e+03   2.33913696e+02
   6.88956070e+00   3.64830750e+02   2.57566376e+02   3.62383301e+02
   1.15732094e+02   2.38414154e+01   1.97485229e+03   1.70360909e+01
   2.85146465e+01   2.08027401e+01   1.99189587e+01   3.83900681e+01
   3.43741431e+03   1.34039068e+00   8.38757324e+00   4.33356934e+01
   5.99746777e+03   1.14339226e+02   4.98150063e+00   8.52318604e+02
   3.67529150e+03   8.96290958e-01   4.21382904e+00   2.53879956e+03
   4.87374316e+03   2.98854797e+02   1.27076578e+00   0.00000000e+00
   2.26020885e+00   4.18080566e+02   4.18307715e+03   5.21741867e+01
   2.30684223e+01   3.59270363e+01   5.86684990e+01   6.65294571e+01
   3.31909698e+02   8.29932983e+02   4.10839691e+02   2.03454395e+03
   2.59618549e+01   7.99948597e+00   2.16537891e+03   4.92128809e+03
   4.24458649e+02   2.41327133e+02   6.17992188e+03   7.85369098e-01
   1.31459036e+01   1.14884003e+02   9.72472382e+00   1.57518433e+02
   3.80228162e+00   3.07487823e+02   1.88489868e+03   8.24369263e+02
   2.26452042e+02   2.29895802e+01   8.86241379e+01   6.52151428e+02
   4.06758842e+01   6.74711609e+02   2.85363940e+03   1.09621258e+01
   1.98351364e+01   5.02259583e+02   2.27814893e+03   9.94795704e+00
   3.12373199e+02   3.83165747e+03   8.61600113e+00   5.52472610e+01
   3.08519360e+03   2.19373825e+02   1.49175064e+02   2.87300964e+02
   0.00000000e+00   3.21278125e+03   1.18419180e+01   4.55663414e+01
   2.03702454e+02   1.95163855e+03   1.37055557e+02   5.00618858e+01
   1.80646152e+01   5.96871490e+01   2.36136902e+02   5.15012360e+01
   1.76360266e+03   0.00000000e+00   5.77058411e+01   3.28036328e+03
   1.68594275e+03   7.27498550e+01   3.05705078e+02   1.03839540e+01
   1.82955005e+03   7.37590698e+02   4.37500946e+02   0.00000000e+00
   1.12182678e+02   3.86514969e+01   2.56560693e+03   6.38992882e+00
   6.07305450e+01   2.06787451e+03   1.63521007e-01   2.15431633e+01
   1.35007584e+02   2.00333313e+02   2.53712524e+02   1.17154236e+02
   2.76077881e+03   1.69333863e+00   2.01885864e+02   2.13153418e+03
   1.61371350e+03   7.90709114e+00   7.58264209e+03   3.28487039e+00
   3.18652458e+01   1.09079675e+03   1.82402969e+02   1.88467026e+01
   2.21078662e+03   0.00000000e+00   1.10875562e+03   5.80658226e+01
   2.25988632e+02   4.71044827e+00   6.66651428e-01   4.63730526e+00
   8.25082719e-01   1.50114117e+01   3.51022816e+00   3.12363281e+02
   5.57654419e+02   2.34197827e+03   1.77555130e+02   7.54501099e+02
   7.61494202e+02   4.05790758e+00   2.19822827e+03   3.38022186e+02
   1.64299084e+03   2.23128052e+03   2.04903936e+00   1.93563843e+02
   2.66509473e+03   1.34854871e+03   1.65801834e+02   3.04065723e+01
   3.20365868e+01   1.23958252e+03   2.90210358e+02   2.11580968e+00
   3.71674072e+02   5.68942785e+00   6.30206299e+01   1.37455454e+01
   0.00000000e+00   4.11983154e+03   1.35439011e+02   4.69187737e-01
   1.25321602e+02   1.90017776e+01   4.73344421e+01   2.88478069e+01
   3.04272241e+03   6.09312892e-01   1.38877525e+01   0.00000000e+00
   5.79076004e+00   2.50872040e+01   1.41440401e+01   2.82317413e+02
   1.81416531e+01   1.59908264e+02   6.83574890e+02   1.52654007e+02
   3.73112946e+02   3.66801376e+01   1.03834106e+02   1.14443073e+01
   2.32182961e+01   2.07738190e+02   1.08571348e+01   6.30455971e-01
   8.20383301e+01   1.97868595e+01   1.49086838e+01   1.04794640e+02
   5.43818169e+01   2.17486725e+01   2.43530249e+03   5.54129028e+02
   0.00000000e+00   1.90374222e+01   7.82855148e+01   1.44037781e+02
   9.38195877e+01   9.35048462e+02   5.13243164e+02   9.23323822e+01
   1.41608337e+02   6.18472290e+02   8.51261368e+01   5.38458191e+02
   1.55115692e+02   5.16822052e+00   2.38817163e+03   1.47311981e+02
   3.68337134e+03   5.56083789e+03   3.55403101e+03   4.88597870e+01
   0.00000000e+00   1.09742424e+02   4.05870667e+02   3.05689746e+03
   9.67413940e+02   1.94926224e+01   2.91693335e+03   1.12332405e+02
   6.81074677e+01   1.30349747e+02   8.41985596e+02   0.00000000e+00
   3.36267517e+02   4.92545380e+02   2.31134216e+02   0.00000000e+00
   5.91733948e+02   2.16000843e+00   0.00000000e+00   1.78255859e+02
   1.68723376e+03   3.61797404e+00   4.85667381e+01   2.35476538e+03
   3.21763784e-01   1.91702286e+02   1.00923216e+00   2.10071545e+01
   2.72505737e+03   0.00000000e+00   6.45618213e+03   6.30805969e+01
   2.97437038e+01   1.17241135e+02   4.85869324e+02   1.62894885e+03
   1.36038803e+02   6.99202454e+02   1.64233170e+02   3.10289337e+02
   1.05891317e-01   1.15141892e+00   3.23212547e+01   4.73528404e+01
   4.77494431e+00   1.64815842e+02   6.52593689e+02   1.84261389e+03
   3.26829171e+00   4.38342810e+00   1.38144238e+03   8.75854969e-01
   5.70587063e+00   1.59964075e+03   1.96907944e+02   5.44223118e+00
   4.76805176e+03   5.02672539e+01   4.20902014e+00   0.00000000e+00
   9.13936707e+02   1.37850330e+03   3.76526318e+03   6.16722527e+01
   1.63842786e+03   3.23517883e+02   2.34294605e+01   1.04450806e+03
   3.04025806e+03   1.37551965e+03   1.22087536e+01   1.01466722e+01
   4.70172217e+03   8.96617310e+02   6.85767627e+03   7.30779358e+02
   1.00836601e+01   4.50448334e+02   1.57908325e+02   4.58048744e+01
   8.27838135e+00   3.70840340e+01   2.47676601e+01   1.50256543e+03
   1.58373218e+03   8.35634918e+01   8.09827515e+02   2.00178280e-01
   3.83433914e+00   2.84852979e+03   6.00372124e+01   2.25083057e+03
   1.69418457e+02   3.21385834e+02   1.33986252e+02   1.93464720e+00
   4.71350479e+00   2.03256943e+02   7.40017796e+00   6.38610506e+00
   1.53866205e+01   3.18094788e+01   2.60351532e+02   2.64637303e+00
   1.55758875e+03   1.57243286e+02   1.90367950e+02   2.46878320e+03
   2.41337939e+03   1.28056055e+03   5.81542358e+02   0.00000000e+00
   2.01987137e+02   1.03923657e+03   8.34745911e+02   1.53318497e+02
   1.08654434e+02   3.00885278e+03   1.03139696e+01   0.00000000e+00
   3.24466138e+03   3.98505630e+01   1.22538501e+03   1.51407242e+01
   2.78210303e+03   9.33530518e+02   8.90909348e+01   1.73543152e+02
   2.96509609e+01   3.42731166e+00   7.44765244e+01   1.78518152e+03
   1.35679883e+03   1.33082533e+01   2.42397881e+01   3.03565121e+01
   1.19734116e+01   1.53626025e+00   3.38263159e+03   0.00000000e+00
   6.27822266e+02   1.94662756e+03   0.00000000e+00   1.58537857e+02
   3.45401886e+02   4.06287695e+03   1.30107513e+02   3.82495514e+02
   2.63347534e+02   1.30834610e+02   1.02286568e+02   4.24440880e+01
   2.69088409e+02   1.06602623e+02   7.69740939e-02   4.03637634e+02
   2.03075989e+03   2.24175282e+01   6.25613721e+03   1.28910828e+02
   9.11484558e+02   3.25615654e+01   0.00000000e+00   1.09589134e+02
   6.38750982e+00   1.95387299e+02   2.21855423e+02   4.54462555e+02
   9.03005005e+02   2.37095901e+02   1.40895967e+01   2.05456885e+03
   1.87043677e+03   1.89045013e+02   3.09120544e+02   1.55455351e+00
   1.37125366e+02   6.21344824e+03   5.56622086e+01   3.98667694e+02
   9.63946075e+01   1.53602219e+01   1.61851292e+01   0.00000000e+00
   9.51505737e+02   2.80501416e+03   1.16261523e+03   2.50406006e+03
   7.55535355e+01   3.17065315e+01   4.83527802e+02   0.00000000e+00
   3.07328014e+01   2.67304192e+01   1.59985489e+02   1.54771570e+03
   3.86459595e+02   8.10221741e+02   4.91273730e+03   1.01745815e+01
   4.93497124e+01   1.40638440e+03   3.96235352e+01   3.03495789e+02
   1.74599622e+03   4.51502037e+00   5.10689484e+02   2.74801697e+02
   7.77737617e+00   6.06155510e+01   1.56524216e+02   1.15716835e+02
   1.30598679e+01   3.21297058e+02   1.33149567e+02   7.46386194e+00
   6.86884537e+01   8.09431171e+00   1.18989592e+01   1.50172253e+03
   7.12658057e+03   1.23292651e+03   3.68965225e+01   1.05980408e+03
   7.80357715e+03   8.53800125e+01   1.74959839e+03   9.70812321e+00
   6.03597351e+02   8.69558029e+01   5.99149742e+01   3.58997226e-01
   7.69174988e+02   3.26059143e+02   1.08846466e+02   3.03660449e+03
   6.01842285e+03   1.05730371e+03   4.25787354e+00   8.08012695e+01
   5.98730698e+01   4.59172363e+02   1.08552036e+01   5.99434082e+02
   1.19233879e+02   8.28442216e-01   5.51416931e+01   8.40729833e-01
   1.97772675e+02   7.85600952e+02   3.45462799e+02   8.80182434e+02
   4.66189766e+01   1.47083655e-01   4.12781792e+01   6.98392090e+03
   2.73641253e+00   3.04139038e+02   4.67631592e+02   1.47133740e+03
   1.12603807e+00   0.00000000e+00   1.48626526e+02   4.50131607e+01
   5.46543360e-01   4.43553406e+02   8.95271484e+02   3.75462988e+03
   1.55636658e+03   1.24560684e+02   2.50090759e+02   1.06265710e+03
   1.26546501e+02   0.00000000e+00   2.12315559e+01   4.54273975e+03
   1.48880310e+02   5.61214399e+00   1.73597870e+02   2.88643799e+03]
[  3.72461914e+02   1.08892183e+01   1.13509905e+00   8.66229630e+00
   1.58183632e+01   1.25256519e+03   4.20005798e+01   6.66648340e+00
   5.94831800e+00   4.52808319e+02   1.54436707e+02   1.85859699e+01
   7.61584351e+02   4.85728119e+02   3.64366730e+02   0.00000000e+00
   4.71872406e+01   3.41300812e+02   1.77580063e+02   4.18253392e-01
   2.84812527e+01   7.89543241e-02   1.99101868e+01   1.01172321e+03
   0.00000000e+00   3.72246575e+00   6.53392982e+00   3.79827003e+01
   1.42005053e+01   2.91523987e+02   5.10499649e+01   2.78081775e-01
   4.20475983e+02   5.80077982e+00   3.24198413e+03   2.14221143e+03
   2.29569817e+01   4.50345856e+02   2.32605953e+01   4.30944786e+01
   5.30538034e+00   3.33092041e+01   2.09643764e+01   1.32934998e+02
   2.41420441e+01   8.66074142e+01   5.58079956e+02   0.00000000e+00
   8.95418625e+01   3.50351639e+01   9.30908081e+02   1.83758467e-01
   3.89448624e+01   5.92657661e+00   0.00000000e+00   5.73082619e+01
   1.49565821e+01   1.54646187e+01   7.94076996e+01   2.96524841e+02
   2.59057846e+01   3.68491936e+01   7.21665382e+00   2.88525367e+00
   7.98839798e+01   2.88433456e+01   1.71477890e+02   5.69596148e+00
   1.08718958e+01   8.93116989e+01   6.51503830e+01   2.08505298e+03
   1.05649445e+02   8.85641992e+03   1.82631555e+03   4.30313606e+01
   1.77046356e+01   3.75663681e+01   2.56985535e+02   4.11389112e+00
   1.83635025e+01   3.88733025e+01   4.88352299e+00   9.94898891e+00
   4.98486519e+01   5.76523721e-01   1.07299255e+03   1.94553161e+00
   1.03830475e+02   1.38037567e+01   8.02669601e+01   2.31929741e+01
   8.13925648e+00   1.99247894e+02   2.14970566e+02   1.45459900e+02
   2.36865845e+01   3.46828728e+01   2.05652069e+02   6.21938705e+01
   4.71028060e-01   1.21382017e+01   5.20970383e+01   5.42778473e+01
   5.95910740e+00   1.11303711e+00   1.47686970e+00   1.28524097e+03
   2.50444756e+01   3.78425000e-03   4.59953278e+02   3.18341017e+00
   1.29672298e+01   2.86989441e+01   3.36892158e-01   9.32637095e-01
   1.36794157e+01   9.06240616e+01   1.27962537e+03   5.14942169e-01
   3.58548798e+02   3.04602013e+01   8.32061410e-01   2.59933496e+00
   0.00000000e+00   1.15663447e+04   5.87796354e+00   9.73250103e+00
   6.55234863e+02   7.71249390e+01   3.06579380e+01   1.41954391e+02
   2.15072159e+02   2.12927761e+01   3.75172046e+03   3.23880744e+00
   1.18706310e+00   2.19858894e+01   8.34391113e+02   1.62472153e+02
   1.20599260e+01   8.59520508e+02   2.80602503e+00   1.27504077e+03
   5.90291214e+00   6.57934570e+01   8.69382858e+00   8.02988434e+01
   1.04443872e+03   4.72030983e+01   9.16329956e+00   3.74366058e+02
   3.25300932e+00   8.20358810e+01   6.48760986e+02   1.55045309e+01
   4.71430702e+01   0.00000000e+00   1.23009968e+01   1.20681177e+03
   5.23210693e+03   2.45998608e+03   2.01319051e+00   2.34327412e+01
   2.58190956e+01   6.79623508e+00   6.08869362e+01   3.20421410e+01
   7.46025372e+00   5.11702843e+01   2.03937931e+01   6.32923222e+00
   7.21822023e-01   1.07206531e+03   3.33852692e+01   4.36230736e+01
   1.82147179e+01   1.35088158e+01   3.41144104e+01   6.66768066e+02
   2.17789398e+02   6.41246948e+01   5.32656372e+02   1.92917374e+02
   1.43335236e+02   5.97915649e+01   5.72158277e-01   3.52604294e+00
   3.01439789e+02   1.72197784e+02   3.25271530e+01   8.26622825e-03
   6.54110498e+03   1.38092987e+02   1.36323601e-01   4.31339798e+01
   4.86296310e+01   2.09432945e+01   7.90968399e+01   1.50684241e+03
   3.27312946e+00   1.14855080e+01   1.43392468e+03   1.37920929e+02
   1.14632978e+01   1.06248112e+01   1.02516980e+03   8.66722488e+00
   5.85370750e+01   3.09165436e+02   9.02035904e+01   3.06479394e-01
   4.71383514e+02   4.42648268e+00   7.50620193e+01   1.68204285e+02
   0.00000000e+00   9.29251709e+01   4.51837891e+03   5.87689331e+02
   0.00000000e+00   9.57843208e+00   9.34699249e+01   7.27224827e+00
   5.14016342e+01   9.98925476e+02   1.69213455e+02   8.40945816e+01
   4.69232500e-01   7.37651901e+01   1.59225845e+01   1.17166492e+03
   6.21558167e+02   3.56483063e+02   0.00000000e+00   7.29635239e-01
   8.55477066e+01   2.85345532e+03   2.40167969e+03   2.05470715e+01
   1.19952440e+01   5.59958687e+01   1.34054703e+02   0.00000000e+00
   2.40240812e+00   7.68012047e-01   8.88309265e+02   7.90699363e-01
   2.40686096e+02   9.51231308e+01   1.11904004e+03   9.90036309e-01
   3.77520180e+01   1.43654529e+03   1.01328839e+03   1.32186956e+01
   2.30675564e+01   2.67349148e+01   1.70302002e+03   1.02037613e+02
   2.23113327e+02   1.27233906e+01   1.15518872e+03   1.40479488e+01
   6.59693451e+01   1.69853792e-01   1.14744125e+02   9.26137543e+00
   2.04610372e+00   5.68285370e+01   2.11660278e+03   4.58465546e+02
   1.08998253e+02   2.38413143e+00   3.51720963e+01   1.87292538e+01
   3.78509064e+02   4.41748123e+01   8.34563923e+00   3.08980775e+00
   8.09388672e+02   4.58828011e+01   2.65204449e+01   1.22448083e+03
   5.26616402e+01   8.29577351e+00   8.92077065e+00   7.02726288e+01
   1.25313026e+02   4.75125694e+01   3.39056335e+02   2.19078941e+01
   5.47964211e+01   1.02164528e+02   5.73163643e+01   2.80766174e+02
   1.02800932e+01   9.39236633e+02   9.67980804e+01   5.40529248e+03
   1.07005676e+02   1.42700424e+01   2.22547388e+03   5.29151062e+02
   1.37246429e+02   1.65959595e+02   2.35265713e+01   8.76489441e+02
   2.52806969e+01   6.07742653e+01   4.73340660e-01   2.24836788e+01
   3.60867462e+01   6.47126923e+01   1.82032776e+03   2.87613564e+01
   2.35514258e+03   1.12134147e+00   1.02860608e+03   2.65487995e+01
   7.39127350e+01   2.62401867e+01   2.10361618e+02   3.81778839e+02
   6.16826363e+01   2.68800793e+01   1.33552265e+00   1.42747482e+02
   3.13564281e+01   3.94490356e+01   2.24594665e+00   1.30044775e+01
   0.00000000e+00   2.27798615e+02   2.36136651e+00   7.41858643e+02
   1.51879013e+00   1.10358612e+02   5.42799263e+01   9.30644165e+02
   4.20918961e+01   0.00000000e+00   1.46923447e+02   2.02191296e+01
   0.00000000e+00   4.07262182e+00   5.33880920e+01   3.48327751e+01
   1.45782022e+01   1.00324974e+01   4.85457802e+01   4.01312679e-01
   0.00000000e+00   8.42888412e+01   7.54765511e+00   5.72263721e+03
   5.85269318e+01   3.79124184e+01   3.34627380e+01   2.00853806e+01
   2.94763952e-01   2.40354599e+02   1.59302460e+02   9.41946564e+01
   2.05759888e+03   2.52264309e+00   6.44986420e+01   9.03716278e+00
   4.00329559e+02   3.21523819e+01   0.00000000e+00   3.58284424e+02
   1.53550720e+02   0.00000000e+00   6.40330458e+00   9.89357853e+00
   1.36138696e+03   9.93817389e-01   2.37997990e+01   3.99040318e+00
   4.67642021e+01   2.20657788e+03   9.14094971e+02   0.00000000e+00
   3.11856201e+02   7.58110428e+01   1.36934650e+00   3.66311049e+00
   1.87255840e+01   0.00000000e+00   3.05988159e+03   4.34920425e+01
   3.97403221e+01   9.81377716e+01   5.71641602e+02   4.60313446e+02
   2.87743645e+01   2.35391922e+01   1.89318466e+02   7.91884277e+02
   1.18705147e+02   7.95056686e+01   4.60949945e+00   2.92610526e-01
   1.62421158e+02   1.42574670e+03   1.08394928e+01   1.58943512e+02
   9.21863098e+01   1.74545227e+02   5.75827515e+02   8.19556702e+02
   4.99464083e+00   1.10790393e+03   7.51898132e+02   4.11119759e-02
   5.58618317e+01   1.46007597e+00   8.77833618e+02   2.17739182e+01
   7.55613281e+02   6.75064754e+00   1.20888000e+02   2.23250061e-01
   5.03700333e+01   3.92667145e+02   1.83981079e+02   8.41812801e+00
   8.27946875e+03   1.93756577e+02   9.33526230e+01   6.08727455e+00
   4.82125282e+01   1.02479260e+03   8.34894104e+01   1.94851807e+03
   1.24226355e+03   7.02905121e+01   4.39740906e+01   4.41039734e+01
   4.61848736e+00   1.06735925e+03   3.61689453e+01   3.55331078e+01
   1.96234894e+01   5.36132050e+01   1.57977569e+00   1.59864685e+02
   2.37988892e+01   1.06222725e+01   6.63530493e+00   3.59768524e+01
   1.08299484e+01   6.38961105e+01   1.18693829e+01   3.16091870e+03
   3.70428696e+01   1.00274951e+03   2.39476883e+02   1.77322407e+01
   1.15965744e+02   1.44974243e+03   3.15476584e+00   1.69404202e+01
   1.19434827e+03   8.19043994e-01   1.26075171e+03   9.25435028e+01
   3.32602000e+00   3.60189629e+01   7.97488098e+01   3.03034115e+01
   8.88142761e+02   1.12455835e+03   6.05691261e+01   2.62184375e+03
   4.23244596e-01   2.02590227e+00   1.30850372e+01   0.00000000e+00
   9.49039536e+01   3.43366671e+00   8.13829163e+02   0.00000000e+00
   1.11272964e+02   1.75132370e+01   2.70656242e+01   1.45596558e+03
   4.68093719e+01   0.00000000e+00   5.92490959e+01   1.08621124e+02
   3.26409874e+01   4.67616974e+02   3.96767487e+02   1.06895972e+03
   1.85916565e+02   4.04265320e+02   5.86611557e+01   2.31356354e+01
   2.92383398e+03   1.26913147e+01   6.58738315e-01   1.34889417e+03
   2.44788265e+01   1.21427071e+02   6.56994934e+01   1.18571396e+02
   5.82336792e+02   6.58496887e+02   3.11395020e+02   1.63314998e+00]
