person
[  5173613.5     36427672.      63670144.      22316064.      77901720.
  34304488.      13964591.       6366989.5     62763064.      31665064.
  44521900.      28437094.       6573198.5      6615221.       4480140.
   7571408.5      2496423.25     1283860.375   88472136.      10926262.
   6744745.5     38154056.       6374982.5     18739832.        781855.1875
  30382892.      24931076.      19967230.       2441865.      16106451.
  29487622.      10071313.      44173500.       1260788.375   25110090.
  10718158.       9924552.      11071910.      10509139.      17626960.
  37512084.       2401349.25    25352956.      64016176.       8599262.
  35072672.      11760621.       3647024.75     8028800.      33555948.
  38015776.       8857195.      17977134.      16977416.       7049111.
  44045568.      49981132.       2616209.5     64889364.      39372028.
  44624104.      10323816.      44385660.       5871095.    ]
[  4.18285520e+07   1.73898580e+07   1.16635770e+07   6.75690125e+05
   2.02183160e+07   1.03642570e+07   2.26845780e+07   1.14431125e+05
   8.43402600e+06   1.22102540e+07   3.31328500e+07   3.57347720e+07
   2.32056914e+04   2.24723672e+05   3.16791340e+07   2.71188320e+07
   3.94184720e+07   5.89146600e+07   6.48335920e+07   5.84331900e+06
   3.10171602e+04   9.14317520e+07   2.78595688e+05   5.69106720e+07
   1.50460675e+06   4.43401160e+07   6.92352250e+06   9.82465688e+05
   4.00417040e+07   1.78045195e+04   5.36070250e+06   4.02285188e+05
   1.99606266e+05   2.46030700e+07   3.17647100e+07   2.14607425e+06
   3.37860062e+05   6.52687050e+06   5.83576150e+06   2.64105140e+07
   1.40815960e+07   2.76011550e+06   2.08580460e+07   2.56634380e+07
   6.47342000e+07   1.24476510e+07   7.20065547e+04   5.02619960e+07
   1.23961810e+07   8.63056250e+05   2.62917520e+07   1.63481180e+07
   7.04214000e+07   2.30560800e+07   7.92464900e+06   1.53028890e+07
   2.43699900e+07   4.72387320e+07   3.12107825e+06   3.79210720e+07
   1.64137990e+07   1.51242969e+04   4.51658440e+07   7.19254640e+07]
[  1.91993175e+06   8.00411150e+06   5.42153438e+05   7.66367109e+04
   1.53899750e+05   1.07747236e+04   1.56864488e+06   4.34757250e+06
   1.14701689e+04   3.12310725e+06   6.34067750e+06   9.63220125e+05
   3.06891500e+06   2.67448425e+06   2.34371914e+04   7.69461914e+03
   4.28154450e+06   3.87328438e+05   1.43952550e+06   1.58584400e+07
   7.14846875e+05   1.64921341e+02   1.62116010e+07   1.46665740e+07
   3.04014650e+06   0.00000000e+00   4.77583100e+06   7.77841450e+06
   8.23475391e+04   5.66770450e+06   1.25081641e+04   1.70190820e+07
   2.83677625e+06   3.24500800e+06   6.43594400e+06   3.35118725e+06
   1.62816962e+06   2.07644420e+07   1.60697638e+06   1.28327383e+04
   7.17712650e+06   1.47575310e+07   2.35487125e+06   1.31660790e+07
   9.16468800e+06   5.66421172e+04   2.13352560e+07   1.07805518e+04
   3.11739875e+05   2.21741906e+05   3.86298406e+05   7.53355908e+03
   2.70427700e+06   1.79402531e+05   1.79314000e+07   7.30800100e+06
   1.33747650e+06   1.02748799e+04   9.88988438e+05   3.93159438e+05
   1.77202088e+06   1.72377000e+07   7.25818800e+06   2.59601600e+06
   2.65643080e+07   1.82163800e+06   1.63247210e+07   5.64299850e+06
   6.69523062e+05   4.99209850e+06   6.09933250e+06   1.31555570e+07
   7.73259438e+05   3.09102979e+03   2.01366973e+00   2.52042850e+06
   2.84919512e+04   7.15652300e+06   8.03139600e+06   2.69482550e+06
   4.35912305e+04   5.80868800e+06   1.01235590e+07   1.01333213e+04
   7.83824550e+06   9.79281800e+06   1.18081730e+07   6.75323547e+02
   4.62354400e+06   2.29638891e+05   1.39694590e+07   1.05569290e+07
   5.35683800e+06   5.88925700e+06   2.76246475e+06   1.62034680e+07
   3.36134155e+03   5.24574150e+06   6.34701312e+05   1.98624004e+04
   1.08676810e+07   4.31449812e+05   2.35033734e+05   4.27335000e+06
   1.42536729e+04   4.15548875e+06   1.15483369e+04   1.87944638e+06
   4.32756150e+06   7.85532031e+04   2.65009688e+05   5.83975950e+06
   6.60911150e+06   1.41524110e+07   7.85145550e+06   7.16746400e+06
   6.42321250e+06   7.26727438e+05   2.51594925e+06   2.70186825e+06
   7.88958650e+06   9.32684400e+06   1.63398000e+06   7.45240350e+06
   4.59616688e+05   2.15806719e+04   2.64581900e+07   1.87541777e+04]
[  3.26489975e+06   3.26025775e+06   2.96308500e+05   0.00000000e+00
   3.61389805e+04   8.19933700e+06   2.99673950e+06   8.89587375e+05
   1.69758220e+07   7.10841100e+06   1.65184610e+07   1.01549390e+07
   3.78929675e+06   4.74258950e+06   1.07731336e+05   2.92199800e+06
   7.28591250e+06   5.87280500e+06   2.05818075e+06   1.51305273e+04
   6.62433400e+06   1.04553630e+07   1.76561000e+06   4.05645062e+05
   3.60854575e+06   5.42144562e+05   4.17860656e+05   6.82505400e+06
   4.57243562e+05   5.23015100e+06   6.89750625e+04   2.00712120e+07
   4.43178550e+06   3.11533500e+06   1.31343938e+06   4.24021950e+06
   6.48543550e+06   1.82720660e+07   4.59374625e+05   6.81826016e+04
   1.71267700e+06   5.10239570e+04   3.29230249e+03   2.16223062e+05
   1.85351638e+06   6.67391700e+06   1.20645890e+07   1.06654800e+07
   2.16388450e+06   1.62558920e+07   5.05728950e+06   3.43083875e+06
   8.74088900e+06   4.91001550e+06   4.89963594e+05   9.51547812e+04
   1.16456320e+07   6.37008984e+04   3.63991357e+03   9.39309800e+06
   7.66391250e+06   7.87595150e+06   8.19827200e+06   3.19817175e+06
   5.36552000e+05   1.59222150e+07   6.44452383e+04   9.08842000e+06
   5.99503300e+06   1.77715140e+07   1.47718775e+06   1.55868440e+07
   5.86884950e+06   8.39115400e+06   2.28369060e+07   1.01050498e+04
   4.40058150e+06   4.18647600e+06   2.39882200e+07   7.04875500e+06
   8.55379600e+06   1.77024707e+04   1.59204710e+07   3.16385050e+06
   6.50752438e+05   9.37216800e+06   9.29108828e+04   5.92093050e+06
   3.40530344e+05   1.63125850e+06   1.90545742e+04   1.19778910e+07
   7.77028562e+05   1.42597070e+07   9.08957500e+05   5.87516700e+06
   1.51410203e+05   1.23082820e+07   9.97253875e+05   2.40145300e+07
   2.20299094e+05   5.78455625e+04   2.13759640e+07   1.25382776e+03
   6.62393594e+04   1.90088460e+07   3.48971775e+06   6.48686250e+06
   1.48201020e+07   9.83011700e+06   1.30013428e+03   5.63220300e+06
   1.41208891e+05   3.23410700e+07   1.04867100e+07   3.62593800e+06
   3.65211850e+06   2.63037900e+06   1.17165264e+04   1.34343922e+05
   1.20170120e+07   1.34903588e+06   1.86248262e+04   5.23353050e+06
   3.25269975e+06   2.96031350e+06   1.72556400e+07   9.89354000e+06]
[  0.00000000e+00   9.08323633e+03   9.34321875e+05   1.41640762e+04
   1.08468389e+04   1.28882544e+03   1.47526807e+03   3.84893494e+02
   3.14690450e+06   2.39892656e+04   2.09891309e+03   1.01911143e+04
   3.53641248e+00   2.84136543e+04   5.48185977e+04   6.41054102e+03
   1.77287578e+05   2.69245975e+06   3.26953418e+03   3.31160000e+04
   3.06287207e+03   9.04226562e+03   5.36707312e+05   1.37735635e+04
   2.62441055e+04   2.36348584e+03   2.64278575e+06   0.00000000e+00
   1.36543438e+04   1.15206805e+05   4.18375130e+01   4.99145166e+03
   0.00000000e+00   4.56073094e+05   9.92613359e+04   2.03117038e+06
   2.39403875e+06   1.51754072e+04   6.01270215e+03   3.21712930e+04
   9.48110474e+02   1.85211487e+02   1.49346362e+03   3.75702875e+05
   1.43577930e+03   6.56085938e+02   3.95157242e+01   4.11571411e+02
   3.46101094e+04   3.41059219e+04   9.89226172e+03   2.86049744e+02
   1.23638100e+06   4.51504875e+05   4.84657440e+02   1.27069082e+04
   1.06223462e+06   9.34255250e+05   1.99302563e+03   0.00000000e+00
   8.06112812e+04   6.44011758e+04   1.02095994e+06   1.76104984e+05
   5.16052361e+01   9.81106934e+02   1.68787561e+03   1.17256812e+03
   1.08447568e+04   1.08489000e+05   1.98620712e+06   2.31635200e+06
   7.98072815e-01   4.86081797e+04   3.14493313e+01   1.19531700e+02
   1.61683174e+04   3.58206250e+05   4.99416031e+05   6.88299688e+05
   1.18144200e+06   3.12291650e+03   1.78099927e+03   3.57030547e+04
   2.46414400e+06   3.64869000e+06   1.24642703e+05   2.52673575e+06
   3.70338125e+04   3.23043861e+01   5.41825928e+03   2.14633809e+04
   1.35972675e+06   3.63000781e+03   0.00000000e+00   1.97018640e+03
   1.75598906e+04   2.96731450e+06   4.41127502e+02   3.67757562e+05
   8.71958105e+03   1.72928250e+05   1.75216775e+06   1.72816469e+05
   3.07399492e+04   1.43436582e+04   5.09029688e+03   1.04405479e+04
   1.05416079e+01   5.90904875e+05   1.06567612e+06   2.24817715e+04
   2.17941322e+01   8.27965430e+03   1.40378172e+05   1.60427666e+04
   2.12418151e+00   2.71887375e+05   5.73253418e+02   2.88909350e+06
   4.45459531e+05   1.73164978e+01   2.27805508e+04   6.04966309e+02
   4.85656787e+03   7.73697750e+05   9.94804199e+02   0.00000000e+00
   2.53358516e+05   1.28711709e+04   3.76793530e+03   9.62652051e+03
   2.90140723e+04   1.46864775e+06   1.80065048e+02   1.07192932e+03
   3.33508100e+06   5.07946750e+05   3.90383047e+04   1.69641705e+01
   9.48230469e+03   1.48294828e+05   5.09850977e+03   1.98747538e+06
   6.68972607e+03   2.67805925e+06   6.13064551e+03   6.36364160e+03
   8.84305875e+05   3.65301418e+00   8.55144141e+03   3.15127222e+03
   3.22663066e+04   1.58558281e+05   1.34792638e+06   1.28921582e+04
   4.71871729e+03   5.13653969e+05   7.19864625e+05   1.22860188e+06
   4.43495361e+03   1.37357094e+05   9.22969562e+05   3.69955981e+03
   1.85143125e+05   3.66407025e+06   1.68781262e+06   1.14469588e+06
   6.76360875e+05   2.42071650e+06   1.73590375e+06   4.38151474e+01
   1.91357656e+04   3.69682531e+05   7.60528369e+03   4.05980103e+03
   1.59776000e+06   5.60979492e+03   3.54215075e+06   6.55000688e+05
   1.69536275e+06   3.38843969e+05   1.09970703e+05   9.81556719e+04
   4.05422031e+04   1.68253242e+04   9.04663516e+04   2.87864062e+04
   7.25900875e+05   8.27285938e+03   1.60614380e+03   2.30427100e+06
   0.00000000e+00   3.29372725e+06   1.86633503e+00   2.19319525e+06
   1.53299844e+05   3.40308156e+05   2.45691100e+06   1.26435138e+06
   1.34360742e+03   1.42473788e+06   2.49082525e+06   1.64248600e+01
   1.96768812e+05   1.11803566e+02   4.79003711e+03   3.88207837e+03
   1.52406387e+04   3.75460375e+05   2.90678500e+06   1.03378381e+06
   1.96818018e+03   1.04726148e+05   5.46696434e+01   5.76221211e+04
   9.51043457e+02   3.32518775e+06   9.22819844e+04   7.55700073e+02
   1.82354749e+03   1.01244023e+04   1.12341113e+03   6.48551188e+05
   8.32833625e+05   0.00000000e+00   2.91414299e+01   1.28624297e+05
   1.38316452e+02   1.49899062e+06   1.94188734e+05   4.28516731e+01
   3.66778312e+05   8.58949097e+02   1.40458750e+06   2.60433057e+03
   2.30192651e+03   9.64797688e+05   1.07382712e+06   1.58137073e+03
   5.16725562e+05   9.05114812e+05   1.12448157e+03   7.35242676e+03
   4.14670000e+04   2.74096899e+03   4.49823535e+03   2.84413208e+03
   1.47707043e+03   8.02038750e+05   2.68492920e+03   4.87154248e+03
   9.75356262e+02   1.44736738e+01   1.21653223e+03   7.96427062e+05]
[  1.16469575e+06   1.94892500e+04   4.32363379e+03   5.92233936e+03
   2.88081050e+06   2.24514425e+06   1.09818781e+05   6.48336609e+02
   8.23922422e+04   4.30124786e+02   1.80492840e+01   9.30141992e+03
   2.31497559e+03   1.44165059e+04   2.65503047e+04   1.02393887e+04
   1.91118085e+00   2.73019458e+03   1.44960038e+06   4.84355000e+04
   0.00000000e+00   5.21805725e+02   3.22415131e+02   4.58417156e+05
   1.62478308e+03   5.32402686e+03   5.74401436e+01   4.53622812e+05
   2.81837617e+04   6.48972702e+01   3.48002695e+04   8.07999023e+03
   9.34317266e+04   1.04677695e+05   1.39862156e+05   1.64959828e+05
   6.91402344e+03   1.60255966e+02   1.91957031e+04   0.00000000e+00
   6.26541562e+04   1.88816328e+04   6.40935400e+03   1.50183555e+04
   2.99307080e+03   2.01244160e+04   9.23628562e+05   4.97560234e+04
   1.39685688e+05   4.70414001e+02   1.41923743e+03   8.58825293e+03
   6.89720337e+02   3.70942090e+03   1.03912975e+06   9.42480438e+05
   4.33688625e+05   6.73791875e+05   4.62773672e+04   1.70517419e+03
   2.71552783e+03   2.16198418e+04   0.00000000e+00   2.53025703e+01
   0.00000000e+00   1.70673891e+05   5.42894570e+04   5.48538208e+02
   2.11342583e+01   8.89025488e+03   1.50408575e+06   1.41879206e+01
   1.31366865e+04   7.32481348e+03   4.60277938e+05   1.06102328e+05
   2.79594094e+05   2.33860669e+03   4.80068633e+04   5.51265812e+05
   1.35247147e+02   2.82166426e+04   3.86918221e+01   3.49850039e+04
   2.04811377e+03   1.22024086e+05   1.54622302e+03   5.04910820e+04
   1.11228320e+04   8.46024141e+04   7.62578613e+03   5.31978086e+04
   9.34150488e+03   6.73198938e+05   2.12336641e+04   0.00000000e+00
   2.33710797e+05   8.81915588e+01   2.89831562e+04   4.82557281e+05
   1.25382939e+04   5.82741641e+04   5.55346875e+05   1.68270996e+02
   6.08182373e+02   3.28215078e+04   4.57283828e+04   8.18454375e+04
   8.50849297e+04   1.17966362e+06   4.87608252e+03   1.28477288e+06
   6.84623230e+02   3.52310205e+03   3.29443329e+02   4.22824805e+03
   1.73201062e+03   6.48909961e+03   1.75549938e+05   2.89566500e+05
   5.17238398e+04   1.57338394e+02   8.39703047e+04   3.49027406e+05
   6.17416162e+03   4.15205963e+02   9.01034737e+00   3.96887070e+04
   4.39216400e+02   2.56258800e+06   4.43956641e+04   7.26406311e+02
   9.73445312e+03   1.49263562e+06   4.11724268e+03   1.19667900e+04
   8.34973828e+03   7.84434375e+05   8.19185645e+03   1.06701668e+02
   4.04222832e+01   2.01582556e+03   6.87245898e+03   1.28837359e+05
   0.00000000e+00   3.11084512e+04   2.66380605e+04   0.00000000e+00
   3.96367722e+01   7.50100781e+03   2.94667225e+01   4.23400625e+04
   1.03309138e+06   1.21955570e+05   2.23699658e+03   2.57506438e+05
   1.00463483e+03   2.45758390e+00   8.50551094e+04   2.09376138e+06
   3.25378418e+04   7.82689746e+03   1.55059949e+03   1.26937164e+02
   7.71817250e+05   0.00000000e+00   2.29051484e+05   5.08826465e+03
   4.06866438e+05   1.92683638e+06   4.47118896e+02   0.00000000e+00
   5.27542188e+03   1.88735641e+05   5.83600312e+05   1.11798779e+03
   8.42908594e+03   1.16346621e+04   6.62168701e+03   2.32191238e+02
   7.85544287e+03   3.10533301e+04   8.74502869e+02   4.09781953e+04
   0.00000000e+00   1.41420862e+03   1.50686312e+05   6.31792090e+03
   7.59201538e+02   1.39874329e+02   1.06677612e+06   2.52718262e+03
   7.13253555e+01   5.15805859e+03   2.64906562e+04   1.36849768e+03
   1.84598223e+04   4.03183008e+04   1.25073788e+06   1.32351852e+02
   5.93663940e+01   5.47707291e+01   7.52613188e+05   1.39585430e+04
   5.89025000e+04   5.43699341e+01   1.56585557e+04   1.30498712e+06
   9.95434531e+04   1.24825375e+06   1.87702866e+02   6.71893164e+03
   8.90918066e+03   8.48922031e+04   5.28508545e+03   1.60949141e+05
   1.61945078e+05   6.64419531e+04   4.14058057e+03   5.49250879e+03
   3.00487646e+03   3.62876709e+03   6.27066040e+02   3.56894116e+03
   8.63271713e+00   1.62108031e+05   7.48050234e+04   1.28940648e+05
   7.59798828e+03   3.07263603e+01   9.64778125e+03   2.03275549e+03
   1.25274727e+05   4.84450684e+03   7.47436062e+05   1.47576523e+04
   7.03007910e+03   5.86039312e+05   0.00000000e+00   0.00000000e+00
   1.53928076e+04   6.87315438e+05   0.00000000e+00   0.00000000e+00
   1.92010449e+03   2.97234344e+02   4.95322559e+03   3.10886548e+03
   1.12261100e+06   6.79221500e+05   6.10886133e+03   1.68343965e+04
   7.44716357e+03   9.75505812e+05   3.57667700e+03   2.98529094e+05]
[  1.80180484e+05   2.30782676e+04   1.05579724e+03   1.78036951e+03
   2.08786484e+05   5.42655352e+04   8.49872734e+04   1.08443057e+04
   3.54252002e+03   1.30284300e+06   1.38781359e+05   3.58981797e+04
   3.94208691e+03   5.74194580e+03   3.18246973e+03   1.40082397e+03
   7.02336914e+02   1.19172327e+03   3.51308838e+02   1.65873474e+03
   8.81667773e+03   3.91844844e+05   6.29935898e+04   1.64158418e+04
   1.35729932e+03   5.40916211e+04   6.02571338e+03   9.50701641e+04
   1.74349141e+04   8.06474000e+05   1.21782935e+03   7.91403320e+03
   2.74990188e+05   1.74786531e+05   4.70177063e+02   9.62584082e+03
   8.18074938e+05   1.69320775e+06   4.93415273e+04   2.00270000e+06
   4.83131256e+02   1.33750500e+03   8.11724141e+04   7.25896797e+04
   9.45092891e+04   7.82811328e+03   6.40515918e+03   6.09898438e+03
   8.19592188e+04   6.13947266e+03   1.83263516e+04   9.65356188e+05
   1.28506384e+03   4.55046425e+01   3.48372900e+03   1.84151721e+03
   1.27419898e+05   3.43920469e+05   1.72428823e+00   4.59059414e+04
   1.21875476e+03   2.58441641e+05   1.69614319e+03   6.51479541e+03
   6.35952344e+03   1.20067676e+04   5.40399121e+03   7.81926025e+03
   9.30826562e+04   7.88938672e+04   4.74860781e+05   3.76025195e+04
   3.46075742e+04   5.33053086e+04   2.71585750e+05   9.28978672e+04
   4.72646914e+04   1.61660188e+05   5.46029453e+04   2.88519180e+04
   1.32559509e+02   1.98780090e+02   2.47549031e+05   3.39185278e+03
   2.52677734e+04   3.24962196e+01   2.09785801e+04   1.48011658e+02
   6.75415802e+01   2.06882373e+03   4.28127228e+02   5.59932861e+02
   3.04356016e+04   9.89092224e+02   2.45288750e+05   5.67544617e+02
   7.41714478e+02   2.67712188e+05   7.79745938e+05   1.28957812e+05
   4.22800094e+05   6.92176562e+04   3.96601440e+02   2.17874512e+03
   6.98213594e+04   1.14597827e+03   5.12321562e+05   3.76259336e+04
   8.58964478e+02   4.94724688e+04   9.60397734e+04   3.67735508e+04
   7.62464531e+04   4.48126758e+03   1.16222266e+03   4.40040898e+04
   6.31932617e+04   1.98460719e+05   3.75577750e+05   3.34281562e+05
   0.00000000e+00   9.40760438e+05   2.71186094e+05   1.37847828e+05
   1.06958812e+05   6.62511172e+04   3.68843359e+04   7.47639923e+01
   2.82283997e+02   1.67008560e+02   2.76410010e+03   4.27842344e+04
   4.38636914e+04   4.41595947e+03   1.80016035e+04   3.02896680e+04
   1.06556789e+05   2.30921859e+05   1.17635430e+05   2.54791797e+03
   9.85685444e+00   9.62058594e+04   2.76820923e+02   6.37187656e+04
   1.10340371e+04   7.51481172e+04   2.09547625e+05   2.50030212e+02
   3.56001500e+05   3.71341187e+03   6.34198145e+03   1.10881320e+05
   3.59922974e+03   3.02472312e+05   2.23364609e+02   1.21490010e+04
   2.90277312e+05   3.55148706e+03   5.51209438e+05   2.10264282e+03
   1.21413708e+03   6.38858719e+01   1.21271562e+05   1.00621621e+04
   1.58835913e+03   4.84148730e+03   1.62874600e+04   1.18055578e+05
   1.54017688e+03   1.93156406e+04   4.28422012e+01   8.37792578e+03
   6.92325098e+03   5.58316016e+03   1.59728047e+05   1.14532275e+04
   3.49399922e+04   1.15451992e+04   2.87324750e+05   1.81430117e+04
   3.53217804e+02   2.64102754e+04   2.54311062e+05   4.99376367e+04
   7.28672422e+04   7.42041504e+02   6.79231797e+04   2.17700732e+03
   1.21328625e+05   5.68730062e+05   6.55829688e+04   1.81554102e+04
   2.97674438e+03   5.11070391e+04   1.22875328e+02   3.74006348e+03
   2.21681766e+05   9.47115039e+03   2.02051922e+05   2.26763422e+05
   1.07612523e+05   5.78765015e+02   1.87249844e+04   1.13684367e+05
   1.36332266e+05   1.26394096e+02   4.10113672e+04   4.35151172e+04
   1.39217516e+05   7.00426636e+01   2.71207715e+04   1.17619199e+04
   2.83485645e+04   1.67897988e+04   2.12446750e+05   2.45707531e+01
   1.17890747e+03   4.72298008e+04   7.06698547e+02   1.94765516e+05
   3.37327188e+04   1.91595386e+03   1.31873164e+04   1.89286953e+04
   5.76765742e+04   9.58295975e+01   2.19107574e+02   6.14846953e+04
   8.66001465e+02   1.69596445e+04   1.58244336e+04   3.81873203e+04
   1.16523438e+03   4.07436836e+04   1.46743400e+06   6.86602266e+04
   1.53329492e+03   5.29013135e+03   1.62254862e+06   9.53228210e+02
   4.46733936e+03   3.21862213e+02   1.85385754e+03   1.52309570e+03
   1.51268047e+04   4.85177156e+05   1.06853859e+02   6.46351547e+01
   1.56264469e+05   1.33629990e+04   0.00000000e+00   1.00290414e+05
   8.92414746e+03   4.98405469e+03   5.52260498e+02   3.16856406e+04]
[  2.46726074e+03   6.57153613e+03   1.85449941e+04   4.38856445e+04
   7.00692017e+02   1.45386812e+05   1.20914856e+03   1.18677039e+03
   3.60487823e+01   3.35030365e+02   7.70960312e+04   5.80675586e+03
   5.74361328e+04   2.12019512e+04   8.98142188e+03   3.54903900e+02
   7.44234131e+03   8.60914141e+04   8.57331797e+04   8.54426758e+03
   6.30864111e+03   1.72895453e+05   2.41201392e+03   2.96203728e+01
   1.11795945e+05   9.69926660e+03   9.42908281e+04   2.53775342e+03
   1.34528125e+05   2.34920918e+04   2.03112383e+04   1.93942969e+05
   8.37700098e+03   2.91916660e+04   1.64056445e+04   2.01131922e+05
   1.03027492e+05   2.32908203e+03   8.53553650e+02   4.41547461e+04
   8.79125290e+01   1.26481227e+05   4.72762070e+04   5.30943203e+04
   6.33215698e+02   1.64087671e+03   2.43764219e+04   8.18072217e+03
   0.00000000e+00   4.22939219e+04   9.65963359e+04   3.77065887e+02
   4.21752119e+00   9.01405859e+04   6.33219336e+03   2.94290898e+04
   2.30601562e+03   1.41532178e+04   1.59272781e+02   1.33212036e+02
   1.02739805e+04   1.97546844e+05   3.22947988e+04   1.07297500e+04
   5.05787305e+03   4.09817422e+04   1.32631027e+02   1.11159271e+02
   1.83560488e+04   4.56380615e+03   1.05356234e+05   2.10232837e+03
   1.31328766e+05   3.44171777e+03   1.49847689e+01   1.41875342e+03
   2.23758224e+02   9.97507286e+00   1.13428430e+05   9.85117891e+04
   9.61799469e+01   7.87696729e+03   5.47212227e+04   1.34557266e+05
   2.89486758e+04   7.01940536e+00   1.48216968e+03   5.42672266e+03
   7.35540078e+04   8.12805938e+04   7.04736572e+03   4.06540894e+02
   1.66729750e+05   1.49090928e+04   1.73204109e+05   1.38434902e+04
   6.02441250e+04   4.24996094e+02   3.77588750e+04   6.01679453e+04
   6.70738047e+04   1.66830658e+02   1.72144891e+05   4.58227246e+03
   5.05529844e+04   2.14742969e+04   1.23515906e+03   1.91309094e+05
   6.40817266e+04   1.40076514e+03   9.29296875e+03   1.88782434e+03
   3.39318604e+03   6.00699081e+01   1.64442230e+02   2.98083887e+04
   0.00000000e+00   6.32981055e+04   3.77332227e+03   2.03085508e+04
   6.64388733e+02   5.58400508e+04   9.87241953e+04   1.04523145e+03
   2.00159551e+04   1.37923250e+05   2.20016528e+03   1.44642832e+04
   3.85599688e+04   1.27833926e+04   1.64867273e+03   6.98246436e+03
   4.09530781e+04   4.57015547e+04   6.75504766e+04   3.83034668e+01
   1.74568086e+04   0.00000000e+00   2.99339081e+02   2.51610508e+01
   3.03975859e+04   7.34877319e+01   2.18754785e+04   0.00000000e+00
   7.62474060e+02   8.91338770e+03   3.65218384e+02   1.94715957e+04
   3.67385840e+03   4.22010156e+03   1.43352922e+05   7.36934424e+03
   2.97175293e+03   2.31270547e+04   6.32307167e+01   2.82362423e+01
   5.22147141e+01   3.52823151e+02   1.54469803e+02   1.24287250e+05
   6.21930625e+04   2.05757910e+03   1.65591992e+04   1.30005066e+02
   9.94152656e+04   8.27584180e+03   1.07216602e+05   5.53133240e+02
   7.03781328e+04   1.48076969e+05   6.46069702e+02   3.66140552e+03
   2.56641113e+04   9.56867383e+03   7.61844688e+04   3.62958555e+04
   3.64234648e+04   2.45755508e+04   6.49145215e+03   2.75036072e+02
   4.01136641e+04   3.57678784e+03   5.25328008e+04   2.23420000e+04
   1.22262344e+04   1.01536078e+05   1.70682828e+05   4.26357471e+03
   3.54960425e+03   4.49951904e+03   1.28628210e+03   2.81859492e+04
   1.03965752e+04   2.08639578e+05   1.02985766e+05   1.13112406e+05
   5.98732969e+04   8.29046484e+03   1.12943027e+04   2.79294556e+02
   1.18644875e+05   1.19038711e+04   3.97488007e+02   1.12057938e+05
   8.47455547e+04   9.84295166e+02   8.20796875e+04   1.02809734e+05
   0.00000000e+00   2.60890541e+01   7.90196777e+02   4.83564178e+02
   3.45009956e+01   1.34996460e+03   3.80542188e+04   1.62769824e+04
   8.28058789e+03   1.15579297e+04   4.92737539e+04   1.51993320e+04
   1.39860186e+04   7.00894453e+04   0.00000000e+00   3.81415253e+01
   4.34042422e+04   4.75726227e+02   1.32983069e+03   0.00000000e+00
   1.56972992e+02   1.24433496e+04   1.57299301e+02   5.92729309e+02
   5.89002266e+04   3.59887891e+04   4.80551641e+04   1.49979175e+03
   1.10682180e+05   4.19606543e+03   1.38599121e+04   3.79532617e+04
   1.18363145e+04   6.83602891e+04   2.49296606e+03   6.24935039e+04
   7.77718750e+02   1.24653672e+05   4.32504648e+04   1.20906555e+02
   3.69509414e+04   2.13480371e+04   1.73180918e+04   8.59275781e+04
   3.39462852e+04   1.08785227e+05   2.43285996e+04   4.09764180e+04
   1.66187469e+05   5.66005920e+02   2.68897858e+02   1.22921469e+05
   1.01452844e+05   1.12776022e+01   5.15621953e+04   1.20009094e+03
   6.69793854e+01   6.85763516e+04   2.24071240e+03   1.29258789e+05
   5.47449023e+04   7.03161987e+02   2.88214054e+01   1.34014331e+03
   2.45784253e+03   2.12349780e+03   1.32554625e+05   5.34809961e+04
   4.86119461e+00   1.59164978e+02   4.28559570e+04   3.35148901e+03
   3.02461967e+01   4.33981812e+02   1.14356895e+04   1.44163984e+05
   8.62983582e+02   5.05348779e+03   4.14928436e+01   2.97466583e+02
   7.77670715e+02   4.16600547e+04   2.82395469e+04   1.26288037e+04
   4.11874336e+04   2.91501152e+04   1.29075889e+04   1.07358096e+04
   1.07685562e+02   1.00886810e+03   2.04331973e+04   1.12449375e+05
   1.62715942e+03   7.44472473e+02   9.42469434e+03   1.75502605e+01
   6.84520117e+03   1.99191367e+04   1.27816064e+03   9.95838684e+02
   5.03654531e+04   5.96570312e+02   5.15334549e+01   2.80753066e+04
   4.02297272e+02   5.62355713e+02   1.21315695e+05   4.43959375e+04
   2.95004059e+02   1.01702938e+05   5.87541211e+04   1.42946436e+04
   2.15663354e+03   4.64162031e+04   1.78746453e+05   4.10560938e+03
   1.45758375e+05   1.29734531e+05   1.80745359e+05   3.94500273e+04
   5.17867461e+04   3.89755920e+02   1.29215375e+05   5.21762012e+03
   6.75357656e+04   7.21314307e+03   4.72600128e+02   6.99631641e+04
   1.06589020e+02   3.83946704e+03   2.47663892e+03   4.27896055e+04
   1.09509734e+05   7.42006006e+03   2.38922402e+04   1.73928076e+03
   2.52075481e+00   7.32815527e+03   1.72571895e+04   3.59714429e+03
   1.08041250e+04   7.90074890e+02   1.01842258e+05   1.63076878e+01
   5.32926941e+02   6.11983281e+04   4.48621055e+04   1.64935938e+03
   8.20235469e+04   4.93673370e+02   5.09796445e+04   7.05804688e+03
   6.93675156e+04   6.07509336e+04   1.44059616e+02   1.27267906e+02
   3.17605316e+02   1.65879651e+03   2.16835609e+05   2.67696143e+03
   6.97235078e+04   1.92868457e+04   9.54686621e+03   4.39336548e+02
   6.07236426e+03   9.91156152e+03   3.61535977e+04   1.92298848e+04
   2.19938278e+02   7.45255713e+03   6.60356018e+02   2.03086594e+02
   8.03883906e+04   6.76479980e+03   1.18424683e+03   1.21813062e+05
   2.12732852e+04   2.42766113e+03   1.74216833e+03   1.19647549e+04
   5.15997620e+02   1.73627701e+02   2.28484414e+04   1.47835586e+04
   8.44418555e+03   5.43169922e+04   2.15234160e+04   9.30163906e+04
   9.08563477e+03   1.31946807e+04   1.45026797e+04   4.11818207e+02
   2.52483120e+01   2.77607090e+04   7.18828359e+04   1.03787508e+05
   2.22909590e+04   2.83520234e+04   8.69826465e+03   3.83716339e+02
   3.26727057e+00   3.24891663e+01   3.48082188e+04   9.62415625e+03
   3.77116172e+04   2.70244568e+02   4.52699062e+04   7.65306094e+04
   2.71270557e+03   6.45844336e+03   3.07366152e+04   3.91382495e+03
   2.02734570e+04   1.52192012e+04   1.25059070e+03   1.32036406e+05
   4.95999961e+04   2.67232910e+04   3.67614688e+04   1.79590156e+04
   1.03287773e+05   1.85490540e+03   2.70952173e+03   7.70116895e+03
   4.88896172e+04   5.30995742e+04   1.86277148e+04   1.71820386e+03
   5.36491846e+03   1.11809912e+03   7.46994609e+04   7.77487109e+03
   1.89400430e+04   2.04222188e+04   4.55623584e+03   2.25941539e+00
   0.00000000e+00   1.37100047e+05   1.81236115e+01   3.40562031e+04
   2.35619003e+02   8.29730391e+04   1.19869219e+04   1.64633844e+05
   7.06799766e+04   0.00000000e+00   3.06597778e+03   0.00000000e+00
   7.42283508e+02   4.74526123e+03   9.67315598e+01   9.79424744e+02
   1.30165295e+03   2.58166113e+04   9.37098541e+01   7.47533105e+03
   5.92980430e+04   6.37005039e+04   1.11913147e+03   3.32578857e+02
   4.96091553e+02   3.73948535e+03   1.07321644e+01   1.55558228e+03
   2.12841465e+04   1.98516827e+01   3.75756567e+03   3.83670117e+03
   1.16920518e+04   1.90101152e+04   4.53097891e+04   0.00000000e+00
   5.28942261e+02   2.91029707e+04   3.95039023e+04   2.49707910e+04
   3.76324688e+04   2.52785660e+02   1.20967200e+03   6.64131212e+00
   5.83767383e+04   2.20627734e+03   1.33428906e+05   4.12181976e+02
   1.42065420e+04   3.47081758e+04   3.67479370e+03   2.32609790e+03
   6.18775391e+03   1.47362000e+05   2.40797729e+02   1.55409922e+04
   2.88629590e+03   4.20424995e+01   8.54739010e-01   6.12328320e+03
   1.79185742e+04   1.19064242e+05   5.78305762e+03   2.58809114e+00
   2.46974707e+04   1.60174329e+03   5.26780908e+03   1.58379266e+05]
[  1.53407788e+03   1.65901602e+04   2.43912720e+03   3.83590637e+02
   9.87131562e+04   1.45356369e+01   9.34427500e+04   3.42095898e+04
   1.50780125e+05   2.52456348e+03   6.85282288e+02   3.96743262e+03
   4.97150482e+02   9.08198906e+04   8.88147266e+03   2.80405579e+01
   4.51173828e+04   4.10491846e+03   2.35777002e+03   8.13733350e+03
   4.08971069e+03   3.14214785e+04   8.23697754e+02   1.08836548e+02
   3.48555878e+02   2.28842207e+04   5.01287695e+03   3.51298867e+04
   3.54196564e+02   4.92929016e+02   2.09539700e+01   3.78915070e+02
   2.78136108e+03   3.23572302e+00   1.47736365e+03   3.89908130e+03
   7.20707666e+03   3.55119247e+01   7.91789893e+03   2.88368988e+02
   2.49965605e+04   1.64921660e+04   4.47003510e+02   3.61418477e+04
   2.36205605e+04   8.08480713e+02   6.83681494e+03   7.06445557e+02
   1.18460681e+03   1.57174377e+03   3.15585052e+02   1.41777372e+00
   0.00000000e+00   1.99805430e+04   3.02657397e+03   1.90063736e+02
   1.18834512e+04   4.06783997e+02   5.71172485e+02   1.19218224e+02
   3.95392876e+01   4.14582977e+02   6.39367920e+03   7.82479370e+02
   2.19086035e+03   6.16540894e+02   9.78346680e+03   6.75312988e+03
   7.85351953e+04   8.98051453e+02   1.36758566e+01   3.85502773e+04
   3.31081543e+01   1.18781836e+03   4.79360840e+02   2.64726746e+02
   6.20581359e-02   2.67653906e+03   3.60444763e+02   1.60188904e+03
   4.13411963e+03   1.06012133e+05   9.94607969e+04   3.00112578e+04
   1.00025226e+03   5.32928085e+00   2.09973867e+04   1.14836719e+03
   8.51316467e+02   3.09023706e+03   3.74345430e+04   3.21507207e+04
   5.24792871e+03   0.00000000e+00   1.61289490e+03   4.90754814e+01
   1.82190491e+03   1.91841250e+04   8.94106934e+03   5.29355029e+03
   8.34666016e+02   1.81683301e+03   6.32277441e+03   6.44524384e+01
   1.06603247e+03   7.05235889e+03   1.16280107e+04   4.22760010e+01
   6.80337109e+04   1.25346805e+05   7.25001465e+03   6.28864844e+03
   1.61581070e+02   2.43350000e+04   1.02832242e+05   3.16220264e+03
   1.83070969e+02   7.26420837e+02   1.19766434e+02   5.72067108e+01
   3.86473999e+02   1.83782617e+04   3.07479517e+03   2.55212059e+01
   5.16395469e+04   2.52608673e+02   1.49829944e+03   2.98897400e+02
   5.07479591e+01   6.27129023e+04   1.29624344e+02   8.21461121e+02
   2.25413555e+04   2.63372285e+04   9.63155859e+03   6.51126785e+01
   3.69871490e+02   1.48770126e+02   5.86039219e+04   1.72562523e+01
   3.46751312e+02   4.15495575e+02   6.18845947e+03   8.07613907e+01
   1.26200957e+04   4.35094580e+03   2.24156006e+03   8.36136016e+04
   5.55388794e+02   4.06127979e+03   1.50304641e+05   1.54376428e+03
   4.28538516e+04   8.93040955e+02   3.65979065e+02   5.76712422e+04
   3.23402227e+04   4.31253359e+04   1.28885938e+04   9.38577441e+03
   2.63973975e+03   7.66267822e+03   0.00000000e+00   1.54890427e+02
   4.62561250e+04   1.23899487e+03   8.54296484e+04   5.86988926e+00
   2.02509375e+03   1.77775156e+04   5.69156433e+02   1.29584656e+03
   9.81875547e+04   2.67166484e+04   5.28463974e+01   4.93874268e+02
   7.46618896e+02   1.93964180e+04   1.04440234e+03   1.36698413e+03
   1.19503102e+05   1.79955627e+02   8.28098999e+02   0.00000000e+00
   3.03337578e+04   5.33048711e+04   6.36107445e+00   4.03529688e+03
   6.72380798e+02   8.56731094e+04   1.82105667e+02   1.11989220e+02
   4.49297218e+01   6.31735312e+04   1.06226748e+04   3.20495752e+03
   1.98437146e+03   1.46321436e+04   2.29912158e+03   8.97055078e+04
   5.55832305e+04   9.43960724e+01   6.65631962e+00   2.16125732e+02
   7.88247607e+03   1.82673630e+02   5.45630127e+02   1.91559570e+04
   4.41402721e+00   5.25495312e+03   2.05785791e+03   2.57616064e+03
   1.71832559e+04   1.45086201e+04   4.70319922e+04   1.18486328e+05
   2.20556816e+04   1.67262405e+02   2.15026596e+02   1.06465305e+05
   3.89630103e+03   1.20325218e+02   2.30605493e+03   1.01974392e+01
   3.79560059e+03   6.02229729e+01   4.22229199e+03   4.24453633e+04
   7.50690918e+02   3.72261719e+03   1.42408297e+05   2.44583664e+02
   4.16640320e+02   9.15380859e+03   0.00000000e+00   7.58433203e+04
   7.79959531e+04   2.45798950e+03   3.29252396e+01   1.82972473e+02
   1.01881702e+03   4.84676270e+03   1.22093079e+03   1.22263936e+04
   3.03906982e+03   2.49162866e+03   0.00000000e+00   1.10849680e+05
   1.20152102e+01   6.65094177e+02   5.75184473e+03   2.09160328e+01
   1.53092139e+04   2.62110626e+02   5.74983940e+01   2.63285248e+02
   7.54012390e+02   7.16690137e+03   2.37449829e+03   5.72223389e+03
   2.49800220e+03   2.01134430e+02   2.04190454e+03   5.15876099e+02
   3.86114917e+03   5.84889102e+04   2.14825439e+03   5.15106445e+04
   6.41555566e+03   7.62196191e+03   2.49914941e+03   3.90731598e+02
   3.73817969e+03   1.74406219e+02   5.43987513e+00   8.35648926e+02
   7.39410889e+03   0.00000000e+00   7.86688049e+02   2.00733613e+04
   4.71076172e+03   4.84117050e+01   2.27190195e+04   1.36332500e+00
   1.10944847e+02   3.06364883e+04   0.00000000e+00   9.87561953e+04
   6.01644470e+02   5.82995056e+02   5.06473160e+00   6.78672510e+03
   9.28187500e+04   3.55712461e+04   1.09804551e+04   1.26922891e+04
   6.28491602e+04   1.90317947e+02   2.43883392e+02   1.28881641e+03
   0.00000000e+00   1.69727051e+03   4.70729844e+04   1.28896828e+01
   1.01642734e+04   3.49607578e+04   7.87428125e+03   6.41151367e+04
   9.98100510e+01   1.97385025e+01   3.18587704e+01   6.74297314e+03
   5.56195654e+03   3.38343262e+02   1.51862961e+02   2.57697900e+03
   1.03222492e+05   6.72599548e+02   2.62978638e+02   4.38190346e+01
   3.63975703e+04   1.16674746e+04   1.22666465e+04   1.62185781e+04
   5.50932734e+04   1.28657092e+03   3.19052563e+03   6.70596484e+04
   5.87092407e+02   1.66254215e+01   1.63044156e+05   6.23421523e+04
   3.97439667e+02   3.74150177e+02   1.47181758e+04   4.49583740e+03
   0.00000000e+00   4.59553564e+03   3.70529053e+03   8.88666321e+02
   2.25040488e+04   1.55804114e+03   5.05561572e+03   3.73334570e+04
   9.07712555e+01   8.30842871e+03   1.63192459e+02   2.11907773e+04
   4.20126758e+04   1.06452843e+02   4.25917627e+03   1.95851855e+04
   5.14263525e+03   7.67980859e+04   1.31552328e+05   2.85069434e+04
   1.72187866e+03   7.55261230e+02   3.41685645e+03   2.67730484e+01
   9.94010059e+03   4.90520142e+02   1.10413895e+02   1.36174698e+02
   2.27107754e+04   1.39821230e+04   1.92450806e+03   3.04669707e+04
   3.04505402e+02   9.77130703e+04   4.10273314e+00   3.37006763e+03
   2.21541260e+03   1.36227047e+05   2.37913379e+03   4.78208154e+03
   2.79803906e+03   6.30599670e+01   1.61979810e+03   4.86149297e+04
   8.61479883e+03   2.61210156e+03   2.50102272e+01   8.89597290e+02
   7.05601868e+02   1.23492414e+05   5.45742383e+04   1.55206074e+04
   1.58400328e+05   5.00230743e+02   3.02276249e+01   5.06512451e+02
   2.16195215e+03   1.74903672e+04   8.80361816e+02   1.11946191e+04
   1.08008555e+04   2.73898659e+01   5.37517433e+01   3.48419647e+02
   8.27552917e+02   1.33156338e+04   5.77046797e+04   2.54972988e+04
   1.26317688e+03   6.91613245e+00   7.76142734e+04   1.43210815e+02
   7.40621582e+03   3.07418137e+01   9.92717578e+03   4.51236206e+02
   1.48734375e+04   3.60798242e+04   4.94230042e+01   4.79511678e-01
   7.44190247e+02   8.18908508e+02   6.16348389e+03   6.73930054e+01
   1.14866821e+03   1.28110034e+03   2.47914648e+03   1.77477026e+03
   3.46713794e+03   5.37842266e+04   1.77360992e+02   2.14910412e+00
   1.26408818e+04   1.17268059e+02   3.76944092e+03   8.49500312e+04
   1.20506797e+04   2.36859985e+02   8.33893127e+01   3.87941284e+03
   1.45792517e+03   1.19120435e+03   1.60786000e+05   6.62985742e+03
   3.17870581e+03   7.04206543e+02   5.05046826e+03   2.10784399e+03
   5.92046326e+02   1.25159204e+03   2.38579150e+03   2.24006030e+03
   1.67856125e+02   5.97609009e+02   0.00000000e+00   4.40074127e+02
   2.28296051e+01   5.31746674e+00   2.07623867e+04   1.30643873e+01
   0.00000000e+00   2.27509995e+02   5.97159958e+00   8.31118286e+02
   2.71923926e+04   1.28884192e+03   7.36170801e+03   9.77902832e+01
   1.47594188e+05   6.82830312e+04   8.67533569e+02   1.23956262e+03
   7.26026123e+03   2.81882617e+04   1.01090133e+05   5.23705566e+02
   1.28555634e+02   1.60982437e+01   7.81677063e+02   3.74328662e+03
   4.04844214e+03   2.34856796e+01   5.20121643e+02   0.00000000e+00
   1.32484980e+04   1.46693916e+04   6.47764709e+02   4.68324799e+02
   6.04067688e+02   9.08241089e+02   6.88822266e+04   2.08227386e+01
   1.25509121e+04   6.99418182e+01   1.26307836e+05   1.38438350e+04
   3.41181793e+02   3.44780975e+02   1.12456799e+01   3.69654258e+04
   4.63603809e+03   5.86862984e+01   2.39798157e+02   1.21901641e+04
   1.31221631e+03   2.86702988e+04   3.03931793e+02   9.75573608e+02
   3.21230652e+02   1.14457367e+05   1.70108170e+02   2.46140942e+03
   0.00000000e+00   1.64122910e+04   2.20412656e+04   3.00760181e+03]
[  6.96261841e+02   2.71384316e+04   3.02884460e+02   1.56631812e+03
   2.18848242e+03   2.32712109e+04   3.51273956e+02   8.51945410e+03
   5.16500049e+03   6.11040664e+04   1.03262549e+03   2.46730545e+02
   8.22159180e+03   7.99361953e+04   5.69437500e+03   5.21406372e+02
   2.91763867e+03   9.70181738e+03   1.41463078e+05   4.56015674e+03
   8.87409973e+00   8.20316797e+03   1.71438766e+02   3.24172583e+03
   5.40401270e+03   4.93361206e+01   2.33308242e+04   3.36281281e+02
   1.63771716e+03   3.10095093e+03   3.38286768e+03   1.09723975e+04
   5.51597046e+02   0.00000000e+00   2.10017749e+03   1.18813103e+02
   8.76015259e+02   1.22557305e+05   1.74912620e+00   2.41265078e+04
   2.47360332e+04   1.12867022e+01   5.43745160e-01   1.59354202e+02
   8.17724365e+03   6.51108215e+02   5.56408447e+03   1.31644102e+04
   2.27078918e+02   6.41506577e+01   1.08884460e+03   1.09811572e+03
   8.53748093e+01   1.47102900e+04   5.65759414e+04   5.66576836e+04
   4.39402740e+02   9.11901172e+03   8.85557556e+01   1.55584241e+03
   2.35217725e+03   7.75703430e+02   6.42706604e+02   1.74583099e+02
   3.85110815e+03   2.16104401e+02   5.22031441e+01   4.87009186e+02
   2.19117508e+02   2.03130264e+01   9.17416260e+02   2.38816094e+04
   8.48083438e+04   3.14571171e+01   6.89427656e+04   1.40245857e+01
   4.79207802e+01   1.57498825e+02   2.43765796e+03   1.21655566e+04
   1.84699629e+04   1.94357891e+04   2.73647949e+04   2.16592578e+04
   9.13374609e+04   5.05886612e+01   6.04372559e+02   1.20931953e+04
   1.03133643e+04   3.69472773e+04   2.70315051e+00   2.18650928e+03
   2.85355591e+02   1.25383320e+04   1.47508130e+03   1.26194053e+04
   8.65398145e+03   1.52403247e+00   2.69340918e+04   1.05137280e+03
   4.28806152e+01   6.43958691e+03   2.22611217e+01   2.94735522e+03
   2.19874907e+00   4.26630898e+01   9.17524841e+02   1.03486344e+05
   6.38579216e+01   1.75668906e+04   3.87577942e+02   6.17257656e+04
   9.88940039e+03   9.22780884e+02   7.41659307e+00   7.33601135e+02
   7.74274231e+02   5.57987695e+04   3.15086121e+02   5.86997747e+00
   2.26418533e+01   3.02869568e+02   1.82938750e+04   8.65003601e+02
   5.59134094e+02   2.34108906e+04   1.32662674e+02   2.62960541e+02
   7.87557068e+02   4.11592383e+03   1.46447686e+04   9.67003845e+02
   8.43041534e+01   7.16057739e+02   8.30037659e+02   1.46526533e+04
   7.63478125e+04   0.00000000e+00   2.56915802e+02   1.51280222e+01
   2.66382575e+00   1.40271622e+02   1.62487228e+02   3.40814178e+02
   1.41001556e+02   1.53290686e+03   2.33675537e+03   0.00000000e+00
   6.86346558e+02   9.31577344e+04   9.26677246e+01   1.59993668e+02
   4.30011353e+02   5.85595361e+03   6.21784180e+02   2.38643145e+04
   1.76992645e+01   1.07124883e+04   3.58489868e+02   1.17011787e+04
   3.45056427e+02   5.54101379e+02   2.10113843e+03   1.06143675e+01
   6.05797734e+04   2.52619972e+01   3.20331970e+02   1.08543281e+04
   8.64287988e+03   1.47617207e+04   1.32996283e+01   1.06466034e+02
   1.35363203e+04   4.84162933e+02   2.55867062e+01   1.28194043e+03
   9.36457031e+04   1.68662036e+03   5.78507344e+04   5.09811084e+03
   7.22748359e+04   3.69553438e+04   4.43814774e+01   1.48465222e+03
   8.82185547e+02   4.16885662e+00   2.56672910e+04   1.85651406e+04
   3.48549995e+01   1.17262825e+02   2.85014404e+02   1.29147632e+03
   3.87780103e+03   2.37997852e+03   1.99073193e+03   2.47311309e+04
   1.82619397e+03   2.16155078e+03   6.13336258e+01   2.30867139e+03
   6.42049121e+03   4.64634912e+03   1.59249207e+03   0.00000000e+00
   1.85742236e+03   8.87265778e+01   2.17907178e+03   2.46986511e+02
   1.49221289e+04   1.01153547e+05   2.82765686e+02   2.67393982e+02
   2.66903174e+03   7.09671387e+02   4.19097595e+01   8.22845410e+03
   8.48876953e+04   4.56220459e+02   3.18971481e+01   4.10347314e+03
   2.03177578e+04   1.92572525e+02   6.81368790e+01   1.30016016e+03
   4.87300171e+02   1.72600113e+02   6.92101746e+01   3.03437653e+01
   1.17028203e+04   1.33884903e+02   2.78203247e+02   2.22199921e+02
   5.18493311e+03   3.63816261e+01   2.48155651e+01   9.61664581e+00
   5.12361084e+02   3.18936920e+02   1.94805801e+04   1.46874359e+02
   4.19259033e+02   1.95459900e+01   9.84214111e+02   6.90937422e+04
   1.45288457e+04   8.85359570e+03   1.46384631e+03   1.22181409e+03
   4.69224319e+01   1.99835052e+02   5.91268005e+02   1.45401627e+02
   9.72553613e+03   1.80022424e+03   0.00000000e+00   1.04863025e+03
   2.03731226e+03   4.06447589e-01   1.49042969e+03   1.27757141e+02
   4.94542847e+02   2.28593018e+03   1.12016167e+02   1.54829302e+01
   7.56162812e+04   7.06333496e+02   1.02205820e+05   5.54512451e+02
   6.12584082e+03   1.68964752e+02   1.35434586e+02   6.15323975e+02
   5.43067055e+01   3.64745369e+01   7.48040234e+04   9.19029358e+02
   1.09286060e+03   1.04557336e+03   4.41450244e+03   7.65470234e+04
   3.49447693e+02   1.20468086e+02   7.55318115e+02   9.03180469e+04
   9.32216492e+02   1.94136157e+03   2.07080020e+04   4.67645905e+02
   1.70203333e+03   8.49601074e+03   7.82858008e+03   8.01423633e+03
   4.75960596e+03   3.50524146e+03   5.48434143e+01   7.21162109e+02
   2.54848223e+04   7.95243774e+02   2.54411270e+04   1.36962299e+01
   1.02976255e+01   3.86838306e+03   5.10068164e+04   2.56844082e+01
   6.50320947e+03   7.66484062e+04   8.62441467e+02   4.00396680e+03
   2.12623613e+04   4.76728467e+03   1.06732833e+00   3.85498877e+03
   0.00000000e+00   1.93905664e+04   2.13669946e+03   1.64565312e+04
   9.99278137e+02   7.02613379e+03   4.17637512e+02   1.56146367e+04
   4.84030664e+03   7.18237969e+04   2.59072827e+03   4.49215195e+04
   5.37075244e+03   1.63214209e+03   1.16347236e+04   4.22373901e+02
   1.22104956e+03   5.93432541e+01   1.08419199e+04   1.55779150e+04
   0.00000000e+00   4.88999634e+02   2.78536102e+02   1.07559258e+04
   2.73406048e+01   6.22859619e+03   2.28460205e+03   4.95365117e+04
   6.20200078e+04   1.30779858e+03   1.24398950e+03   3.19451172e+02
   1.71247196e+01   2.36510468e+02   1.70948730e+04   1.39091284e+03
   2.48942676e+04   1.70448008e+04   9.90789062e+03   6.05472344e+04
   1.85661270e+02   3.41737549e+03   1.14370154e+03   3.22896167e+03
   1.74599551e+04   1.41125903e+03   2.62374238e+04   1.09059563e+01
   1.24192844e+05   2.80591705e+02   5.25926836e+04   1.36591052e+03
   5.66493604e+03   5.93105347e+02   2.14893875e+02   3.20683145e+04
   7.27768860e+02   1.32619277e+04   1.49401886e+02   6.78393359e+03
   2.56917358e+02   1.32993105e+04   4.44345673e+02   1.36876875e+05
   5.61675586e+03   1.15444189e+03   3.30107471e+03   8.49861389e+02
   1.79021881e+02   1.89305719e+05   2.64033081e+03   7.36600952e+02
   5.06316864e+02   8.95569434e+03   2.02361431e+01   1.62216537e+02
   1.13375061e+03   1.29382617e+03   6.83215703e+04   5.37666113e+03
   1.14841968e+03   1.01539094e+05   8.23744766e+04   8.40634033e+02
   4.40727692e+02   8.49426758e+03   5.66420898e+03   4.21305703e+04
   4.19756355e+01   2.75867441e+04   1.50344922e+04   4.00215161e+03
   2.35781784e+01   1.51730215e+04   3.42956581e+01   1.80750903e+03
   2.45423901e+03   4.54717188e+03   8.91948853e+02   3.57428672e+04
   2.25248184e+04   4.94353271e+02   1.09837927e+03   4.06021118e+01
   3.50417334e+03   8.69372852e+03   0.00000000e+00   5.33093796e+01
   2.10876938e+02   4.87169609e+04   6.71107178e+03   1.21364648e+03
   9.48583789e+03   3.59504297e+04   3.91176196e+03   1.39927353e+02
   6.92894043e+02   8.86004395e+03   9.33795938e+04   4.73032646e+01
   1.77960059e+04   1.01166289e+04   1.13173828e+01   4.21253357e+02
   8.24616394e+01   0.00000000e+00   3.18262812e+04   4.14433136e+02
   2.14170020e+03   2.28249329e+02   2.11071915e+02   3.47073960e+00
   3.72035522e+01   2.69020879e+04   3.78442358e+03   8.32381958e+02
   5.60018372e+02   1.81718047e+04   8.01417770e+01   2.14991064e+03
   1.54421349e+01   1.89814641e+05   7.78780391e+04   6.84251953e+02
   5.68477356e+02   9.72716797e+03   2.15060566e+04   2.98275781e+03
   1.47328916e+04   7.91348145e+03   1.20988184e+04   9.00446411e+02
   8.02689355e+03   6.45596484e+03   6.76673523e+02   1.06360649e+02
   2.36233496e+03   3.08789196e+01   3.65456250e+03   3.50517578e+04
   9.51273340e+03   2.43696211e+04   4.14221649e+02   1.04463264e+02
   8.81025330e+02   4.28101660e+03   1.11067200e+03   2.06080840e+04
   1.41990361e+04   1.14529041e+03   1.56702891e+04   1.69863586e+02
   1.83198380e+00   0.00000000e+00   8.71523828e+03   2.44550674e+02
   8.31392822e+02   7.82007080e+03   1.01945367e+05   7.20475234e+04
   2.71886191e+04   7.21608582e+02   2.42948486e+03   8.65836426e+02
   2.14301733e+03   1.73113022e+02   3.61367993e+03   1.95745959e+03
   3.18820625e+04   7.89358750e+04   1.53499985e+02   5.00293518e+02
   3.52605859e+04   2.75065449e+04   9.49286346e+01   1.06702938e+01
   5.28362854e+02   4.19932556e+01   1.47063629e+02   9.26627539e+03]
[  1.64200806e+02   6.16473045e+01   0.00000000e+00   5.52555518e+03
   7.57144928e+01   1.16663876e+01   1.11405468e+00   1.83324397e+00
   2.51524948e+02   4.90407104e+01   2.26933250e+01   4.51589813e+02
   3.14500694e+01   3.80009796e+02   3.58394766e+00   3.87446060e+01
   3.28940678e+00   7.11665421e+01   0.00000000e+00   0.00000000e+00
   5.15037537e+02   2.10299316e+04   3.40541357e+03   4.58918854e+02
   5.74093056e+01   0.00000000e+00   0.00000000e+00   5.17082397e+02
   9.75974121e+01   1.88597253e+03   1.85771899e+03   3.44315094e+02
   5.24579285e+02   6.63939453e+02   3.39327812e+01   1.33583777e+03
   1.81376236e+02   1.86416211e+04   1.74428479e+03   1.10991418e+03
   4.84106006e+03   2.17613935e+00   1.07057349e+03   2.08917139e+03
   1.74882069e+01   5.73437119e+00   5.49046094e+03   1.40531588e+01
   5.89160271e+01   2.34080078e+02   2.18860092e+01   8.80365662e+02
   1.18518219e+01   6.26397766e+02   1.88570633e+02   5.02002106e+01
   7.79819092e+03   4.05310645e+03   0.00000000e+00   4.44774361e+01
   6.90796387e+02   7.46854431e+02   0.00000000e+00   1.53913977e+03
   1.97414536e+02   6.70206641e+03   2.07456711e+02   0.00000000e+00
   4.85010010e+02   2.04012537e+03   4.28472382e+02   1.97218537e+00
   1.46271830e+01   4.51329346e+01   3.34824109e+00   9.68470825e+02
   1.34360992e+02   7.18067993e+02   0.00000000e+00   2.45136749e+02
   0.00000000e+00   1.15255112e+02   3.44949554e+02   4.01474902e+03
   4.00922508e+01   8.49062653e+01   1.24726713e+00   1.29658766e+01
   7.64319678e+03   2.52545593e+02   1.55746699e+04   3.17859863e+02
   2.86964883e+04   5.83852478e+02   1.30322516e-01   1.20064526e+03
   1.95956992e+04   1.03266039e+01   1.47049927e+03   5.57704124e+01
   4.53227295e+03   7.77324915e-01   7.90283060e+00   7.08663702e-01
   4.00787964e+03   4.27689209e+03   0.00000000e+00   1.23889091e+02
   3.99782486e+01   0.00000000e+00   1.52477922e+01   1.35937790e+02
   3.34364478e+03   9.28347461e+03   4.20051651e+01   2.60942230e+01
   3.92754272e+03   5.41345642e+02   3.49679642e+01   3.17850533e+01
   0.00000000e+00   4.50893555e+02   4.90261227e-01   6.32180214e+00
   1.67640841e+00   5.06576443e+00   4.77265594e+02   4.91910219e-01
   3.48777657e+01   3.69141553e+03   2.62366455e+03   5.72689453e+02
   5.04325390e+00   7.24114380e+01   2.83843384e+02   1.48774805e+01
   1.21491396e+04   1.51905945e+02   3.58799774e+02   2.76999329e+02
   1.92457812e+03   4.24742035e+02   4.73956451e+01   3.01284912e+03
   1.12713611e+00   0.00000000e+00   4.70500374e+01   2.15058756e+00
   1.70718594e+01   9.23267593e+01   2.17961812e+00   2.42555237e+02
   4.36204071e+02   6.13881969e+00   1.09362574e+01   1.43886077e+00
   3.75896191e+03   4.65928125e+00   3.36987701e+02   2.15079769e-01
   3.99987335e+02   1.31772339e+02   2.15054707e+04   3.75173431e+02
   5.97625671e+02   1.45793135e+04   0.00000000e+00   5.64048242e+03
   7.22648132e+02   8.30464355e+03   1.45883942e+01   6.55733838e+03
   8.14885426e+00   7.03856018e+02   7.30693054e+00   7.74103165e+01
   5.28097458e+01   5.41654110e+00   1.25553055e+02   0.00000000e+00
   1.79911652e+01   5.65910059e+03   8.00771952e-01   4.16288525e+03
   5.57113708e+02   1.64115488e+04   1.54926056e+02   1.52276783e+01
   1.39019082e+04   1.02704277e+02   4.61736221e+01   5.86028671e+00
   8.11498657e+02   4.81711365e+02   1.00929852e+03   2.96087463e+02
   1.56702700e+01   2.60765796e+03   5.87224414e+03   2.52099756e+03
   3.12191753e+01   1.42566504e+04   9.57711887e+00   1.03663956e+02
   1.41921082e+01   2.28135395e+01   6.36632812e+03   3.77999780e+03
   0.00000000e+00   3.43725977e+03   4.13173730e+03   2.16622998e+03
   4.77087289e-01   4.75506821e+01   1.12648781e+02   9.68732849e+02
   3.21893219e+02   2.08137846e+00   9.01497803e+01   1.57282318e+02
   2.12267036e+01   1.92887833e+02   1.95585861e+02   3.55950785e+00
   7.86544287e+03   1.23388281e+04   0.00000000e+00   2.70770817e+01
   1.99759090e+00   3.51817108e+02   2.04679527e+01   4.08547607e+02
   6.71149826e+01   3.37972949e+03   3.39699316e+03   5.66190262e+01
   4.95484680e+02   1.50378750e+04   1.62264478e+00   1.39816467e+03
   0.00000000e+00   2.18839570e+04   1.65074951e+02   0.00000000e+00
   1.94152921e-01   3.24564697e+02   1.11921318e+04   0.00000000e+00
   8.16938341e-01   2.70586338e+01   1.75737441e+04   1.99023056e+00
   6.38943243e+00   4.30311432e+01   1.82662334e+01   7.01875732e+02
   3.73232758e+02   7.26614714e+00   2.40448737e+00   8.15033643e+03
   5.68793297e+01   1.97818085e+02   0.00000000e+00   0.00000000e+00
   0.00000000e+00   3.50863028e+00   1.23369646e+00   4.68082581e+02
   1.91243652e+03   2.45739021e+01   1.81924152e+00   2.57490479e+03
   1.08657007e+01   2.66968496e+04   4.98037646e+03   9.09667435e+01
   4.57805615e+03   1.07001791e+01   4.03489494e+01   8.42204762e+00
   5.29816284e+01   3.70903503e+02   2.16240293e+04   3.20311523e+02
   3.12669468e+01   1.40915421e+02   1.92790271e+03   3.68996773e+01
   1.23732185e+00   5.63145905e+01   2.51280426e+02   5.58240332e+03
   2.67882446e+03   7.66449707e+02   0.00000000e+00   0.00000000e+00
   1.10827209e+02   1.49916479e+03   9.27861214e+00   0.00000000e+00
   3.56310760e+02   8.64032288e+02   2.14140996e+04   0.00000000e+00
   1.36083423e+03   5.41266441e+00   2.38234497e+02   9.95029628e-01
   1.22727607e+04   0.00000000e+00   1.57115059e+04   9.89665413e+00
   3.85258598e+01   0.00000000e+00   0.00000000e+00   9.15686328e+03
   6.90835986e+03   1.58774768e+03   9.34007568e+01   2.13210678e+01
   1.45948474e+03   2.21154652e+01   6.25856857e+01   9.52082443e+01
   6.27232780e+01   4.58251655e-01   2.83941002e+01   2.13157215e+01
   4.81543091e+02   1.55089703e+01   3.17571030e+01   3.47962500e+03
   2.31097908e+01   1.18914819e+03   1.76495773e+02   5.71270752e+03
   2.61418384e+03   6.66107605e+02   7.45646924e+03   2.57173218e+02
   1.09710901e+03   1.10636342e+00   4.00825562e+02   0.00000000e+00
   9.55334375e+03   2.16755557e+00   4.67398975e+03   7.35746536e+01
   2.66904999e+02   6.40854797e+01   9.06139374e+01   0.00000000e+00
   2.06435327e+03   5.55796928e+01   6.24138641e+00   1.09790939e+02
   3.57501294e+03   9.08910254e+03   3.28919531e+03   5.76773262e+01
   2.23805435e+02   1.95811689e+00   1.13373547e+01   2.37301315e+02
   7.73995132e+01   4.89571381e+00   0.00000000e+00   4.09090210e+02
   1.70450424e+02   0.00000000e+00   1.85669067e+02   4.16217139e+03
   3.25116730e+01   1.22334702e+02   2.84646645e+01   3.18139435e+02
   2.15119672e+00   1.82923436e+00   1.75806379e+00   2.66490448e+02
   5.73240433e+01   2.48117598e+04   6.82776451e+00   7.76575342e+03
   9.87075500e+02   3.07279150e+03   9.59688538e+02   4.29705048e+00
   4.54545898e+03   2.30560135e+02   3.46399683e+03   7.59684525e+01
   7.69883881e+01   0.00000000e+00   1.02327492e+02   1.80817413e+01
   0.00000000e+00   3.40559921e+01   1.53815765e+02   1.59624237e+02
   7.61283264e+01   3.09775488e+03   8.13760645e+03   6.23562050e+00
   2.84760208e+01   3.16059418e+01   1.02318733e+02   2.46671562e+01
   5.43939629e+01   1.04984521e+04   4.07806549e+01   3.33350487e+01
   1.13071270e+01   3.54324646e+02   5.00776025e+03   1.57567398e+02
   4.28933691e+03   9.43019791e+01   2.86664605e+00   6.24007893e+00
   3.57070430e+04   7.67818237e+02   3.21657143e+01   7.64850473e+00
   6.14761108e+02   7.78021912e+02   5.59203029e-01   1.40127668e+01
   7.64396763e+00   6.27164001e+02   7.66387354e+03   4.98769112e+01
   4.14397812e+01   1.00142621e+03   2.44516382e+03   1.32881592e+02
   8.42830429e+01   8.49557617e+02   1.91895039e+04   7.47830124e+01
   3.73342628e+01   3.88638878e+01   1.29891647e+02   1.61228101e+03
   2.01235382e+02   5.60206795e+00   9.87224414e+03   5.21465967e+03
   1.72776797e+04   1.93050814e+00   1.06555896e+03   1.85233246e+02
   3.30500562e+03   6.84217529e+01   6.11367310e+02   1.43000977e+02
   4.10326538e+01   1.20740527e+04   1.19020676e+02   5.05267725e+03
   2.30727941e-01   9.48032715e+02   1.25006248e+02   1.15596179e+03
   1.02583604e+04   2.84189930e+01   2.25238838e+01   0.00000000e+00
   7.64324951e+00   9.72038452e+02   3.04680328e+02   2.51966095e+02
   1.33776413e+02   6.27762891e+03   3.55710173e+00   1.14681628e+03
   4.95526215e+02   3.33202667e+02   6.88920020e+03   9.48924744e+02
   2.46546826e+03   1.56832776e+03   9.74145447e+02   1.01041534e+02
   3.92325211e+01   2.22763379e+03   3.40884186e+02   1.28053633e+04
   3.11550307e+00   1.06423006e+01   1.13757690e+02   1.19544707e+04
   1.59625122e+03   9.16010742e+01   5.84106827e+00   0.00000000e+00
   5.10782324e+03   6.86276978e+02   3.04423682e+03   5.23608301e+03
   1.12445320e+02   2.57719879e+01   5.65554871e+02   1.16000415e+03
   3.48768005e+01   8.53131250e+03   1.45156879e+01   1.12049817e+03
   0.00000000e+00   1.78997422e+04   1.75547180e+01   1.48919385e+03]
[  6.45271454e+01   1.62721631e+03   5.18269997e+01   2.18023331e+02
   8.94253349e+00   6.42466125e+02   5.24230728e+01   1.61684387e+02
   1.28225508e+01   1.48395500e+01   6.23902283e+02   9.86304932e+02
   8.31759155e+02   1.76829605e+02   2.32422388e+03   2.22129471e+02
   5.37222719e+00   5.96299927e+02   5.32149231e+02   1.21014015e+02
   1.62399612e+02   2.44571090e+00   2.22799707e+03   4.05761147e+01
   1.01478348e+02   6.01584282e+01   2.23771400e+01   6.06138802e+00
   6.21220996e+03   1.56297741e+01   6.88174582e+00   2.90461082e+01
   5.03504932e+03   6.16881866e+01   1.38557129e+01   2.03160599e+02
   7.41405615e+03   8.92488003e+00   4.03221273e+00   3.90440649e+03
   9.90356250e+03   2.26778687e+02   1.86432064e+00   0.00000000e+00
   2.63145185e+00   2.68651428e+02   7.60066260e+03   5.57538528e+01
   2.74020500e+01   3.28334999e+01   6.45421982e+01   3.38562439e+02
   5.91242065e+02   7.20320068e+02   4.71609314e+02   3.30204126e+03
   6.45738077e+00   1.41404161e+01   2.05462134e+03   9.93315137e+03
   9.10422852e+02   1.52334488e+02   8.41696484e+03   4.58830023e+00
   5.55392683e-01   2.21080627e+02   6.84698181e+01   9.17563019e+01
   3.54745636e+01   1.18393225e+03   1.80890613e+03   3.01569116e+03
   1.19196497e+03   3.58923607e+01   4.19212151e+01   1.22830371e+03
   1.15328552e+02   1.21902649e+03   3.48760034e+03   3.21642470e+00
   1.67759705e+00   2.11901245e+02   5.64141943e+03   2.09140503e+02
   2.03135986e+03   8.48483984e+03   1.50420410e+02   3.42022438e+01
   2.98428198e+03   3.98053192e+02   2.79192139e+02   5.14923645e+02
   0.00000000e+00   4.30017725e+03   5.98003540e+01   3.08264103e+01
   7.32173645e+02   4.91972412e+03   7.12668076e+01   1.31242676e+02
   1.23828506e+01   1.23374348e+01   1.69624466e+02   1.04244614e+00
   1.47368103e+03   0.00000000e+00   2.68989372e+01   4.86938574e+03
   7.08244531e+03   1.36378555e+02   2.03581924e+02   1.84463673e+01
   3.03410376e+03   1.16258313e+03   4.39758759e+02   0.00000000e+00
   1.15469685e+01   1.39891205e+01   2.97393018e+03   4.62876053e+01
   4.68366776e+01   2.76227417e+03   0.00000000e+00   1.30418259e+02
   2.59478354e+00   4.15904358e+02   5.81276817e+01   2.64732056e+02
   9.30632422e+03   2.74923563e+00   1.15463879e+03   3.44342871e+03
   1.50320898e+03   2.49964409e+01   1.96534180e+04   1.98730683e+00
   7.87218189e+00   1.85825882e+02   7.42457123e+01   3.45223808e+00
   7.11418359e+03   0.00000000e+00   1.53638379e+03   1.01325356e+02
   2.19207550e+02   6.62285089e+00   1.71526837e+00   1.25629807e+01
   3.89118604e-02   1.51767746e+02   9.20862317e-01   1.91823013e+02
   7.35574341e+02   3.90433911e+03   2.28120193e+02   7.85533691e+02
   1.44887830e+03   8.25849414e-01   2.18470142e+03   3.43237396e+02
   2.91937720e+03   9.76812207e+03   1.15202608e+01   2.25650833e+02
   7.31847510e+03   7.52432434e+02   3.22308777e+02   1.07382919e+02
   5.14294014e+01   1.59690784e+03   5.95538940e+02   6.53759809e-03
   1.56204056e+02   6.36612368e+00   8.73173294e+01   1.50007572e+01
   0.00000000e+00   2.47139160e+03   6.60200256e+02   2.62277174e+00
   1.13481461e+02   2.09527493e+01   2.73254967e+01   3.22853966e+01
   8.22001172e+03   2.12640285e-01   1.03803680e+02   4.00117517e-01
   1.30531025e+00   1.81581669e+01   1.50845251e+01   1.42539017e+02
   4.19095993e+01   1.54348969e+02   9.99639771e+02   4.68827209e+02
   3.96325226e+02   1.36472473e+01   6.30418472e+01   3.25868416e+01
   2.23650970e+01   5.34578896e+01   1.99690044e-01   6.52168810e-01
   2.04019756e+01   2.78549805e+01   8.16151123e+01   1.18888252e+02
   5.02483482e+01   2.42303867e+01   1.61409705e+03   5.78282715e+02
   4.72452402e+00   7.34236091e-03   1.23650452e+02   7.49713135e+01
   1.11495232e+02   1.53596936e+03   2.31781525e+02   5.83084961e+02
   3.20844513e+02   2.70350952e+03   3.14026886e+02   1.60587158e+03
   2.80824356e+01   2.07308979e+01   3.15627979e+03   2.83349457e+02
   1.77859546e+03   7.32741357e+03   4.06093140e+03   5.24622574e+01
   0.00000000e+00   2.04061615e+02   4.41082642e+02   2.35392456e+03
   1.98260986e+03   1.46552830e+01   1.31958362e+03   4.35825104e+02
   3.68490362e+00   9.69637222e+01   3.22193115e+02   0.00000000e+00
   8.37870361e+02   3.96913147e+02   9.88122803e+02   2.79728270e+00
   3.18304993e+02   4.26107788e+00   0.00000000e+00   3.41082733e+02
   3.91888232e+03   0.00000000e+00   4.75349693e+01   8.70127832e+03
   3.36988091e+00   7.42636658e+02   4.55756721e+01   3.31645622e+01
   6.00027881e+03   0.00000000e+00   1.12025312e+04   2.93782368e+01
   9.36035995e+01   2.50870972e+01   3.13310883e+02   1.46297461e+03
   6.83536987e+01   1.01454681e+03   8.47155304e+01   6.53515686e+02
   0.00000000e+00   0.00000000e+00   1.16280571e+02   1.44930176e+02
   4.11160736e+01   7.16251678e+01   1.56759863e+03   5.33786987e+02
   1.12852230e+01   3.22706604e+01   4.64687646e+03   9.35495663e+00
   7.30338335e-01   3.78601929e+03   2.24509506e+02   2.08432541e+01
   8.87899609e+03   1.10040512e+02   2.50809803e+01   2.20825424e+01
   1.63239487e+02   2.49398999e+03   7.44603906e+03   2.70811825e+01
   4.61226416e+03   1.24134186e+02   2.02174820e+02   1.72126160e+03
   5.30330713e+03   6.53323975e+02   1.14503002e+00   8.72222424e+00
   9.31243848e+03   4.43262012e+03   1.22160684e+04   3.52953430e+02
   2.38717303e-01   3.08484161e+02   4.20612450e+01   3.38416046e+02
   0.00000000e+00   6.21026306e+02   3.53676109e+01   1.75168347e+03
   1.04883081e+03   6.08416100e+01   1.88199683e+03   1.70024529e+01
   1.40710545e+01   4.72510498e+03   1.97628136e+01   9.26025879e+03
   2.93208099e+02   5.05336273e+02   6.77881088e+01   2.70909061e+01
   4.21337624e+01   2.05181671e+02   1.49692144e+01   1.71558289e+02
   5.30471985e+02   2.71060982e+01   1.24310645e+03   2.13082638e+01
   3.33306274e+02   3.17030670e+02   3.40185608e+02   4.88722705e+03
   1.84176929e+03   3.90073273e+02   3.08893188e+03   1.21928062e+01
   2.80495758e+02   1.02055121e+03   1.16341260e+03   1.11930138e+02
   2.07288223e+02   2.77083813e+03   2.38891125e+00   0.00000000e+00
   4.78774561e+03   4.92768936e+01   1.29835254e+03   3.11988974e+00
   1.15902795e+03   6.78985962e+02   1.26992622e+02   1.41515762e+02
   3.65542336e+01   1.10667458e+01   4.73976707e+01   2.89912476e+03
   9.58754028e+02   1.16070852e+01   4.35632286e+01   5.77006760e+01
   2.24138088e+01   1.65176177e+00   4.61851270e+03   5.69416142e+00
   4.92576111e+02   3.55040918e+03   0.00000000e+00   5.13309814e+02
   2.50141895e+03   1.18713193e+04   1.92159668e+02   4.68071869e+02
   2.81038635e+02   3.73743439e+01   2.64542633e+02   2.86892433e+01
   5.90895935e+02   9.83065720e+01   4.34443855e+00   2.19974731e+02
   4.10580127e+03   6.01686554e+01   9.66329590e+03   2.25142410e+02
   5.59464600e+02   2.90162792e+01   1.03656006e+00   9.90437469e+01
   0.00000000e+00   3.18092163e+02   6.09955322e+02   1.09010474e+03
   2.16404492e+03   1.22843613e+02   2.23610153e+01   7.22007568e+03
   2.38806030e+03   1.60556854e+02   4.91765137e+02   0.00000000e+00
   1.26014465e+02   1.23574717e+04   2.13941956e+02   8.61395264e+02
   2.83245636e+02   3.27000504e+01   6.94745255e+00   0.00000000e+00
   4.55593311e+03   3.09657837e+03   7.66971252e+02   1.43122607e+03
   9.40927658e+01   1.20996189e+01   1.25543311e+03   8.17626655e-01
   7.22108459e+01   1.70950356e+01   3.02458420e+01   5.00211963e+03
   3.43549011e+02   6.67789917e+02   1.49710244e+04   1.31325693e+01
   3.65185699e+01   3.97581616e+03   8.04892120e+01   8.18453293e+01
   2.48362598e+03   2.14606438e+01   2.04207184e+02   1.24272835e+02
   9.93651199e+00   1.52904297e+02   3.18500900e+01   3.45624115e+02
   5.54083939e+01   3.38136993e+02   1.69212708e+02   2.23391414e+00
   9.70824051e+01   2.84635792e+01   1.92721546e+00   3.85115698e+03
   1.59552676e+04   2.75955078e+03   1.12151962e+02   1.23758911e+03
   1.46216309e+04   3.97030373e+01   3.66509473e+03   1.75580997e+01
   4.42653320e+02   3.17226379e+02   1.63071499e+01   4.08168268e+00
   1.50305518e+03   1.53772827e+03   1.74962067e+02   8.15386621e+03
   1.05658408e+04   9.89488525e+02   4.59193230e+00   5.11234589e+01
   5.62496662e+00   3.46362213e+02   9.32564974e-01   1.07316724e+03
   5.47992859e+01   5.67166042e+00   2.75403328e+01   2.37653971e+00
   6.40505676e+01   6.54157959e+02   1.70030228e+02   7.37851990e+02
   1.64105026e+02   3.50560284e+00   3.17311420e+01   1.32333564e+04
   1.26250811e+01   2.75961151e+02   2.40961761e+02   5.94470520e+02
   0.00000000e+00   0.00000000e+00   1.03897186e+02   1.24245369e+02
   3.40264587e+01   1.64062793e+03   4.54181689e+03   4.91759277e+03
   7.84983337e+02   1.56307449e+02   4.62354889e+02   4.36708301e+03
   5.89409370e+01   0.00000000e+00   7.12952271e+01   6.28047510e+03
   1.26459534e+02   1.85875443e+02   4.51720734e+01   2.77589673e+03]
[  5.81925720e+02   3.52345123e+01   1.90888271e+01   1.10089359e+01
   5.95456543e+01   1.83143567e+03   1.67794666e+01   1.06200552e+01
   3.37389994e+00   4.61314240e+02   2.38757362e+01   3.84190865e+01
   7.40396057e+02   1.59087012e+03   4.33001976e+01   0.00000000e+00
   2.43061771e+01   2.28961694e+03   6.75612030e+01   7.29339695e+00
   1.62989311e+01   0.00000000e+00   3.17632332e+01   3.19925830e+03
   7.96898127e-01   4.43416119e+00   8.70603442e-01   5.63849974e+00
   5.50910282e+00   2.38158035e+02   1.26798449e+01   5.76885760e-01
   1.47017944e+02   1.00915852e+01   2.52853247e+03   4.89678076e+03
   1.79038775e+00   3.18692236e+03   5.06888885e+01   6.31210403e+01
   1.05940342e+01   2.73581314e+01   7.07576871e-01   4.42029533e+01
   1.67739067e+01   1.04068230e+02   1.75375598e+03   2.56726742e-01
   1.85014542e+02   6.31201019e+01   6.02640137e+02   1.06883936e-01
   5.96119766e+01   3.29747543e+01   0.00000000e+00   1.07124329e+01
   1.11876106e+01   1.52058764e+01   1.84408279e+02   4.58044739e+01
   1.59131708e+01   5.22001953e+01   1.41799957e+02   4.72757816e+00
   4.10237389e+01   1.66978722e+01   5.38538513e+01   9.15960908e-01
   3.28991508e+00   2.67664127e+01   1.06616364e+01   3.12386377e+03
   3.37749367e+01   1.80799512e+04   1.97031897e+03   6.68555880e+00
   3.92709589e+00   9.42979240e+00   1.17985830e+01   2.68804407e+00
   5.24222908e+01   6.24371643e+01   3.17947149e+00   1.02512598e+01
   4.08872108e+01   1.03992172e-01   1.62130286e+03   1.31211033e+01
   1.21800331e+02   1.05909405e+01   1.24040985e+02   7.79515610e+01
   2.74850483e+01   1.25670891e+02   1.38110580e+02   1.12379646e+01
   2.63629303e+01   1.00134399e+02   1.52274719e+02   3.74876556e+01
   2.22984612e-01   5.38769798e+01   6.58322525e+01   3.74828415e+01
   1.05377407e+01   2.12587738e+00   1.68027020e+00   7.08992578e+03
   7.98233843e+00   5.38885891e-01   1.46213211e+02   6.65491533e+00
   1.95435369e+00   9.56436539e+01   0.00000000e+00   1.98785007e-01
   6.23019314e+00   9.52137375e+01   5.19341699e+03   8.39218676e-01
   2.78128601e+02   2.90186615e+01   1.12291803e+01   1.34251890e+01
   8.66261363e-01   2.39005996e+04   1.07894135e+00   5.74253349e+01
   4.88993042e+02   1.53324417e+02   9.10474586e+00   2.69973663e+02
   1.30901520e+02   3.15652981e+01   2.92328149e+03   2.14194059e+00
   1.28593552e+00   3.39246178e+01   1.35938599e+03   5.95319710e+01
   4.41860199e+01   2.88123364e+03   2.81618762e+00   5.26361755e+02
   3.44407225e+00   7.12757950e+01   4.23803568e+00   1.35346725e+02
   1.15894946e+03   5.43565140e+01   2.02770710e+01   1.41032227e+03
   2.48039055e+01   6.88788223e+01   1.75499585e+03   2.95771294e+01
   1.49686489e+01   0.00000000e+00   4.14322510e+01   1.72825012e+03
   7.60050879e+03   8.57202441e+03   1.41463637e+00   1.44256887e+01
   3.32003098e+01   1.39531910e+00   4.73519554e+01   5.42935562e+01
   8.34385395e+00   8.17311096e+00   3.50516243e+01   0.00000000e+00
   1.54622030e+00   1.95651575e+03   2.42300739e+01   5.95718651e+01
   2.41071587e+01   8.32587814e+00   6.14171448e+01   1.93032288e+03
   4.68510254e+02   3.26385841e+01   8.79023376e+02   2.77940155e+02
   8.61752777e+01   1.41298309e+02   2.30488032e-01   6.07932150e-01
   1.21707802e+02   1.14062439e+02   1.18541069e+02   1.85573220e+00
   9.46091797e+03   3.08477612e+01   1.17129302e+00   4.36353874e+01
   2.71388316e+00   8.39865265e+01   5.61015091e+01   2.38713257e+03
   1.75634861e+01   6.52156353e-01   2.02158643e+03   1.54711166e+02
   4.15061682e-01   1.86102028e+01   6.10200928e+03   2.92157402e+01
   8.00907974e+01   9.32195587e+01   7.05907059e+01   8.92363429e-01
   4.31525177e+02   8.21716213e+00   1.12387993e+02   2.91851776e+02
   0.00000000e+00   2.64785309e+02   2.20045728e+03   5.45744568e+02
   0.00000000e+00   5.40918159e+00   2.64939046e+00   1.88122959e+01
   2.18801308e+01   1.62889148e+03   8.14666672e+01   5.11833916e+01
   1.17850161e+01   2.59549713e+01   3.77223282e+01   2.07134937e+03
   1.62100916e+03   8.15274963e+02   0.00000000e+00   4.72170353e-01
   5.75719872e+01   7.38819238e+03   3.13183618e+03   1.26150455e+01
   3.60677261e+01   1.07284073e+02   1.78775787e+01   0.00000000e+00
   1.33524656e+01   0.00000000e+00   1.55187134e+03   0.00000000e+00
   2.15153030e+02   5.30340576e+01   1.20626721e+03   2.63814569e+00
   3.58813834e+00   1.58065796e+03   6.00609375e+02   1.61994553e+01
   3.49462051e+01   2.78681183e+01   8.56491516e+02   1.61414459e+02
   7.13848343e+01   1.64987621e+01   1.67157227e+03   3.80047722e+01
   4.00720558e+01   0.00000000e+00   2.59803619e+02   3.14193392e+00
   2.83128023e-01   3.67209625e+01   3.48172607e+03   1.64066309e+03
   2.17544498e+01   1.13833132e+01   1.38632034e+02   1.05072128e+02
   2.43028931e+02   8.23971558e+00   7.99806824e+01   8.89377534e-01
   9.42335388e+02   2.22396500e+02   2.16689053e+01   3.15742871e+03
   4.56326752e+01   4.94076881e+01   1.76526184e+01   3.74048080e+01
   2.73951141e+02   1.57151556e+01   2.90086108e+03   2.20811043e+01
   3.24683380e+00   1.36544144e+02   4.48649902e+01   1.59055588e+02
   3.03679180e+01   1.56406909e+03   1.46462631e+01   8.84491504e+03
   6.24214844e+02   3.44722176e+01   2.25029492e+03   5.59679993e+02
   4.72084930e+02   7.51569824e+01   2.28873825e+01   1.61354034e+02
   3.66952858e+01   9.50676804e+01   0.00000000e+00   1.03700705e+01
   1.57325268e+01   3.46052399e+02   1.14775232e+03   3.69103355e+01
   1.83232300e+03   0.00000000e+00   3.83954346e+03   3.17198715e+01
   8.81237976e+02   3.66609879e+01   7.68252716e+01   4.38174072e+02
   9.29191055e+01   6.15328484e+01   0.00000000e+00   7.68638000e+01
   1.35833240e+00   7.90821505e+00   0.00000000e+00   5.98557949e+00
   0.00000000e+00   1.87011490e+02   2.08077488e+01   9.87360474e+02
   1.37797852e+01   1.42034851e+02   4.71822433e+01   7.64170410e+02
   8.84369850e+00   3.10219431e+00   9.16605453e+01   2.45904980e+01
   0.00000000e+00   1.06304283e+01   5.39720306e+01   5.80330048e+01
   4.41754341e+00   4.11835632e+01   8.31767197e+01   2.39181118e+01
   4.71917719e-01   1.07289169e+02   6.21501274e+01   6.80278857e+03
   8.76167145e+01   6.59750488e+02   6.07001419e+01   8.78647041e+00
   2.24371906e-02   2.04326660e+02   4.02301102e+01   1.63961792e+02
   3.01454443e+03   4.79523063e-01   2.02042484e+01   1.20440793e+00
   1.18235741e+02   2.58529606e+01   0.00000000e+00   3.37592743e+02
   2.48494720e+01   0.00000000e+00   1.94347992e+01   1.57728052e+00
   2.48085645e+03   1.87789478e+01   4.21931744e+00   4.23686485e+01
   3.23041077e+01   5.30150830e+03   8.92187683e+02   0.00000000e+00
   1.61749130e+02   7.89146423e+01   6.05502939e+00   1.49577215e-01
   3.05026493e+01   0.00000000e+00   3.88580396e+03   5.96305885e+01
   9.23754578e+01   7.46980438e+01   1.80939392e+03   7.14490173e+02
   9.68359680e+01   2.04306698e+01   1.05891914e+02   1.70143445e+03
   6.92655792e+01   4.54715500e+01   1.21003723e+01   2.43177152e+00
   4.05820618e+01   2.01089526e+03   3.12711277e+01   5.17307091e+01
   7.68092957e+01   1.14412941e+02   1.24240137e+03   7.59304504e+02
   3.84759068e+00   2.02355493e+03   6.46938354e+02   0.00000000e+00
   5.16353302e+01   5.81993151e+00   5.19733203e+03   1.30929794e+01
   6.50934265e+02   3.31673775e+01   5.91749268e+01   8.41308403e+00
   1.90116825e+01   3.02082642e+03   3.26222534e+01   5.85600281e+01
   1.75239883e+04   2.18356430e+02   1.49237228e+02   4.65803623e+00
   5.85191689e+01   1.79748718e+03   2.72342052e+01   2.33065747e+03
   1.44423315e+03   9.08497314e+01   7.62521667e+01   5.44375458e+01
   1.89511704e+00   9.72192017e+02   7.25048141e+01   1.21581894e+02
   7.48884964e+01   6.06357231e+01   8.59728307e-02   1.99393234e+02
   2.42331562e+01   1.30228214e+01   3.06150341e+00   3.24018250e+01
   0.00000000e+00   1.17014008e+02   1.59602175e+01   2.66071973e+03
   2.85052814e+01   6.71414014e+03   2.10128082e+02   2.15161591e+01
   3.15330086e+01   8.46267761e+02   1.93542175e+01   7.67704315e+01
   2.69558643e+03   0.00000000e+00   7.21307861e+02   5.74214722e+02
   7.58889771e+00   4.66848030e+01   3.29482452e+02   1.28529877e+02
   7.68604187e+02   4.88261572e+03   7.41567841e+01   1.18001697e+03
   1.64430976e+00   0.00000000e+00   9.72032356e+00   8.27869773e-01
   9.76679916e+01   2.66731110e+01   3.74834595e+03   1.83839217e-01
   7.64220276e+01   4.95589733e+00   6.23976669e+01   7.26518457e+03
   0.00000000e+00   0.00000000e+00   8.89850082e+01   3.35357704e+01
   4.66499805e+00   2.03645703e+03   8.92068115e+02   1.75738892e+03
   9.63747314e+02   2.08005508e+02   8.04182510e+01   2.43098030e+01
   5.90611279e+03   7.05442524e+00   2.28515649e+00   1.68597144e+03
   4.29284363e+01   2.19361465e+02   2.61236744e+01   4.10204895e+02
   1.20754126e+03   5.16732849e+02   3.18004150e+03   5.23338556e+00]
