bicycle
bus
car
motorbike
person
[ 11000433.      7590757.5    28066766.     12781405.     28582748.
   7603327.5     9038967.      2970359.     12046116.      7164238.5
   9055643.     16631805.     10073279.     10041932.      9682310.
   7928678.5     9687696.      7449655.     32401388.     10897966.
   4901349.     10915086.      7135921.5    21067376.      4502914.5
  11020556.      7276105.5     7476345.      4458430.5    11201587.
  20593698.     14835546.     37407524.      2659230.75   19133512.
   4180139.     13342469.      3644121.75    9429594.      1089417.
   8657099.      9051320.     25601184.     38353048.     11952989.
  20176514.      8595298.     10412357.      2266962.5    27408352.
  21495698.      7710928.5    11330067.      9431478.     12231613.
   9980618.     20788020.      7017542.5     9563027.      1467345.
   4991717.      3918323.     15003576.      1964284.625]
[  2.24494260e+07   9.41315600e+06   2.11571060e+07   2.60573312e+05
   6.51245350e+06   4.27480350e+06   9.88333100e+06   3.43253198e+03
   7.96607450e+06   8.18604950e+06   2.25976580e+07   2.57681780e+07
   8.50856719e+04   3.24787450e+06   1.77564800e+07   9.58911300e+06
   2.74618825e+06   2.85065860e+07   1.68633180e+07   8.87063500e+06
   2.07353078e+05   2.58641400e+07   1.64138050e+06   2.45660500e+07
   4.12223344e+05   2.53570940e+07   3.56173200e+06   1.11838612e+06
   1.27657120e+07   3.60496328e+04   1.38371360e+07   5.20309648e+04
   2.28942700e+06   1.23561010e+07   7.68073600e+06   4.93780850e+06
   2.74866281e+05   5.26323200e+06   1.44705850e+07   1.12275000e+07
   4.85696050e+06   4.67751600e+06   2.25516150e+06   6.65524250e+06
   2.76908820e+07   1.36200630e+07   1.63893906e+05   2.38964360e+07
   1.55035130e+07   4.77920600e+06   2.31471240e+07   1.31411430e+07
   2.97853180e+07   1.18952870e+07   9.99504625e+05   1.31990230e+07
   1.09405300e+07   3.52144880e+07   3.60137600e+06   1.25792180e+07
   1.97799980e+07   2.84782202e+03   1.21291420e+07   3.06174360e+07]
[  2.01524012e+06   7.56229200e+06   2.93136602e+04   2.17576250e+05
   2.83425195e+04   5.85465000e+04   1.16947164e+05   3.51121525e+06
   3.80671484e+04   1.77153075e+06   3.91717525e+06   6.45239188e+05
   8.47132812e+05   1.22552950e+06   2.66538574e+04   6.99855078e+04
   1.93655262e+06   2.62114547e+05   4.64458781e+05   4.31119800e+06
   1.35033575e+06   2.08698613e+04   6.86689400e+06   8.33705100e+06
   6.09522900e+06   0.00000000e+00   4.86330000e+05   2.76610650e+06
   4.65059875e+05   3.68179425e+06   2.83025156e+04   8.79964900e+06
   7.21401812e+05   2.43550400e+06   1.60004150e+06   3.21241100e+06
   3.26135812e+05   1.39172770e+07   2.60630725e+06   3.82967227e+04
   4.37581700e+06   4.06447150e+06   2.35232875e+06   8.29130800e+06
   2.08911438e+06   1.94851562e+05   7.81015950e+06   2.62728242e+04
   1.34891525e+06   4.00338812e+05   1.09332025e+06   6.52666523e+04
   2.44266975e+06   7.09645750e+05   1.16101080e+07   6.49621250e+06
   1.19875362e+06   2.28005586e+04   7.21739219e+04   7.39843812e+05
   2.22294100e+06   1.01974100e+07   6.66734800e+06   2.21503575e+06
   1.24864880e+07   2.51869100e+06   8.42595300e+06   3.58645575e+06
   5.40930625e+05   8.34877875e+05   5.54358950e+06   7.93721700e+06
   1.33089525e+06   3.24724938e+05   0.00000000e+00   2.57471775e+06
   4.71483867e+04   4.51306950e+06   3.76699875e+06   1.16355117e+05
   1.81261621e+04   4.30137850e+06   2.31288550e+06   1.38185400e+04
   2.52339925e+06   6.19003100e+06   4.12215075e+06   9.02404297e+04
   3.30880775e+06   6.20192812e+05   4.61229700e+06   4.16049400e+06
   9.29084875e+05   4.29059900e+06   5.46551750e+05   5.68886350e+06
   7.30175879e+03   3.12047075e+06   1.37370062e+06   5.60534875e+05
   2.28872750e+06   8.28398562e+05   3.83686938e+05   9.48561062e+05
   1.16218262e+03   6.48257812e+05   1.02158117e+05   4.86778562e+05
   2.76702875e+06   2.59742641e+05   9.73688516e+04   4.88996850e+06
   6.54713875e+05   5.72426300e+06   4.66970850e+06   3.82969125e+06
   1.17095338e+06   5.64536938e+05   2.12939775e+06   9.65459500e+05
   2.48469000e+06   3.93274175e+06   1.11068047e+05   5.65249200e+06
   1.28217938e+06   2.68947480e+04   1.55069430e+07   2.41948193e+03]
[  3.83864150e+06   2.84053325e+06   1.87131203e+05   3.46255255e+00
   1.17081455e+04   2.77021575e+06   5.11792938e+05   1.03856975e+06
   1.08952830e+07   3.64367125e+06   7.25022750e+06   6.32046950e+06
   1.80778662e+06   4.68866219e+05   6.17914453e+03   1.49213262e+06
   1.57493012e+06   2.71192275e+06   3.16847950e+06   2.00910820e+04
   6.14612950e+06   2.42560975e+06   1.44760312e+06   9.13447656e+04
   7.08315250e+05   3.47199281e+05   8.89080938e+05   4.00923825e+06
   2.09076109e+05   4.01539925e+06   5.40865117e+04   1.01032260e+07
   4.21753850e+06   2.23462812e+05   1.77943300e+06   2.11396750e+06
   3.35023500e+06   8.84449300e+06   1.95399000e+05   5.75704336e+04
   9.60412562e+05   9.73710625e+04   3.17809082e+04   7.96223250e+05
   6.40944312e+05   6.16273700e+06   5.59974600e+06   4.67152350e+06
   2.09133775e+06   1.00512080e+07   2.02123388e+06   3.23007150e+06
   4.88721000e+06   1.06342212e+06   1.47994984e+05   1.80585234e+05
   3.88115600e+06   5.44482000e+05   7.53098145e+02   2.53961525e+06
   2.56850125e+06   5.22036800e+06   4.79977800e+06   2.01953412e+06
   6.07831312e+05   8.32514250e+06   4.09465500e+05   2.98267000e+06
   2.26660100e+06   7.04070950e+06   2.22337375e+06   1.07629810e+07
   5.80180800e+06   4.74312050e+06   1.30734790e+07   2.12608545e+03
   3.07821375e+06   1.28545862e+06   1.10562460e+07   3.28177775e+06
   3.29294475e+06   3.05909219e+04   6.42858400e+06   2.69821625e+06
   4.60667266e+04   5.00010100e+06   6.58381000e+05   2.67090800e+06
   5.25945547e+04   1.43638850e+06   7.08164141e+04   4.88828050e+06
   3.70409812e+05   8.19055450e+06   1.16984962e+06   2.20836000e+06
   5.25200188e+05   5.10554650e+06   7.29314188e+05   9.66324800e+06
   1.31449312e+05   4.51127062e+05   1.14190070e+07   7.13172998e+03
   1.32682875e+05   1.09617370e+07   2.45336000e+06   5.17141600e+06
   6.17870650e+06   5.24958200e+06   3.01165186e+03   3.09761150e+06
   5.28613250e+05   1.69662700e+07   4.18653850e+06   1.01595931e+06
   4.72772531e+05   2.89040350e+06   3.67812969e+04   5.14080430e+04
   1.02164990e+07   1.48366762e+06   1.58938623e+04   4.76145750e+06
   2.79369450e+06   2.10619525e+06   9.93146300e+06   5.96894900e+06]
[  0.00000000e+00   6.15111768e+03   1.00023244e+06   1.31210371e+04
   5.32367920e+02   2.04891431e+03   4.07756616e+03   5.58316261e-02
   1.90721138e+06   1.62093398e+04   4.81084076e+02   1.07018037e+04
   1.98993721e+01   7.44718203e+04   8.04011016e+04   2.46033008e+03
   5.33801992e+04   7.95427188e+05   3.79970874e+03   6.00349414e+04
   9.96037979e+01   6.87552246e+03   3.13134344e+05   4.35265381e+03
   8.54663770e+03   4.26432281e+02   1.65625688e+06   0.00000000e+00
   6.64585645e+03   1.10996846e+04   6.01990662e+02   7.54525024e+02
   3.70247841e+01   4.62728625e+05   4.56669141e+04   1.15711362e+06
   1.21662200e+06   1.05259531e+04   7.55209167e+02   5.10776074e+03
   2.47970654e+03   1.96478784e+03   6.49191846e+03   4.06791688e+05
   9.75351660e+03   2.72702441e+03   7.91900635e+01   1.64324677e+02
   1.64518734e+05   1.85059961e+04   3.53301602e+04   4.60357513e+02
   1.11927538e+06   1.94995234e+05   3.42140884e+01   5.74407891e+04
   4.22477281e+05   6.31510812e+05   3.22886792e+03   3.59237900e+01
   7.66840938e+04   2.14538555e+04   3.11266344e+05   7.61388672e+04
   2.54333458e+01   3.52947188e+04   1.23874097e+03   2.81140015e+03
   3.21611694e+03   1.60588359e+05   1.31059338e+06   1.69305450e+06
   0.00000000e+00   1.18232852e+04   2.33572052e+02   6.41706909e+02
   1.61862148e+04   3.54575750e+05   3.39396312e+05   1.06363938e+05
   1.73161594e+05   4.96459521e+03   1.15308154e+04   4.41606592e+03
   1.74752600e+06   2.04226212e+06   2.66295906e+05   1.23171038e+06
   8.50352344e+04   2.04397003e+02   4.30067529e+03   4.70271016e+04
   2.52444781e+05   1.91388184e+04   0.00000000e+00   2.74121069e+03
   3.25587036e+03   6.92494250e+05   1.31636108e+03   1.85359434e+04
   2.49736211e+04   8.22733301e+03   8.72111500e+05   6.69136406e+04
   2.27959497e+03   9.30745898e+03   5.47454688e+03   7.25806213e+02
   4.97898788e+01   2.34116469e+05   8.02376750e+05   1.60240654e+04
   0.00000000e+00   4.15213984e+04   2.07795273e+04   4.69384180e+03
   3.53992772e+00   1.33980410e+04   5.65743591e+02   1.95343862e+06
   2.41960059e+04   0.00000000e+00   1.32216514e+04   2.13038843e+03
   4.07803906e+03   8.61096812e+05   6.18202026e+02   0.00000000e+00
   5.13556594e+05   9.00844043e+03   1.21439873e+04   1.97210703e+04
   9.48341113e+03   1.49765075e+06   3.23121300e+01   4.54474316e+03
   2.28678225e+06   6.60901312e+05   1.99733691e+04   0.00000000e+00
   1.71060684e+04   4.48439850e+02   4.37652490e+03   7.65420125e+05
   1.17387842e+03   1.10192700e+06   4.33086670e+03   2.10600049e+03
   1.65197172e+05   2.43128738e+02   3.15899878e+03   6.75398779e+03
   1.04124953e+05   7.35711016e+04   7.40672938e+05   4.46534131e+03
   1.22193359e+04   2.88991188e+05   6.50727688e+05   2.19966172e+05
   2.35559985e+03   9.10983750e+04   1.01354062e+06   8.77383203e+03
   2.93568105e+04   2.28664425e+06   1.21155388e+06   2.00669531e+05
   6.36455312e+04   1.35116288e+06   1.40873262e+06   2.17159473e+03
   7.04922412e+03   3.49396062e+05   1.02324033e+04   1.24920420e+04
   1.14109050e+06   7.10051221e+03   2.05688550e+06   4.73544180e+04
   4.07101750e+05   1.11685484e+05   2.55336219e+05   9.97335547e+03
   1.06957480e+04   1.04685918e+04   8.93953047e+04   3.19718145e+04
   7.34641312e+05   1.43954629e+04   8.02433643e+03   1.56373562e+06
   6.35900116e+00   6.57483500e+05   5.02351141e+00   1.46813138e+06
   8.53364160e+03   3.38247062e+05   1.39831875e+06   7.48839625e+05
   1.06670032e+03   9.46871875e+05   9.15236000e+05   1.76725891e+02
   7.77223594e+04   6.69736938e+02   2.18504297e+03   4.09627002e+03
   2.17437524e+03   4.51532094e+05   4.80547844e+05   1.23374012e+06
   3.18409912e+03   2.66305020e+04   1.39301071e+01   3.05458945e+04
   2.63170142e+03   6.95529000e+05   3.52423477e+04   4.72632965e+02
   1.71444653e+03   2.85172241e+03   1.00250049e+03   1.54470375e+05
   4.18274281e+05   0.00000000e+00   1.02942772e+01   2.71303062e+05
   3.46915436e+02   5.49361688e+05   2.56396113e+04   4.62287140e+01
   8.25161125e+05   6.05692480e+03   9.86297750e+05   5.75643616e+02
   1.79247375e+03   3.90462539e+04   8.04889125e+05   8.43896423e+02
   6.65106312e+05   8.50625562e+05   2.80509790e+03   6.57475403e+02
   9.58321953e+04   6.09271191e+03   3.69477075e+03   4.32794922e+03
   6.18735645e+03   1.62957844e+05   8.04119580e+03   3.00811694e+03
   8.89229102e+03   5.28943100e+01   1.84109131e+03   6.32709688e+05]
[  1.73088562e+06   4.41366162e+03   1.28773523e+03   7.50412109e+02
   1.31395700e+06   1.30300662e+06   1.70650797e+05   1.40987354e+03
   2.41088770e+04   1.45989343e+03   2.14507935e+03   9.82760449e+03
   3.25514233e+03   3.02696230e+04   2.96589087e+03   3.36331470e+03
   3.90935097e+01   9.12555725e+02   1.12714962e+06   8.34081016e+04
   0.00000000e+00   2.20626144e+02   3.23359711e+02   2.86748812e+05
   1.94087219e+02   6.28474463e+03   0.00000000e+00   3.44950219e+05
   2.99993477e+04   6.01334351e+02   3.07464238e+04   4.02762969e+04
   9.32326758e+03   6.13804883e+04   4.75859814e+03   2.31358867e+04
   1.47110723e+04   1.26031445e+03   5.47754688e+03   7.96060896e+00
   9.80156484e+04   3.90068828e+04   1.23300381e+04   9.35445898e+03
   9.70042480e+03   8.31658008e+03   2.81055250e+05   5.10979062e+04
   1.18295234e+05   8.67855896e+02   2.39995371e+04   1.79281555e+03
   1.93345117e+03   1.28928867e+04   1.92256078e+05   2.34159469e+05
   5.68021016e+04   1.78154875e+05   4.46912539e+04   8.60353470e+01
   5.16448145e+03   6.08453242e+04   2.12775784e+01   2.37902603e+02
   0.00000000e+00   6.52373594e+04   1.49165031e+05   4.00744507e+02
   1.90055652e+03   2.32842461e+04   5.37175438e+05   1.59169403e+02
   2.85713242e+04   9.07261230e+03   2.84924473e+04   8.90609062e+04
   1.15204742e+05   1.99698418e+04   9.80434062e+04   4.40909031e+05
   1.95469849e+02   1.07496748e+04   2.15465069e+01   4.00322422e+04
   1.58045496e+03   2.63847148e+04   9.35644897e+02   1.94281230e+04
   1.18582129e+04   1.66892988e+04   3.30976523e+04   7.27960205e+03
   9.86574531e+04   4.20092656e+05   8.69068542e+02   1.15230503e+01
   6.77441641e+04   3.95805206e+01   3.09810098e+04   5.29605820e+04
   2.59692529e+03   3.64642188e+04   6.56669562e+05   5.77401581e+01
   1.24570959e+03   4.25237148e+04   5.46329219e+04   9.21678594e+04
   3.35610664e+04   1.12413012e+06   8.32710571e+02   7.76339812e+05
   4.79559021e+01   2.53132056e+03   5.85156494e+03   3.42020508e+04
   1.08528308e+03   1.31152217e+04   4.65005117e+04   4.48820703e+04
   7.24475195e+03   5.44242737e+02   5.75409814e+03   4.43918625e+05
   3.96131372e+03   3.55374390e+03   6.84686947e+00   2.93231641e+04
   6.34841553e+02   1.06953638e+06   3.96289297e+04   2.20876172e+03
   5.19932861e+03   1.17599212e+06   2.48815283e+03   3.38282539e+04
   6.22070000e+04   5.99512125e+05   3.00185229e+03   2.67667770e+01
   5.13509636e+01   1.19249939e+03   9.04719531e+03   4.56881250e+04
   0.00000000e+00   1.94565991e+03   8.68297852e+02   0.00000000e+00
   0.00000000e+00   1.03868994e+03   6.84598633e+02   2.24651245e+03
   7.69303875e+05   1.25957031e+05   3.27308960e+01   2.19228906e+05
   1.12821948e+03   0.00000000e+00   5.08479883e+04   8.90083625e+05
   5.70301086e+02   4.50348438e+03   2.50599561e+03   4.85707951e+00
   1.46069531e+05   0.00000000e+00   3.83280875e+05   5.54459912e+03
   1.71976797e+05   1.28000162e+06   2.13121246e+02   4.11551895e+01
   1.27341689e+04   2.08542391e+05   6.20569250e+05   2.42057251e+03
   3.08432349e+03   2.47070117e+03   2.22600879e+04   6.60296011e+00
   8.11400391e+03   6.44784277e+03   8.14093552e+01   1.62366309e+04
   1.57683430e+01   1.81408130e+03   7.47678047e+04   1.88991719e+04
   1.79801599e+03   2.35781967e+02   3.55391906e+05   4.03519482e+03
   1.03055878e+02   2.18526738e+04   4.00685547e+04   3.46148364e+03
   9.24168906e+04   1.56140986e+04   6.20160000e+05   9.30752563e+01
   1.57740082e+02   0.00000000e+00   5.11991562e+05   4.02811250e+04
   2.36053672e+04   1.40241257e+02   1.32613906e+04   1.07428762e+06
   1.41697906e+05   8.49007812e+05   1.62366509e+00   1.44776514e+03
   7.36918604e+03   2.25327285e+04   9.73802673e+02   1.53111156e+05
   2.55876156e+05   4.83455957e+03   1.04361787e+04   3.02103174e+03
   1.11566729e+04   2.18100234e+04   3.93688672e+03   2.10695337e+03
   0.00000000e+00   7.63651953e+04   2.04454188e+05   5.03753906e+03
   2.07202759e+03   0.00000000e+00   3.82592407e+02   7.83048584e+03
   1.32698828e+05   6.25706055e+03   9.08570438e+05   7.74528955e+03
   9.68040234e+03   7.52340750e+05   0.00000000e+00   1.19811163e+01
   2.73162061e+03   1.65824984e+05   1.26438303e+01   0.00000000e+00
   4.66793427e+02   1.65769821e+02   1.58404697e+04   8.94622803e+02
   4.05276531e+05   5.92740664e+04   6.17340273e+04   5.45175625e+04
   7.78773926e+03   7.26927875e+05   2.26911914e+04   3.55099141e+04]
[  1.26807531e+05   2.96602520e+04   1.20908569e+03   4.12809998e+02
   4.61988594e+05   2.95806665e+03   1.17523375e+05   8.59410156e+03
   5.85661560e+02   5.59023562e+05   1.04331865e+04   6.05809805e+04
   8.60652930e+03   3.04170630e+03   3.46976587e+03   6.36596375e+02
   1.92584133e+00   7.37641455e+03   3.12286285e+02   2.29370654e+03
   6.45507266e+04   1.08801125e+05   1.95352324e+04   2.21530020e+04
   8.38846252e+02   9.57266016e+03   3.95422412e+03   1.19638250e+05
   2.04447305e+04   3.78363031e+05   3.40900238e+02   2.25875742e+04
   4.29680625e+04   1.12846984e+05   5.48615039e+03   5.08569961e+04
   2.87360906e+05   9.95996812e+05   3.01883154e+03   1.12373462e+06
   6.57112915e+02   1.12459668e+03   3.64754810e+03   7.95885156e+04
   4.19180742e+04   8.03254590e+03   2.43759229e+03   6.68805234e+04
   4.34265938e+04   3.41396021e+03   1.55970484e+05   9.27311688e+05
   3.58993568e+01   1.03380623e+01   6.90654602e+02   4.32382812e+03
   8.58268555e+02   8.32529531e+04   7.37798882e+00   7.27420264e+03
   2.41401367e+03   5.26730742e+04   3.29446436e+03   8.26430762e+03
   1.90676270e+04   3.18458164e+04   9.30400195e+03   5.58653076e+03
   9.95783047e+04   3.94319766e+04   1.51156436e+04   2.14099609e+03
   2.45487172e+05   7.77947119e+03   3.82588562e+05   3.02385094e+05
   2.45529500e+05   3.85265430e+04   3.15641650e+03   1.84993506e+03
   2.05944775e+03   1.52400711e+02   7.35693906e+04   4.24618195e+02
   6.04189062e+04   3.42816895e+02   7.94819453e+04   3.03468872e+02
   1.57105982e+00   1.19279224e+03   4.11389709e+02   1.55616211e+03
   7.64841602e+03   1.07175415e+03   1.15376961e+05   1.63161169e+03
   1.58800522e+02   2.36398984e+05   3.16241094e+05   5.81464453e+04
   1.98244469e+05   5.46224922e+04   1.87438171e+03   1.44235901e+03
   4.07095977e+04   2.67168848e+03   3.24707812e+05   3.30952617e+04
   1.29210986e+03   2.80193750e+03   1.03050811e+04   5.27570801e+03
   2.03865254e+04   6.03048730e+03   2.46093555e+03   7.92089609e+04
   2.16670459e+03   9.23567500e+04   3.98855469e+04   4.90687930e+04
   5.14754629e+00   4.10618562e+05   5.25148008e+04   2.12288531e+05
   8.29073594e+04   7.75988770e+02   1.61688535e+04   1.63955288e+01
   8.02779602e+02   4.61837524e+02   2.23187646e+03   2.98362930e+04
   6.39676123e+03   3.06282715e+03   7.24525234e+04   5.13974951e+03
   1.69255098e+04   7.40601250e+04   1.43941426e+04   8.34152832e+02
   5.07924042e+01   4.38411523e+04   2.82176831e+03   6.03293359e+04
   1.96535664e+04   5.74834570e+03   2.85844473e+04   1.07798710e+01
   7.32267969e+04   6.42858594e+03   1.46908613e+04   6.23033398e+04
   1.90938953e+03   2.38298484e+05   2.14897736e+02   6.88867041e+03
   3.90122656e+04   3.81103438e+04   2.19602609e+05   1.36305518e+03
   1.10185742e+03   2.57307861e+02   7.91557617e+03   1.63872021e+03
   3.57074170e+03   1.25220742e+04   4.06279102e+04   1.58213781e+05
   1.50642444e+03   2.12105840e+04   3.66445312e+02   9.52531738e+03
   1.39982109e+04   2.01589636e+03   2.27768906e+04   1.13131494e+04
   7.62123672e+04   3.69400879e+03   7.26985703e+04   6.62696875e+04
   6.12991211e+02   8.93070234e+04   1.12960029e+04   1.14937246e+04
   7.65257266e+04   4.75729919e+02   1.37056141e+05   2.67284698e+02
   2.38953359e+04   5.32896875e+05   4.61501914e+04   4.41403906e+03
   7.19963684e+02   1.05946570e+05   8.14794922e+01   2.65944482e+03
   3.30376641e+04   2.56256426e+04   1.79822891e+04   1.60028781e+05
   5.78450342e+03   5.84715576e+02   4.31908984e+04   2.30428156e+05
   8.83466172e+04   9.43123962e+02   3.70117266e+04   9.66814941e+03
   2.34924031e+05   3.18141389e+00   2.12568530e+03   7.16539355e+03
   2.93489043e+04   1.69349922e+04   1.24179141e+05   2.49335670e+01
   2.60246562e+04   2.11631523e+04   3.13969452e+02   2.70048594e+05
   1.32696455e+04   7.14448047e+03   4.95889355e+03   9.32258691e+03
   2.27824688e+04   0.00000000e+00   1.05768318e+02   1.24912285e+04
   4.20780859e+03   3.01941211e+04   1.14680625e+04   4.04688047e+04
   1.00150366e+03   3.50931211e+04   8.84585500e+05   4.24204199e+03
   6.48325928e+03   5.44233447e+03   8.52658438e+05   3.20695239e+03
   1.69754004e+03   3.37612915e+02   2.26777588e+03   4.24450684e+02
   1.44028234e+05   3.67824156e+05   1.48323326e+01   6.35323906e+01
   1.47154172e+05   2.22755801e+04   0.00000000e+00   5.79894023e+04
   1.63570117e+04   1.58915967e+03   6.47159546e+02   2.53864404e+03]
[  2.55460480e+02   9.72821387e+03   3.76013047e+04   1.81459531e+04
   2.78955957e+03   3.00114395e+04   3.57257294e+02   1.31945239e+03
   1.70220306e+02   1.73934956e+01   4.75434453e+04   1.30119287e+04
   1.27399683e+03   4.40506787e+03   3.90008911e+03   1.04320007e+03
   8.89220215e+03   2.02261758e+04   1.41666855e+04   3.87458447e+03
   3.39337830e+02   9.60214297e+04   5.56920117e+03   5.38226135e+02
   6.17169844e+04   2.04256797e+04   5.24484766e+04   4.27712451e+03
   4.17327578e+04   5.75926514e+03   1.09390693e+04   1.13176016e+05
   8.55314062e+03   2.31682500e+04   3.34769414e+04   6.68367969e+04
   5.01371523e+04   4.36418896e+03   1.16577637e+02   2.56994219e+04
   1.32938171e+02   6.70983203e+04   4.14344219e+04   2.43983164e+04
   1.55089157e+02   3.24226636e+03   1.47695850e+04   1.85019102e+04
   0.00000000e+00   2.04092539e+04   1.19687805e+05   2.38580151e+03
   0.00000000e+00   1.95942988e+04   1.30453838e+04   5.85146875e+03
   3.79897842e+01   4.07098193e+03   1.52454117e+02   2.25786084e+03
   2.91518872e+03   9.94518594e+04   1.47941680e+04   1.67126514e+03
   1.46570928e+04   1.32341025e+04   1.06087964e+03   1.49727524e+02
   9.61313281e+03   7.76713257e+02   1.24544482e+04   2.17228369e+03
   6.31854414e+04   8.32642273e+02   2.57238922e+01   4.04198853e+02
   1.72544891e+02   2.93487988e+01   1.05185648e+05   2.38836250e+04
   2.90927460e+02   1.73468457e+04   2.65698887e+04   8.03299375e+04
   1.52542468e+03   8.43278790e+00   3.45871411e+03   2.50968048e+02
   4.40588516e+04   5.60336016e+04   6.30204834e+03   7.15916672e+01
   5.46084570e+04   1.20588838e+04   5.01602812e+04   3.90914688e+04
   1.11167314e+04   5.73708496e+02   2.89718809e+04   5.86905352e+04
   3.07140015e+03   2.95342285e+02   9.52830859e+04   6.04585059e+03
   1.81619121e+04   4.75124102e+04   2.03199731e+03   7.85116172e+04
   2.76915703e+04   1.87151074e+03   1.75936562e+04   1.11730457e+03
   8.49782715e+03   2.97558117e+01   2.70714331e+03   1.76726035e+04
   0.00000000e+00   5.41495273e+04   3.78230057e+01   2.42311875e+04
   5.23591187e+02   8.80784219e+04   1.83031016e+04   2.50090698e+03
   8.42829492e+03   3.78868789e+04   5.45421826e+03   1.16958281e+04
   3.62325312e+04   5.15330469e+03   3.99694427e+02   1.56835684e+04
   2.69883262e+04   7.05502031e+04   2.91818379e+04   1.38528824e+02
   6.24237012e+03   1.89653385e+00   5.90027588e+02   1.50910592e+00
   2.95146758e+04   9.12508423e+02   1.95903145e+04   3.05075188e+01
   3.81779468e+03   3.50419312e+02   1.20191174e+03   6.29065088e+03
   5.93961853e+02   9.61756738e+03   5.24278008e+04   8.06561475e+03
   1.10222913e+03   3.22786133e+03   3.95509644e+01   0.00000000e+00
   3.31348907e+02   1.24840686e+03   7.09557007e+02   6.23190938e+04
   9.92148926e+03   2.90012598e+03   1.49105273e+04   6.47393799e+00
   3.18014102e+04   1.26493188e+03   5.36945977e+04   3.82047028e+02
   7.28998750e+04   6.76865000e+04   4.84900513e+02   7.38921973e+03
   1.69129727e+04   7.55526855e+02   8.79823672e+04   3.87478906e+04
   3.75971250e+04   3.07093652e+03   4.83380713e+03   5.46007422e+03
   2.76198379e+04   1.96096008e+02   8.95402246e+03   2.50026738e+04
   3.50586621e+03   6.41645508e+04   5.53460977e+04   1.06374033e+04
   1.39453064e+03   1.90256787e+03   1.37485852e+03   1.14871924e+04
   1.67526367e+04   1.12147766e+05   1.07838906e+05   4.01828984e+04
   1.85931797e+04   1.94921875e+04   1.82614668e+04   1.28344812e+03
   7.33355234e+04   1.50494639e+04   1.69323929e+02   7.14643281e+04
   1.10723773e+05   3.37654152e+01   3.80867852e+04   1.62042861e+04
   1.52250900e+02   2.83619873e+02   4.01284814e+03   2.24429504e+02
   5.46347694e+01   5.82777283e+02   3.03212070e+04   2.86080811e+03
   2.66188135e+03   2.63668008e+04   2.19056816e+04   3.14565059e+04
   1.54860225e+04   6.32404922e+04   5.16866760e+02   8.92930254e-02
   2.36266504e+04   2.19643921e+03   1.48094531e+03   3.60677791e+00
   3.27182861e+02   2.81391943e+03   1.45975845e+02   1.23124062e+02
   2.52646367e+04   2.77275254e+04   8.73580234e+04   1.68348059e+03
   4.45439102e+04   1.28032336e+03   1.38334277e+04   6.65305811e+03
   6.07598828e+03   3.67932148e+04   8.97776953e+03   6.81361484e+04
   6.67750549e+02   9.58373203e+04   2.11935117e+04   2.26648884e+01
   8.91784180e+03   2.34504414e+04   1.47410264e+04   8.96252500e+04
   6.52147412e+03   1.41303000e+05   1.75728730e+04   4.86084648e+04
   5.63882852e+04   9.30357422e+02   9.14650536e+00   4.62696133e+04
   3.31612031e+04   6.44117584e+01   7.77284229e+03   2.26976318e+03
   2.82833328e+01   1.29265732e+04   2.09622144e+03   8.93456797e+04
   3.70783633e+04   4.16799896e+02   1.26476412e+01   6.21639099e+02
   4.41515283e+03   3.65241455e+03   8.67119922e+04   2.89463125e+04
   0.00000000e+00   8.74930115e+01   4.93134414e+04   6.35568115e+03
   1.18921824e+01   3.59917389e+02   2.01858906e+04   6.96303672e+04
   1.76672058e+03   5.95250146e+03   6.90572205e+01   1.03581470e+03
   2.19640015e+03   6.27429736e+03   1.36463574e+04   9.17800000e+03
   8.23540859e+04   4.63962852e+04   2.17726289e+04   1.12947034e+03
   2.16091965e+02   2.88860077e+02   3.75271484e+04   3.48119688e+04
   8.89624100e+01   1.75344885e+03   2.90306172e+04   3.18307495e+02
   5.21910217e+02   3.56764492e+04   3.99103320e+03   3.79264709e+02
   5.91429492e+04   6.25332214e+02   1.01390961e+02   6.52470752e+03
   6.13351379e+02   1.07231653e+03   5.96514609e+04   4.72709648e+04
   9.29469376e+01   5.18064336e+04   9.01820508e+03   3.48441675e+03
   3.25036987e+02   6.67905713e+03   8.85344766e+04   2.42256836e+03
   9.41243281e+04   8.16026641e+04   1.15251188e+05   5.42512695e+04
   2.72042285e+04   5.78370056e+02   3.09412305e+04   1.86654512e+04
   5.78017383e+04   1.15136816e+03   1.11279443e+03   1.93488320e+04
   3.37227554e+01   7.56341797e+04   2.96419849e+03   1.49638809e+04
   8.25405078e+04   1.61423401e+03   1.48051191e+04   5.48478775e+01
   3.93924341e+03   1.83743047e+04   1.81711465e+04   7.31969849e+02
   3.20628735e+03   9.95229858e+02   1.49038369e+04   9.95787720e+02
   9.46145691e+02   2.73781348e+04   6.88087793e+03   1.09965393e+03
   8.62950859e+04   1.69424646e+03   4.27385234e+04   3.47162617e+04
   5.88770156e+04   2.31334844e+04   1.51587997e+02   1.02599841e+03
   1.23559990e+04   1.16065137e+03   6.81586719e+04   3.65703979e+03
   5.60237344e+04   3.57223877e+03   3.69913721e+03   1.66276831e+03
   2.45393320e+04   2.10860449e+03   6.02200703e+04   3.91012305e+03
   5.91019775e+03   2.70722632e+03   9.98889221e+02   2.40248840e+02
   2.70193516e+04   1.93673379e+04   1.73190308e+02   3.97090078e+04
   1.83554639e+03   2.91021411e+03   4.58303809e+03   5.74078857e+03
   8.38372009e+02   2.70442963e+02   2.51029639e+03   2.78528259e+02
   3.53134351e+03   6.52658691e+03   2.05033008e+04   6.38730508e+04
   7.91210840e+03   1.09715332e+03   1.73872192e+03   2.61590332e+03
   1.64585815e+02   7.04644141e+03   2.48365059e+04   3.37061758e+04
   3.12598125e+04   5.88879639e+03   7.09764404e+03   4.00062370e+01
   1.21123753e+01   1.32532682e+01   1.21726768e+04   1.25521846e+04
   2.73480371e+03   4.27013794e+02   1.82760352e+04   1.55572852e+04
   1.20431689e+03   2.49617031e+04   3.34434922e+04   5.93747314e+03
   5.99339355e+03   1.00231895e+04   4.35937695e+03   6.16001055e+04
   9.31687344e+04   8.49398242e+03   3.18721934e+04   1.07536682e+03
   7.49063672e+04   1.39300842e+03   1.44319617e+03   1.10858408e+04
   5.44521016e+04   5.37015156e+04   1.84636426e+04   2.32162402e+03
   2.91745667e+02   2.92501251e+02   1.66272129e+04   5.86285889e+03
   1.09099277e+04   5.14548291e+03   2.01118086e+04   1.80167234e+00
   0.00000000e+00   3.23167520e+04   2.89517303e+02   4.13193018e+03
   1.09816562e+04   4.97968594e+04   1.74544971e+03   1.11155344e+05
   1.00770898e+04   0.00000000e+00   4.81555811e+03   4.22906876e-01
   1.56615588e+03   1.31328506e+04   1.35856308e+02   2.87341089e+03
   5.20116577e+02   9.65066699e+03   1.20921539e+02   3.08117578e+03
   3.22103418e+04   4.64457500e+04   2.49434497e+03   6.67007294e+01
   1.86771838e+03   7.65522217e+03   1.98573723e+01   8.07233459e+02
   1.26343037e+04   2.23471704e+03   6.09753235e+02   8.14185791e+02
   6.30533057e+03   3.39416528e+03   1.82105195e+04   8.67162108e-01
   1.12839005e+02   1.35578979e+03   4.42930156e+04   1.56323594e+04
   4.65444375e+04   3.83973770e+01   2.37820996e+03   3.94855690e+00
   1.86568438e+04   4.29829742e+02   7.67971484e+04   3.13801483e+02
   7.67782178e+03   1.37915332e+03   1.57859192e+03   5.93216797e+03
   2.45006689e+03   7.51253906e+04   1.14847400e+03   2.29664297e+04
   1.36006982e+04   1.49782516e+02   2.61209202e+01   2.26120645e+04
   1.11804287e+04   4.66091289e+04   3.06498022e+03   7.54410095e+02
   2.29392422e+04   2.42240921e+02   1.42739197e+03   1.06799422e+05]
[  3.08024854e+03   9.38298730e+03   1.54346753e+03   2.37201366e+01
   2.24987168e+04   3.19048107e-01   2.83151641e+04   3.34617148e+04
   3.55798164e+04   3.06267761e+02   8.36557800e+02   4.41349268e+03
   7.26858902e+01   5.27639648e+04   7.03338232e+03   8.28316879e+01
   8.46705139e+02   5.19372363e+03   6.38815430e+02   1.11141101e+03
   5.40666748e+03   3.37832910e+03   2.02421423e+03   2.15233917e+02
   2.01382797e+02   7.25501855e+03   1.32792542e+03   7.85286475e+03
   7.84346631e+03   5.74766479e+02   9.87328415e+01   2.41226044e+02
   2.78224487e+03   7.62971342e-02   2.90248383e+02   1.30184070e+03
   1.10066760e+03   2.49395809e+01   1.09117285e+04   6.86745117e+02
   1.89425898e+04   9.16767383e+03   2.95043602e+01   2.90217207e+04
   3.29567407e+03   5.65403687e+02   5.00847363e+03   4.06502869e+02
   2.65903198e+02   2.29393579e+03   6.99526917e+02   1.00350485e+01
   0.00000000e+00   2.10644844e+04   1.24918372e+03   1.23219092e+03
   5.44700684e+03   8.47728394e+02   2.35754730e+02   1.26850772e+00
   0.00000000e+00   4.33908752e+02   3.16464020e+02   7.61539062e+02
   8.67486694e+02   1.19513565e+02   5.38491650e+03   1.51245874e+03
   6.64288438e+04   1.69100525e+02   6.87514420e+01   2.67535215e+04
   7.79242516e+00   1.46181897e+03   7.45453809e+03   3.13214209e+03
   0.00000000e+00   1.20847676e+04   1.56428955e+03   1.89276566e+02
   1.97283435e+03   6.12380391e+04   2.59766523e+04   2.38194180e+04
   3.56362939e+03   5.31389389e+01   1.81926035e+04   1.84704297e+03
   5.47421326e+02   1.16473291e+03   2.12124590e+04   6.75339551e+03
   3.54582837e+03   0.00000000e+00   4.41555908e+03   6.64786530e+01
   4.02201324e+02   2.87882207e+04   3.09513916e+03   1.20402646e+04
   6.62904053e+02   8.04311523e+03   1.09836926e+03   1.12868881e+01
   2.39891846e+02   1.16935791e+03   6.59103125e+03   1.47951324e+02
   4.10727578e+04   5.77267656e+04   1.48748718e+03   5.32827087e+02
   1.20623718e+03   4.10933105e+03   6.60157266e+04   1.54658569e+03
   3.03819873e+03   2.28462207e+03   2.26214142e+01   4.33990753e+02
   4.42956512e+02   1.32666514e+04   9.78620422e+02   2.71502447e+00
   4.23516211e+04   1.00163116e+03   2.08849536e+03   3.51072479e+02
   1.82249088e+01   2.10848477e+04   1.21262550e+01   5.92838135e+02
   4.98337250e+02   6.01077539e+03   1.57149219e+04   5.00753441e+01
   2.17176636e+02   1.69720337e+02   1.10515957e+04   5.40346241e+00
   3.56133628e+00   5.88747681e+02   2.08036094e+04   4.55218468e+01
   9.22559277e+03   1.98646899e+03   1.93815684e+04   3.59741211e+04
   2.41446826e+03   1.42486194e+03   5.79318516e+04   3.66767554e+03
   2.01226543e+04   5.61331238e+02   1.35056442e+02   5.35764961e+04
   1.00029111e+04   2.58639980e+04   2.93563647e+03   3.73921143e+03
   1.47828838e+04   3.68173730e+03   0.00000000e+00   1.65184860e+02
   3.87422578e+04   3.90553784e+03   7.36495781e+04   3.15544403e+02
   3.68775952e+03   1.54345889e+04   3.31814453e+02   4.50479785e+03
   4.01748789e+04   1.65907188e+04   2.86826630e+01   2.01326648e+03
   1.50706311e+03   2.82602832e+03   1.15048706e+03   1.92918591e+03
   4.43998906e+04   4.88681152e+03   7.08192749e+02   0.00000000e+00
   8.73743652e+03   5.35374688e+04   9.77340508e+00   7.28745300e+02
   3.06546753e+03   2.83114707e+04   3.52824799e+02   1.94587354e+03
   2.30979977e+01   2.46917578e+04   7.42911963e+03   7.40549512e+03
   1.20071838e+03   2.73914023e+04   3.34451843e+02   6.20644336e+04
   1.48891094e+04   1.45000259e+02   1.78580329e-01   1.02127325e+03
   9.48766113e+03   1.86667017e+03   2.01850601e+02   2.49426929e+03
   6.16231728e+01   5.25156396e+03   2.17896191e+03   4.56720581e+02
   4.06187402e+03   8.73703125e+03   1.67114609e+04   5.87463789e+04
   8.50706250e+03   1.68642303e+02   2.27271057e+02   2.34413789e+04
   2.46666553e+03   1.85373581e+02   2.37997729e+03   1.34657898e+02
   4.09546826e+03   9.89478874e+00   5.70265576e+03   3.45289609e+04
   2.94196875e+03   1.91471033e+03   4.82755391e+04   1.28322766e+03
   8.32925873e+01   2.80294395e+04   1.79190183e+00   1.02769883e+05
   6.60245312e+04   1.11220566e+04   5.67121155e+02   1.45371689e+02
   3.44956226e+03   3.32288354e+03   5.37218018e+03   6.12713135e+03
   7.58011523e+03   1.06831797e+04   0.00000000e+00   3.04597754e+04
   3.43229485e+01   9.89933243e+01   5.43885498e+02   4.80677338e+01
   1.55485791e+04   2.45421143e+01   4.44052124e+01   6.50981262e+02
   1.66199356e+02   1.44274500e+03   3.95154321e+03   2.44028770e+04
   1.90743652e+03   1.98332214e+03   1.70155750e+03   8.73780762e+02
   5.76402710e+02   1.27805215e+04   2.54356308e+02   3.99253711e+04
   5.61821387e+03   4.41186133e+03   3.04986694e+02   6.59972778e+02
   1.33528284e+03   6.46895294e+01   6.20653343e+00   3.86983070e+01
   9.64842578e+03   0.00000000e+00   2.67259326e+03   1.00441143e+04
   1.80114368e+03   9.52017670e+01   2.72448242e+04   0.00000000e+00
   1.38827448e+01   5.72545410e+03   2.96042180e+00   2.14846016e+04
   8.58967163e+02   1.01051086e+03   1.67437119e+02   5.55961914e+03
   9.06035391e+04   1.68818125e+04   4.76893457e+03   9.42354102e+03
   2.96470254e+04   1.04699866e+03   9.79596008e+02   7.75727112e+02
   3.43297625e+00   2.45987427e+03   1.76313906e+04   6.08452368e+00
   7.14468164e+03   1.05814766e+04   1.29993872e+03   1.00963203e+05
   3.31193542e+01   5.61424683e+02   8.34723587e+01   3.20483423e+03
   1.24815879e+04   8.40344620e+01   3.59635718e+03   1.88469620e+02
   7.69945156e+04   2.15839539e+01   1.77681442e+02   7.03512756e+02
   1.64629724e+03   4.48926270e+03   1.07109941e+04   1.38555742e+04
   8.44151406e+04   4.41191620e+02   2.86696045e+03   1.82850215e+04
   1.69377112e+03   2.49883213e+01   5.54681953e+04   1.03247793e+04
   1.98545856e+01   1.27129697e+04   2.77425352e+04   1.16673853e+03
   0.00000000e+00   3.14307373e+03   1.45740234e+02   1.81435638e+02
   2.38794668e+04   1.99225703e+04   1.53101819e+03   2.89420977e+04
   4.04589043e+01   2.39924316e+03   4.06289038e+03   3.63170078e+04
   7.31453984e+04   1.60423169e+03   8.89392334e+02   2.86080103e+03
   1.29326855e+03   2.73851245e+03   6.55033555e+04   4.01292422e+04
   3.82288403e+03   4.93749054e+02   3.18044824e+03   1.51380569e+02
   1.44631189e+03   1.35359985e+03   1.89147720e+01   1.35637039e+02
   1.33085488e+04   4.78723672e+04   8.46913330e+02   1.05817891e+04
   1.39082962e+02   3.01173789e+04   3.51807690e+00   4.54344971e+03
   1.46853943e+03   8.05502812e+04   6.66987061e+02   4.78168896e+03
   1.44297684e+02   9.10201416e+02   3.29021777e+03   9.67491113e+03
   1.63429199e+04   2.88465063e+03   4.62328644e+01   1.05294385e+03
   2.84406586e+02   1.35242363e+04   3.33551133e+04   5.11820947e+03
   7.47618047e+04   3.28686621e+03   1.50435934e+01   3.22262802e+01
   1.40311016e+04   1.38658506e+04   1.20870447e+03   7.60126904e+03
   4.07707202e+03   2.30902271e+01   6.96453003e+02   1.57621387e+03
   1.65747650e+02   2.86201611e+03   1.93367988e+04   1.10952246e+04
   3.19786841e+03   1.18902313e+02   5.23198359e+04   6.98200623e+02
   1.31864248e+04   3.53537140e+01   3.54468384e+03   3.88924408e+02
   4.90718164e+03   1.43213584e+04   1.40887817e+02   0.00000000e+00
   2.99720886e+02   1.60048193e+03   7.57687891e+03   6.01166534e+01
   1.66485254e+03   1.17359949e+03   1.08647314e+03   3.05291113e+03
   1.05501562e+03   2.87386836e+04   9.31253723e+02   0.00000000e+00
   3.04219580e+03   2.31078491e+02   3.77843335e+03   2.87266484e+04
   1.46306042e+03   4.62973175e+02   5.91225952e+02   6.22158203e+03
   1.03457544e+03   6.04010620e+02   4.80636641e+04   9.95161621e+03
   4.67497998e+03   6.39140320e+02   2.32240405e+03   5.05607373e+03
   2.45949402e+01   5.07582275e+02   4.12071191e+03   3.43562622e+02
   4.19021912e+02   9.46946777e+02   0.00000000e+00   4.95522766e+02
   7.03754616e+00   1.53347194e-01   3.32721055e+04   0.00000000e+00
   1.14495385e+00   5.26225891e+02   0.00000000e+00   3.06266907e+02
   5.86394580e+03   1.74685840e+03   4.91254785e+03   1.07997180e+03
   6.07489180e+04   2.84130566e+04   1.49318799e+03   6.04038965e+03
   2.72392365e+02   4.24676367e+04   2.49275098e+04   1.11025230e+02
   8.03143250e+02   7.30858002e+01   1.42266565e+03   1.15684863e+04
   3.71988989e+03   1.35982178e+02   6.55868469e+02   0.00000000e+00
   1.21354443e+04   9.14427344e+03   1.49194653e+03   1.26304749e+03
   2.23050705e+02   3.47075256e+02   5.54064727e+04   6.72992992e+00
   6.86078430e+02   6.72431183e+01   9.00514297e+04   5.60822607e+03
   5.71415039e+02   2.16130640e+03   2.42969823e+00   6.22431299e+03
   2.03244720e+02   3.34173096e+02   8.38970154e+02   2.99264966e+03
   1.49551343e+03   2.92266992e+03   4.13843994e+01   4.65030945e+02
   2.19580322e+03   8.62612812e+04   1.08298828e+02   7.57054749e+02
   0.00000000e+00   1.25625039e+04   5.78026270e+03   7.13459131e+03]
[  7.37381287e+01   9.10352246e+03   1.45612085e+03   1.49734814e+03
   1.23590015e+03   2.24668184e+04   3.73836395e+02   1.49098486e+04
   3.46690234e+03   3.28420586e+04   2.90507471e+03   1.78951630e+02
   4.79628516e+03   2.77990449e+04   5.15910938e+03   9.09379822e+02
   2.63829443e+03   1.65109375e+03   4.44332539e+04   6.15772278e+02
   1.16458976e+00   4.41064697e+03   3.32486969e+02   6.59343933e+02
   1.83878105e+04   7.00764008e+01   1.19154648e+04   5.94768219e+01
   4.43459717e+02   4.67537891e+03   3.65686890e+03   3.94772534e+03
   1.03226885e+04   2.18360996e+00   4.12430713e+03   1.95782196e+02
   1.53219885e+03   5.32558281e+04   0.00000000e+00   6.04511182e+03
   7.46486377e+03   2.56591675e+02   1.13549232e+01   1.99229523e+02
   1.74812754e+04   6.19252014e+02   2.51398071e+03   1.35818105e+04
   6.87454285e+02   8.59121552e+01   9.58682007e+02   4.22517517e+02
   1.15705696e+02   1.30269629e+04   9.16417188e+03   2.05417148e+04
   1.33861768e+03   7.11826611e+03   5.06710548e+01   3.33629004e+03
   1.48638147e+03   1.13165698e+03   1.20683069e+03   2.09301163e+02
   2.77677979e+03   9.08976318e+02   7.96173935e+01   2.77934387e+02
   2.76272217e+02   2.77985687e+02   5.04886993e+02   1.38342852e+04
   1.58568271e+04   3.31231384e+02   1.88163770e+04   9.24699020e+01
   1.46818298e+02   1.54882782e+02   3.96747375e+02   1.25595391e+04
   8.95566101e+02   4.43839688e+04   2.02708066e+04   1.68762578e+04
   6.89969688e+04   4.15299438e+02   3.24172900e+03   1.47240576e+04
   9.19190723e+03   3.08223086e+04   1.27067709e+01   2.69645947e+03
   4.61546234e+02   1.61847598e+04   2.76930908e+03   1.60498086e+04
   2.78349395e+04   2.12513566e+00   8.62060547e+03   2.14176953e+03
   4.25513725e+01   1.29701404e+03   1.33163986e+02   7.94904395e+03
   1.30515671e+00   2.10498180e+01   1.54263049e+03   1.54460420e+04
   4.47510815e+00   1.88155566e+04   3.71116760e+02   4.85079453e+04
   9.06176465e+03   2.54753799e+01   1.51487331e+01   6.59854553e+02
   6.27518799e+02   2.83576621e+04   1.03882642e+03   8.16588211e+01
   1.28052533e-01   7.80641663e+02   8.32374609e+03   1.91250320e+02
   2.83809631e+02   8.96890820e+03   7.19672241e+02   3.66042862e+01
   8.04695190e+02   1.38985092e+02   1.88118496e+04   1.03155164e+03
   1.04101517e+02   3.67441748e+03   1.40674170e+03   8.98612793e+03
   2.15294062e+04   9.66147780e-01   7.49136162e+00   5.13229675e+02
   5.72583854e-01   6.59731827e+01   3.28325836e+02   2.01522522e+02
   1.07117958e+02   1.02459531e+04   1.96234607e+03   0.00000000e+00
   1.15363892e+03   4.42450039e+04   2.03765427e+02   2.72956470e+03
   1.28938403e+03   1.78511914e+03   3.71977142e+02   1.53998330e+04
   1.69493027e+01   4.58119690e+02   2.60389740e+02   1.22432734e+04
   4.05817352e+02   6.98055725e+02   4.09908173e+02   9.19085236e+01
   4.20583242e+04   1.78885376e+02   3.64932068e+02   1.05801758e+03
   8.22543848e+03   1.65579805e+04   1.03835306e+01   3.87292290e+01
   5.03521338e+03   9.32928162e+02   6.70458145e+01   4.18109814e+03
   3.90748398e+04   9.84905579e+02   3.81927969e+04   5.06015430e+03
   2.93723379e+04   3.39807656e+04   2.55827579e+01   5.35112207e+03
   1.62496313e+03   0.00000000e+00   7.21798096e+03   4.36416748e+03
   1.08999338e+01   4.06537018e+02   2.39370575e+02   2.27108139e+02
   3.02244751e+03   1.06779551e+04   1.03652478e+03   1.30068506e+04
   1.78744617e+03   4.89245850e+02   1.98448196e+02   4.22355762e+03
   4.96303076e+03   8.65714966e+02   1.01356543e+03   0.00000000e+00
   3.23865601e+03   1.63329910e+02   2.54946143e+03   2.05446240e+03
   6.62709961e+03   4.12428789e+04   2.30962311e+02   7.79986450e+02
   5.92706299e+03   1.62225793e+03   9.38769073e+01   7.84740820e+03
   6.53345273e+04   1.17160439e+02   6.10380737e+02   5.84825781e+03
   1.86175684e+04   3.93233826e+02   2.14559387e+02   6.39139465e+02
   1.73890778e+02   3.32243767e+01   4.60962158e+02   7.76799622e+01
   4.36460480e+02   1.41665970e+02   3.79737778e+01   7.52601166e+01
   6.78245544e+02   4.76179047e+01   2.59823360e+01   5.49859772e+01
   2.55388901e+02   2.93025635e+02   4.27158508e+02   2.64647125e+02
   3.37264061e+01   5.74956818e+01   9.66447021e+02   2.42775703e+04
   2.82786777e+04   1.03125391e+04   1.63096069e+02   3.37811230e+03
   2.46532307e+01   3.52219940e+02   1.59338089e+02   1.08339760e+02
   6.80924805e+03   1.69071143e+03   1.94800053e+01   1.38035614e+02
   5.64535596e+03   6.06851234e+01   1.07619421e+03   1.54380814e+02
   7.44881714e+02   2.41949902e+03   5.86066956e+02   2.18256874e+01
   3.46983867e+04   2.77018848e+03   3.11256621e+04   7.40711377e+03
   3.22745288e+03   9.09442425e+00   9.98995743e+01   9.35544556e+02
   2.43381454e+02   5.33908653e+01   2.69778828e+04   2.88273315e+02
   8.51420959e+02   5.04135803e+02   7.96033301e+03   6.77068457e+03
   3.57772614e+02   1.52971115e+02   1.65357715e+03   6.92440625e+04
   1.44339270e+03   5.19952930e+03   7.33340186e+03   1.86617752e+02
   2.12926666e+02   1.29680527e+04   7.32756714e+02   1.25535632e+03
   1.19832725e+04   1.95060974e+03   1.37190262e+02   4.77823425e+02
   1.14215601e+03   1.43676978e+03   5.15635010e+03   3.80509369e+02
   1.30426130e+01   4.07011200e+02   6.96108789e+03   2.05912811e+02
   1.55391211e+04   4.89352656e+04   7.79102112e+02   1.00650873e+03
   2.47966089e+03   3.56440186e+03   7.97032356e-01   7.96866504e+03
   9.80006123e+00   6.12456006e+03   2.67231128e+03   2.41483184e+04
   9.49631165e+02   6.88940332e+03   7.66975464e+02   9.52752734e+03
   1.33593154e+04   2.60499121e+04   2.75718481e+03   1.67507383e+04
   1.32694199e+02   4.54493378e+02   1.39743005e+03   1.54409424e+03
   1.48747131e+03   4.82198395e+02   1.01957109e+04   4.38672119e+03
   4.41325140e+00   4.66657031e+03   7.19364777e+01   5.59790710e+02
   9.52874832e+01   1.86722949e+04   1.26266675e+03   3.58599766e+04
   4.30364766e+04   2.12321094e+03   2.48549149e+02   2.94323608e+02
   4.12788506e+01   3.29899261e+02   3.34529570e+04   4.73088654e+02
   5.76334668e+03   5.37876221e+03   4.16820117e+03   4.16363750e+04
   3.88863037e+02   2.04697021e+03   4.61378662e+02   1.62737213e+02
   9.94302441e+03   2.66693115e+03   1.62513066e+04   1.39915762e+01
   5.30478125e+04   3.72136993e+02   2.26812812e+04   5.39783752e+02
   1.39498506e+04   1.45199692e+02   6.99837646e+01   6.52169287e+03
   2.57489563e+02   3.15444434e+03   6.93124268e+02   7.86278931e+02
   1.36629990e+02   6.29942236e+03   1.03609631e+03   7.83738281e+04
   1.39352207e+04   1.85409851e+03   6.88548975e+03   2.69884277e+03
   2.48249100e+02   1.25157859e+05   8.23912793e+03   6.56198486e+02
   4.05719330e+02   5.17812109e+03   5.46015015e+01   7.60993767e+00
   9.87202759e+02   7.51120483e+02   4.59138281e+04   1.97914783e+03
   2.06216162e+03   3.86327539e+04   5.56479062e+04   2.91565216e+02
   6.29372406e+01   1.56294170e+04   2.75705640e+03   8.55297363e+03
   9.35217972e+01   1.46747090e+04   4.67244922e+03   3.56172290e+03
   9.19474602e+00   4.53897969e+04   2.12987823e+01   5.24418091e+02
   9.58161011e+02   2.07266406e+03   1.49997412e+03   1.40931758e+04
   1.11384482e+04   5.58578955e+03   1.47570740e+03   0.00000000e+00
   5.67395068e+03   3.83554657e+02   0.00000000e+00   2.15086838e+02
   5.31280518e+02   1.79204961e+04   5.94776611e+03   5.56710303e-01
   3.08394653e+02   4.59923047e+03   5.94195312e+02   1.70746994e+01
   1.72822083e+03   5.22428906e+03   5.13606523e+04   1.34228455e+02
   1.55411514e+04   4.88255188e+02   1.27844193e+02   1.70835907e+02
   1.22618439e+02   1.18399420e+01   1.33260693e+04   2.59932590e+00
   1.29258530e+02   8.71061554e+01   4.73287170e+02   6.24636221e+00
   1.94371986e+01   1.25982998e+04   3.73937317e+02   4.56341675e+02
   1.12379370e+03   3.67595000e+04   4.62523834e+02   6.17216980e+02
   2.17060257e+02   1.18468602e+05   2.55438945e+04   1.14772701e+01
   8.82475586e+03   2.86963647e+03   2.83513125e+04   1.20934873e+04
   2.86333438e+04   7.82812646e+03   1.19186465e+04   3.20840363e+02
   9.27972949e+03   5.22666650e+03   2.78384583e+02   3.04501038e+02
   2.41658676e+02   8.47336655e+01   1.00923105e+04   1.01339707e+04
   1.24994453e+04   1.37907139e+04   1.50282642e+03   2.38662170e+02
   7.49004395e+02   8.23031311e+02   8.35021729e+02   2.32992793e+04
   4.15617627e+03   3.01615982e+01   6.41638818e+03   4.21290741e+02
   1.07744036e+01   9.94933963e-01   3.49173486e+03   1.94733264e+03
   2.30982812e+03   2.73337622e+03   2.03113359e+04   2.70053672e+04
   6.90197363e+03   2.05514258e+03   2.23922806e+02   1.53879639e+03
   2.19441382e+03   5.74184875e+02   2.69534229e+03   6.84416943e+03
   1.36138545e+04   3.05657148e+04   3.95194793e+00   1.21116797e+03
   1.92755938e+04   1.44377891e+04   2.07368652e+02   2.79353466e+01
   1.38145850e+03   4.12626282e+02   3.05007992e+01   1.23442373e+04]
[  2.30716904e+02   2.08925962e+00   5.43740988e-01   3.48867969e+03
   1.14194084e+02   2.39737816e+01   4.20806932e+00   8.22045422e+00
   3.99752411e+02   1.44453232e+02   1.61692295e+01   6.85875488e+02
   9.43296337e+00   2.76035519e+01   6.91804123e+00   6.96963024e+00
   0.00000000e+00   2.15424866e+02   0.00000000e+00   0.00000000e+00
   1.75260406e+02   1.36032832e+04   2.75572900e+03   1.92274490e+02
   0.00000000e+00   0.00000000e+00   0.00000000e+00   1.20868335e+03
   8.64578171e+01   1.64842981e+03   4.78129199e+03   1.19527214e+02
   1.06179395e+03   8.35096893e+01   2.81338739e+00   2.96705127e+03
   2.10740891e+01   8.20748340e+03   1.22698010e+03   9.18589417e+02
   6.37692822e+03   2.10172997e+01   1.37222083e+03   7.48026917e+02
   3.06618137e+01   1.19049144e+00   1.89569800e+03   2.43993744e+02
   6.79855013e+00   5.64663744e+00   2.21463699e+01   1.19693323e+03
   0.00000000e+00   1.09585167e+02   1.45279434e+02   5.35396614e+01
   4.40714453e+03   1.01846970e+02   0.00000000e+00   4.28238220e+02
   1.45535263e+02   5.78042603e+00   2.00460796e+01   3.74268188e+02
   1.06782425e+02   2.30074829e+03   4.48827515e+01   1.05908775e+00
   1.36189804e+02   3.55387329e+02   1.34809570e+03   9.07844620e+01
   8.78069458e+01   4.36977539e+01   1.13600101e+01   2.29672302e+02
   3.18214645e+01   1.00621362e+03   2.04417286e+01   5.69922218e+01
   0.00000000e+00   7.50803070e+01   4.80762360e+02   7.64736084e+02
   4.42173958e+01   2.13876629e+01   8.78862858e+00   5.75303268e+00
   1.04191367e+04   1.28396088e+02   9.22315820e+03   3.12994049e+02
   1.03879219e+04   4.79190338e+02   0.00000000e+00   4.54520874e+02
   1.09126406e+04   4.29391823e+01   2.85964941e+03   1.83136658e+02
   2.42648267e+03   1.02782501e+02   1.11584339e+01   7.22703516e-01
   1.71573682e+03   1.37344165e+03   0.00000000e+00   2.10092102e+02
   2.76454186e+00   9.80927587e-01   8.68074608e+00   2.52564331e+02
   4.18421143e+03   4.82020654e+03   2.26366310e+01   1.32488286e+00
   1.84563721e+03   7.52354736e+02   1.59969635e+01   3.21402779e+01
   2.30902839e+00   1.67187515e+02   2.31802578e+01   1.32955656e+01
   2.40257740e+01   2.33075500e+00   5.14707661e+00   3.39705467e-01
   2.54842491e+01   1.34493445e+03   1.54269189e+03   7.41586670e+02
   0.00000000e+00   6.96464386e+01   1.43606247e+02   2.70634888e+02
   1.31855889e+04   1.09527380e+03   2.69099274e+01   2.18662079e+02
   3.58342358e+03   8.33753738e+01   9.61697578e+00   3.32779492e+03
   2.40708885e+01   5.97478724e+00   3.50691071e+01   1.72093737e+00
   1.14046755e+01   4.99717827e+01   0.00000000e+00   3.86491489e+00
   5.96162720e+01   1.38421135e+01   1.49724701e+02   2.00817609e+00
   3.43943848e+02   1.81468468e+01   1.62252960e+01   1.37465591e+02
   1.80720551e+02   6.80999146e+01   1.41725176e+04   2.59826733e+03
   2.65628369e+03   1.01148018e+04   0.00000000e+00   3.34986621e+03
   3.75947937e+02   5.87831836e+03   3.95040274e+00   1.20750623e+03
   1.87811707e+02   3.42554047e+02   3.49514542e+01   7.44847584e+00
   4.76660034e+02   2.93845940e+00   1.21194870e+02   0.00000000e+00
   3.99035912e+01   1.61645215e+03   0.00000000e+00   1.94767212e+03
   1.19353806e+02   5.17228418e+03   5.53319511e+01   7.80952930e+00
   4.43267383e+03   3.90196167e+02   2.43391609e+01   4.02592850e+00
   4.11893463e+02   1.39892502e+02   5.19273621e+02   1.86262192e+02
   1.28865194e+01   1.56673901e+03   7.27004028e+02   6.25867529e+03
   3.30464363e+01   1.25292441e+04   9.74902058e+00   7.69717789e+01
   1.43959799e+01   9.15576324e+01   6.59915649e+02   9.15582581e+02
   0.00000000e+00   3.65436719e+03   2.80646484e+03   5.41645813e+02
   0.00000000e+00   0.00000000e+00   1.29195831e+02   3.55092065e+03
   3.24971344e+02   1.14624710e+02   1.71185055e+01   3.19860596e+02
   4.13186417e+01   1.31276459e+02   2.69422638e+02   2.53639847e-01
   4.55147510e+03   5.89729883e+03   0.00000000e+00   3.55586014e+01
   4.06242704e+00   9.43451416e+02   7.46712341e+01   7.11293945e+02
   1.73527405e+02   3.79486633e+02   1.43730530e+03   7.47013092e+01
   3.35985565e+01   1.05959355e+04   9.02250707e-01   1.12617114e+03
   0.00000000e+00   1.36728174e+04   1.20309998e+02   5.09850311e+00
   0.00000000e+00   3.88205872e+02   8.85747461e+03   0.00000000e+00
   5.01975489e+00   1.16055832e+01   2.17141699e+03   1.81179106e+00
   2.46014786e+00   2.13565079e+02   5.02865486e+01   8.45977722e+02
   1.79411157e+03   8.69696808e+01   9.53837204e+00   1.35261328e+04
   1.86590309e+01   1.77782257e+02   0.00000000e+00   0.00000000e+00
   0.00000000e+00   3.95420343e-01   5.48825741e+00   9.46679077e+02
   5.68334229e+02   1.19926472e+01   2.44241428e+00   7.33034119e+02
   1.03012991e+01   9.19580469e+03   3.77429102e+03   1.45326035e+02
   5.76798486e+03   4.02916946e+01   7.55840073e+01   2.41521406e+00
   2.60780869e+01   1.25876868e+03   1.09952158e+04   2.83372528e+02
   1.27347546e+01   2.78825165e+02   1.92008069e+03   4.90784874e+01
   0.00000000e+00   4.53985929e+00   5.84448318e+01   8.59351013e+02
   1.40100391e+03   2.25995773e+02   0.00000000e+00   0.00000000e+00
   2.19097198e+02   7.37016220e+01   2.58861470e+00   4.36992884e+00
   5.71449890e+02   2.68448059e+02   9.15634473e+03   0.00000000e+00
   1.93644608e+02   5.35307765e-01   1.32479507e+02   1.40247178e+00
   8.41525488e+03   0.00000000e+00   1.01410381e+04   1.45150433e+01
   2.40819836e+01   0.00000000e+00   4.74792004e+00   4.23525439e+03
   1.53379846e+03   3.79636499e+03   2.87921936e+02   5.52633438e+01
   5.36072314e+03   5.08816254e+02   1.49320374e+01   5.10701714e+01
   1.14541595e+02   9.99052107e-01   2.00524368e+01   2.61962795e+01
   2.32848099e+02   9.21966400e+01   4.75728703e+00   6.37773730e+03
   1.07181625e+01   7.41842957e+02   2.04222427e+02   1.40012146e+03
   1.34107178e+03   1.09647229e+03   4.78405420e+03   1.94013336e+02
   2.38400806e+03   5.32953084e-01   7.68179626e+01   1.23571405e+01
   2.47163428e+03   1.49614915e-01   3.57094092e+03   1.38755463e+02
   4.65249817e+02   6.44499130e+01   7.18771744e+00   5.98760068e-01
   2.89436914e+03   1.95035515e+01   0.00000000e+00   9.79780731e+01
   9.74377734e+03   3.54788477e+03   5.90767188e+03   3.27794952e+01
   3.46612053e+01   4.79212570e+00   2.01055374e+01   5.35124092e+01
   7.08292725e+02   1.63809814e+01   0.00000000e+00   4.22159454e+02
   1.49507782e+02   0.00000000e+00   1.05510498e+02   3.08284448e+03
   6.98665695e+01   1.66703201e+02   2.11299934e+01   3.93846664e+01
   1.59506112e-01   2.88968315e+01   2.64855938e+01   6.32689362e+01
   6.92321625e+01   1.16474268e+04   2.25600357e+01   5.76969141e+03
   2.31127368e+03   8.48622437e+02   1.73365015e+03   3.01749756e+02
   2.14404492e+03   6.47075073e+02   3.46443115e+02   1.58904839e+01
   2.08176056e+02   2.33085349e-01   1.75994888e+02   2.19026146e+01
   0.00000000e+00   1.05957174e+00   7.66043091e+01   1.09894661e+02
   4.27071953e+01   1.46124353e+03   6.01581445e+03   2.06388741e+01
   1.18592590e+02   5.88105049e+01   1.71383667e+02   8.49789238e+00
   1.23488741e+01   8.52340918e+03   1.50050592e+01   3.24403267e+01
   3.89134636e+01   7.65017029e+02   3.74342261e+03   1.15313950e+02
   3.14137769e+03   3.56851120e+01   1.10920105e+01   9.67057198e-02
   1.24474951e+04   5.99004700e+02   1.10974854e+02   7.30584025e-01
   3.32861298e+02   2.29269302e+02   3.11055034e-01   1.31604767e+01
   5.11971569e+00   1.68977979e+03   3.57769849e+03   1.61534729e+01
   4.36892212e+02   1.06162390e+03   5.98074951e+02   2.16210079e+01
   2.18104219e+00   1.98533105e+03   9.80500586e+03   7.99159622e+01
   7.12264347e+00   1.69681377e+01   7.65638657e+01   1.84289459e+02
   8.08773117e+01   2.99683452e+00   5.08558154e+03   5.09607959e+03
   7.33480664e+03   7.68116653e-01   2.17372864e+02   3.15315460e+02
   6.70911682e+02   1.56533107e-01   4.43391876e+02   1.52939526e+03
   4.46999979e+00   8.35025000e+03   8.58498459e+01   1.73226819e+03
   2.40032643e-01   5.60647644e+02   1.38006191e+01   6.00831375e+01
   9.20970508e+03   6.84213400e-01   8.07333450e+01   0.00000000e+00
   1.96974754e+00   3.77629211e+02   1.48695847e+02   4.24260902e+00
   1.26619301e+02   4.21172949e+03   0.00000000e+00   2.45251782e+03
   3.72053009e+02   1.01783337e+03   2.22694482e+03   6.99689560e+01
   4.22254346e+03   9.93589096e+01   1.14562172e+02   8.77972412e+01
   6.00219250e+00   2.06956226e+03   2.48426228e+01   1.81948022e+03
   2.21634507e+00   3.74725127e+00   5.51089287e+00   1.53786316e+03
   9.11018219e+01   1.89431524e+00   3.73743401e+01   0.00000000e+00
   1.97646338e+03   2.90844727e+02   2.89671082e+02   9.32627148e+03
   1.27631187e+02   2.02393322e+01   3.85933081e+03   4.49698486e+03
   1.77695704e+00   5.14088916e+03   1.25242176e+01   1.33417953e+02
   0.00000000e+00   1.09297031e+04   1.52819424e+01   6.60518951e+01]
[  1.73471355e+01   5.25146606e+02   1.33883194e+02   1.82263626e+02
   1.71733078e+02   3.10246490e+02   1.22660477e+02   3.03826996e+02
   1.55501877e+02   3.58833694e+01   1.51130847e+03   6.02160828e+02
   3.14134863e+03   1.09245407e+02   3.87738794e+03   1.88376663e+02
   3.57662272e+00   1.37687225e+02   3.67604401e+02   2.09957779e+02
   1.21118301e+02   7.88494339e+01   3.62652075e+03   6.53565445e+01
   3.21855164e+01   2.44761410e+01   1.99708271e+01   8.46190338e+01
   4.96186719e+03   1.57409105e+01   2.22448311e+01   1.75735760e+01
   4.94100635e+03   1.63452774e+02   3.03557949e+01   7.92978271e+02
   6.45442773e+03   6.71724510e+00   1.98304307e+00   1.86276477e+03
   2.62709424e+03   7.93806519e+02   3.21653217e-01   8.98672640e-01
   3.55878186e+00   2.35645493e+02   1.46273608e+03   8.37216187e+01
   1.14607058e+01   8.06008072e+01   1.63846111e+01   1.06879745e+02
   4.20723755e+02   7.02590393e+02   4.41462402e+02   4.41360010e+03
   8.19378376e+00   1.13181992e+01   2.44609058e+03   4.42974072e+03
   1.35920581e+03   1.96412140e+02   5.68736377e+03   4.36978865e+00
   4.47753048e+00   2.73237793e+02   1.16424942e+01   1.82912781e+02
   5.28433323e+00   2.96485382e+02   1.04314001e+03   5.08345367e+02
   1.77078262e+02   4.84620781e+01   1.56684113e+02   7.72845093e+02
   7.36147308e+01   3.13089996e+02   3.23970166e+03   1.87106252e+00
   2.56282749e+01   2.76969330e+02   1.51934436e+03   2.48959236e+01
   1.01084857e+03   4.33752881e+03   6.82908401e+01   9.94123840e+01
   2.04401709e+03   2.96509644e+02   2.04742523e+02   4.83525299e+02
   0.00000000e+00   3.45855322e+03   2.02759323e+01   4.27595863e+01
   2.01692017e+02   2.47644336e+03   2.27453938e+01   2.87383499e+01
   8.19774914e+00   4.62112694e+01   4.82485657e+01   1.75541859e+01
   1.03778406e+03   0.00000000e+00   5.27912140e+01   4.41291455e+03
   2.09196021e+03   1.54442749e+02   5.16874390e+02   3.00149460e+01
   9.34684875e+02   9.19339111e+02   7.78272827e+02   9.28440511e-01
   1.21943001e+02   4.73606873e+01   1.77165686e+03   3.05630245e+01
   7.62689590e+01   1.41183508e+03   2.16492414e+00   1.50166550e+01
   2.18302746e+01   3.69698761e+02   1.31364944e+02   7.20795670e+01
   4.15588672e+03   1.01702261e+00   2.46399475e+02   2.65338208e+03
   9.44155518e+02   1.22434731e+01   7.31971484e+03   3.66967607e+00
   4.95359039e+00   3.34280273e+02   2.47839645e+02   5.19473410e+00
   3.91911426e+03   0.00000000e+00   5.98286743e+02   1.34251526e+02
   3.50531677e+02   1.94412422e+00   1.54000401e+00   1.13165569e+01
   1.12364423e+00   2.56790848e+01   1.06957197e+00   2.19505966e+02
   1.80223480e+02   2.93014697e+03   1.33085434e+02   1.09543689e+03
   4.67903748e+02   2.28193283e+00   1.41369519e+03   3.30949219e+02
   9.57847961e+02   2.04813403e+03   9.88975525e+00   2.57917847e+02
   3.63635815e+03   1.62919067e+03   1.77283493e+02   9.41162491e+01
   1.80006744e+02   1.44563330e+03   4.64332489e+02   0.00000000e+00
   5.52034363e+02   1.02426577e+01   2.08508453e+01   1.00720768e+01
   1.20130312e+00   5.12722656e+03   7.33941803e+01   2.52349796e+01
   1.16786316e+02   5.24238930e+01   3.81603394e+01   4.94854546e+01
   1.95535364e+03   0.00000000e+00   1.09509071e+02   1.19048369e+00
   1.30541344e+01   1.22566628e+02   1.46313248e+01   1.33846573e+02
   2.91518497e+01   1.59503265e+02   2.01804733e+02   4.73847961e+01
   1.50971008e+02   1.75476742e+01   1.10062958e+02   1.88301868e+01
   1.61243683e+02   6.75479797e+02   6.03039360e+00   5.84384632e+00
   7.89287758e+00   1.57323065e+01   3.80436873e+00   1.44120010e+02
   4.15653877e+01   9.35167408e+00   1.37269250e+03   1.22649254e+02
   5.34156978e-01   4.39545363e-02   2.49685116e+01   2.26651840e+02
   1.29856964e+02   7.34418579e+02   1.97497864e+02   1.37166260e+02
   3.97089020e+02   9.20893616e+02   4.94832382e+01   5.78285095e+02
   1.34340973e+02   2.30521488e+00   2.13709399e+03   2.39306774e+01
   3.98841748e+03   3.99398779e+03   3.79281494e+03   4.57513542e+01
   0.00000000e+00   6.37116165e+01   4.20642273e+02   2.23266650e+03
   8.38941040e+02   2.87007542e+01   3.38731250e+03   2.66514801e+02
   5.51249046e+01   4.46914330e+01   1.13310754e+03   0.00000000e+00
   3.36740417e+02   1.52607446e+03   5.10751160e+02   0.00000000e+00
   1.46901440e+03   1.34292090e+00   1.39645731e+00   2.67453369e+02
   1.19276245e+03   1.81552868e+01   1.19544945e+01   5.65337646e+03
   2.63303113e+00   2.46619537e+02   5.63326111e+01   2.65043964e+01
   3.87822632e+03   0.00000000e+00   5.68362402e+03   2.69629326e+01
   3.72402334e+00   2.90552307e+02   7.64794800e+02   1.09234875e+03
   1.09106430e+02   8.66783508e+02   1.45617905e+02   4.28355469e+02
   1.24471150e-01   1.46195030e+00   8.11847763e+01   1.96821537e+01
   5.97553682e+00   5.75094147e+01   6.00479675e+02   7.67522095e+02
   4.28245258e+00   6.33779716e+00   3.01634790e+03   4.78632259e+00
   0.00000000e+00   1.31310400e+03   2.04794769e+02   1.45051920e+00
   3.72557227e+03   1.22659058e+02   1.08632164e+01   1.35058373e-01
   7.23322876e+02   2.32124023e+02   4.76022949e+03   6.35273170e+01
   1.71557727e+03   3.40268921e+02   6.10189323e+01   1.05086841e+03
   2.25780249e+03   2.30789136e+03   2.98810101e+00   6.96881485e+00
   4.28931934e+03   3.14968921e+03   6.74122559e+03   6.07628235e+02
   1.60162044e+00   1.05526599e+03   1.99577332e+02   4.34387207e+01
   7.15947688e-01   9.22393646e+01   7.31615601e+01   9.85602905e+02
   2.09771851e+03   1.26836746e+02   4.24931458e+02   0.00000000e+00
   1.68654099e+01   1.47432043e+03   1.07942459e+02   2.51585474e+03
   5.71716995e+01   2.74541138e+02   3.63941803e+01   2.90751308e-01
   7.10715103e+00   8.43692780e+01   7.34552622e+00   1.04373097e+00
   6.89045944e+01   2.44460697e+01   1.72726700e+02   1.66067429e+01
   3.10045929e+02   1.98225155e+01   6.53967819e+01   2.34121729e+03
   1.68337585e+03   1.95731348e+03   1.06424292e+03   2.64057326e+00
   2.26496902e+02   5.95184082e+02   2.10659570e+03   5.67280045e+01
   2.31730633e+01   2.11825098e+03   2.58120613e+01   0.00000000e+00
   5.36716553e+03   6.07073669e+01   6.56525085e+02   2.27424264e+00
   2.48861206e+03   4.80239044e+02   1.00545044e+02   1.35521637e+02
   3.17723198e+01   1.98878407e+00   1.42113586e+02   8.97455994e+02
   1.75643445e+03   4.07075167e+00   3.69705505e+01   2.95016785e+01
   1.64592705e+01   1.07254858e+01   4.27923877e+03   0.00000000e+00
   9.49392883e+02   1.68698633e+03   2.22482085e-01   1.49982025e+02
   6.65858215e+02   4.99663330e+03   2.06521378e+02   2.21673233e+02
   6.04913513e+02   1.81198074e+02   1.65215881e+02   7.56260490e+00
   9.09594574e+01   1.08379379e+02   1.61580982e+01   5.93926048e+01
   1.10875110e+03   2.21196842e+01   3.66348413e+03   1.43164413e+02
   3.96120667e+02   5.89035568e+01   0.00000000e+00   1.46131454e+02
   1.10590935e+01   1.76626678e+02   4.86680794e+01   1.29839111e+02
   3.63505298e+03   2.84068695e+02   1.78122284e+02   2.61123120e+03
   4.06060840e+03   1.44344910e+02   4.47497925e+02   4.70749474e+00
   5.98719521e+01   8.25931152e+03   6.31098480e+01   5.66947937e+02
   2.20653076e+02   2.65763116e+00   2.81053715e+01   0.00000000e+00
   6.82052246e+02   3.30041211e+03   1.10348218e+03   2.62709668e+03
   7.29820786e+01   2.88709755e+01   2.24932205e+02   1.86449039e+00
   3.71502914e+01   6.07464867e+01   1.24164948e+02   2.36190015e+03
   8.11381653e+02   4.97421753e+02   7.46002832e+03   1.13236408e+01
   5.58618279e+01   2.71961157e+03   1.67378616e+01   6.23655212e+02
   2.59016992e+03   9.32994461e+00   3.13100128e+02   2.11878876e+02
   3.09754009e+01   1.18623133e+01   9.35283127e+01   1.13869392e+02
   1.62738770e+02   2.86656128e+02   6.85125427e+01   1.18472278e+00
   3.23936729e+01   1.16161442e+01   8.29278469e+00   8.51515076e+02
   7.73252197e+03   1.26301233e+03   3.67284508e+01   9.37812378e+02
   6.02456885e+03   3.17548737e+02   1.11840918e+03   5.10304546e+00
   5.40210022e+02   8.42070236e+01   8.98347168e+01   2.56822586e+00
   2.45448901e+03   5.57659119e+02   7.73295822e+01   4.58589844e+03
   8.75220898e+03   1.83245618e+03   2.30547804e-02   8.92439804e+01
   1.61569920e+01   2.09599670e+02   1.99574738e+01   5.89687561e+02
   5.17705261e+02   4.15521955e+00   5.91896172e+01   1.65226460e+00
   1.95367035e+02   1.66972400e+03   8.94577026e+01   1.31795703e+03
   9.85745621e+01   2.99290919e+00   2.30135155e+01   4.30967090e+03
   8.29725361e+00   1.48617905e+02   7.30981262e+02   1.27761377e+03
   6.80519462e-01   5.85508168e-01   2.55031326e+02   2.31863251e+01
   3.36770248e+00   4.07316803e+02   1.08507312e+03   4.55839062e+03
   3.47732544e+03   2.56401424e+01   3.82382446e+02   2.85539038e+03
   5.90580750e+01   0.00000000e+00   1.07510849e+02   4.27173047e+03
   1.98442047e+02   2.02387634e+02   5.75483589e+01   3.21450024e+03]
[  6.89333069e+02   1.94510593e+01   2.62078643e+00   2.95626373e+01
   1.09653015e+01   1.51815417e+03   2.71226101e+01   2.40244865e+01
   1.53355904e+01   4.14622040e+02   1.91880379e+01   1.12839003e+01
   4.11665100e+02   1.65801721e+03   2.33930145e+02   2.63389778e+00
   4.28611794e+01   2.82934235e+02   2.20291428e+02   1.71478558e+00
   8.94345951e+00   0.00000000e+00   3.64821472e+01   5.84451965e+02
   3.66329372e-01   5.15595055e+00   1.97308111e+00   2.03113422e+01
   4.63030624e+01   1.87720108e+02   4.46374016e+01   5.75398326e-01
   1.22913025e+02   2.56271343e+01   2.30434985e+03   1.76108850e+03
   2.59602737e+00   1.47781323e+03   7.94408178e+00   9.87728500e+01
   8.66507626e+00   6.10342560e+01   1.79994678e+01   9.37128677e+01
   4.10881577e+01   1.97080246e+02   4.38729095e+02   3.33517480e+00
   5.81104393e+01   1.70558796e+01   6.89323303e+02   0.00000000e+00
   1.63139706e+01   4.60679283e+01   0.00000000e+00   1.27342720e+01
   1.27430439e+01   2.40447369e+01   3.27402611e+01   2.91666473e+02
   3.32843628e+01   5.29207458e+01   1.20702162e+01   1.69794006e+01
   1.29188166e+01   1.46631784e+01   1.61630295e+02   4.08596802e+00
   2.84115982e+00   7.26277084e+01   4.12456169e+01   1.75555505e+03
   7.48434525e+01   1.06577275e+04   1.29400549e+03   1.13913956e+01
   2.69146976e+01   4.71337051e+01   8.03603516e+01   2.96618042e+01
   6.83939123e+00   3.03183899e+01   8.57291794e+00   1.27495852e+01
   2.63205280e+01   6.84508085e-01   1.10096436e+03   2.03576698e+01
   1.48654388e+02   2.53665314e+01   5.14555016e+01   1.96109695e+01
   1.76124363e+01   3.88898529e+02   2.29782196e+02   5.32527122e+01
   3.31889038e+01   4.63717270e+01   1.41915314e+02   4.42080574e+01
   1.24173045e+00   1.40310144e+01   6.14883270e+01   1.85753632e+01
   6.39966726e+00   3.00890255e+01   9.87603188e+00   1.25354858e+03
   2.83601513e+01   1.43885827e+00   2.51767792e+02   1.09612141e+01
   1.34222546e+01   7.25912781e+01   9.62696254e-01   2.91657764e-02
   1.54931622e+01   7.87089233e+01   1.67846960e+03   8.34320188e-01
   3.57804291e+02   2.36103134e+01   8.74754620e+00   6.63751554e+00
   2.58910561e+00   1.14957930e+04   3.99158478e+00   5.28664398e+00
   9.43118652e+02   3.82377396e+01   3.17243500e+01   9.65436172e+01
   2.04135468e+02   1.39003134e+01   2.92145532e+03   5.29522753e+00
   1.83260880e+01   1.81230450e+01   2.10270410e+03   4.81952477e+01
   5.53955460e+00   1.06703589e+03   3.70080900e+00   1.02440906e+03
   8.52823162e+00   1.15978157e+02   2.05584192e+00   1.57422928e+02
   2.83257050e+02   4.79050636e+01   1.59710035e+01   2.69644867e+02
   1.04780645e+01   8.97458954e+01   7.95782288e+02   3.69573555e+01
   7.81951904e+01   0.00000000e+00   1.18240395e+01   1.06665503e+03
   5.27583154e+03   1.92321387e+03   6.52784252e+00   2.41645184e+01
   5.51856613e+01   8.12085819e+00   9.07397461e+01   5.15136833e+01
   1.17866974e+01   1.39975729e+01   8.98923721e+01   2.32439682e-01
   9.06811619e+00   9.30515381e+02   1.81786180e+00   5.30398560e+01
   1.60504341e+01   2.82818108e+01   7.72490311e+01   7.24545288e+02
   1.76712097e+02   3.23949814e+01   6.30270020e+02   1.04398048e+02
   9.69320602e+01   1.05165344e+02   3.42149353e+00   1.07691586e+00
   1.09725281e+02   1.11025749e+02   8.30095291e+01   1.79916024e+00
   4.02321729e+03   1.33418945e+02   6.97109580e-01   6.53396759e+01
   3.22601318e+01   7.44173050e+01   5.77125473e+01   1.45373279e+03
   2.07758331e+01   6.80660009e+00   1.84189648e+03   1.01613617e+01
   3.70609713e+00   2.17852993e+01   6.87157715e+02   5.63041449e+00
   2.00027649e+02   6.69192993e+02   1.86361633e+02   3.63073874e+00
   4.35367889e+02   2.78874245e+01   8.67693176e+01   9.98255081e+01
   0.00000000e+00   7.45595856e+01   2.46944385e+03   3.01411591e+02
   0.00000000e+00   1.02064743e+01   3.84767227e+01   4.63262892e+00
   8.63065720e+01   9.91005676e+02   7.11705551e+01   6.58235092e+01
   3.13166332e+00   6.16097984e+01   1.05481234e+01   1.27189197e+03
   2.14153656e+02   8.16431274e+02   0.00000000e+00   0.00000000e+00
   1.28017151e+02   2.07140381e+03   2.29416968e+03   4.81576118e+01
   1.21321344e+01   2.32679405e+01   3.94669228e+01   0.00000000e+00
   1.10309687e+01   6.22914255e-01   1.34828381e+03   1.18491769e+00
   1.71253876e+02   5.70662003e+01   1.13879492e+03   4.65410156e+01
   1.96812077e+01   8.47915588e+02   7.02977356e+02   8.39802933e+00
   1.25045227e+02   3.72457504e+01   2.20077539e+03   1.01487930e+02
   6.95770416e+01   6.31086922e+00   2.67933136e+02   4.32351074e+01
   3.15680523e+01   0.00000000e+00   2.80887207e+02   6.16928005e+00
   3.34950924e+00   3.70438995e+01   2.53139917e+03   4.78813782e+02
   5.67919846e+01   3.17989516e+00   1.14227173e+02   4.41926193e+01
   5.39374451e+02   7.17022629e+01   1.46109715e+01   3.40679245e+01
   7.07452637e+02   1.23475975e+02   6.11889381e+01   1.64917261e+03
   1.22857887e+02   2.26856213e+01   1.39496784e+01   2.01738358e+01
   8.27425842e+01   4.32379456e+01   8.64244141e+02   4.06870346e+01
   7.17353592e+01   3.42070618e+01   3.83576546e+01   1.51322586e+02
   2.97493706e+01   8.25606873e+02   1.18509626e+01   3.37489893e+03
   1.42319000e+02   8.44828987e+00   2.38579541e+03   3.00846191e+02
   1.63045151e+02   3.38397827e+02   2.57106514e+01   7.11210388e+02
   5.01327515e+01   1.04636253e+02   1.09614052e-01   2.64316597e+01
   1.50135746e+01   2.51192322e+01   1.82561023e+03   2.08022346e+01
   2.84092773e+03   1.54914245e-01   5.29867249e+02   4.66349182e+01
   8.00052719e+01   3.18843918e+01   1.15390175e+02   2.16376312e+02
   7.79745026e+01   1.55269943e+02   3.72538447e+00   9.32888718e+01
   1.82642288e+01   3.50496407e+01   0.00000000e+00   2.13859749e+01
   0.00000000e+00   1.14426041e+02   6.78116608e+00   3.97598969e+02
   5.92501211e+00   1.08181458e+02   1.95912842e+02   3.11133728e+02
   1.21578300e+02   0.00000000e+00   4.45473328e+02   1.03570061e+01
   0.00000000e+00   2.64495969e+00   5.86971207e+01   7.35249281e+00
   5.52460098e+00   3.62025490e+01   2.40587673e+01   3.82599330e+00
   2.30481505e-01   3.97281723e+01   2.40474300e+01   4.54432129e+03
   8.60563965e+01   4.27063332e+01   5.38639336e+01   1.62677307e+01
   3.63623571e+00   1.95823669e+02   2.74759579e+01   7.67481461e+01
   8.28723877e+02   6.48694468e+00   1.03682205e+02   3.02209740e+01
   2.16858200e+02   3.21619453e+01   8.63732472e-02   2.52389694e+02
   3.05437717e+01   0.00000000e+00   1.81090755e+01   1.58064423e+01
   2.38528442e+03   3.64799285e+00   3.65699921e+01   1.36498766e+01
   1.38796301e+01   2.33543384e+03   1.89092468e+03   0.00000000e+00
   3.43846863e+02   4.89745064e+01   1.84462986e+01   1.46957445e+00
   4.26101952e+01   0.00000000e+00   1.81697913e+03   3.57797737e+01
   1.31917130e+02   1.01667191e+02   1.35694385e+03   6.19561768e+02
   1.33097794e+02   1.11574532e+02   1.40454056e+02   1.55739319e+03
   4.33153458e+01   4.68751183e+01   1.45928907e+01   4.43258435e-02
   1.29200516e+02   1.81415710e+03   1.37960529e+01   1.66144730e+02
   7.05406036e+01   8.53812637e+01   5.83338440e+02   1.54846301e+03
   7.30863571e+00   3.17029938e+02   5.46736450e+02   0.00000000e+00
   3.48707924e+01   2.42488098e+00   5.98315613e+02   1.39613190e+01
   5.87200500e+02   1.85070248e+01   6.64254150e+01   2.14967012e+00
   1.03673134e+02   1.09335193e+03   2.20540802e+02   6.33879814e+01
   9.56305176e+03   4.93912079e+02   1.31063599e+02   1.59563551e+01
   9.45294418e+01   1.17307117e+03   5.41902885e+01   1.81689099e+03
   1.23419006e+03   7.90624771e+01   2.96342487e+01   1.65351067e+01
   8.69254529e-01   5.17087402e+02   2.59532257e+02   4.10139732e+01
   1.85465641e+01   7.09579239e+01   3.86250429e-02   9.91182785e+01
   1.90225086e+01   1.24779549e+01   6.74335861e+00   2.80901356e+01
   2.10551262e+01   2.17297607e+02   4.05243607e+01   3.59458862e+03
   2.38512611e+01   2.41087427e+03   7.46184464e+01   4.01549034e+01
   1.34853439e+02   6.99598572e+02   4.57399025e+01   1.01831970e+01
   4.69139191e+02   4.45652103e+00   1.87569812e+03   1.56485580e+02
   3.19316826e+01   2.73220043e+01   5.49092178e+01   1.01617485e+02
   7.14313965e+02   1.72833398e+03   1.44433121e+02   1.64089233e+03
   3.05787623e-01   0.00000000e+00   3.45497360e+01   7.62075186e-01
   2.60617447e+01   3.12264671e+01   1.08656628e+03   0.00000000e+00
   1.08601036e+02   5.17303963e+01   5.71449242e+01   1.16373694e+03
   3.28006859e+01   9.07609284e-01   1.38128138e+01   2.04780136e+02
   1.76153297e+01   1.08212280e+03   6.81407532e+02   1.10015527e+03
   1.73169604e+03   2.30775558e+02   7.67102661e+01   3.78193779e+01
   1.88686829e+03   1.50346260e+01   9.99231434e+00   1.11518677e+03
   4.12155952e+01   7.72154770e+01   9.90836525e+00   1.90222534e+02
   7.76518188e+02   3.65737854e+02   1.43565662e+03   2.44276667e+00]
