bicycle
bus
car
motorbike
person
[ 20103016.      7937449.5    25690820.     18303312.     25183098.
   7100703.     10711234.      3640620.5     6907079.5     9062431.
   5697830.     17376388.     15899845.     13626482.     17395612.
  12952205.     21594552.     18242870.     26582884.     12423647.
   7085870.5    14261618.      7706093.5    28095078.     10068174.
  14785902.      9656355.      9951950.      7460517.     12273903.
  21092288.     23365390.     39420324.      4788398.     28846074.
   3882988.     21403026.      5182392.     14641356.      1394806.125
  10873159.     16792134.     39913208.     36993408.     19998674.
  19328588.     12904765.     19572362.      3859642.75   35481112.
  30654148.     10309860.     12156855.     10074861.     15838909.
   8085831.     17933432.     12285424.      4467145.5     1367854.
   3163635.5     3894490.25   11187213.      2819883.75 ]
[  3.09236340e+07   9.75659800e+06   3.76814160e+07   4.83521156e+05
   7.38367250e+06   1.93905388e+06   9.86766200e+06   1.25029248e+04
   9.99355500e+06   3.03625350e+06   2.86337360e+07   2.81845120e+07
   1.29871797e+05   4.30503850e+06   2.20546720e+07   8.67843600e+06
   3.22625775e+06   3.91820360e+07   1.38739470e+07   1.13533600e+07
   9.84538500e+05   2.22267980e+07   4.22787200e+06   2.17648520e+07
   5.70537562e+05   2.52661500e+07   4.71560300e+06   1.32236625e+06
   1.10489820e+07   5.22983945e+04   2.72350760e+07   1.10654000e+05
   5.50522600e+06   1.54053790e+07   1.05914990e+07   5.97824550e+06
   6.77303188e+05   8.58768000e+06   2.41339020e+07   1.84662320e+07
   1.52408600e+07   6.34107700e+06   2.79373075e+06   5.70948300e+06
   3.23745900e+07   2.16426380e+07   5.50586000e+05   3.71723040e+07
   2.20267540e+07   8.19091100e+06   2.48970940e+07   2.04410380e+07
   3.61828240e+07   1.88820040e+07   1.70654225e+06   1.95216460e+07
   9.24713100e+06   4.65614320e+07   4.73680950e+06   8.46405400e+06
   3.26668460e+07   1.09150420e+04   1.16585470e+07   4.03430560e+07]
[  3.34380050e+06   1.00520990e+07   3.79269067e+03   3.42919594e+05
   3.93138984e+04   8.30610547e+04   1.24839219e+05   4.71257750e+06
   8.88121250e+04   1.60187200e+06   5.75144650e+06   6.09457250e+05
   2.41839725e+06   1.61913112e+06   6.84271484e+04   5.27929000e+05
   3.37658525e+06   5.62747875e+05   1.36588950e+06   3.66407050e+06
   1.74457925e+06   1.05014219e+05   1.00406730e+07   1.07980900e+07
   9.78852700e+06   0.00000000e+00   7.89192812e+05   2.69963700e+06
   1.38306012e+06   6.89019800e+06   3.13538320e+04   7.70440750e+06
   9.30935250e+05   3.24582600e+06   2.14039225e+06   4.19655600e+06
   7.32589625e+05   1.76105560e+07   3.89023900e+06   1.83353691e+04
   6.32668600e+06   3.20486825e+06   4.12131975e+06   1.30433500e+07
   1.46190275e+06   2.57528594e+05   9.96668300e+06   5.10160898e+04
   3.04041500e+06   5.71974750e+05   1.81233062e+06   1.29603773e+05
   3.16606425e+06   1.78527775e+06   1.55686030e+07   1.00945260e+07
   1.44369450e+06   6.46636680e+04   1.99034562e+05   4.91913906e+05
   2.47548975e+06   1.47848770e+07   1.03628880e+07   3.81398675e+06
   1.70786780e+07   3.10709425e+06   1.23328380e+07   6.18166100e+06
   3.07920188e+05   1.38579775e+06   8.02123500e+06   1.05017300e+07
   1.95038250e+06   1.27150662e+06   0.00000000e+00   5.12005050e+06
   1.07245195e+05   5.55930300e+06   4.22310950e+06   7.91508203e+04
   4.30165508e+04   4.15181375e+06   2.92148775e+06   8.65142773e+03
   3.08106700e+06   6.41505500e+06   4.29508000e+06   5.29384814e+03
   5.30681800e+06   1.23300150e+06   6.62435400e+06   5.04239250e+06
   9.52264625e+05   4.79376100e+06   1.21260475e+06   6.44709200e+06
   3.83723047e+04   4.52266650e+06   1.33055612e+06   4.14839969e+05
   3.30491750e+06   9.53774688e+05   4.26889625e+05   2.02991475e+06
   9.87338086e+03   5.57593312e+05   4.10871562e+05   5.81109500e+05
   3.39419375e+06   2.62422688e+05   2.28114547e+05   6.14322750e+06
   4.33604375e+05   6.04828750e+06   6.94914450e+06   5.86329100e+06
   1.27098512e+06   8.81843812e+05   3.06626525e+06   1.08955725e+06
   2.13322350e+06   4.21767050e+06   4.35662812e+04   6.47529850e+06
   2.72578250e+06   6.24997266e+04   2.02449840e+07   3.05819067e+03]
[  4.75416900e+06   2.82233250e+06   1.07787602e+05   0.00000000e+00
   2.46391484e+04   3.54858650e+06   1.32795538e+06   1.23892775e+06
   1.36509320e+07   5.79520200e+06   8.51708500e+06   7.59409100e+06
   2.23972850e+06   4.57793125e+05   5.62435596e+03   2.14669250e+06
   2.11902225e+06   3.59303000e+06   3.39243500e+06   3.34425820e+04
   9.33337100e+06   3.24752050e+06   1.72335650e+06   1.81723219e+05
   4.52043781e+05   5.26124500e+05   1.38220875e+06   5.53470700e+06
   1.94356422e+05   6.24866100e+06   6.92073359e+04   1.29960690e+07
   4.17983925e+06   1.29830758e+05   2.33937950e+06   2.50181950e+06
   2.59144975e+06   1.11065670e+07   2.99799844e+05   8.48727422e+04
   1.30207138e+06   1.53742797e+05   3.05343066e+04   8.06612875e+05
   7.28246250e+05   8.84420200e+06   6.04844050e+06   5.01205700e+06
   3.74706200e+06   1.47740510e+07   2.05737650e+06   5.15937100e+06
   4.82120800e+06   1.35551875e+06   4.56069500e+05   5.60333625e+05
   4.62966550e+06   1.36777962e+06   5.36406311e+02   2.53869375e+06
   4.10963175e+06   5.22595850e+06   6.82339900e+06   3.92721850e+06
   6.22394875e+05   1.10756510e+07   3.94547062e+05   4.19703950e+06
   2.53087375e+06   7.49012250e+06   2.54509950e+06   1.32936240e+07
   9.89785700e+06   4.61787900e+06   1.75171120e+07   3.91508423e+03
   4.90480350e+06   1.25489238e+06   1.51829740e+07   3.46762750e+06
   3.24423475e+06   8.62450547e+04   9.27133600e+06   3.19894000e+06
   7.52868984e+04   6.78142450e+06   1.96859412e+06   2.51686075e+06
   1.71300609e+05   1.52924212e+06   1.35381047e+05   5.79151750e+06
   2.60474234e+05   1.08781570e+07   1.29219175e+06   3.14072525e+06
   4.91209000e+05   7.03008550e+06   1.53916650e+06   1.17326190e+07
   2.66892969e+05   4.25545625e+05   1.49514850e+07   1.31668652e+04
   1.52407953e+05   1.43869740e+07   2.91541175e+06   6.90446100e+06
   8.60890700e+06   5.41271050e+06   1.60883955e+04   4.63878900e+06
   5.66458000e+05   2.17053960e+07   4.16424575e+06   1.25264888e+06
   4.92227312e+05   4.33899000e+06   1.10577930e+05   4.41900859e+04
   1.32007250e+07   2.99265650e+06   1.36324551e+04   6.85015350e+06
   5.17673450e+06   2.17113725e+06   1.22214730e+07   7.43677400e+06]
[  0.00000000e+00   7.23646484e+03   1.16372088e+06   1.07681768e+04
   1.99004578e+02   5.78985291e+02   2.67298945e+04   1.11731255e+02
   2.81032300e+06   1.33029082e+04   1.33401184e+03   8.64738379e+03
   6.01589584e+01   1.06564078e+05   1.45501219e+05   1.27614727e+04
   2.50158125e+04   6.53666188e+05   6.34225781e+03   9.04859062e+04
   2.27564926e+02   1.17190049e+04   3.13735000e+05   7.75049023e+03
   1.14487656e+04   1.47981934e+03   2.24574425e+06   0.00000000e+00
   4.26715479e+03   2.01935000e+04   3.11485443e+02   9.45909119e+02
   4.76747513e+01   7.09180625e+05   7.48966172e+04   1.41782625e+06
   1.95031688e+06   1.16209570e+04   4.95195862e+02   2.73737793e+03
   4.91517676e+03   2.74952612e+03   1.81327559e+04   5.38052000e+05
   7.80648877e+03   1.84691455e+03   1.46447766e+03   1.05731339e+02
   1.89179531e+05   3.61150078e+04   6.96249609e+04   6.47236633e+02
   1.82166375e+06   3.26932875e+05   1.89558838e+02   9.36524766e+04
   5.44116750e+05   8.69488250e+05   6.62898877e+03   8.09329300e+01
   1.04533492e+05   6.70859844e+04   2.42986906e+05   1.43903391e+05
   6.22402649e+01   3.43041445e+04   2.24697241e+03   2.12739160e+03
   1.10381348e+04   2.58521000e+05   1.40137938e+06   2.32596650e+06
   0.00000000e+00   1.90882422e+04   3.76921661e+02   7.00713013e+02
   2.54607031e+04   5.57480438e+05   5.49521750e+05   1.10396516e+05
   9.94791641e+04   7.21761963e+03   1.86932949e+04   2.00162598e+03
   1.87093350e+06   2.71739850e+06   4.80099000e+05   1.47679650e+06
   1.23715930e+05   2.98461609e+02   1.49651191e+04   8.54148125e+04
   5.48898312e+05   1.45117910e+04   7.54463005e+00   1.23405684e+04
   6.54784229e+03   6.98871500e+05   4.64477588e+03   4.39391641e+04
   5.01255352e+04   1.42013154e+04   1.63303488e+06   1.28095695e+05
   4.27305420e+03   1.43015020e+04   1.58437227e+04   1.04312097e+03
   1.62275253e+02   2.58198188e+05   1.21643800e+06   1.73066855e+04
   1.99047756e+01   4.38425742e+04   1.99689277e+04   3.97942065e+03
   6.14197617e+01   4.48449316e+03   2.13924194e+03   2.44447900e+06
   4.22636211e+04   7.79825497e+00   2.11062656e+04   3.75999902e+03
   9.50634668e+03   1.00839462e+06   5.14296729e+03   0.00000000e+00
   9.14654938e+05   3.05064512e+04   2.60904766e+04   9.95797363e+03
   1.53371748e+04   1.63766175e+06   2.67162384e+02   5.06126123e+03
   3.19775450e+06   7.14558500e+05   2.87101250e+04   3.16260529e+01
   1.03624229e+04   9.96882385e+02   1.93541445e+04   9.45519812e+05
   1.86569751e+03   1.45885762e+06   8.71139258e+03   5.82695801e+03
   2.21729594e+05   7.25151733e+02   2.99516064e+03   6.90838525e+03
   1.15325828e+05   1.78875547e+05   1.00635444e+06   6.24043066e+03
   1.21340518e+04   2.12275547e+05   1.20930825e+06   3.00659219e+05
   2.64138580e+02   2.21529391e+05   1.10985475e+06   1.57650332e+04
   4.53818789e+04   2.92402100e+06   1.34584325e+06   2.75743406e+05
   1.03470836e+05   1.59789412e+06   1.67775050e+06   4.90828662e+03
   1.33232822e+04   4.65487375e+05   9.27272070e+03   3.45290078e+04
   1.48253262e+06   7.65411523e+03   2.52069000e+06   4.97403320e+04
   5.23586406e+05   1.28270625e+05   3.15244000e+05   1.38802344e+04
   7.37976172e+03   1.86605996e+04   1.32479547e+05   2.28589297e+04
   9.49861625e+05   3.34763203e+04   8.12649121e+03   2.37635800e+06
   9.85955200e+01   8.63282438e+05   1.79845184e+02   2.07599288e+06
   1.16024121e+04   5.23070438e+05   1.98582725e+06   9.40123312e+05
   7.75123718e+02   1.43832988e+06   1.39055275e+06   1.50608813e+03
   1.48002609e+05   1.24753198e+03   1.13121851e+03   1.80275898e+04
   1.59183240e+03   7.19789438e+05   5.22565938e+05   1.64767400e+06
   8.34528809e+03   3.20504570e+04   1.40752487e+02   4.25301289e+04
   3.89298022e+03   8.31682938e+05   5.43906602e+04   4.22776459e+02
   1.32028601e+03   3.96074609e+03   1.39434448e+03   2.93713750e+05
   7.41402438e+05   0.00000000e+00   1.09349426e+03   2.00007156e+05
   3.97224335e+02   6.43100062e+05   2.41803047e+04   1.05815956e+02
   1.17354250e+06   1.79727988e+04   1.02819606e+06   3.05162109e+02
   1.82594141e+03   8.23955469e+04   9.36569438e+05   3.06063940e+03
   7.96805062e+05   1.09782038e+06   3.24350952e+03   2.90558868e+02
   1.28175773e+05   3.10508223e+04   9.28350586e+03   8.55423242e+03
   4.26455469e+04   2.29049203e+05   1.82917539e+04   2.41178931e+03
   1.28187275e+04   5.14270325e+01   4.55332031e+03   4.61219500e+05]
[  2.17805975e+06   6.12258545e+03   1.77977698e+03   2.00374316e+03
   1.35306425e+06   1.57593238e+06   3.22360219e+05   2.05551416e+03
   3.31544609e+04   2.09794336e+03   5.74948828e+03   2.26065293e+04
   8.24003320e+03   5.95007734e+04   4.49917969e+03   6.49787939e+03
   5.56396484e+02   5.21019348e+02   1.45011938e+06   1.07800172e+05
   0.00000000e+00   2.43796600e+02   1.21736748e+02   3.39710500e+05
   1.91320206e+02   5.50906250e+03   0.00000000e+00   3.43261062e+05
   3.00039863e+04   4.63342438e+02   7.76317891e+04   1.73808691e+04
   6.93798535e+03   1.10000406e+05   6.48728613e+03   5.05992734e+04
   1.46384912e+04   1.37639282e+03   1.11493467e+04   5.98570645e-01
   1.60388984e+05   4.95215703e+04   1.36881934e+04   9.14195703e+03
   1.46568301e+04   3.15419551e+04   2.67479625e+05   4.37113242e+04
   1.70587922e+05   1.76940271e+03   3.84638164e+04   7.30708191e+02
   4.49697900e+03   2.65898906e+04   1.89361953e+05   2.50193062e+05
   1.14381914e+05   4.27463125e+05   4.08975664e+04   7.72904663e+02
   5.34957666e+03   1.42137125e+05   5.43725815e+01   2.16984528e+02
   0.00000000e+00   3.35123750e+04   2.34854281e+05   8.09891174e+02
   1.12889087e+03   6.72805938e+04   8.08879188e+05   3.15422974e+02
   4.67857734e+04   1.35226211e+04   3.24316113e+04   9.13301797e+04
   6.54925898e+04   3.85639453e+04   1.10376547e+05   4.15606719e+05
   4.27562500e+02   4.33930078e+03   3.40601082e+01   8.85328906e+04
   2.31665356e+03   5.96346758e+04   6.15772522e+02   1.42015186e+04
   1.53781338e+04   2.30272656e+04   1.74291641e+04   1.21595410e+04
   1.39638750e+05   4.14076531e+05   1.06603577e+03   1.27124557e+01
   1.24670734e+05   6.87979431e+01   2.17847871e+04   9.32391172e+04
   3.96880591e+03   4.05870547e+04   1.13807775e+06   2.72788330e+02
   1.92619495e+03   4.75897969e+04   8.59480000e+04   9.67238594e+04
   3.52050000e+04   1.65277062e+06   6.12025208e+02   9.48201938e+05
   1.45555527e+02   1.30984265e+03   1.09888936e+04   5.25346953e+04
   6.16704346e+03   1.35081172e+04   5.64692109e+04   9.67607734e+04
   2.17443105e+04   4.75638214e+02   1.03524453e+04   4.42100219e+05
   4.86290479e+03   5.26157471e+03   1.44580145e+01   3.65487695e+04
   1.06616724e+03   1.46184738e+06   4.39600078e+04   3.01055444e+03
   1.10804521e+04   1.41150150e+06   3.66749390e+03   3.09963477e+04
   7.60112578e+04   8.92146312e+05   3.66579370e+03   6.95751572e+01
   1.98810287e+02   2.87507812e+03   1.71131094e+04   1.28012180e+05
   1.42729795e+00   5.75062256e+03   2.49941919e+03   0.00000000e+00
   0.00000000e+00   1.55957019e+03   1.75876160e+03   3.59814355e+03
   8.65068438e+05   1.28668984e+05   4.30903625e+02   2.85101750e+05
   1.53920837e+03   9.27261658e+01   2.13946133e+04   1.22275800e+06
   5.76974487e+02   2.34890723e+03   1.14403064e+03   1.90224800e+01
   1.85462469e+05   0.00000000e+00   4.23571469e+05   1.03739707e+04
   2.57189609e+05   1.78896762e+06   2.45689423e+02   3.61792827e+00
   7.30614111e+03   4.51224688e+05   6.84195812e+05   2.77335034e+03
   2.09561484e+04   2.41036548e+03   3.09601289e+04   2.24474945e+02
   1.22528906e+04   1.06883613e+04   1.47399292e+02   4.59945547e+04
   9.05065918e+01   5.51709326e+03   8.37626562e+04   1.35912715e+04
   3.85323169e+03   3.33984314e+02   6.33181812e+05   4.30950635e+03
   3.90619293e+02   1.70904961e+04   6.87184062e+04   3.46841626e+03
   1.13154352e+05   3.25885117e+04   5.74754250e+05   1.24131569e+02
   1.26152351e+02   0.00000000e+00   6.08188938e+05   3.78294844e+04
   2.04379922e+04   3.49420654e+02   1.69204746e+04   1.34129425e+06
   1.60613031e+05   1.47541338e+06   3.40025330e+01   3.51768213e+03
   1.68505879e+04   5.34180312e+04   2.89643872e+03   1.94963625e+05
   2.76291312e+05   4.62602197e+03   3.39653906e+04   8.20436328e+03
   1.28441289e+04   2.18696738e+04   5.47904980e+03   2.56079175e+03
   1.67544250e+01   8.19510234e+04   1.66886625e+05   2.89565137e+03
   1.53735034e+03   1.23982067e+01   1.45990067e+02   1.51155625e+04
   1.29156258e+05   3.00788989e+03   1.19054538e+06   2.14901367e+04
   9.15806934e+03   1.18381362e+06   0.00000000e+00   2.99376678e+00
   2.87194629e+03   1.41458375e+05   4.50351067e+01   0.00000000e+00
   4.59797302e+02   4.15041138e+02   4.31402617e+04   3.37588770e+03
   4.54654094e+05   7.32197812e+04   4.97573008e+04   1.11922969e+05
   2.20898457e+04   8.79902375e+05   2.84150996e+04   1.78253809e+04]
[  2.80224812e+05   5.52762734e+04   1.42242847e+03   1.36148438e+03
   6.13728562e+05   8.29474805e+03   1.23330828e+05   2.67958477e+04
   1.01654651e+03   8.00976875e+05   1.07466006e+04   1.04240867e+05
   1.96010508e+04   2.90345972e+03   1.13090234e+04   1.26608728e+03
   3.12834911e+01   1.36521738e+04   5.93784332e+01   3.78122705e+03
   3.89737344e+04   9.34551016e+04   1.92644336e+04   9.07759180e+03
   4.46438293e+02   1.45046387e+04   5.72344238e+03   1.12457133e+05
   3.82777969e+04   3.38199531e+05   3.88132324e+02   3.79284648e+04
   4.94232773e+04   1.11655781e+05   5.00893750e+03   1.85788340e+04
   3.08827562e+05   1.30174738e+06   1.90028735e+03   1.37012150e+06
   3.87497101e+02   2.31766138e+03   2.34267261e+03   1.70107500e+05
   1.40560107e+04   2.28907285e+04   2.92793359e+03   8.64385078e+04
   3.07081094e+04   4.90457471e+03   1.28080445e+05   1.13403638e+06
   3.48320679e+02   9.90850449e+01   8.12778748e+02   6.18585449e+03
   9.64229492e+02   9.50698359e+04   1.37155318e+00   1.06157471e+04
   3.43850049e+03   5.86706641e+04   5.91982178e+03   9.61273730e+03
   3.10355527e+04   6.54802305e+04   1.89334258e+04   9.81112305e+03
   1.18947844e+05   6.53346094e+04   1.35385820e+04   4.72937305e+03
   2.55384609e+05   1.62763418e+04   4.58646375e+05   2.92194219e+05
   3.15946094e+05   4.18537109e+04   1.02393184e+04   2.05004907e+03
   2.40676587e+03   3.57933594e+02   7.49076172e+04   9.09355591e+02
   8.73765938e+04   8.05648682e+02   1.98168453e+05   1.24564124e+03
   4.37400780e+01   1.00397888e+03   4.94625763e+02   7.44296448e+02
   1.98354590e+04   1.01010150e+03   1.29261883e+05   1.16155811e+04
   6.91061462e+02   2.26974750e+05   4.99093625e+05   1.32054453e+05
   1.38915188e+05   9.01272578e+04   2.33462109e+03   1.06059448e+03
   5.24656953e+04   6.09514258e+03   3.09760094e+05   2.78239102e+04
   3.81656787e+03   4.83018750e+03   3.32478438e+04   7.25311084e+03
   1.92041387e+04   8.36588086e+03   3.47174683e+03   1.49976094e+05
   3.95876709e+03   7.04540547e+04   3.18924648e+04   5.17848906e+04
   1.42661728e+02   5.78717938e+05   6.77503906e+04   2.33585922e+05
   9.99539688e+04   2.42246973e+03   1.97149395e+04   4.59302979e+01
   8.29072510e+02   4.07504364e+02   3.51271484e+03   3.63708477e+04
   5.19042383e+03   4.90360010e+03   4.06314375e+04   1.33726484e+04
   1.04989209e+04   9.15934297e+04   2.57874277e+04   1.18433679e+03
   5.42636841e+02   6.39228164e+04   4.04631519e+03   7.53928906e+04
   3.56942305e+04   1.43907539e+04   2.29681504e+04   7.02396545e+01
   6.69829297e+04   1.53257334e+04   2.28245234e+04   1.08469531e+05
   1.66591907e+03   3.34726156e+05   8.79723206e+01   1.52022646e+04
   6.96377109e+04   2.28524668e+04   2.27823312e+05   9.22932678e+02
   1.88332532e+03   8.50878235e+02   1.36580586e+04   2.39779077e+03
   7.75814697e+03   1.30437471e+04   5.23356172e+04   2.55171906e+05
   2.04623730e+03   4.97271367e+04   4.48772095e+02   1.35075518e+04
   1.21521445e+04   5.75473633e+03   2.50084980e+04   1.35416455e+04
   8.98820625e+04   3.85920703e+03   1.51478609e+05   6.44490859e+04
   5.24589294e+02   8.49604844e+04   8.95235449e+03   1.97138438e+04
   5.89092383e+04   4.94863037e+02   1.94759578e+05   1.19750317e+03
   6.47156133e+04   7.14134000e+05   5.26729922e+04   5.39805420e+03
   1.50048853e+03   1.58088797e+05   3.17673492e+02   1.98461206e+03
   2.81686719e+04   1.87654883e+04   1.71774648e+04   7.27826797e+04
   1.17568584e+04   8.75685974e+02   4.45700391e+04   3.07704906e+05
   9.22967344e+04   1.78915112e+03   2.99160078e+04   1.26939941e+04
   2.56409016e+05   1.39187117e+01   1.50713940e+03   8.55161035e+03
   3.30333281e+04   2.54099277e+04   1.26424672e+05   5.43095779e+01
   2.96663672e+04   1.73010215e+04   4.72021484e+02   3.47634812e+05
   1.83759258e+04   1.17660732e+04   1.52542949e+04   1.59695879e+04
   2.35192129e+04   1.36971016e+01   2.23461288e+02   1.21936260e+04
   9.36799316e+03   5.60545195e+04   1.36547314e+04   3.84575977e+04
   2.68199878e+03   2.80110586e+04   1.07670450e+06   5.49503369e+03
   4.00311279e+03   6.59322803e+03   9.72316812e+05   1.35780742e+04
   2.66310010e+03   6.88158264e+02   6.92496436e+03   3.90602631e+02
   1.69065484e+05   5.34761625e+05   3.12755432e+01   5.77867584e+01
   1.73492469e+05   4.18426719e+04   2.47003841e+00   7.73869219e+04
   1.74539727e+04   2.24058911e+03   9.74520935e+02   2.82834204e+03]
[  4.73857361e+02   1.05777734e+04   3.54421133e+04   1.75289277e+04
   2.64474707e+03   3.89256836e+04   3.95959167e+02   1.43912439e+03
   3.09897919e+02   7.15195847e+01   6.90435234e+04   1.23994248e+04
   1.47825269e+03   3.64872314e+03   7.80014111e+03   1.03464087e+03
   1.31833232e+04   2.00082578e+04   2.03844766e+04   6.40977051e+03
   3.79987244e+02   9.49634922e+04   6.87033008e+03   1.63982080e+03
   7.86948359e+04   3.35876953e+04   7.61404766e+04   6.63192725e+03
   5.10159102e+04   8.41868652e+03   1.64036758e+04   1.27693945e+05
   1.30975439e+04   2.88438438e+04   3.26062598e+04   9.42017109e+04
   5.95239062e+04   6.02547852e+03   3.43915039e+02   2.77138125e+04
   1.34622498e+02   8.50375547e+04   5.34435391e+04   2.74859980e+04
   4.83663239e+02   1.01719609e+04   1.15589854e+04   3.26490605e+04
   0.00000000e+00   3.77862070e+04   1.40524281e+05   4.25729492e+03
   0.00000000e+00   2.58503340e+04   2.34698828e+04   7.91246240e+03
   6.29404488e+01   3.04032910e+03   1.30760034e+03   2.35315332e+03
   1.27569080e+03   1.25881156e+05   2.05180586e+04   1.72134277e+03
   6.93267383e+03   1.06197900e+04   1.93281982e+03   3.73617889e+02
   8.76246680e+03   1.15312292e+03   1.92856699e+04   3.65304688e+03
   6.78614922e+04   9.77299988e+02   3.41585236e+01   8.21461914e+02
   5.69300903e+02   1.58247623e+01   1.16943211e+05   3.27939492e+04
   1.26324638e+02   1.45904941e+04   2.22677871e+04   7.74943359e+04
   1.90527246e+03   0.00000000e+00   1.32970801e+03   8.34241882e+02
   6.43218047e+04   5.99010234e+04   1.26999746e+04   1.38298904e+02
   8.25671562e+04   1.63595850e+04   4.60940977e+04   3.46969219e+04
   1.81154082e+04   4.30947479e+02   2.61670840e+04   4.38336133e+04
   2.31403296e+03   3.07709778e+02   1.02889359e+05   5.24952930e+03
   1.84248809e+04   4.84511328e+04   2.22691431e+03   1.06123828e+05
   3.86904141e+04   1.79458374e+03   3.06127773e+04   9.80593445e+02
   2.77053066e+04   4.44700279e+01   4.52741797e+03   3.25254531e+04
   1.28900588e+00   5.55472344e+04   6.73970413e+01   4.49545000e+04
   7.91997498e+02   1.01780555e+05   2.15117949e+04   7.72494971e+03
   6.76123779e+03   3.62678086e+04   6.85437256e+03   2.71829727e+04
   3.49957188e+04   6.71291455e+03   2.75566742e+02   2.14681113e+04
   2.79596387e+04   6.27015234e+04   3.10938887e+04   1.00585571e+02
   1.18254648e+04   1.17540703e+02   1.20116321e+03   1.00863823e+02
   4.40465352e+04   1.92583887e+03   1.38403262e+04   6.57828064e+01
   4.40378809e+03   1.06128064e+03   2.62204932e+03   9.74339453e+03
   5.50901794e+02   1.27245596e+04   5.59902930e+04   7.14480127e+03
   2.80865265e+02   4.49608301e+03   3.66094910e+02   0.00000000e+00
   3.92386200e+02   1.23561353e+03   7.58925049e+02   7.09033594e+04
   9.01478613e+03   4.97906250e+03   2.19650117e+04   1.33053379e+01
   3.81752812e+04   3.73485413e+02   7.19189375e+04   5.96589966e+02
   6.68303828e+04   7.72902812e+04   1.88827710e+03   8.96998438e+03
   1.52387949e+04   4.54460938e+02   1.01115352e+05   4.54191680e+04
   4.24103281e+04   2.49833008e+03   1.17209756e+04   3.99678125e+03
   3.75826797e+04   7.27799316e+02   1.04539668e+04   2.67770801e+04
   6.05891602e+03   5.93131797e+04   4.64533203e+04   1.16505625e+04
   2.35648926e+03   2.10308618e+03   1.74542834e+03   1.62637197e+04
   2.08108398e+04   1.42610469e+05   1.29161445e+05   5.36714805e+04
   1.39017568e+04   3.21291016e+04   1.00356641e+04   1.46748706e+03
   1.05545805e+05   1.32210967e+04   3.02000702e+02   9.44359531e+04
   1.15577234e+05   1.08446426e+02   4.66020391e+04   1.95876211e+04
   5.51176331e+02   7.37594681e+01   2.74979810e+03   5.45207825e+02
   2.89211792e+02   5.29984863e+02   3.91945898e+04   5.56148535e+03
   4.17249707e+03   2.18480742e+04   2.11162871e+04   3.41546094e+04
   1.53818018e+04   8.15985781e+04   7.34556824e+02   0.00000000e+00
   3.00790000e+04   3.02506592e+03   1.81701331e+03   3.19115639e+00
   1.09495605e+03   4.09546167e+03   3.75536926e+02   9.20801163e+01
   4.31069375e+04   3.50996484e+04   1.06459148e+05   1.94844348e+03
   5.12612461e+04   6.44585596e+03   1.78289355e+04   8.02508301e+03
   8.06254980e+03   4.78144336e+04   1.54432256e+04   8.52241172e+04
   9.12415527e+02   1.17081945e+05   2.31685508e+04   9.87080078e+01
   7.44388770e+03   2.85238691e+04   2.52274551e+04   9.27850469e+04
   5.08072510e+03   1.56026734e+05   4.69329727e+04   6.58027969e+04
   8.73551016e+04   8.13617981e+02   1.21974319e+02   5.29431016e+04
   5.00322773e+04   3.53791626e+02   1.39272197e+04   3.34802026e+03
   9.04638062e+01   1.81663320e+04   2.94783472e+03   1.04830016e+05
   4.09354648e+04   1.01813916e+03   1.45605688e+01   1.30333411e+03
   6.78803760e+03   5.48616064e+03   1.21707250e+05   3.29670039e+04
   0.00000000e+00   1.12643272e+02   8.42577031e+04   1.00542510e+04
   3.90713692e+01   8.08503113e+02   1.39898613e+04   9.81870703e+04
   1.47943787e+03   5.71005078e+03   1.72042068e+02   2.04752124e+03
   1.93551819e+03   6.22841748e+03   1.45674150e+04   1.00519531e+04
   1.01618008e+05   3.95147969e+04   4.26719531e+04   6.93216125e+02
   1.79160507e+02   1.65349030e+02   4.81666758e+04   3.54404766e+04
   5.84261246e+01   4.07234937e+03   3.00808691e+04   1.19603235e+03
   7.56971619e+02   5.34086953e+04   5.72913281e+03   2.39979340e+02
   7.97888047e+04   2.03118927e+02   3.94300995e+02   7.90275439e+03
   4.58449829e+02   2.28246851e+03   7.01619844e+04   8.93337969e+04
   1.01365379e+02   5.32645547e+04   8.45301074e+03   5.72089746e+03
   5.92771118e+02   5.89463184e+03   9.17625469e+04   4.09117383e+03
   1.14734727e+05   8.77824297e+04   1.27439586e+05   6.09925430e+04
   2.65978047e+04   6.94373169e+02   2.75457793e+04   2.22983418e+04
   7.76936250e+04   1.20330896e+03   5.97523010e+02   3.22973867e+04
   2.35033890e+02   8.16932500e+04   5.18604785e+03   1.80132012e+04
   8.74598750e+04   2.54584424e+03   1.17606270e+04   7.63427963e+01
   1.78130981e+03   1.86733125e+04   3.34064375e+04   7.61123413e+02
   4.30388721e+03   8.49000916e+02   1.39900635e+04   9.61532471e+02
   1.17379932e+03   5.33637422e+04   8.69449316e+03   2.65679736e+03
   1.24944539e+05   2.98371094e+03   4.51633984e+04   3.79960469e+04
   5.62808984e+04   4.36462930e+04   2.97812805e+02   2.59458276e+03
   2.28681758e+04   1.05585400e+03   7.12027812e+04   6.61872803e+03
   6.42912773e+04   5.34896826e+03   4.30875439e+03   4.99522949e+03
   3.87532930e+04   4.18572607e+03   6.37326602e+04   3.84308081e+03
   1.80942993e+03   6.07995410e+03   1.13893542e+03   2.72419098e+02
   3.27780898e+04   2.14089355e+04   1.63291382e+02   3.56835195e+04
   5.45951611e+03   5.55059375e+03   3.12192676e+03   6.09460498e+03
   1.80631848e+03   2.59557495e+02   2.23046777e+03   2.75230316e+02
   7.83775146e+03   7.65961865e+03   1.99953906e+04   9.90346797e+04
   1.97048108e+03   1.73861682e+03   1.71042358e+03   1.90403418e+03
   1.16906776e+02   1.38635098e+04   2.51717109e+04   4.51226250e+04
   3.86090547e+04   5.39025244e+03   8.39686621e+03   2.67581024e+02
   2.99088802e+01   6.70380630e+01   1.17455732e+04   1.78311934e+04
   4.15871045e+03   4.00733887e+02   1.85939141e+04   2.23920469e+04
   3.51643140e+03   3.51825117e+04   3.87754844e+04   1.52378262e+04
   4.95642627e+03   1.18751270e+04   5.83360254e+03   6.88089688e+04
   1.37633641e+05   8.04976953e+03   3.59036562e+04   1.72100146e+03
   1.05767875e+05   2.68151758e+03   1.09147339e+03   1.69592246e+04
   5.88354922e+04   7.42562422e+04   1.81730918e+04   3.67208228e+03
   1.97910080e+02   3.51221802e+02   1.63606270e+04   8.92222168e+03
   9.79764844e+03   3.68987769e+03   1.54908652e+04   2.21935844e+01
   0.00000000e+00   4.08131406e+04   3.50367065e+02   5.80167529e+03
   1.33827461e+04   7.55844297e+04   3.20747998e+03   1.22356414e+05
   8.57224316e+03   0.00000000e+00   4.95671289e+03   1.82261353e+01
   2.07994385e+03   1.74866680e+04   6.98276291e+01   3.81469092e+03
   5.36951233e+02   9.72232520e+03   4.07857971e+02   3.96427905e+03
   3.33849961e+04   6.12333320e+04   3.01354468e+03   2.82958889e+01
   2.50643408e+03   6.02740137e+03   5.83538742e+01   1.32700610e+03
   1.47987412e+04   4.00563873e+02   1.38389844e+03   1.59431494e+03
   1.43033965e+04   5.30549951e+03   3.64820938e+04   0.00000000e+00
   6.66979736e+02   3.02906250e+03   5.45249258e+04   1.82287852e+04
   6.21172969e+04   3.81847076e+01   2.02042017e+03   1.21598482e+00
   2.00911914e+04   7.87854614e+02   1.01778359e+05   7.91631165e+02
   9.86952930e+03   3.25372284e+02   3.13826562e+03   6.23117139e+03
   3.84125684e+03   1.12708141e+05   5.86367432e+02   4.42013750e+04
   1.28146846e+04   7.97676697e+01   1.31837997e+02   2.98303535e+04
   4.65530518e+03   6.09008281e+04   4.43031543e+03   4.35483795e+02
   3.32234961e+04   1.96239365e+02   6.22333008e+02   1.45002141e+05]
[  5.42594238e+03   1.05767070e+04   1.80871558e+03   3.18642502e+01
   2.57553066e+04   1.65456676e+01   3.01932617e+04   3.11242910e+04
   4.13899766e+04   4.33209198e+02   8.53641724e+02   6.89554980e+03
   9.68022461e+01   6.60615938e+04   1.08264990e+04   4.10554276e+01
   9.94953857e+02   4.87951172e+03   1.12738098e+03   1.52359973e+03
   4.01272290e+03   3.31610278e+03   2.31901758e+03   3.70955933e+02
   3.46722137e+02   1.66510840e+04   1.67605664e+03   1.32968896e+04
   8.55684863e+03   5.86782288e+02   1.44891815e+02   2.78633911e+02
   2.42100562e+03   1.76305294e+01   5.31765503e+02   9.84987305e+02
   1.09053674e+03   8.59719696e+01   1.95200762e+04   1.21534814e+03
   1.69417227e+04   5.70429004e+03   8.78499603e+01   3.24951562e+04
   4.26591748e+03   6.25084595e+02   5.83018750e+03   9.53088013e+02
   6.74366943e+02   1.11934265e+03   4.61358429e+02   1.63016949e+01
   0.00000000e+00   1.93669609e+04   1.22169702e+03   1.01711243e+03
   7.08758203e+03   5.36965637e+02   4.50386932e+02   2.10053940e+01
   2.35259485e+00   1.15139124e+03   1.87187698e+02   1.17588782e+03
   1.30121521e+03   2.74788696e+02   7.63858496e+03   2.40561304e+03
   8.48582188e+04   2.10001022e+02   7.43205185e+01   2.69343711e+04
   2.34293699e+00   1.92053394e+03   4.62799609e+03   4.75564990e+03
   7.01848269e-01   8.90063965e+03   1.97848926e+03   7.08383545e+02
   1.57638367e+03   8.67222422e+04   3.68762031e+04   1.88875430e+04
   3.79752637e+03   9.11023254e+01   1.84134336e+04   1.07028223e+03
   8.63852539e+02   8.22080811e+02   2.32542578e+04   6.83772217e+03
   4.38393066e+03   4.36370552e-01   1.32382881e+04   3.64371300e+01
   1.05463562e+03   2.29930059e+04   5.69390918e+03   1.09163262e+04
   1.90585266e+03   8.45785352e+03   1.60769910e+03   1.34545097e+01
   6.59775757e+02   3.33874756e+03   1.07295234e+04   7.87914429e+01
   5.09388750e+04   7.12735938e+04   3.10736890e+03   8.33546204e+02
   1.04709119e+03   4.66687549e+03   8.05216328e+04   1.82738867e+03
   2.05817139e+03   2.48819238e+03   8.87452316e+01   1.06748608e+03
   2.36112015e+02   1.24957676e+04   1.87909656e+03   3.70858765e+00
   4.47506758e+04   1.04661108e+03   3.79382837e+03   3.18449799e+02
   2.95158157e+01   1.96501680e+04   7.63585806e+00   8.28415222e+02
   3.54667938e+02   1.12524365e+04   2.06541855e+04   3.16266289e+01
   2.53267059e+02   5.29291382e+02   1.55958027e+04   1.67862141e+00
   4.69634171e+01   7.27383240e+02   1.96774199e+04   6.62520905e+01
   9.35464453e+03   2.80211328e+03   2.52577734e+04   3.55833320e+04
   3.26396729e+03   2.35767993e+03   6.56583828e+04   6.74426953e+03
   2.31515234e+04   9.03577148e+02   2.08869186e+02   6.12504180e+04
   6.27172510e+03   3.35502734e+04   3.23563623e+03   4.55781982e+03
   9.91657031e+03   5.69333496e+03   0.00000000e+00   1.66710403e+02
   4.68343555e+04   3.49520288e+03   9.27233828e+04   1.28163025e+02
   1.21282695e+04   1.46920078e+04   4.05890686e+02   7.02131934e+03
   4.17684961e+04   1.37623184e+04   5.68001795e+00   3.50894287e+03
   3.17510474e+03   2.83716406e+03   1.21587244e+03   3.15542798e+03
   5.18364922e+04   2.15371289e+03   6.35763916e+02   0.00000000e+00
   9.19143750e+03   6.67168438e+04   2.16254730e+01   9.98000793e+02
   2.44903931e+03   3.78848125e+04   1.17790381e+03   1.78190454e+03
   2.17153797e+01   4.23409141e+04   7.18837158e+03   8.19338965e+03
   5.93639343e+02   3.09882578e+04   6.33676392e+02   6.30956133e+04
   1.57926699e+04   3.75461456e+02   2.66678095e+00   5.44602295e+02
   1.59545986e+04   1.34146460e+03   1.67595001e+02   3.49686035e+03
   1.77039841e+02   5.98329150e+03   3.63941870e+03   4.24027466e+02
   6.04501709e+03   1.06668975e+04   2.40643145e+04   6.42456094e+04
   9.54787109e+03   4.09622223e+02   1.47848221e+02   2.90944473e+04
   2.94822388e+03   7.18524399e+01   5.43562744e+03   2.92826141e+02
   7.71441504e+03   2.25897770e+01   1.02906143e+04   5.47001836e+04
   3.04977148e+03   2.66815771e+03   5.05268320e+04   6.45240112e+02
   2.06514999e+02   2.12920566e+04   6.47268629e+00   1.28355117e+05
   7.91008281e+04   1.31983291e+04   3.56064667e+02   2.38868469e+02
   3.62151367e+03   3.56756763e+03   4.38202832e+03   5.38706494e+03
   1.02196738e+04   9.92414062e+03   0.00000000e+00   3.45803242e+04
   3.11698639e+02   2.51398758e+02   1.02086719e+03   3.56665764e+01
   1.90331309e+04   3.94498291e+01   1.12854744e+02   4.71086853e+02
   3.47892822e+02   1.60455627e+03   4.83748047e+03   4.17388398e+04
   6.82286914e+03   1.96513831e+03   1.08540881e+03   1.53836890e+03
   8.31253967e+02   1.64473066e+04   3.10812408e+02   3.58803242e+04
   6.32720801e+03   1.28194043e+04   4.29821594e+02   8.34512390e+02
   9.05153137e+02   1.59605026e+02   1.02426453e+01   7.79475927e+00
   6.44661475e+03   0.00000000e+00   2.88278174e+03   1.19524854e+04
   4.55698145e+03   2.50901901e+02   3.37481172e+04   0.00000000e+00
   1.86177082e+01   3.97443994e+03   1.54856644e+01   2.54212637e+04
   5.52988892e+02   2.14320264e+03   2.70831818e+02   8.42406055e+03
   1.12498898e+05   1.77990664e+04   4.68539307e+03   8.36931348e+03
   3.00554160e+04   1.52335400e+03   3.41317780e+02   1.73791479e+03
   2.79721279e+01   4.33733887e+03   2.83195801e+04   4.14877206e-01
   1.02511641e+04   1.19005908e+04   1.20852405e+03   1.26981031e+05
   1.40866455e+02   1.05604907e+03   2.68246765e+02   4.23550244e+03
   2.26602578e+04   1.26259941e+02   4.86039795e+03   8.58811111e+01
   9.13913359e+04   1.29209223e+01   1.09123055e+02   9.36371277e+02
   1.23126135e+03   4.32281592e+03   1.17884873e+04   2.79243477e+04
   9.44698047e+04   8.16010620e+02   3.54721655e+03   2.46149141e+04
   1.52919324e+03   2.73812866e+01   6.57850234e+04   7.12491211e+03
   3.12836189e+01   1.22487217e+04   2.26523477e+04   1.79292664e+03
   1.61554730e+00   6.86817871e+03   3.81394684e+02   3.79795502e+02
   2.36276250e+04   2.46831426e+04   3.13342896e+03   3.99894570e+04
   5.16137810e+01   3.41541626e+03   4.25045020e+03   4.45851914e+04
   7.62369062e+04   1.43826807e+03   4.60094818e+02   4.63112256e+03
   7.80003967e+02   3.34277563e+03   8.31327109e+04   5.30707500e+04
   2.57719019e+03   2.90953461e+02   5.86499854e+03   1.31914902e+02
   2.00765906e+03   2.18776147e+03   3.12145758e+00   3.19773102e+02
   1.41767725e+04   6.21914336e+04   9.76207031e+02   1.13006816e+04
   2.75090210e+02   5.49992383e+04   8.90475559e+00   3.69451660e+03
   4.47633789e+03   1.03215633e+05   1.19829663e+03   5.61997168e+03
   2.08455170e+02   1.02516931e+03   6.62036768e+03   9.49190332e+03
   2.05929766e+04   2.49476270e+03   4.30819626e+01   1.80585437e+03
   4.17022644e+02   1.85645762e+04   3.92100312e+04   9.95820996e+03
   8.79441797e+04   8.66004883e+03   1.88788815e+01   6.59707489e+01
   1.97667949e+04   1.52880156e+04   1.72314734e+03   5.96205811e+03
   4.97818896e+03   7.10025482e+01   6.92034241e+02   2.68371265e+03
   7.90989304e+01   3.65616357e+03   2.29052461e+04   1.23648350e+04
   3.18582739e+03   4.97548447e+01   7.56115625e+04   1.08142676e+03
   1.54746504e+04   5.03544464e+01   1.76487354e+03   3.85393066e+02
   4.37010400e+03   1.21979980e+04   1.01246864e+02   3.98907542e+00
   6.92055725e+02   2.72000781e+03   9.20882422e+03   3.17249817e+02
   2.52712476e+03   1.62686328e+03   1.07658813e+03   5.90428955e+03
   1.95201794e+03   3.98896016e+04   7.23187866e+02   5.64268017e+00
   3.26603198e+03   3.82203186e+02   5.84524316e+03   3.01551582e+04
   1.87442065e+03   3.14214111e+02   1.68834387e+03   3.99971362e+03
   1.53595996e+03   1.06594128e+03   5.11662578e+04   1.43586260e+04
   6.88848438e+03   1.86748694e+03   3.20012109e+03   7.35656104e+03
   7.05338135e+01   5.87134155e+02   1.00238506e+04   5.75687561e+02
   6.16966125e+02   4.01691284e+02   0.00000000e+00   1.22639246e+03
   2.69198835e-01   0.00000000e+00   3.30291836e+04   2.16761374e+00
   0.00000000e+00   1.05880640e+03   0.00000000e+00   8.08859131e+02
   5.07351123e+03   3.54414941e+03   7.08777197e+03   1.96538123e+03
   7.18355781e+04   2.42173125e+04   1.48707092e+03   5.95352148e+03
   2.22212738e+02   4.15695469e+04   2.94920195e+04   1.35416702e+02
   7.31854187e+02   6.55472260e+01   1.30747717e+03   1.77834512e+04
   5.03994385e+03   1.37294022e+02   4.75211548e+02   5.77585220e+00
   1.44436826e+04   1.08966572e+04   1.44338110e+03   7.31451660e+02
   2.81021149e+02   6.31273926e+02   5.96532695e+04   1.63311124e+00
   2.40185913e+03   1.55721100e+02   1.22834961e+05   4.10311719e+03
   5.86082642e+02   1.69247546e+03   1.09926701e+01   5.35202490e+03
   3.69405029e+02   2.53597687e+02   1.18005139e+03   3.96124536e+03
   4.75696338e+03   3.91251099e+03   1.19108414e+02   3.17855286e+02
   3.75006494e+03   9.90046016e+04   1.69436066e+02   9.73148254e+02
   0.00000000e+00   2.11802422e+04   8.58052539e+03   9.45938574e+03]
[  1.30095245e+02   1.11968662e+04   1.56476086e+03   2.05493018e+03
   3.63065894e+03   3.00157930e+04   4.30372223e+02   1.73390312e+04
   5.39588330e+03   3.46438125e+04   2.47300098e+03   2.46101227e+02
   6.03896191e+03   2.93062949e+04   6.54206250e+03   8.04195618e+02
   3.24938647e+03   3.57336841e+03   5.34635977e+04   5.06333099e+02
   6.27317095e+00   7.36944434e+03   2.27877655e+02   1.52776086e+03
   1.61752109e+04   7.47528152e+01   1.13720967e+04   4.42633934e+01
   7.84421570e+02   5.63335547e+03   5.25718164e+03   4.65321582e+03
   1.01525732e+04   0.00000000e+00   6.23882080e+03   2.28763641e+02
   1.30825330e+03   7.19088516e+04   1.07669210e+00   7.23598730e+03
   6.67555225e+03   1.81069977e+02   6.00900650e+00   3.71808868e+02
   1.80978496e+04   3.18247009e+02   4.46656885e+03   2.12830176e+04
   1.05565735e+03   1.37423538e+02   1.07964807e+03   3.54035675e+02
   1.67772415e+02   2.73263418e+04   1.01293672e+04   2.45576523e+04
   1.33766589e+03   7.21222168e+03   4.37392197e+01   3.60555469e+03
   2.77806372e+03   1.51762231e+03   1.47652747e+03   2.99064819e+02
   4.49218701e+03   1.18325195e+03   3.30588806e+02   2.02318741e+02
   5.27020325e+02   3.09002800e+01   9.82935730e+02   2.17070996e+04
   1.61849609e+04   3.25482758e+02   1.66551738e+04   8.66633377e+01
   6.32662888e+01   1.82528915e+02   5.35934387e+02   1.48537852e+04
   9.28544250e+02   6.00143867e+04   2.38628867e+04   2.04294160e+04
   8.01126094e+04   4.49474152e+02   4.79904395e+03   1.58723789e+04
   1.15782510e+04   4.21618984e+04   2.02437725e+01   2.98893921e+03
   4.04238647e+02   1.69473672e+04   2.00797900e+03   2.34741934e+04
   3.11036484e+04   2.73781681e+00   1.42130381e+04   1.93214648e+03
   4.87973442e+01   1.63150745e+03   2.14299805e+02   9.16990234e+03
   4.07673836e+00   1.42964239e+01   1.42110583e+03   1.73141191e+04
   1.86091347e+01   2.61006699e+04   6.45482727e+02   5.93687539e+04
   8.11149023e+03   6.15610619e+01   9.88087463e+01   1.32534167e+03
   8.10365784e+02   3.11991660e+04   1.33075366e+03   1.19637253e+02
   3.41361928e+00   1.56950610e+03   1.15503857e+04   3.14455627e+02
   4.54172394e+02   1.17355947e+04   5.61899414e+02   5.72932777e+01
   7.24057007e+02   2.72678864e+02   2.22474316e+04   1.57642920e+03
   1.58279419e+02   4.46572754e+03   2.02395020e+03   1.15842617e+04
   2.78159746e+04   0.00000000e+00   6.96588211e+01   3.82334198e+02
   1.47771090e-02   9.48177948e+01   1.06336938e+03   4.16145569e+02
   9.34809570e+01   6.47905566e+03   3.06787158e+03   4.44488674e-02
   1.29112476e+03   5.64737578e+04   9.63567963e+01   2.14825415e+03
   9.73103394e+02   3.91180811e+03   6.67291931e+02   2.10715977e+04
   4.19592628e+01   5.30350037e+02   6.22793091e+02   1.32119189e+04
   5.47746277e+02   3.21424377e+02   6.44743652e+02   3.60307732e+01
   5.42905117e+04   8.62739639e+01   2.04528915e+02   1.00656146e+03
   9.48115527e+03   1.89227871e+04   3.52646542e+00   7.76787796e+01
   7.36165527e+03   5.43066223e+02   8.00426865e+01   6.28208350e+03
   4.63443867e+04   1.02889221e+03   3.98375586e+04   4.40059570e+03
   2.70967812e+04   3.57660938e+04   2.69557037e+01   4.98840234e+03
   1.87799841e+03   0.00000000e+00   7.81980420e+03   5.02008594e+03
   3.95095863e+01   9.76044983e+02   4.52737183e+02   3.67189545e+02
   3.24506982e+03   1.21406621e+04   1.04420081e+03   1.63390498e+04
   2.43990723e+03   6.79135010e+02   2.90506104e+02   5.12312842e+03
   6.34440820e+03   1.00309943e+03   6.82205688e+02   0.00000000e+00
   7.83512305e+03   7.08680481e+02   4.58137744e+03   1.76553259e+03
   9.49966504e+03   5.27614883e+04   3.17801270e+02   2.02603687e+03
   6.79961182e+03   1.88062012e+03   3.34439774e+01   1.49872549e+04
   8.51202812e+04   2.91265350e+02   7.40318054e+02   9.02288965e+03
   2.01011797e+04   5.18717346e+02   1.07179337e+02   1.44036047e+03
   4.37155182e+02   8.39485245e+01   9.12394226e+02   1.06365875e+02
   7.92269531e+02   5.33393860e+02   2.14561249e+02   2.21452286e+02
   1.07868640e+03   7.49998016e+01   6.54340820e+01   1.74943222e+02
   2.79066620e+02   3.48991577e+02   1.09948389e+03   6.96454544e+01
   2.75296841e+01   1.25530663e+02   1.36692859e+03   2.27936816e+04
   3.30166914e+04   1.22074668e+04   1.39885880e+02   4.09452832e+03
   4.43347397e+01   3.16824982e+02   4.41403748e+02   1.28139069e+02
   1.03392803e+04   2.06256641e+03   9.67631531e+00   6.58532944e+01
   6.31183594e+03   1.07628624e+02   1.09538367e+03   8.85577545e+01
   1.11620435e+03   2.85561597e+03   7.69059448e+02   4.42257309e+01
   4.00059102e+04   2.67326123e+03   2.87593926e+04   1.09178887e+04
   3.11720605e+03   1.19672117e+01   1.69047882e+02   2.77900122e+03
   5.59746399e+02   1.17588005e+02   3.18912617e+04   6.42789917e+02
   1.10451904e+03   1.01705438e+03   7.93924023e+03   6.56074756e+03
   4.17648315e+02   2.14516632e+02   1.64819263e+03   8.64391641e+04
   1.64997095e+03   3.47696118e+03   1.01845322e+04   1.87043396e+02
   2.58668854e+02   1.87736289e+04   8.33550354e+02   1.34474878e+03
   1.47973213e+04   3.08181274e+03   1.72359924e+02   1.05155896e+03
   7.84187500e+02   1.77807739e+03   5.81457422e+03   4.30533791e+01
   3.57719307e+01   9.25269409e+02   1.21085146e+04   4.63127869e+02
   1.97180391e+04   6.36908047e+04   9.19370728e+02   1.01495685e+03
   1.31920496e+03   3.17639307e+03   2.79346251e+00   7.58319678e+03
   4.80300617e+00   6.52869141e+03   2.07327686e+03   1.96287754e+04
   1.10962488e+03   9.54244043e+03   3.60427612e+02   1.16466621e+04
   1.70103262e+04   3.92678594e+04   1.99801160e+03   1.80732812e+04
   2.09957138e+02   1.16690112e+03   2.35709106e+03   1.69458606e+03
   2.04713123e+03   5.06162415e+02   9.03640625e+03   5.22050000e+03
   2.62445211e+00   5.11980615e+03   1.10872177e+02   1.04665405e+03
   1.87689011e+02   2.27767598e+04   1.15920764e+03   4.08697578e+04
   5.16876250e+04   2.56117749e+03   9.39360657e+01   4.32681458e+02
   2.17279091e+01   3.35975311e+02   4.72918320e+04   1.63118317e+02
   5.87244385e+03   6.43605615e+03   3.48976123e+03   4.73698750e+04
   8.44766907e+02   2.67004224e+03   6.88138672e+02   1.70940735e+02
   1.33290498e+04   2.77519580e+03   1.49864336e+04   1.81080894e+01
   7.04198438e+04   5.62010193e+02   3.25575410e+04   5.18993225e+02
   1.66007910e+04   2.10259323e+02   8.71845551e+01   6.71888135e+03
   2.62294739e+02   3.83262964e+03   8.01500977e+02   8.53130371e+02
   1.86940674e+02   1.08407490e+04   7.23722412e+02   9.90950156e+04
   2.14170664e+04   1.77277063e+03   6.26229395e+03   3.83594531e+03
   6.87033264e+02   1.56122781e+05   1.13758135e+04   5.88599976e+02
   5.34084229e+02   8.12284131e+03   2.69451935e+02   8.07345200e+00
   2.23576196e+03   9.04765930e+02   5.58960430e+04   2.34982593e+03
   2.60749756e+03   4.49107383e+04   6.34382695e+04   3.38758728e+02
   1.19479820e+02   1.88214609e+04   4.53041504e+03   7.89420459e+03
   2.08647659e+02   1.67459043e+04   4.29654932e+03   3.97775220e+03
   1.24564571e+01   4.66956836e+04   1.39713089e+02   6.45362854e+02
   1.03582141e+03   2.09366138e+03   2.10572388e+03   1.51014531e+04
   1.16401914e+04   2.84869971e+03   1.58463586e+03   1.05072582e+00
   4.57514746e+03   2.32763550e+02   0.00000000e+00   2.85703400e+02
   4.45467010e+02   1.76973770e+04   9.74334473e+03   1.48447876e+01
   4.32512604e+02   3.73310620e+03   1.52281750e+03   4.81422081e+01
   2.84059937e+03   8.43524023e+03   5.80482969e+04   2.64891541e+02
   1.55627188e+04   3.29015015e+02   1.29868484e+02   3.08797455e+02
   2.54936584e+02   1.50779819e+01   2.15079531e+04   1.84811783e+01
   5.99440269e+01   1.21105148e+02   5.49547791e+02   1.01824541e+01
   4.79143600e+01   1.76362441e+04   1.25010205e+03   3.42776123e+02
   1.55418298e+03   3.96127812e+04   3.47396881e+02   7.22243347e+02
   2.24506226e+02   1.39985672e+05   3.22396699e+04   8.21188927e+00
   9.41494434e+03   6.94488330e+03   2.82172246e+04   1.88883125e+04
   3.67800664e+04   8.10899414e+03   1.24844688e+04   4.47023529e+02
   1.45368232e+04   4.77166406e+03   5.31932922e+02   5.06875244e+02
   3.11053070e+02   5.01080231e+02   1.69926523e+04   1.58971406e+04
   1.66679414e+04   1.52564482e+04   1.48484375e+03   3.73762054e+02
   1.00927393e+03   7.56197693e+02   8.37283447e+02   2.63111191e+04
   4.22677783e+03   1.10561729e+02   8.79963281e+03   1.03160767e+02
   1.13498440e+01   1.50322127e+00   4.36840332e+03   1.01693549e+03
   3.52397998e+03   3.08316821e+03   2.58208574e+04   2.87388828e+04
   1.57239678e+04   2.96087964e+03   2.07437393e+02   1.88534583e+03
   2.55398999e+03   1.77471985e+02   2.74669604e+03   9.35236133e+03
   1.74417500e+04   3.19105859e+04   1.14732780e+01   1.96822852e+03
   2.25366348e+04   1.97274531e+04   2.70458069e+02   2.35979576e+01
   1.78681372e+03   1.29967209e+02   4.88664742e+01   1.22343828e+04]
[  2.00694962e+02   1.42537558e+00   0.00000000e+00   4.95713623e+03
   1.92524521e+02   4.62683487e+01   6.01453185e-01   1.91352253e+01
   4.30285278e+02   3.12410370e+02   3.47195930e+01   5.70574951e+02
   1.08461256e+01   1.52620888e+01   2.57429504e+01   0.00000000e+00
   0.00000000e+00   3.21322235e+02   0.00000000e+00   0.00000000e+00
   1.57614258e+02   1.51645840e+04   3.84696362e+03   2.42880692e+02
   5.72090435e+00   0.00000000e+00   4.12404835e-02   1.45796899e+03
   9.81504898e+01   1.40027441e+03   5.36280713e+03   2.34290176e+02
   1.09265698e+03   1.62823273e+02   4.28056329e-01   2.67413550e+03
   1.21833582e+01   9.93325879e+03   9.90390564e+02   1.87788721e+03
   8.39992773e+03   5.41765633e+01   2.52858960e+03   1.47589893e+03
   3.14210739e+01   2.77526408e-01   1.46411084e+03   2.49833572e+02
   2.20956783e+01   1.02067299e+01   3.16371117e+01   2.60139380e+03
   0.00000000e+00   6.09690552e+01   2.57221527e+02   7.01856995e+01
   5.27805811e+03   9.88800354e+01   0.00000000e+00   6.80829651e+02
   3.41806946e+02   1.10899677e+01   2.00911541e+01   8.61901428e+02
   8.79127731e+01   2.08393848e+03   3.40213623e+01   0.00000000e+00
   2.76975159e+02   4.18399963e+02   8.92338135e+02   3.83284531e+01
   5.82435493e+01   5.85007477e+01   5.71473551e+00   2.68060120e+02
   4.37916517e+00   1.43376575e+03   7.09876490e+00   6.66558151e+01
   0.00000000e+00   8.36130981e+01   8.49161377e+02   6.52676697e+02
   7.42872238e+01   1.89155045e+01   4.55648384e+01   6.66170120e+00
   1.51584268e+04   1.57954041e+02   1.15471953e+04   2.69794159e+02
   1.13344199e+04   1.05261963e+03   0.00000000e+00   5.39403442e+02
   1.26140322e+04   1.12721844e+01   3.56700562e+03   1.43437592e+02
   2.05787061e+03   5.84130402e+01   4.22010803e+01   1.82045746e+00
   2.42947021e+03   1.88509875e+03   0.00000000e+00   5.52945435e+02
   7.27216530e+00   0.00000000e+00   3.55259466e+00   2.64509674e+02
   5.75081299e+03   6.73474121e+03   1.32065582e+01   3.29655886e-01
   1.58578601e+03   1.04040527e+03   4.21693230e+00   9.22224121e+01
   0.00000000e+00   3.71757599e+02   1.83998222e+01   1.52078905e+01
   2.83494759e+01   2.16654873e+00   1.26920080e+01   2.19157028e+00
   5.56947212e+01   1.40592383e+03   1.13812317e+03   1.25764648e+03
   0.00000000e+00   1.56441851e+01   2.21035797e+02   1.47265671e+02
   1.67034414e+04   5.91013367e+02   1.07900856e+02   2.00912750e+02
   4.65829053e+03   1.74119049e+02   6.48124619e+01   3.67515820e+03
   3.09228725e+01   3.58974171e+00   2.32952003e+01   4.24592257e-01
   1.47143641e+01   1.11529989e+01   4.50517941e+00   5.00592575e+01
   7.42830048e+01   7.90668011e+00   2.31250000e+02   9.10421371e+00
   4.25958130e+02   4.10480537e+01   8.15005779e+00   6.57844086e+01
   2.75456207e+02   9.98308029e+01   1.65931328e+04   1.89398535e+03
   3.94274512e+03   1.22069502e+04   0.00000000e+00   3.60510645e+03
   5.52362305e+02   6.36365430e+03   0.00000000e+00   1.20807288e+03
   1.27512039e+02   5.30379150e+02   2.17297039e+01   1.88003521e+01
   2.29540070e+02   1.07245007e+01   1.94510529e+02   0.00000000e+00
   4.22587852e+01   1.29648206e+03   0.00000000e+00   1.87383643e+03
   1.56729752e+02   4.51694727e+03   7.98766785e+01   1.07492590e+01
   4.61932666e+03   4.99040619e+02   3.16869717e+01   1.39111586e+01
   3.44526886e+02   1.50057465e+02   6.09692749e+02   2.21787796e+02
   4.48384361e+01   1.43855200e+03   1.31848682e+03   8.71759375e+03
   4.29227409e+01   1.48244043e+04   4.67274857e+01   5.79449425e+01
   4.52368469e+01   9.48876419e+01   8.01256226e+02   9.86321228e+02
   0.00000000e+00   4.22667480e+03   4.35059961e+03   8.88069702e+02
   0.00000000e+00   0.00000000e+00   1.19164200e+02   4.60687158e+03
   2.65149811e+02   7.23133469e+01   3.10537109e+01   2.56234344e+02
   6.06088524e+01   2.93205353e+02   5.85347473e+02   3.02775025e+00
   5.97099805e+03   6.48210791e+03   2.47128963e+00   3.02571907e+01
   5.80877495e+00   1.52034766e+03   4.16484985e+01   7.79224182e+02
   1.38576736e+02   6.29425293e+02   1.64237305e+03   1.43157364e+02
   9.50351715e+01   9.37791406e+03   0.00000000e+00   1.12290906e+03
   0.00000000e+00   1.41243369e+04   9.89418488e+01   9.60394287e+00
   0.00000000e+00   4.39094788e+02   9.24179688e+03   0.00000000e+00
   1.56437912e+01   1.79472923e+01   3.17960620e+03   3.90703125e+01
   1.92707024e+01   3.26296204e+02   2.30761566e+01   1.27252991e+03
   1.70899719e+03   8.49083633e+01   5.04636669e+00   1.58952773e+04
   2.84157314e+01   1.63519592e+02   0.00000000e+00   0.00000000e+00
   0.00000000e+00   0.00000000e+00   1.24257727e+01   1.04570813e+03
   7.04504089e+02   6.06747723e+00   2.42442489e+00   7.39538391e+02
   5.95588589e+00   9.71059375e+03   3.92898779e+03   3.30017776e+01
   7.58190576e+03   3.71629944e+01   7.69190292e+01   5.91009283e+00
   1.14304914e+01   1.28022888e+03   1.19183135e+04   3.24141785e+02
   3.88866544e+00   2.81424591e+02   2.95677832e+03   1.18289108e+02
   1.02529243e-01   2.35420585e+00   8.36979828e+01   5.25594971e+02
   1.68003235e+03   3.69568451e+02   0.00000000e+00   2.36370325e-01
   3.11194977e+02   1.46001724e+02   2.31074348e-01   2.29055405e+01
   7.35928162e+02   2.93506989e+02   1.02194531e+04   0.00000000e+00
   4.15236816e+02   2.01544976e+00   9.97315521e+01   0.00000000e+00
   1.09651680e+04   0.00000000e+00   1.14165000e+04   1.84341965e+01
   3.28174057e+01   0.00000000e+00   4.37866974e+00   5.86274170e+03
   2.65921313e+03   5.21356494e+03   3.85667694e+02   1.08602135e+02
   4.87323193e+03   1.50439575e+02   2.53553867e+01   1.05334190e+02
   1.60192688e+02   0.00000000e+00   6.21756439e+01   9.00457382e+01
   2.37319946e+02   1.58238602e+02   2.75793667e+01   7.89883350e+03
   2.70488682e+01   6.84803650e+02   3.14064758e+02   2.00605627e+03
   1.63842078e+03   1.63015540e+03   4.75981689e+03   2.37434036e+02
   2.38185767e+03   5.00512600e-01   1.40152939e+02   6.66351891e+00
   1.95716638e+03   3.38772476e-01   5.12576953e+03   1.68314240e+02
   8.10875244e+02   2.75472927e+01   1.42840328e+01   4.23649502e+00
   5.30152637e+03   2.86463871e+01   1.78968501e+00   9.27774963e+01
   1.29049307e+04   3.17044043e+03   6.76454785e+03   1.42510724e+00
   2.60014687e+01   2.87398124e+00   1.62991085e+01   2.19504196e+02
   5.41054077e+02   5.75117950e+01   0.00000000e+00   3.64362244e+02
   4.15343353e+02   0.00000000e+00   1.15283913e+02   3.98530371e+03
   4.35164566e+01   4.93332520e+02   1.53383970e+01   4.96807671e+01
   1.12848177e+01   1.95846391e+00   5.36937294e+01   1.17810905e+02
   9.71319504e+01   1.21857520e+04   1.36375427e+01   7.50329346e+03
   2.60600610e+03   1.27122852e+03   1.68787183e+03   2.35827560e+02
   2.33717773e+03   7.87571838e+02   4.16218018e+02   1.23200893e+01
   3.47114532e+02   1.28985703e-01   1.88306351e+02   1.35835390e+01
   0.00000000e+00   1.65485609e+00   1.15829559e+02   1.95679550e+02
   1.81903900e+02   1.72080310e+03   6.37193262e+03   3.13847275e+01
   1.12937607e+02   2.48415813e+01   3.34201019e+02   2.51728802e+01
   7.70301962e+00   1.17802773e+04   2.31462574e+01   1.63952713e+01
   6.92573547e+01   7.42037354e+02   4.19551025e+03   2.32481812e+02
   4.64574316e+03   1.34409988e+02   1.02911510e+01   0.00000000e+00
   1.24015059e+04   1.28951941e+03   1.26708687e+02   2.82563953e+01
   8.00597595e+02   1.52207336e+02   3.07231498e+00   5.85945053e+01
   2.50897446e+01   2.97169507e+03   3.77704785e+03   2.71979446e+01
   6.51045105e+02   1.67126343e+03   9.74794556e+02   3.18501892e+01
   1.51242771e+01   2.73361133e+03   1.01931348e+04   3.86196785e+01
   4.27140093e+00   3.05052280e+00   7.14977341e+01   2.58067596e+02
   1.12850807e+02   8.26745629e-01   6.71397021e+03   6.03113281e+03
   8.86002246e+03   3.75485611e+00   1.53993805e+02   3.52077698e+02
   1.09558191e+03   2.54825026e-01   8.62274780e+02   2.18819043e+03
   4.50650940e+01   1.07671973e+04   1.21018295e+02   2.41493848e+03
   5.72847700e+00   5.82497986e+02   1.30536623e+01   7.40963821e+01
   1.00342344e+04   5.87864780e+00   1.44076263e+02   0.00000000e+00
   2.73529053e+00   5.65836487e+02   3.47489380e+02   2.12021542e+01
   2.85766266e+02   5.86519238e+03   4.68360573e-01   4.71206836e+03
   4.16550140e+02   8.03069763e+02   3.01412183e+03   7.72608337e+01
   6.59515967e+03   9.87470474e+01   2.42906693e+02   6.76347809e+01
   4.62999687e+01   1.67699988e+03   4.24205513e+01   2.60823291e+03
   1.91579998e+00   1.19625778e+01   7.17013359e+00   2.05102417e+03
   5.77203735e+02   9.32248497e+00   4.25110626e+01   0.00000000e+00
   1.68072192e+03   5.00681671e+02   2.71665619e+02   1.10440596e+04
   1.64316574e+02   2.97676086e+01   3.95137744e+03   6.55451025e+03
   0.00000000e+00   5.90456836e+03   1.39896135e+01   2.04715118e+02
   0.00000000e+00   1.18456602e+04   2.69808655e+01   4.13121834e+01]
[  1.47369127e+01   6.36757874e+02   1.88541336e+02   2.47105057e+02
   2.34727432e+02   5.99766174e+02   9.35950241e+01   3.16212189e+02
   4.17429138e+02   8.19504929e+01   1.81905994e+03   9.18823120e+02
   5.33048633e+03   1.95878174e+02   5.15005322e+03   9.77176895e+01
   5.03576708e+00   1.24751602e+02   6.86316467e+02   3.53101715e+02
   1.56269974e+02   7.49350739e+01   5.41347461e+03   1.09836296e+02
   1.06901917e+02   1.47853193e+01   1.98219452e+01   6.55086899e+01
   4.93893408e+03   1.17627411e+01   3.26481724e+00   5.33114014e+01
   7.02604053e+03   1.46147263e+02   4.36717873e+01   1.63612781e+03
   6.87028271e+03   4.77152729e+00   5.95269728e+00   2.29158179e+03
   3.48193335e+03   1.15312451e+03   1.85397613e+00   0.00000000e+00
   5.18243599e+00   3.96910675e+02   1.36418042e+03   6.62658234e+01
   1.47510824e+01   6.51787109e+01   5.18554764e+01   7.56961212e+01
   1.19303638e+03   7.22576660e+02   8.96143921e+02   5.81497705e+03
   3.33995628e+01   6.24482250e+00   2.63009595e+03   5.76465576e+03
   2.13465063e+03   3.01934662e+02   7.10794824e+03   2.51143003e+00
   4.23123055e+01   8.31426941e+02   1.91645870e+01   2.64034424e+02
   4.39496803e+00   5.01852905e+02   1.43663330e+03   3.54705811e+02
   1.51717026e+02   5.80365067e+01   1.97039200e+02   8.18024475e+02
   1.09983253e+02   4.62305298e+02   3.73879834e+03   3.77899504e+00
   2.88750687e+01   2.57008575e+02   1.67543848e+03   4.09782715e+01
   1.21377148e+03   4.33794238e+03   8.89659195e+01   9.75297318e+01
   3.81660449e+03   3.06859619e+02   2.70949249e+02   3.72000366e+02
   0.00000000e+00   3.64295386e+03   7.23660994e+00   2.39867725e+01
   3.33395813e+02   3.07593408e+03   7.01183548e+01   2.92647266e+01
   1.77052250e+01   1.52181168e+02   1.21766220e+02   2.54961700e+01
   1.49293701e+03   0.00000000e+00   6.82214661e+01   6.82674414e+03
   3.10493311e+03   2.19542542e+02   5.93431763e+02   3.23746490e+01
   7.61364868e+02   1.24173645e+03   7.75957275e+02   2.11593080e+00
   1.90663971e+02   1.96153275e+02   2.33440723e+03   5.27908516e+01
   9.13414917e+01   1.80696472e+03   0.00000000e+00   1.58730307e+01
   2.82321243e+01   5.32761963e+02   3.13233673e+02   1.17541183e+02
   4.53212891e+03   3.54830027e-01   4.20934601e+02   2.93210620e+03
   1.41867993e+03   2.84471169e+01   6.41252197e+03   4.19544816e-01
   3.78281059e+01   4.79753418e+02   1.07012680e+02   2.49013495e+00
   3.55268823e+03   0.00000000e+00   7.08818542e+02   1.93899780e+02
   5.05202667e+02   1.09374466e+01   1.14939690e+00   7.11950874e+00
   3.04240870e+00   3.55698013e+01   9.72941577e-01   4.98671478e+02
   2.24269089e+02   3.37016577e+03   1.64553574e+02   9.09836609e+02
   7.79686035e+02   5.68916321e+00   1.56120178e+03   4.35080536e+02
   9.66477844e+02   2.62287305e+03   3.19242077e+01   4.32651611e+02
   4.20188330e+03   1.49068640e+03   2.08156235e+02   1.26955795e+02
   2.57732635e+02   1.93768237e+03   4.72639252e+02   3.24247390e-01
   7.10907166e+02   5.45788336e+00   3.10836277e+01   4.09807777e+00
   5.05137491e+00   5.33417432e+03   1.72513702e+02   8.06762314e+01
   1.29641098e+02   4.98200150e+01   1.87086506e+01   2.05016556e+01
   1.73665613e+03   1.86902869e+00   1.04953751e+02   1.92675924e+00
   1.02926674e+01   1.16553444e+02   2.92970943e+01   1.85441437e+02
   2.94370193e+01   2.28733231e+02   2.43450500e+02   3.16172028e+01
   1.61087189e+02   6.66275024e+01   6.94012451e+01   5.38769608e+01
   1.29225967e+02   6.42686218e+02   1.09421434e+01   1.67903366e+01
   2.02036324e+01   3.74709587e+01   1.05100384e+01   1.67940079e+02
   2.86327076e+01   3.70394821e+01   2.57414233e+03   1.48834885e+02
   7.25193620e-01   4.79257315e-01   3.84307442e+01   2.12392319e+02
   1.10271057e+02   1.34110632e+03   1.95810516e+02   9.75372696e+01
   4.46173096e+02   1.21381335e+03   7.14842682e+01   5.17215820e+02
   1.67015564e+02   1.04653234e+01   2.43195068e+03   1.77134304e+01
   5.06663330e+03   4.50091260e+03   3.95173828e+03   8.44838867e+01
   0.00000000e+00   1.08655739e+02   3.59232269e+02   2.78332544e+03
   9.91915833e+02   6.13103485e+01   4.24751172e+03   4.93561890e+02
   2.08234314e+02   9.81371460e+01   1.15174060e+03   0.00000000e+00
   5.34480347e+02   1.57599146e+03   7.37028748e+02   1.96884826e-01
   1.35305371e+03   1.93537083e+01   7.34415710e-01   4.47082489e+02
   1.24859668e+03   1.80894113e+00   2.70410671e+01   6.61359717e+03
   3.15600109e+00   1.55547928e+02   6.90159836e+01   6.86177750e+01
   4.09054590e+03   0.00000000e+00   6.43038232e+03   3.62178497e+01
   6.46674728e+00   3.73753601e+02   8.98296631e+02   1.04653540e+03
   8.80972672e+01   1.16180408e+03   2.32313599e+02   4.82048950e+02
   0.00000000e+00   0.00000000e+00   1.21035591e+02   2.05677929e+01
   3.69571609e+01   7.58288345e+01   5.02901428e+02   1.08481091e+03
   1.39919891e+01   2.58043766e+01   3.08595898e+03   1.47003078e+01
   9.54094529e-01   1.71601404e+03   3.30412140e+02   1.42249608e+00
   4.21230127e+03   1.20871384e+02   1.30097218e+01   6.91484094e-01
   7.44420288e+02   3.00358521e+02   6.20710840e+03   1.07118599e+02
   1.74768384e+03   5.45652344e+02   3.99262276e+01   9.70368347e+02
   2.87375317e+03   2.83781982e+03   8.94738388e+00   2.24461699e+00
   4.66294971e+03   3.87265283e+03   7.05511816e+03   5.95625671e+02
   1.40353715e+00   1.22297437e+03   3.21185669e+02   4.99263611e+01
   1.63340056e+00   3.80578423e+01   1.03634804e+02   9.44763733e+02
   2.50329297e+03   1.17813988e+02   2.90214600e+02   0.00000000e+00
   2.61782494e+01   1.64092651e+03   7.09513626e+01   2.76694287e+03
   4.81359558e+01   2.71386505e+02   1.32226305e+01   0.00000000e+00
   1.98954754e+01   1.13450485e+02   4.28262329e+00   8.99085331e+00
   6.09891930e+01   1.12192169e+02   1.45034515e+02   9.53657341e+00
   4.04177399e+02   3.91233253e+01   1.24652031e+02   2.39438696e+03
   2.10689990e+03   2.57193457e+03   7.31026062e+02   7.89260054e+00
   2.89435181e+02   5.84063416e+02   2.47365576e+03   8.98553238e+01
   6.78029709e+01   2.57462988e+03   3.00497284e+01   0.00000000e+00
   5.49402930e+03   2.20412064e+01   8.80971191e+02   7.86186504e+00
   3.98257544e+03   6.57783203e+02   8.45101929e+01   1.73591537e+02
   3.92255592e+01   1.58834970e+00   4.09732819e+02   1.11271326e+03
   2.95559619e+03   2.24832344e+00   1.14955963e+02   4.09123306e+01
   5.86037331e+01   8.02934551e+00   6.76376807e+03   2.01900769e-02
   1.00250079e+03   2.19212500e+03   0.00000000e+00   3.17753448e+02
   7.60359924e+02   6.39565039e+03   1.81804718e+02   3.07033997e+02
   7.27942261e+02   2.78809692e+02   1.69063660e+02   5.58785295e+00
   9.15699081e+01   4.32964096e+01   2.83801785e+01   6.48614273e+01
   9.63904785e+02   2.13356819e+01   4.33899170e+03   6.35046120e+01
   3.61765869e+02   5.22125969e+01   0.00000000e+00   1.95161835e+02
   2.63871460e+01   1.29714691e+02   6.18467674e+01   1.86186218e+02
   3.97989893e+03   2.25774597e+02   2.77221252e+02   2.50328345e+03
   5.34808643e+03   2.16616989e+02   7.98699707e+02   7.17458820e+00
   6.53670502e+01   1.02959854e+04   3.91745148e+01   9.89440918e+02
   1.10602699e+02   9.78366375e+00   1.04470901e+02   0.00000000e+00
   3.36688080e+02   4.95617139e+03   1.46700977e+03   3.46676489e+03
   1.77700897e+02   5.17118073e+01   1.45976166e+02   4.72350597e-01
   4.57612915e+01   3.78642311e+01   1.98018188e+02   3.12591724e+03
   1.19167334e+03   7.02151978e+02   7.32543994e+03   2.65893402e+01
   1.72303970e+02   2.74167554e+03   7.69369278e+01   9.91538391e+02
   3.22824609e+03   4.94957352e+01   4.29791321e+02   3.72853088e+02
   5.69749870e+01   1.58150339e+01   1.01466721e+02   9.80206528e+01
   2.52508514e+02   3.34878448e+02   1.36569626e+02   2.41800880e+00
   2.97087841e+01   4.48940659e+01   7.54054546e-01   8.90018982e+02
   7.27510010e+03   1.43723828e+03   6.24892311e+01   9.78547913e+02
   6.95445410e+03   3.26314819e+02   1.43622253e+03   5.09922028e+00
   6.42602722e+02   1.48517731e+02   1.38099762e+02   3.02250075e+00
   2.37540723e+03   9.40378967e+02   1.34866104e+02   5.76735840e+03
   1.04556377e+04   1.76946594e+03   2.22989964e+00   3.91937218e+01
   7.68011475e+01   4.75405212e+02   3.08049068e+01   3.25955383e+02
   6.93885193e+02   5.24708080e+00   7.36845779e+01   2.40877414e+00
   3.98823425e+02   2.61187573e+03   2.03350266e+02   1.75941040e+03
   1.03511841e+02   5.16176462e-01   1.55511408e+01   5.15510596e+03
   7.88924694e-01   1.64292084e+02   1.16220532e+03   1.67003589e+03
   1.41543889e+00   8.37242126e-01   4.44311646e+02   3.40508842e+01
   1.66406612e+01   9.52957581e+02   9.65099609e+02   5.43322705e+03
   4.45664844e+03   3.85817032e+01   6.18526245e+02   3.75342017e+03
   8.32324753e+01   0.00000000e+00   1.38705597e+02   5.60228467e+03
   1.38190979e+02   1.51319305e+02   1.07037918e+02   4.80291504e+03]
[  7.24510681e+02   1.78557949e+01   8.35022449e+00   5.05282936e+01
   2.94474945e+01   2.16673267e+03   5.04769363e+01   6.41524582e+01
   8.68403912e+00   9.48123474e+02   1.12881689e+01   3.28591232e+01
   5.88430603e+02   1.85753870e+03   3.37681366e+02   1.21257067e+00
   4.82173309e+01   2.96492218e+02   2.94549164e+02   2.67116308e+00
   1.20231895e+01   5.39165996e-02   9.58879089e+01   7.47458557e+02
   2.38117719e+00   2.22576485e+01   1.58569431e+00   2.37580299e+01
   2.39837742e+01   3.14800171e+02   2.74291401e+01   1.50985765e+00
   2.30112701e+02   3.08352528e+01   2.94084521e+03   1.58508118e+03
   1.95858908e+00   1.29324036e+03   7.31534576e+00   1.08816002e+02
   1.18238096e+01   6.44292374e+01   7.00018311e+01   1.09298569e+02
   2.07767544e+01   2.34686981e+02   5.06444672e+02   9.53778505e-01
   6.17293968e+01   1.28786411e+01   8.02306519e+02   8.66185665e-01
   2.47979069e+01   6.83407516e+01   4.50079553e-02   8.09146214e+00
   1.37637205e+01   2.21425800e+01   6.59653091e+01   3.40963409e+02
   1.70391388e+01   8.81968002e+01   7.07071114e+00   5.11192856e+01
   1.97743587e+01   1.25824537e+01   1.24601227e+02   6.52571678e+00
   1.09744558e+01   1.14773972e+02   4.84512901e+01   1.75147742e+03
   5.32731285e+01   1.26773906e+04   1.61623474e+03   3.79793701e+01
   2.36484642e+01   3.16238575e+01   1.17715355e+02   1.68030415e+01
   4.48942566e+00   3.87008018e+01   2.19183407e+01   1.98804379e+01
   4.63106728e+01   2.16966224e+00   1.21690112e+03   2.09548702e+01
   1.05531181e+02   2.44980221e+01   8.40887756e+01   2.69792252e+01
   3.48148775e+00   8.04118896e+02   4.19650696e+02   9.12442322e+01
   2.65987167e+01   8.33841400e+01   1.07521606e+02   7.07492065e+01
   1.20667064e+00   6.40306320e+01   1.19337044e+02   1.54327450e+01
   1.44292364e+01   4.67460556e+01   5.35715008e+00   9.03320312e+02
   1.63329697e+01   1.57782823e-01   6.40660278e+02   1.31927500e+01
   1.39567652e+01   1.26550240e+02   0.00000000e+00   8.00196171e-01
   2.37100697e+01   8.08292847e+01   1.48354248e+03   2.27458906e+00
   4.42180908e+02   3.19445114e+01   1.34054451e+01   2.32504368e+00
   1.41611898e+00   1.27930557e+04   4.23020214e-01   1.28314686e+01
   1.64187891e+03   6.69814072e+01   3.25293236e+01   1.31664978e+02
   1.63194260e+02   2.11571465e+01   4.53622314e+03   3.24905243e+01
   1.32063475e+01   3.26693916e+00   2.38065552e+03   3.70857620e+01
   7.26839113e+00   1.26491528e+03   2.22819662e+00   1.51896008e+03
   1.91376514e+01   1.41552322e+02   8.01160431e+00   3.03625641e+02
   3.07321594e+02   3.55984459e+01   2.87271976e+01   1.68940964e+02
   9.18050194e+00   4.87378883e+01   7.39593994e+02   3.43150711e+01
   9.52384567e+01   0.00000000e+00   6.19327784e+00   1.28160876e+03
   6.21153027e+03   1.79241687e+03   1.93951759e+01   3.38089485e+01
   5.63546562e+01   1.03156919e+01   1.05379318e+02   4.78615913e+01
   1.30794277e+01   3.42171059e+01   8.56438980e+01   3.17506719e+00
   1.85053539e+01   8.55758850e+02   1.51823111e+01   8.07071075e+01
   1.93892422e+01   8.91923046e+00   7.93482819e+01   7.53781006e+02
   2.49702042e+02   7.20798569e+01   5.61366821e+02   1.10930702e+02
   1.08797752e+02   1.26438110e+02   3.31502646e-01   7.36530590e+00
   1.35439423e+02   1.63163193e+02   1.13331688e+02   9.86659825e-01
   4.41324072e+03   1.19591934e+02   6.86266661e-01   4.62467041e+01
   5.54034348e+01   9.35061646e+01   7.98269272e+01   1.25515088e+03
   4.12242393e+01   5.45246792e+00   2.15407837e+03   3.66847687e+01
   1.15813322e+01   4.48947096e+00   9.22272949e+02   1.12222805e+01
   1.42265518e+02   8.45365906e+02   1.80383972e+02   1.48673558e+00
   5.69230652e+02   2.78135452e+01   9.05238419e+01   2.09889938e+02
   0.00000000e+00   1.29017303e+02   3.61016943e+03   2.12870377e+02
   0.00000000e+00   7.03305483e+00   7.29276962e+01   2.39121532e+01
   6.73654022e+01   1.15073914e+03   9.34693298e+01   7.05213547e+01
   1.20781887e+00   1.10121788e+02   2.52979298e+01   1.05862244e+03
   2.90623871e+02   1.30535339e+03   0.00000000e+00   5.02791762e-01
   8.89815903e+01   1.79490271e+03   3.39963135e+03   8.27507706e+01
   1.69951229e+01   8.11061554e+01   8.47438202e+01   0.00000000e+00
   2.83928051e+01   3.42837071e+00   1.25149133e+03   1.49686217e+00
   1.49578079e+02   7.02754135e+01   1.09451538e+03   4.43896027e+01
   5.00950508e+01   9.18260803e+02   1.16431641e+03   1.84183776e+00
   1.24479225e+02   8.67071152e+01   3.23107788e+03   1.03590294e+02
   6.53367004e+01   1.66975765e+01   2.24829086e+02   3.10443039e+01
   4.15598526e+01   0.00000000e+00   2.11913269e+02   1.50182953e+01
   6.44745255e+00   4.32087440e+01   2.67149292e+03   4.63856354e+02
   1.07232925e+02   1.84636879e+01   1.80478989e+02   3.50562592e+01
   5.88778442e+02   3.93500481e+01   2.54752197e+01   5.46839905e+00
   9.53391113e+02   1.23779724e+02   4.26616325e+01   1.39431726e+03
   8.05013123e+01   5.81993141e+01   1.51880741e+01   4.95641365e+01
   6.73104858e+01   1.08158264e+02   1.19091370e+03   1.27492592e+02
   4.45463676e+01   3.59831238e+01   3.91889801e+01   2.40393784e+02
   2.34596252e+01   1.03403772e+03   2.11563091e+01   3.57833643e+03
   1.51766663e+02   1.28180437e+01   2.42879541e+03   4.55151306e+02
   1.66906311e+02   6.57133057e+02   4.02414322e+01   1.20116223e+03
   3.50942154e+01   1.39540482e+02   4.17253828e+00   4.86813889e+01
   3.87111588e+01   3.47475815e+01   3.35897632e+03   4.79297447e+01
   2.97857422e+03   4.46495473e-01   5.94870239e+02   7.92428970e+01
   6.06389160e+01   2.68523102e+01   2.38691422e+02   2.11951065e+02
   9.99745407e+01   1.31191727e+02   1.55111027e+01   1.01798744e+02
   3.41986122e+01   6.33083916e+01   2.31202650e+00   2.93175125e+01
   0.00000000e+00   2.34083405e+02   7.31340694e+00   4.36621857e+02
   8.02489471e+00   1.22676811e+02   1.86031815e+02   3.27666840e+02
   1.00401253e+02   0.00000000e+00   6.20554871e+02   1.65247974e+01
   3.59535545e-01   1.46975482e+00   9.63813248e+01   2.69205618e+00
   1.07789860e+01   2.21344490e+01   3.47672539e+01   1.86883950e+00
   0.00000000e+00   1.22075417e+02   5.55657578e+01   6.08674609e+03
   1.05732674e+02   3.86738777e+01   7.32810059e+01   3.23942757e+01
   3.83271575e+00   2.29362701e+02   3.30452728e+01   3.70357628e+01
   1.08622754e+03   1.51296425e+00   1.13358398e+02   7.19898682e+01
   2.77240112e+02   2.09688511e+01   1.60516918e+00   3.46845886e+02
   7.89626312e+01   0.00000000e+00   2.14561291e+01   1.37881756e+01
   2.04445679e+03   3.82377934e+00   7.26666794e+01   8.46394539e+00
   3.10884113e+01   2.13972168e+03   2.65445776e+03   0.00000000e+00
   5.26727661e+02   5.13246269e+01   4.52387123e+01   1.92982888e+00
   5.27210121e+01   0.00000000e+00   2.45971558e+03   8.34426498e+01
   2.23854691e+02   1.33606705e+02   1.47076001e+03   6.42434082e+02
   3.21624298e+02   9.54161911e+01   1.51181381e+02   1.70331372e+03
   3.65231400e+01   2.11190338e+01   2.01009731e+01   2.08008552e+00
   2.29518158e+02   1.92649707e+03   1.52205687e+01   2.16538742e+02
   1.34632904e+02   2.25114594e+02   6.77142212e+02   1.52119080e+03
   3.22524953e+00   2.91378265e+02   6.86499756e+02   0.00000000e+00
   6.06261978e+01   1.38682661e+01   6.25306213e+02   1.59889383e+01
   4.02202271e+02   1.29895525e+01   7.51150742e+01   2.06333122e+01
   1.50602829e+02   7.95678467e+02   3.11278625e+02   4.68175392e+01
   1.13222451e+04   4.84344727e+02   6.85462723e+01   2.56833458e+01
   9.86526108e+01   1.27090796e+03   8.57578125e+01   2.72070703e+03
   1.46238123e+03   1.46825333e+02   4.89905472e+01   4.35431290e+01
   5.90173721e-01   8.65006775e+02   2.08347565e+02   5.76846313e+01
   5.67563553e+01   6.68394241e+01   0.00000000e+00   1.14843208e+02
   8.43526363e+00   1.03718300e+01   1.02774906e+01   9.90253258e+00
   1.92680492e+01   2.86116913e+02   6.62145233e+01   5.11896240e+03
   3.94021072e+01   1.99789185e+03   2.02632477e+02   9.42041931e+01
   9.93625565e+01   7.72042603e+02   2.95071163e+01   7.76579046e+00
   5.47378784e+02   1.28585186e+01   2.57519141e+03   1.13226295e+02
   4.73421526e+00   9.70328617e+00   4.88968735e+01   8.30453796e+01
   1.16512976e+03   1.44093701e+03   1.42915695e+02   2.13500195e+03
   7.11800992e-01   5.58455825e-01   1.61254749e+01   9.49154139e-01
   3.53237877e+01   2.72753582e+01   8.16221008e+02   1.30744064e+00
   1.88637726e+02   6.31231956e+01   2.34733772e+01   1.14023352e+03
   7.92118835e+01   1.02249101e-01   4.15358658e+01   3.18916626e+02
   3.49802666e+01   9.74006104e+02   5.98798523e+02   7.71983398e+02
   1.78154187e+03   3.78141510e+02   1.08605270e+02   2.88121662e+01
   1.48149292e+03   3.50669098e+01   1.45939655e+01   1.69949438e+03
   6.64184570e+01   1.37049728e+02   1.16752329e+01   3.54071014e+02
   1.64113831e+03   4.75484497e+02   1.57298340e+03   1.00796664e+00]
