bicycle
bus
car
motorbike
person
[ 12280290.      2271725.25   63303752.      9317134.     67522632.
   2367162.     24489498.      7630023.5    17507686.      3653026.5
  10533173.     42315320.     28064092.     18952178.     10964513.
   6907608.     13936571.     12675207.     67080752.     20505086.
   3306417.25    7491162.5    10100193.     50559912.      7749522.5
   6847454.5     3935505.5     4869418.5     7933875.     26047270.
  44753760.     15095396.     81559952.      2934207.25   15531434.
   1503452.25   34055840.      5232651.      7392589.      1890531.125
   4369216.     12302619.     22413312.     85412440.     10649773.
  44339620.      7183865.     13477942.      2163134.     75238136.
  15614180.     21073216.     27080486.     23740802.     22738074.
  21475504.     39073056.     17955716.     10186782.      3510255.75
   1555828.75    2323086.     22973956.      1629404.5  ]
[  2.30580460e+07   1.86118040e+07   3.81749040e+07   2.59874266e+05
   8.75233300e+06   3.01781225e+06   5.12611200e+06   1.96474207e+03
   5.51468800e+06   3.31728275e+06   4.56867240e+07   4.66823400e+07
   2.45350586e+04   3.98728525e+06   4.26546480e+07   2.23654520e+07
   1.19286725e+06   4.06666880e+07   7.76566650e+06   2.36351700e+07
   3.55534094e+05   4.22428120e+07   2.04432950e+06   5.06615480e+07
   4.25102188e+05   6.44210800e+07   1.34335000e+06   1.92305450e+06
   2.09200280e+07   6.54192969e+03   1.82170000e+07   1.68566406e+04
   4.30954950e+06   1.25538870e+07   3.97349450e+06   1.05592260e+07
   3.66789344e+05   5.62754250e+06   1.51880050e+07   9.56519900e+06
   1.11815060e+07   1.29475530e+07   3.69893062e+05   1.31166460e+07
   2.98582520e+07   1.18956290e+07   3.00026719e+05   2.79349920e+07
   2.36382540e+07   8.42036600e+06   5.44196080e+07   1.23698180e+07
   5.12512720e+07   1.45773800e+07   5.32520312e+05   1.16343250e+07
   2.32067940e+07   5.86310040e+07   8.50500900e+06   1.75809840e+07
   2.16907340e+07   2.75468042e+03   2.52386620e+07   5.03689440e+07]
[  2.19568925e+06   1.13879370e+07   1.05408242e+04   1.81435000e+05
   3.31142070e+04   6.13286562e+04   3.48091953e+04   8.89176500e+06
   2.77952656e+04   2.80994800e+06   2.75235950e+06   1.41472588e+06
   7.23684438e+05   7.56257062e+05   6.40018457e+03   1.78757594e+05
   2.06101100e+06   4.18311469e+05   6.50646250e+05   7.93103750e+06
   2.75787950e+06   4.97855195e+04   7.19341150e+06   1.18500890e+07
   9.41111700e+06   0.00000000e+00   2.01238859e+05   7.24521500e+06
   1.14970275e+06   3.51310975e+06   1.61003574e+04   1.73386720e+07
   1.97195469e+05   2.19943675e+06   7.14424812e+05   2.59763925e+06
   1.30406055e+05   2.13816100e+07   6.62474400e+06   1.24018398e+04
   4.02239325e+06   6.27532500e+06   2.76267150e+06   1.28582200e+07
   2.07212250e+06   3.57302875e+05   5.85312100e+06   4.36764883e+04
   2.12180025e+06   2.57455156e+05   1.54380625e+06   1.03701195e+05
   2.60577475e+06   1.21464200e+06   1.91680300e+07   1.08657310e+07
   3.90324450e+06   4.16041406e+04   7.89396094e+04   3.65248031e+05
   5.48357200e+06   1.44217090e+07   8.33388800e+06   2.14930425e+06
   1.72231100e+07   3.81740600e+06   1.12025010e+07   3.63176925e+06
   3.55400750e+05   4.12065750e+05   7.88266100e+06   1.21024100e+07
   2.47035500e+06   9.00157062e+05   0.00000000e+00   3.40188800e+06
   2.61696875e+04   4.43965400e+06   7.99983700e+06   8.55519141e+04
   2.58551953e+04   1.04336270e+07   5.50111150e+06   2.90427173e+03
   1.58414312e+06   1.19455910e+07   7.46317450e+06   1.77222090e+04
   2.77687275e+06   7.52832438e+05   6.14777900e+06   7.17343250e+06
   3.49430688e+05   6.99129700e+06   7.03188062e+05   9.86783800e+06
   2.01955723e+04   5.46904150e+06   3.16248875e+06   8.57285438e+05
   1.68500688e+06   2.34293700e+06   6.51222539e+04   8.61314688e+05
   9.92358203e+03   1.10315422e+05   2.17001969e+05   3.62102281e+05
   6.77562850e+06   7.97062188e+04   6.49780547e+04   6.79203700e+06
   2.22426234e+05   1.30436050e+07   3.17207925e+06   3.60398475e+06
   2.94532350e+06   5.40742188e+05   1.68063175e+06   1.92431500e+05
   5.19424150e+06   6.81039750e+06   2.01560879e+04   1.14232480e+07
   1.75392525e+06   4.46538555e+04   2.22475860e+07   2.34439062e+04]
[  5.14078750e+06   4.86780750e+06   3.53232406e+05   1.87905960e+01
   9.71407129e+03   2.73882875e+06   8.36163438e+05   1.85157312e+06
   1.58320510e+07   4.40370200e+06   1.37919950e+07   1.20062760e+07
   4.00618025e+06   2.20074969e+05   1.53034961e+04   1.32223738e+06
   2.31243125e+06   2.50760925e+06   4.76035950e+06   1.61923281e+04
   8.10952050e+06   1.69096100e+06   4.32497400e+06   7.31754297e+04
   1.18456262e+06   4.10727375e+05   1.03390156e+06   3.57035575e+06
   1.00678789e+05   4.50760750e+06   1.15013938e+05   1.35385200e+07
   5.74860850e+06   1.42999328e+05   3.15790650e+06   2.44318175e+06
   5.04141350e+06   1.42479670e+07   2.34876391e+05   3.11108926e+04
   3.71574950e+06   6.16624844e+04   2.45150859e+04   1.32395400e+06
   1.94688112e+06   9.69028700e+06   1.09957830e+07   3.44890150e+06
   2.27406850e+06   1.08537630e+07   5.26950100e+06   4.75214500e+06
   1.05136560e+07   3.68030719e+05   1.27423367e+05   2.26567328e+05
   2.64659125e+06   6.88629875e+05   4.36370354e+01   4.95643300e+06
   2.06414238e+06   1.12548000e+07   4.52135250e+06   2.12236550e+06
   1.05229375e+06   1.15936990e+07   7.51734188e+05   2.40773975e+06
   3.96797825e+06   1.34251710e+07   5.11133350e+06   1.63424660e+07
   5.65303150e+06   1.20219350e+07   1.82328860e+07   5.57102246e+03
   3.14804475e+06   3.64351350e+06   1.41176450e+07   5.26080950e+06
   4.97480700e+06   3.19112930e+04   6.55558150e+06   3.70309600e+06
   8.64878809e+03   9.27355000e+06   1.44411850e+06   6.29743650e+06
   3.16530664e+04   1.84054562e+06   6.49757148e+04   1.02891780e+07
   2.80363062e+05   9.20439000e+06   2.99196575e+06   2.06779462e+06
   1.01956862e+06   8.26946650e+06   1.05288538e+06   1.36275270e+07
   9.09304219e+04   6.91681688e+05   1.84826860e+07   2.54654224e+03
   1.96096516e+05   1.57494920e+07   4.26985250e+06   1.13352650e+07
   5.98858950e+06   1.26631720e+07   2.42803369e+03   2.86068475e+06
   8.30583062e+05   2.39123920e+07   7.04692100e+06   5.34556062e+05
   4.71671188e+05   2.56137400e+06   3.09487207e+04   4.61461484e+04
   1.78442180e+07   1.94346062e+06   4.26599570e+04   1.01489650e+07
   3.14346025e+06   3.86378175e+06   1.89151520e+07   1.17110400e+07]
[  0.00000000e+00   1.12318896e+04   1.71043462e+06   1.30832441e+04
   1.71245086e+00   2.35945587e+01   5.08554932e+03   1.75666237e+01
   1.93127038e+06   5.18955195e+04   1.40237329e+03   1.89068477e+04
   0.00000000e+00   8.88146250e+04   1.43538250e+05   2.50635547e+03
   1.98734785e+04   1.16196025e+06   1.12914473e+04   1.46259150e+04
   4.58866882e+02   9.87343933e+02   1.01726294e+06   6.21011670e+03
   2.68377227e+04   3.47332916e+02   1.94524462e+06   0.00000000e+00
   2.64973779e+03   1.49204541e+03   5.78330688e+02   1.66234558e+02
   0.00000000e+00   5.49473375e+05   6.60171953e+04   1.71448550e+06
   2.07909888e+06   3.37165015e+03   7.33992090e+03   1.61102246e+03
   2.93060273e+04   4.12984253e+02   5.82104492e+03   8.14939750e+05
   2.55780859e+04   4.85005176e+03   3.48327065e+01   2.68222599e+01
   1.98193922e+05   1.54095576e+04   3.53489805e+04   1.45949249e+02
   2.02850650e+06   9.52881312e+05   2.69278290e+02   6.48707852e+04
   7.94279000e+05   1.51311838e+06   2.11541455e+03   0.00000000e+00
   3.88472734e+04   2.04409648e+04   5.88578812e+05   9.84414609e+04
   5.08874664e+01   4.25390703e+04   6.06987305e+03   2.77699756e+03
   1.40879766e+04   1.29352484e+05   1.87108938e+06   2.25996375e+06
   0.00000000e+00   1.52588203e+04   2.64698944e+01   1.99145004e+02
   9.06007227e+03   2.53889109e+05   3.27556875e+05   1.84086113e+04
   1.33429312e+05   4.00752856e+03   1.79248320e+04   1.20645117e+03
   2.93478800e+06   2.50896150e+06   3.23681125e+05   1.80470262e+06
   6.34120195e+04   4.16496796e+02   2.59892212e+03   5.35965273e+04
   2.24275234e+05   1.08530146e+04   0.00000000e+00   2.85077490e+03
   9.31843750e+03   8.28597375e+05   8.68571387e+03   1.89961777e+04
   4.14183086e+04   2.51650928e+03   1.41830650e+06   2.68678555e+04
   5.74421875e+02   4.14166797e+03   2.57026758e+03   1.29542012e+04
   2.23094902e+01   1.21220789e+05   8.45955438e+05   1.89693965e+04
   3.26400256e+00   3.52166445e+04   7.28867773e+03   1.67446621e+04
   0.00000000e+00   1.03555884e+03   4.94018262e+03   2.90893125e+06
   1.07194697e+04   2.14649567e+02   2.39418848e+04   1.55450366e+03
   2.99553223e+03   2.13345650e+06   2.81651215e+02   0.00000000e+00
   5.82501562e+05   3.23059629e+04   9.07338867e+03   2.07082715e+04
   2.02731621e+04   2.29336025e+06   0.00000000e+00   6.41476465e+03
   2.77972675e+06   1.54455988e+06   5.43770752e+03   1.87731705e+01
   2.56404668e+04   5.95375836e-01   1.70001270e+03   9.63664625e+05
   2.39555130e+02   1.67799900e+06   1.66523804e+03   1.41794592e+03
   1.02607352e+05   5.60785980e+01   9.92090137e+03   5.05304395e+03
   2.13780203e+05   1.13383391e+05   1.29521438e+06   2.82690765e+02
   2.73692285e+04   5.53137938e+05   7.01155938e+05   9.10365000e+04
   5.95994922e+03   9.80792500e+04   2.05652850e+06   1.78619043e+04
   8.56830469e+03   2.44174750e+06   2.19804050e+06   9.54526953e+04
   1.47527451e+04   1.50442688e+06   1.85747575e+06   4.92624054e+02
   6.59306787e+03   2.60970312e+05   2.30840195e+04   7.36799072e+03
   2.42673625e+06   7.85679883e+03   3.12163725e+06   6.10770508e+04
   7.37447500e+05   1.41299609e+05   2.44127156e+05   5.67524072e+03
   1.44711963e+04   1.09844932e+04   5.57139805e+04   6.28814492e+04
   1.63518562e+06   1.91294121e+04   5.58897754e+03   1.25983562e+06
   0.00000000e+00   4.30033219e+05   4.64889860e+00   1.22747450e+06
   9.80398145e+03   2.76459469e+05   1.65196638e+06   1.34052862e+06
   9.61240311e+01   1.41094762e+06   5.39318938e+05   8.38178101e+02
   6.12774141e+04   6.72638367e+02   1.61065536e+02   6.42697705e+03
   1.04440020e+04   3.45546500e+05   4.91264219e+05   2.67900175e+06
   4.59983545e+03   3.33205391e+04   0.00000000e+00   2.29176934e+04
   1.88357214e+03   1.18909038e+06   6.96973203e+04   0.00000000e+00
   3.48886304e+03   4.12495557e+03   2.68419814e+00   7.01193750e+04
   5.41902500e+05   0.00000000e+00   8.99168243e+01   5.77141312e+05
   3.06825523e+01   8.66071125e+05   3.58283984e+04   7.67694397e+02
   1.67442575e+06   4.22008643e+03   1.57569150e+06   9.22744598e+01
   1.60551062e+03   1.98200020e+04   1.45170475e+06   1.10650903e+03
   1.29623088e+06   1.24664425e+06   2.12338287e+02   8.99518262e+03
   1.01773883e+05   8.58426270e+03   1.78817444e+03   8.85325391e+03
   1.40139141e+04   8.92838875e+05   1.66336562e+04   1.20245349e+03
   4.86066309e+03   6.47823477e+00   7.23807678e+02   9.33102188e+05]
[  2.67305425e+06   1.79521855e+04   4.82429504e+01   3.11000366e+02
   1.83478812e+06   1.57982300e+06   1.50689672e+05   9.16543457e+02
   5.10017432e+03   1.58727246e+03   1.37429053e+03   1.36531660e+04
   3.05314429e+03   5.87044375e+04   9.53045117e+03   6.27451025e+03
   4.58882027e+01   5.87448425e+02   1.30094688e+06   1.16588211e+05
   0.00000000e+00   4.22054291e+02   1.60187976e+03   9.02043312e+05
   2.92948389e+00   1.11117412e+04   0.00000000e+00   6.42724062e+05
   6.20996445e+04   1.67164444e+02   2.91575078e+04   1.09934990e+04
   2.67659546e+03   6.30657969e+04   6.01242090e+03   1.55727969e+04
   3.33485742e+04   3.16962250e+02   3.70413428e+03   0.00000000e+00
   4.16913906e+04   7.41725391e+04   2.06633633e+04   8.17250488e+03
   8.25138867e+03   1.14797549e+04   6.91753250e+05   6.18853945e+04
   1.35769578e+05   1.73260223e+02   1.28061504e+04   1.08659717e+04
   9.30579407e+02   9.19400391e+03   4.08473344e+05   1.14672984e+05
   2.82452402e+04   1.75097312e+05   2.05669500e+05   2.83951611e+03
   2.32384082e+03   7.33193125e+04   0.00000000e+00   3.14612732e+02
   0.00000000e+00   2.33509395e+04   1.75276703e+05   1.37194214e+02
   3.10745654e+03   1.39455947e+04   7.61183062e+05   5.21965698e+02
   2.80342246e+04   1.26163213e+04   3.07143379e+04   1.15755172e+05
   5.48683984e+04   4.08965820e+04   1.13138156e+05   9.13776125e+05
   9.73405991e+01   1.11751396e+04   8.24572372e+00   6.24428516e+04
   3.40940369e+02   2.22757480e+04   1.37416553e+03   1.14793496e+04
   1.50005645e+04   6.55381250e+03   2.43492734e+04   1.05870635e+04
   6.80477891e+04   1.22997350e+06   6.00565979e+02   2.38548279e+00
   3.56088750e+05   7.06915140e+00   2.32859648e+04   3.97904810e+03
   7.22366516e+02   6.39002637e+03   6.85446438e+05   5.77060928e+01
   1.25980115e+03   5.02875586e+04   9.16997734e+04   1.72537562e+05
   1.79131113e+04   1.75389325e+06   2.71316711e+02   8.65521188e+05
   1.96263657e+01   9.64250244e+02   1.07829756e+04   4.54725430e+04
   1.84466040e+03   1.93166934e+04   1.44574492e+04   2.66513281e+04
   4.04972900e+03   4.93137543e+02   2.30197217e+03   2.93483125e+05
   3.05724194e+03   3.40530127e+03   4.20534468e+00   1.78014258e+04
   2.31073570e+01   2.03410388e+06   3.15711055e+04   4.98726953e+03
   2.78245239e+03   1.82576750e+06   4.37737122e+02   4.29101836e+04
   6.71000703e+04   7.65684562e+05   1.07564465e+03   4.98355484e+00
   5.93992281e+00   2.90128540e+03   5.05970312e+03   1.12765617e+05
   0.00000000e+00   6.18690918e+02   1.06757556e+03   0.00000000e+00
   0.00000000e+00   1.29070239e+03   2.47637085e+02   9.34297852e+02
   1.05603600e+06   2.64164625e+05   0.00000000e+00   4.10114469e+05
   1.23454761e+03   1.67439480e+01   2.18307754e+04   1.56985425e+06
   6.67525452e+02   1.60051602e+04   3.25588086e+03   0.00000000e+00
   5.70287070e+04   0.00000000e+00   9.92757562e+05   4.33016309e+03
   8.55275625e+04   1.92552125e+06   1.32215939e+01   1.95842133e+01
   3.88716836e+04   2.32677094e+05   8.57480250e+05   1.52341589e+03
   1.00884502e+04   6.42440234e+03   3.25250234e+04   2.31842976e+01
   1.04243848e+04   5.03906299e+03   1.01374916e+02   2.27357793e+04
   0.00000000e+00   1.21374243e+03   4.13761172e+04   2.22223184e+04
   2.14333716e+03   1.54764618e+02   4.83766031e+05   6.87142578e+03
   1.37367950e+02   3.37479180e+04   5.18748008e+04   3.80708984e+03
   8.61298750e+04   1.46555459e+04   5.69529500e+05   3.80421662e+00
   8.61050644e+01   0.00000000e+00   7.51986875e+05   3.10274238e+04
   1.17047246e+04   6.14802313e+00   1.30700430e+04   9.44303250e+05
   1.09896562e+05   6.02652375e+05   0.00000000e+00   5.62031494e+02
   6.08362891e+03   1.77964980e+04   1.01999652e+03   1.41966031e+05
   4.63422469e+05   2.47617749e+03   1.05988438e+04   3.47961377e+03
   1.11150723e+04   1.98444375e+04   5.46599548e+02   3.53543872e+03
   2.17932552e-01   1.00588156e+05   1.65005703e+05   2.33694019e+03
   7.48386536e+02   0.00000000e+00   1.53387222e+01   1.06918643e+04
   7.81310000e+04   6.95120947e+03   1.15477350e+06   5.87009912e+03
   2.20320483e+03   1.21097375e+06   0.00000000e+00   2.76480007e+01
   6.02569702e+02   3.92755469e+05   5.44967365e+00   0.00000000e+00
   3.52804688e+02   1.42159281e+01   2.09039707e+04   4.35532129e+03
   1.04201269e+06   3.74120188e+05   9.13865547e+04   8.53838047e+04
   1.40863311e+04   9.79872438e+05   3.54565195e+04   2.90681309e+04]
[  1.93108266e+05   4.43006992e+04   6.57547974e+02   7.43114380e+02
   3.95868375e+05   2.23025024e+03   6.29498945e+04   1.76993516e+04
   2.17847290e+03   8.26807625e+05   4.49181055e+03   7.05823516e+04
   2.38849941e+04   1.09269961e+04   1.67471240e+03   3.90823029e+02
   2.13742122e-01   6.97462939e+03   4.40127983e+01   1.54671179e+03
   3.50582773e+04   3.16865188e+05   2.53873770e+04   1.06248633e+04
   2.25148277e+01   4.71474023e+03   4.65525049e+03   3.75051594e+05
   2.09720586e+04   4.58369125e+05   9.94742737e+01   1.45401660e+04
   3.32787578e+04   9.60981250e+04   2.03924316e+03   1.49944365e+04
   4.04755688e+05   1.46157875e+06   2.66958545e+03   1.57467662e+06
   2.98563818e+03   1.87806580e+03   6.52200830e+03   5.94848203e+04
   1.69533320e+04   1.70492344e+04   1.76578625e+03   5.10771250e+04
   2.61400566e+04   6.63316064e+03   1.28002219e+05   1.08884962e+06
   5.57280151e+02   0.00000000e+00   5.37489441e+02   2.94136401e+03
   2.11314233e+03   2.97947438e+05   0.00000000e+00   1.57017627e+04
   6.22885742e+02   5.71658047e+04   3.58834326e+03   1.56776016e+04
   3.03810684e+04   3.17898574e+04   8.21377344e+03   6.28688037e+03
   6.61593672e+04   6.46466719e+04   1.98970703e+04   4.13277252e+02
   1.44792828e+05   7.68996094e+03   6.00511938e+05   1.40413547e+05
   2.26499984e+05   2.12366289e+04   1.81537720e+03   8.27634216e+02
   3.69412323e+02   1.96664658e+02   7.27028047e+04   6.40415283e+02
   7.40893594e+04   1.82050209e+01   8.97833359e+04   1.68526855e+02
   8.21895790e+00   1.48869495e+03   8.43162460e+01   5.21369043e+03
   1.90000410e+04   3.20336011e+03   1.26348977e+05   4.02165918e+03
   1.34143784e+02   4.83479000e+05   5.28469625e+05   4.85959883e+04
   7.89569844e+04   1.65792051e+04   9.98549561e+02   1.81283386e+03
   4.61403633e+04   2.16413062e+03   7.10094750e+05   5.54607852e+04
   1.48620959e+03   2.68184448e+03   1.03486094e+04   1.21790635e+04
   2.67768789e+04   3.71544019e+03   1.88426831e+03   5.64533320e+04
   6.69667358e+02   1.82164078e+05   3.09914805e+04   7.34856562e+04
   7.63264227e+00   9.16465188e+05   3.97358828e+04   4.17743812e+05
   2.39260059e+04   9.21046692e+02   2.42360449e+04   4.89283714e+01
   7.93613586e+02   3.73291901e+02   1.46698792e+03   2.80278477e+04
   1.33006211e+04   8.67406543e+03   1.73267402e+04   1.14227021e+04
   5.83486133e+03   7.19695703e+04   6.45888086e+03   7.75226562e+02
   1.55199615e+02   2.80838262e+04   8.84762512e+02   9.62483750e+04
   3.33264805e+04   3.52316943e+03   1.59084355e+04   3.28656731e+01
   5.63234258e+04   5.26585547e+03   1.48842207e+04   1.18000922e+05
   5.17952148e+03   2.23136719e+05   4.31443207e+02   1.65197285e+04
   4.95820742e+04   9.52417188e+03   3.04277094e+05   3.60233551e+02
   3.46885376e+02   9.97582245e+01   3.50080859e+03   3.51202637e+02
   2.26842700e+03   5.17783740e+03   4.55323203e+04   1.85980922e+05
   1.34652869e+03   3.06125859e+04   3.64629440e+01   7.04311865e+03
   7.92735693e+03   2.47633350e+03   4.66592891e+04   1.94232402e+04
   9.81844609e+04   7.74481348e+03   4.12076172e+04   4.14635703e+04
   2.83441132e+02   9.34432109e+04   2.93486523e+03   5.63665234e+03
   9.80838828e+04   7.52454346e+02   1.49512125e+05   1.16593652e+03
   4.17476328e+04   5.44527188e+05   6.14016016e+04   2.10597241e+03
   9.89696579e+01   9.84377812e+04   3.84123611e+01   3.89788116e+02
   2.73983770e+04   1.62179121e+04   9.56087891e+03   5.05423320e+04
   2.68356274e+03   1.08651299e+02   2.87367773e+04   2.98461375e+05
   2.02916031e+05   2.26387524e+03   1.90046777e+04   1.10533076e+04
   5.40619688e+05   0.00000000e+00   2.72952271e+03   6.86836279e+03
   4.13834414e+04   1.89664434e+04   1.03702781e+05   3.33884888e+01
   1.93119395e+04   1.24406572e+04   5.03733444e+01   1.69945234e+05
   4.50852832e+03   2.35740015e+03   7.26384521e+03   7.09148340e+03
   5.45072500e+04   0.00000000e+00   1.60014053e+02   1.54185791e+04
   1.60758911e+03   3.60243164e+04   1.26822334e+04   1.17423703e+05
   1.39030640e+03   5.28735312e+04   1.53479050e+06   7.45610205e+03
   2.37581323e+03   6.01696582e+03   1.39041762e+06   3.10377271e+03
   3.15625562e+03   1.34622467e+02   2.15722729e+03   2.73469751e+03
   9.94954453e+04   3.44126094e+05   3.13343430e+00   1.41964378e+01
   2.08586828e+05   1.93682441e+04   0.00000000e+00   7.73995547e+04
   1.26740547e+04   1.52771826e+03   4.30062134e+02   5.30512598e+03]
[  6.83598450e+02   1.12100479e+04   5.48453633e+04   4.05962930e+04
   1.82994958e+03   7.37740000e+04   1.36240027e+03   3.29779712e+03
   8.50427795e+02   4.13364143e+01   8.92928984e+04   1.41458105e+04
   3.99830615e+03   3.29075610e+03   4.52295898e+03   7.61045471e+02
   1.76634609e+04   2.90197422e+04   3.30261289e+04   4.94313428e+03
   3.07536850e+01   1.01321234e+05   2.15116064e+03   2.28455353e+02
   5.51282500e+04   2.85956191e+04   8.72119688e+04   6.77620459e+03
   6.88749062e+04   2.34342832e+04   1.57524375e+04   1.44105766e+05
   9.01388086e+03   4.22800938e+04   5.18509336e+04   7.42060078e+04
   1.14193172e+05   4.92739160e+03   2.23811035e+02   3.79628789e+04
   3.77533989e+01   1.31695625e+05   6.34489609e+04   2.89274160e+04
   1.63689148e+02   5.94863379e+03   9.35321289e+03   1.11342236e+04
   0.00000000e+00   1.81894473e+04   9.61750625e+04   8.01532349e+02
   0.00000000e+00   1.97639727e+04   8.28184766e+03   8.18062988e+03
   3.16436696e+00   1.60279089e+03   2.22637695e+02   9.92864197e+02
   3.21526685e+03   1.39834734e+05   2.14499590e+04   1.69747510e+03
   6.10304492e+03   1.29018535e+04   1.13214392e+03   8.37254257e+01
   4.96809229e+03   1.28639319e+03   4.30485898e+04   2.62659155e+03
   8.23023828e+04   6.67972351e+02   1.28231668e+00   1.37741638e+02
   5.21486282e+01   1.43764563e+01   1.45752812e+05   7.49084375e+04
   1.41079834e+02   1.22073447e+04   3.11288516e+04   1.13209086e+05
   7.99261230e+02   1.30413990e+01   6.57797852e+02   2.29631152e+03
   9.99570547e+04   1.05451469e+05   8.73084766e+03   4.79164734e+01
   8.11944609e+04   3.54334961e+04   5.75760508e+04   2.68006797e+04
   9.66450586e+03   4.53777313e+02   4.34753047e+04   3.54419062e+04
   3.70271558e+03   2.33603561e+02   1.37131219e+05   7.84388086e+03
   3.91807383e+04   4.93583398e+04   1.38136487e+03   7.91227266e+04
   7.38538125e+04   2.76820679e+03   1.45133936e+04   4.83265625e+02
   1.45776895e+04   5.97876587e+01   1.13377429e+03   3.36747266e+04
   0.00000000e+00   2.87594355e+04   1.33540952e+00   2.17674121e+04
   1.38570251e+03   1.33671328e+05   2.59418965e+04   1.70643103e+03
   9.98461230e+03   4.93326719e+04   6.96588721e+03   9.91035156e+03
   3.38214492e+04   9.40409668e+03   4.40314453e+02   1.40795684e+04
   2.47819688e+04   3.78952773e+04   4.28657109e+04   3.67235031e+01
   5.19820996e+03   6.76269960e+00   7.49558716e+02   7.82389450e+01
   4.92711758e+04   9.07362793e+02   1.73511797e+04   6.28696299e+00
   3.99722803e+03   9.44128809e+03   1.25054895e+03   8.79986621e+03
   1.33573779e+03   1.05431787e+04   1.10517188e+05   7.11684521e+03
   5.39059631e+02   8.84654419e+02   7.34178314e+01   1.29308999e-01
   1.86345779e+02   7.99265747e+02   5.06373108e+02   9.31469922e+04
   1.20547900e+04   2.47882227e+03   3.02069141e+04   6.21040821e+00
   3.59172930e+04   8.46497116e+01   7.70121250e+04   4.50167725e+02
   7.68141406e+04   4.82306055e+04   1.12389526e+03   6.93527734e+03
   5.93332109e+04   2.91507373e+03   6.98044219e+04   8.26957578e+04
   3.66102188e+04   2.70369922e+03   5.87345264e+03   9.08304932e+02
   2.18920879e+04   3.27143631e+01   2.16774824e+04   2.45351582e+04
   2.21892700e+03   4.29293984e+04   9.02524141e+04   1.18024561e+04
   3.10929614e+03   2.78407080e+03   1.30000708e+03   1.55163457e+04
   1.54337881e+04   1.42452281e+05   8.43959766e+04   3.65619570e+04
   2.58928633e+04   3.27561426e+04   8.23316699e+03   1.84892786e+03
   1.14365375e+05   3.32692539e+04   1.64014999e+02   8.25426016e+04
   1.48035125e+05   1.01386688e+02   6.29378555e+04   8.52871250e+04
   3.23020668e+01   2.27220032e+02   1.28319250e+03   1.85318726e+02
   4.21315735e+02   1.04843604e+03   5.40762930e+04   3.63389355e+03
   4.08025122e+03   1.75973184e+04   4.18593203e+04   2.80986875e+04
   6.35667578e+03   8.94209297e+04   4.29761414e+02   1.29234533e+01
   3.62291406e+04   2.88252539e+03   1.35972034e+03   0.00000000e+00
   4.34403809e+02   1.00393176e+03   7.72502136e+01   3.03599262e+01
   4.86336445e+04   6.37849102e+04   8.64640391e+04   9.66205383e+02
   5.40504727e+04   1.34078796e+03   9.14649805e+03   5.40403271e+03
   1.57818838e+04   2.89977559e+04   8.26988281e+03   5.44394180e+04
   1.37803748e+03   1.69819766e+05   1.08605098e+04   2.79037628e+01
   1.25978721e+04   4.35441172e+04   2.34646875e+04   8.36412656e+04
   4.86670654e+03   1.59715344e+05   1.19403887e+04   7.12968594e+04
   7.51201953e+04   6.43088257e+02   2.17278076e+02   8.08515781e+04
   4.86030664e+04   7.27900314e+01   7.02248242e+03   1.71634583e+03
   5.51233149e+00   7.73229834e+03   1.40648694e+03   1.12096734e+05
   7.95839922e+04   4.56294067e+02   8.03865891e+01   1.84032242e+02
   8.97163574e+03   9.79933887e+03   1.27060445e+05   3.91290195e+04
   1.46770897e+01   2.81358093e+02   9.48774375e+04   6.58999658e+03
   1.54240150e+01   1.80415515e+03   1.39047861e+04   1.12244062e+05
   2.29831519e+03   3.35001392e+03   7.13954782e+00   7.07017517e+02
   8.19708130e+02   4.84984912e+03   1.73673457e+04   1.76384922e+04
   8.72371562e+04   3.91612539e+04   2.43054219e+04   4.08589966e+02
   6.62977829e+01   1.04645592e+02   3.47873906e+04   1.00525805e+05
   2.73772478e+00   7.52644104e+02   2.85030703e+04   3.24302521e+02
   7.33135071e+02   6.83335781e+04   4.25017871e+03   3.43836639e+02
   6.35666289e+04   9.36260620e+02   2.99447727e+01   1.94612383e+04
   6.14353867e+01   2.15038403e+03   8.73317812e+04   4.92593945e+04
   2.04026890e+01   5.52511797e+04   9.77596777e+03   5.66179541e+03
   9.80877914e+01   1.25278018e+04   1.18190883e+05   3.47401587e+03
   9.46160312e+04   1.14374906e+05   1.77691188e+05   4.52781172e+04
   4.50190664e+04   2.90498688e+02   5.34069492e+04   1.24472207e+04
   9.25989453e+04   4.54355408e+02   4.02437769e+03   4.83898281e+04
   2.92571045e+02   3.94282539e+04   4.88133008e+03   3.46898125e+04
   7.61039609e+04   1.61722424e+03   1.17644512e+04   5.50414705e+00
   7.30063049e+02   1.29989160e+04   2.06428125e+04   1.90431641e+02
   5.53074268e+03   6.15687500e+02   2.92596445e+04   7.12928894e+02
   1.04866736e+03   3.44508086e+04   4.51072314e+03   2.04587720e+03
   1.29915398e+05   1.28947754e+03   3.71658477e+04   3.34104297e+04
   6.61751797e+04   3.85531680e+04   5.78975334e+01   6.39771484e+02
   7.42218652e+03   3.08483081e+03   8.97256484e+04   5.49331592e+03
   7.98402500e+04   1.30943665e+03   3.08131274e+03   1.32720471e+03
   2.87815039e+04   2.17142773e+03   5.12334219e+04   1.02328906e+04
   8.74557520e+03   4.13455518e+03   3.93590271e+02   1.28719070e+02
   4.55015391e+04   1.90013203e+04   2.85887909e+02   2.19991328e+04
   3.43585864e+03   3.39654761e+03   5.16752246e+03   1.49525918e+04
   1.39459595e+03   2.46697693e+02   2.55082983e+03   2.12631588e+01
   9.75422656e+03   1.05237012e+04   3.10360879e+04   8.69389297e+04
   1.86841125e+03   2.06364600e+03   2.87862598e+03   1.18784863e+03
   4.72124786e+01   4.26606055e+03   4.63966172e+04   8.62396719e+04
   7.10615156e+04   6.60754883e+03   9.09401367e+03   1.44630005e+02
   2.45847416e+00   1.19659395e+01   2.59014746e+04   1.97209473e+04
   5.82388672e+03   1.48773621e+02   2.54746699e+04   1.57032061e+04
   5.15631653e+02   1.87239512e+04   5.31504258e+04   1.09974277e+04
   4.78102148e+03   1.03420420e+04   5.97172803e+03   6.22613984e+04
   5.92900781e+04   1.01083975e+04   3.62898438e+04   1.26938074e+03
   1.06286367e+05   2.23322998e+03   8.26097656e+02   1.11559600e+04
   8.54550781e+04   2.89442793e+04   2.76173535e+04   3.56403638e+03
   6.13284340e+01   8.60296814e+02   3.03040039e+04   8.86673438e+03
   2.51660977e+04   1.06820449e+04   1.07389590e+04   3.74027920e+00
   0.00000000e+00   2.90245137e+04   1.64361328e+02   1.13726343e+03
   5.40433252e+03   4.40703516e+04   3.69883130e+03   1.16204977e+05
   2.32991602e+04   0.00000000e+00   2.60804321e+03   0.00000000e+00
   2.11358472e+03   1.64162188e+04   9.61738892e+01   4.04929932e+03
   8.65513977e+02   1.23390215e+04   1.03035744e+02   3.50233179e+03
   2.66611699e+04   7.11954922e+04   1.38994116e+03   6.32929077e+01
   1.31965527e+03   4.70346826e+03   4.44049168e+00   1.52006821e+02
   1.12879375e+04   3.94570862e+02   3.02758008e+03   2.48200220e+03
   1.45327578e+04   9.40288672e+03   9.40908691e+03   0.00000000e+00
   3.79541718e+02   4.50144684e+02   7.77433438e+04   2.22057480e+04
   2.09568340e+04   3.52030063e+00   3.81444971e+03   8.79500580e+00
   1.88438477e+04   2.11044800e+03   1.24796344e+05   1.21296654e+02
   1.14870605e+04   4.62665070e+02   3.48686304e+03   6.60276367e+03
   5.64063281e+03   1.01322508e+05   7.68864380e+02   2.09197695e+04
   5.65237744e+03   2.09368408e+02   1.45429602e+01   1.41593252e+04
   4.31272119e+03   3.75983203e+04   4.56686377e+03   9.93399582e+01
   3.23487969e+04   1.17563379e+03   2.25596948e+03   1.58144641e+05]
[  4.21948584e+03   8.12896973e+03   1.00957129e+03   1.14683456e+02
   3.14472129e+04   0.00000000e+00   4.18891562e+04   2.84984668e+04
   9.32554453e+04   1.29969528e+02   5.40625183e+02   5.63057422e+03
   4.18285980e+02   7.80756719e+04   7.42378271e+03   2.63232651e+01
   1.26066602e+03   2.86060889e+03   8.98644653e+02   1.31905530e+03
   6.51243408e+03   5.15044434e+03   3.64275586e+03   9.07272949e+01
   9.66905518e+01   6.64760986e+03   1.21882922e+03   2.72054375e+04
   3.48670532e+03   5.58656555e+02   6.96433716e+02   5.37464661e+02
   8.31951111e+02   0.00000000e+00   3.52267334e+02   5.49021057e+02
   2.70670557e+03   2.64174728e+01   1.54622217e+04   2.96949768e+02
   1.95990332e+04   5.75650195e+03   4.05549805e+02   3.23431152e+04
   2.84799121e+03   1.29326294e+03   6.17810791e+03   1.14694817e+02
   1.10223218e+03   1.30905188e+03   7.02463196e+02   1.36770344e+00
   0.00000000e+00   1.07282607e+04   1.71692297e+03   1.15988928e+03
   6.39304443e+03   4.32955505e+02   9.38255310e+01   2.22338223e+00
   0.00000000e+00   3.88592804e+02   2.79344604e+02   1.21660754e+03
   4.92880768e+02   3.73641418e+02   1.00948643e+04   6.44312695e+03
   5.08282734e+04   1.42066101e+02   5.30200233e+01   5.94650820e+04
   5.07007027e+01   7.52875183e+02   2.12325806e+03   1.88521082e+03
   0.00000000e+00   7.81834229e+03   5.86973633e+02   1.99760803e+02
   9.64616516e+02   1.08520016e+05   3.63185859e+04   1.92684004e+04
   2.48398535e+03   4.77239265e+01   1.39596396e+04   1.12270898e+03
   2.48359619e+03   5.64943115e+02   2.28596094e+04   6.46113232e+03
   3.43819824e+03   1.06052506e+00   4.09758887e+03   3.77478638e+01
   5.79796265e+02   2.57683379e+04   9.37484277e+03   1.03440791e+04
   1.23790784e+03   9.24396973e+03   2.14805493e+03   7.70996237e+00
   1.66298233e+02   1.10583557e+03   9.49582129e+03   9.12978077e+00
   7.14617344e+04   9.04648359e+04   4.60908020e+02   1.69296158e+02
   6.90625977e+02   1.51605176e+03   9.48797969e+04   1.61268542e+03
   8.51842896e+02   3.33282300e+03   2.51009312e+01   6.08541992e+02
   1.50545166e+02   9.53417383e+03   1.74582214e+03   2.63831844e+01
   4.01039961e+04   5.66962585e+02   1.34931177e+03   2.64798706e+02
   1.62362442e+02   2.78772559e+04   2.05216293e+01   1.15684033e+03
   6.18382385e+02   7.43483301e+03   2.78170078e+04   3.30969810e+01
   2.11687271e+02   6.94616211e+02   1.45004326e+04   0.00000000e+00
   3.97871246e+01   2.49932678e+02   1.86675664e+04   4.21371002e+01
   1.12866250e+04   1.35654307e+04   8.70986621e+03   5.30537070e+04
   2.53899341e+03   1.66453503e+03   8.03270859e+04   8.55570508e+03
   2.44023965e+04   3.85555023e+02   3.36753113e+02   8.84651875e+04
   7.77847412e+03   1.80845977e+04   2.25103149e+03   4.74312012e+03
   8.65289160e+03   7.55473242e+03   0.00000000e+00   1.43344742e+02
   5.58916289e+04   4.22384082e+03   8.98725547e+04   9.27229919e+01
   4.41442334e+03   2.37726602e+04   5.59695496e+02   3.35736255e+03
   8.06364062e+04   2.24313301e+04   1.43113101e+00   1.45294763e+03
   1.83444373e+03   9.74157031e+03   1.73088147e+03   1.27462524e+03
   9.51638750e+04   1.44662244e+03   7.65048340e+02   0.00000000e+00
   1.94975488e+04   6.36536211e+04   1.21229813e-01   5.69387146e+02
   1.33525330e+03   5.78035508e+04   1.08860181e+03   7.87421448e+02
   4.13464012e+01   3.39193398e+04   7.51484326e+03   1.04445195e+04
   1.26176773e+02   2.16766777e+04   9.98569397e+02   6.94626250e+04
   3.45013867e+04   2.08089569e+02   2.58472080e+01   5.03905670e+02
   1.49393047e+04   6.31352600e+02   6.97389099e+02   3.44447241e+03
   3.32765259e+02   8.30175684e+03   2.81976392e+03   2.18145798e+02
   9.81800293e+03   1.05916660e+04   3.50181992e+04   8.15609609e+04
   3.48282383e+04   3.16808289e+02   2.87218170e+02   3.49943242e+04
   1.11160557e+04   9.07004318e+01   3.40588306e+03   1.60247406e+02
   6.64640674e+03   4.11082983e+00   7.28536035e+03   4.85800586e+04
   2.23669263e+03   5.21880615e+03   8.30628516e+04   1.37882251e+03
   2.78877960e+02   1.60471494e+04   6.12859917e+01   1.12039008e+05
   9.00931328e+04   4.70623535e+03   1.44289627e+02   2.94534454e+02
   4.66494238e+03   7.10252832e+03   8.92913147e+02   1.89364697e+03
   8.39834473e+03   5.69939648e+03   0.00000000e+00   6.99871016e+04
   2.59463100e+01   1.09872566e+02   2.05083765e+03   8.60505219e+01
   1.02711367e+04   3.91548309e+01   1.22467995e+01   2.54911453e+02
   3.34081024e+02   3.85479688e+03   3.16355444e+03   1.11869902e+04
   1.36017761e+03   2.89363037e+03   2.72646045e+03   1.13507874e+03
   9.21834656e+02   1.25069414e+04   2.27101715e+02   2.93789609e+04
   8.48889648e+03   5.32786328e+03   2.67672546e+02   5.51150146e+02
   2.67769922e+03   8.27714920e+00   6.21039331e-01   1.43333254e+01
   1.93708125e+04   0.00000000e+00   3.46511450e+03   1.16694336e+04
   2.94761743e+03   4.93777466e+01   2.73459336e+04   0.00000000e+00
   3.03101177e+01   9.32445898e+03   0.00000000e+00   1.84020273e+04
   6.16648865e+02   2.36996191e+03   7.36098862e+01   4.58815332e+03
   9.12213281e+04   9.69377637e+03   6.23795361e+03   1.63420840e+04
   5.38733242e+04   2.24602002e+03   3.23055847e+02   2.37223608e+03
   2.73374939e+00   2.40338281e+03   2.50290645e+04   0.00000000e+00
   5.01484717e+03   2.23354883e+04   1.40269678e+03   1.06099406e+05
   1.96748962e+01   2.94716461e+02   1.82653275e+02   4.64810791e+03
   2.39076309e+04   1.13623207e+02   1.43804163e+03   3.87471405e+02
   6.67993203e+04   1.19603789e+00   2.80488403e+02   9.97696686e+01
   3.28919189e+03   1.53708252e+04   2.81690156e+04   1.47756689e+04
   1.01576977e+05   3.93288330e+02   2.04091296e+03   1.56593242e+04
   1.01965582e+03   2.07976437e+01   9.57519688e+04   3.62373398e+04
   4.67926666e+02   4.89993750e+03   2.03949219e+04   3.42526343e+03
   0.00000000e+00   5.15620752e+03   1.26548149e+02   2.94405853e+02
   2.61090684e+04   1.37871533e+04   2.02040088e+03   3.74646953e+04
   5.25786829e+00   3.23190063e+03   1.24965076e+03   2.34000117e+04
   7.49522734e+04   9.68240601e+02   7.56545593e+02   1.68081580e+03
   1.21730945e+03   5.05383105e+03   1.08794969e+05   5.26958789e+04
   2.22553662e+03   5.49686523e+02   4.82949023e+03   2.15480499e+01
   6.16389746e+03   1.35554456e+03   1.42074847e+00   3.74740631e+02
   2.12301094e+04   3.26198926e+04   3.88032886e+03   1.65188145e+04
   2.13597382e+02   3.10631738e+04   5.68847990e+00   1.28881465e+04
   3.36703662e+03   9.96054297e+04   8.37200500e+02   1.50779700e+03
   8.97018967e+01   6.58287476e+02   2.31675562e+03   2.06936113e+04
   2.56972324e+04   8.47348242e+03   9.82705975e+00   8.43561279e+02
   1.08602612e+03   2.22296816e+04   5.09750078e+04   2.88402173e+03
   7.33846484e+04   2.81471045e+03   0.00000000e+00   0.00000000e+00
   8.49267188e+03   7.49940088e+03   3.27929321e+03   5.64089600e+03
   4.18729590e+03   3.95938797e+01   1.75738647e+02   1.40196057e+03
   4.98315094e+02   3.03265259e+03   1.85678086e+04   2.40300371e+04
   6.96693115e+03   1.29566736e+01   7.86005625e+04   4.91505981e+02
   4.93791113e+03   2.29103813e+01   1.68936694e+03   1.58825342e+03
   4.94689795e+03   9.10668164e+03   9.45208817e+01   5.79454340e-02
   1.19863052e+02   2.79563208e+03   7.23152832e+03   1.93324341e+02
   1.02663831e+03   3.14499756e+02   6.38182910e+03   4.44804736e+03
   3.90120923e+03   2.87368789e+04   4.56207184e+02   1.86768603e+00
   2.62148071e+03   1.24840134e+02   2.44211060e+03   5.09826211e+04
   5.82915576e+03   1.93121628e+02   5.78064819e+02   3.80066626e+03
   1.13497668e+03   1.03532153e+03   7.06667344e+04   1.50728984e+04
   7.71364014e+03   1.13602332e+03   3.22160938e+03   3.53242676e+03
   1.21311865e+01   9.28772888e+02   2.00392236e+03   1.00358264e+03
   7.12667297e+02   5.65901184e+02   0.00000000e+00   4.70760864e+02
   3.24692416e+00   0.00000000e+00   2.70063359e+04   2.33309412e+00
   0.00000000e+00   1.20560474e+03   6.82900620e+00   2.49328949e+02
   1.55085381e+04   1.03041626e+03   1.02079619e+04   7.19562012e+02
   7.85995391e+04   3.62180664e+04   1.81127576e+03   5.46287549e+03
   1.83909332e+02   2.32990723e+04   2.67563730e+04   2.49959808e+02
   8.57446289e+02   5.84681273e+00   1.23838416e+03   1.12865762e+04
   3.24454858e+03   5.15835144e+02   2.79674780e+03   0.00000000e+00
   8.45280273e+03   1.27014834e+04   1.37884924e+03   2.42503891e+02
   9.77014404e+02   7.28634277e+02   5.71580430e+04   5.75575352e+00
   4.04807404e+02   1.05962540e+02   1.11433555e+05   1.11989277e+04
   3.14189789e+02   5.55362549e+02   6.51878548e+00   1.17485557e+04
   1.52857239e+03   4.29662170e+01   1.20969849e+03   6.73113916e+03
   1.05817529e+03   1.81526270e+03   1.68407089e+02   9.71941101e+02
   1.04873633e+03   1.29201312e+05   1.35309954e+01   5.27006653e+02
   0.00000000e+00   1.55750977e+04   4.25191992e+03   7.06975781e+03]
[  1.24037819e+02   1.15460156e+04   6.42411377e+02   2.58067554e+03
   9.37467957e+02   2.54687129e+04   2.25055191e+02   1.52792246e+04
   8.87913965e+03   5.04947031e+04   1.55865881e+03   1.87897278e+02
   7.73252148e+03   4.09577500e+04   4.67023145e+03   7.05708557e+02
   2.28431567e+03   1.99279785e+03   6.96256172e+04   1.44179150e+03
   4.35861206e+00   5.71875732e+03   4.44068451e+02   1.65973047e+03
   1.50979688e+04   2.08123817e+01   1.61988291e+04   1.29208542e+02
   4.54913818e+02   2.63589160e+03   2.46465747e+03   3.08323413e+03
   2.99701221e+03   0.00000000e+00   3.63961279e+03   2.50358017e+02
   1.40553577e+03   8.17360078e+04   1.24524629e+00   6.40468896e+03
   1.04164639e+04   4.24417419e+01   0.00000000e+00   1.81099915e+02
   1.30391084e+04   7.90087769e+02   7.81200928e+03   1.39363643e+04
   3.70616302e+02   5.20085983e+01   1.13701038e+03   4.32842529e+03
   8.55547943e+01   1.16305352e+04   1.87552578e+04   3.41543984e+04
   7.98345520e+02   8.71114355e+03   2.21295052e+01   2.88370752e+03
   2.09778735e+03   1.55226709e+03   1.30509033e+03   1.75466019e+02
   5.06898584e+03   6.72672424e+02   3.07461121e+02   1.98195572e+02
   9.86923904e+01   2.27682457e+01   7.31384033e+02   1.99142617e+04
   3.30749258e+04   2.72049530e+02   3.18778691e+04   3.21035156e+01
   7.82728043e+01   2.57220490e+02   6.72415314e+01   2.25169316e+04
   8.60902710e+02   4.26514766e+04   2.66694570e+04   1.04495137e+04
   7.61557344e+04   1.90822891e+02   2.50037231e+03   1.65928516e+04
   1.71263887e+04   3.13917402e+04   5.40501237e-01   3.35034741e+03
   4.19442871e+02   1.33003184e+04   2.00775220e+03   9.94811816e+03
   1.89403965e+04   1.35696352e+00   1.20575225e+04   9.42511658e+02
   2.23276558e+01   1.61559082e+03   2.50726303e+02   7.72123682e+03
   3.49181671e+01   2.04085445e+01   1.31963782e+03   4.48528398e+04
   1.94939861e+01   2.32645352e+04   2.80285889e+02   7.35472188e+04
   5.81766357e+03   7.48718948e+01   1.36514473e+01   7.09581970e+02
   5.07056824e+02   2.92599785e+04   9.56757690e+02   5.42049484e+01
   6.68264568e-01   5.84378052e+02   9.29891113e+03   5.05498390e+01
   2.85537445e+02   1.06483027e+04   3.81592102e+02   3.00936279e+01
   1.03973071e+03   1.68812317e+02   2.41785508e+04   9.13319519e+02
   9.91995544e+01   3.37550806e+03   1.13228015e+03   7.18816895e+03
   4.53408008e+04   1.84872091e+00   6.85521011e+01   9.95859604e+01
   2.31812763e+00   1.27625175e+02   2.65673462e+02   4.56980438e+02
   7.97324982e+01   4.45403369e+03   3.64598315e+03   0.00000000e+00
   8.44653687e+02   5.31348320e+04   6.18188934e+01   6.00325867e+02
   1.59423071e+03   1.49344434e+03   4.63937256e+02   2.08176797e+04
   1.98876572e+01   6.07435547e+02   4.28077911e+02   1.31506045e+04
   7.58807449e+01   3.74546173e+02   1.95359390e+02   9.39973640e+00
   5.49014766e+04   6.18423729e+01   1.96624634e+02   6.72531885e+03
   8.79666699e+03   2.31730059e+04   0.00000000e+00   2.85001526e+01
   9.19029688e+03   8.43149841e+02   4.67754364e+01   3.97495532e+03
   4.46595430e+04   5.10359131e+02   5.10919883e+04   5.04243652e+03
   3.87293516e+04   2.95466680e+04   6.71838999e+00   4.70243750e+03
   2.76727588e+03   5.11002254e+00   2.90640723e+03   4.10814844e+03
   7.44354963e-01   3.38627960e+02   3.29333496e+02   1.72991608e+02
   1.66239551e+03   8.36828516e+03   1.07798657e+03   1.87107676e+04
   2.14307666e+03   7.14020142e+02   3.32728882e+02   5.06327637e+03
   2.63591528e+03   1.36306323e+03   1.78340552e+03   0.00000000e+00
   2.31404395e+03   2.43878784e+02   4.34008350e+03   2.63483179e+03
   6.15750586e+03   7.03989141e+04   1.75688858e+02   7.11215271e+02
   6.06037451e+03   1.86743823e+03   2.01890869e+01   1.19691182e+04
   7.87607656e+04   6.13368912e+01   2.13375702e+02   3.29236060e+03
   1.65439727e+04   1.10127350e+02   3.06111298e+01   1.85045056e+03
   3.86089264e+02   1.36011124e+02   1.18887421e+02   1.27579659e+02
   5.13622681e+02   5.53375359e+01   2.40373871e+02   1.18316689e+02
   1.36742957e+03   1.85661148e+02   5.68292923e+01   3.13414898e+01
   1.06326118e+02   4.20650543e+02   1.09997803e+03   6.73970642e+01
   1.31712475e+01   4.16051826e+01   1.03277368e+03   5.27175195e+04
   4.34135742e+04   1.17933643e+04   2.63151794e+02   1.33342871e+03
   1.01888895e+01   2.46290436e+02   5.64783997e+02   1.22349258e+02
   9.89124414e+03   1.01462762e+03   0.00000000e+00   6.73240906e+02
   4.46711719e+03   8.28291473e+01   1.51102539e+03   4.42498512e+01
   6.75627258e+02   1.78630798e+03   3.46104340e+02   1.03165092e+01
   5.53906797e+04   3.13210913e+03   4.22146367e+04   2.03260205e+03
   3.68606763e+03   4.38858986e+00   2.05937790e+02   1.05257471e+03
   1.50767838e+02   1.28057098e+01   5.53478555e+04   6.59121704e+02
   2.97406592e+03   8.33470947e+02   6.25825195e+03   1.07757480e+04
   5.83574463e+02   2.97146301e+02   1.30480347e+03   8.46047578e+04
   1.59499878e+03   2.25325415e+03   8.92028418e+03   8.16240356e+02
   7.01008606e+02   1.67986699e+04   1.71408167e+03   2.92787036e+03
   1.78342246e+04   1.18505481e+03   7.69108658e+01   1.09097986e+03
   1.78428198e+03   1.83268018e+03   6.38043555e+03   6.90407705e+00
   2.87599182e+00   6.49047119e+02   9.01845117e+03   1.92226654e+02
   2.16980801e+04   6.01761484e+04   1.40780090e+03   2.25516406e+03
   5.56040967e+03   5.48425635e+03   2.25907421e+00   6.71185596e+03
   5.78778982e-01   4.57390088e+03   4.26916455e+03   2.17236660e+04
   1.16205273e+03   6.29931445e+03   4.38622894e+02   1.85923633e+04
   9.67744727e+03   2.38563535e+04   2.69262817e+03   3.06017031e+04
   6.71604004e+01   9.22366333e+02   3.35731885e+03   1.61170776e+03
   1.04636707e+03   2.39523392e+02   1.21658115e+04   7.13956738e+03
   0.00000000e+00   3.55565430e+03   2.98955475e+02   1.34277246e+03
   5.54168015e+01   1.22390234e+04   1.97320239e+03   2.43247227e+04
   4.54608945e+04   1.24712598e+03   2.93414001e+02   8.81247406e+01
   1.58787117e+01   2.54038284e+02   3.29640000e+04   9.73661560e+02
   9.88251270e+03   6.12008887e+03   4.39619678e+03   7.68274531e+04
   2.62250397e+02   2.18810181e+03   1.34259827e+03   4.13580719e+02
   1.57617129e+04   2.14972168e+03   2.59722695e+04   4.09773350e+00
   6.22672070e+04   4.30833588e+02   3.89730547e+04   1.62457678e+03
   1.04763447e+04   3.30241486e+02   1.22031227e+02   7.05576318e+03
   2.27675171e+02   2.04190186e+03   6.25764343e+02   3.51671484e+03
   4.54513275e+02   7.96446387e+03   5.74310303e+02   1.24813727e+05
   1.73597285e+04   1.69719141e+03   8.28529102e+03   1.34987915e+03
   5.10366516e+01   1.55762906e+05   7.18915332e+03   7.25975403e+02
   7.70560303e+02   8.63148730e+03   8.71034393e+01   2.24536419e+00
   8.06826477e+02   1.24172864e+03   7.28830156e+04   5.34338965e+03
   2.06152856e+03   4.69018516e+04   8.16970156e+04   2.62439251e+01
   5.21408348e+01   1.29097539e+04   5.18417773e+03   9.20883789e+03
   2.91344025e+02   3.16178457e+04   3.23361206e+03   3.07658154e+03
   1.35058069e+00   2.96486660e+04   5.85919876e+01   2.11513745e+03
   1.07443567e+03   1.31885986e+03   2.10486523e+03   1.77646641e+04
   1.68393281e+04   1.67643420e+03   2.20578247e+03   0.00000000e+00
   2.79539624e+03   2.90797363e+02   0.00000000e+00   3.25306366e+02
   2.21677521e+02   3.74724180e+04   7.09078174e+03   4.26393652e+00
   3.80411896e+02   1.25146953e+04   2.23877396e+02   7.37034378e+01
   2.95644751e+03   6.61395215e+03   5.66152500e+04   6.56560974e+01
   1.31468242e+04   4.97179810e+02   2.82606564e+01   3.40692108e+02
   5.13512077e+01   0.00000000e+00   2.00543086e+04   1.26335502e+00
   1.23199898e+02   1.77321915e+02   5.42676582e+01   1.06425629e+01
   5.59400330e+01   1.73139062e+04   4.25252045e+02   8.59645142e+02
   1.99304175e+03   3.71158047e+04   3.78047363e+02   1.03738989e+03
   2.00654068e+02   1.57049906e+05   3.26822383e+04   2.74158287e+01
   4.37697705e+03   4.46796875e+03   3.33934297e+04   7.60126611e+03
   2.43890352e+04   1.22466230e+04   1.20243408e+04   1.65274475e+03
   1.37789609e+04   3.58935742e+03   5.07225983e+02   1.77708435e+02
   4.19225555e+02   4.04747391e+01   1.30277822e+04   1.60796904e+04
   1.68743340e+04   2.32440645e+04   8.55549011e+02   3.24692749e+02
   5.83465637e+02   1.23483240e+03   1.27334509e+03   3.54941992e+04
   4.79745557e+03   1.18083763e+02   1.44877002e+04   3.66084595e+02
   2.70350623e+00   0.00000000e+00   5.54981104e+03   8.65897766e+02
   2.07667163e+03   5.89099219e+03   5.11138984e+04   2.52417812e+04
   8.52679102e+03   1.98187317e+03   1.41369644e+02   1.50069861e+03
   2.77130444e+03   9.37212982e+01   2.71489697e+03   7.28338770e+03
   2.39809141e+04   2.36583184e+04   1.21222544e+01   1.55536938e+03
   2.31547676e+04   1.25375645e+04   3.92924469e+02   3.04272289e+01
   4.75910767e+02   3.75303802e+01   1.43092911e+02   1.86570742e+04]
[  3.49225922e+02   3.61620450e+00   0.00000000e+00   4.87004004e+03
   4.14450073e+01   1.34148016e+01   1.02738714e+00   0.00000000e+00
   4.44945129e+02   1.95003098e+02   4.24399490e+01   5.34422424e+02
   6.47623444e+00   2.26341766e+02   8.93267059e+00   7.74082661e+00
   5.28349102e-01   9.50519562e+01   0.00000000e+00   0.00000000e+00
   4.52456970e+02   1.52706377e+04   4.58788770e+03   1.65764862e+02
   0.00000000e+00   0.00000000e+00   0.00000000e+00   8.21350220e+02
   1.40194687e+02   1.50674731e+03   6.78832666e+03   1.30648499e+02
   1.72255554e+03   1.80884689e+02   2.07327294e+00   2.39337354e+03
   9.70927811e+00   1.11802100e+04   2.00691504e+03   1.51642810e+03
   5.31440527e+03   1.36632195e+01   2.78336426e+03   6.97870911e+02
   8.36294937e+00   9.90467358e+00   2.74672119e+03   8.47506638e+01
   2.53110275e+01   8.02055931e+00   5.26752853e+01   2.14264941e+03
   0.00000000e+00   8.21322632e+01   1.49248810e+02   8.06088181e+01
   5.13115137e+03   5.98460815e+02   0.00000000e+00   2.00004089e+02
   6.37063293e+01   2.68861866e+00   2.29446745e+00   4.80313477e+02
   5.87213707e+01   2.69865039e+03   8.33201694e+00   0.00000000e+00
   1.98615875e+02   1.66316711e+03   2.95789062e+02   8.14049149e+01
   5.53886108e+01   2.82727081e+02   0.00000000e+00   5.77108032e+02
   5.97285652e+00   8.91690491e+02   0.00000000e+00   1.25909538e+02
   0.00000000e+00   3.27814369e+01   3.42688843e+02   1.53621460e+03
   6.58372269e+01   7.00308323e+00   1.64777994e-01   4.71922207e+00
   1.07645010e+04   2.05514511e+02   1.15415742e+04   2.51504639e+02
   1.51741416e+04   3.14575897e+02   0.00000000e+00   5.19076477e+02
   1.23031777e+04   2.18076319e-01   3.69262939e+03   2.11615845e+02
   1.04421118e+03   7.12188721e+01   2.04930353e+00   6.70409083e-01
   1.19336670e+03   1.85721570e+03   0.00000000e+00   2.10094223e+02
   2.04175782e+00   0.00000000e+00   8.20556927e+00   1.14271812e+02
   2.73225806e+03   4.18318408e+03   7.03858109e+01   0.00000000e+00
   2.31140942e+03   8.83475525e+02   7.29948282e+00   1.05424171e+02
   0.00000000e+00   2.30521637e+02   4.66661930e-01   8.01437283e+00
   7.17175627e+00   3.73189354e+01   7.31580877e+00   0.00000000e+00
   5.45406380e+01   1.13703528e+03   1.25257996e+03   6.72921631e+02
   1.41708922e+00   1.27673292e+01   1.27854889e+02   3.67108841e+01
   1.34839531e+04   3.49552368e+02   3.96177521e+01   3.76005615e+02
   3.57146558e+03   7.30517197e+01   7.47978516e+01   4.56767529e+03
   2.35873432e+01   0.00000000e+00   2.39874763e+01   2.98592567e+00
   3.55363965e+00   2.46316338e+01   0.00000000e+00   5.78708344e+01
   1.58972336e+02   3.64248896e+00   1.58762321e+01   2.00469303e+00
   9.92635742e+02   1.13650484e+01   6.07068920e+00   3.53544998e+01
   1.92054138e+01   6.14041557e+01   1.59239463e+04   7.94605164e+02
   2.17171509e+03   1.00419824e+04   0.00000000e+00   4.03965601e+03
   4.20555420e+02   5.50202588e+03   2.10084057e+01   4.17558105e+03
   9.10908661e+01   3.21552612e+02   1.73781719e+01   5.62609482e+00
   7.55435867e+01   4.57319021e+00   9.48847656e+01   0.00000000e+00
   5.19019318e+00   2.42448291e+03   0.00000000e+00   1.99720044e+03
   3.03495941e+02   8.64445801e+03   1.54194279e+01   8.19587994e+00
   4.61681494e+03   3.74318054e+02   1.61159954e+01   5.15122032e+00
   1.30971155e+03   1.21104301e+02   7.35485657e+02   3.55954346e+02
   4.46045647e+01   1.52837988e+03   1.48573181e+03   4.77707275e+03
   4.34364204e+01   1.50694248e+04   7.53063869e+00   1.53066845e+01
   2.38750668e+01   7.35896072e+01   1.25318982e+03   3.30050366e+03
   0.00000000e+00   2.69800830e+03   4.35607568e+03   1.32751050e+03
   0.00000000e+00   9.11669135e-01   3.59008446e+01   3.50234229e+03
   2.16307861e+02   3.70532036e+01   5.55560887e-01   2.34664246e+02
   9.03112488e+01   5.22527161e+01   2.33276169e+02   3.64148307e+00
   5.86649121e+03   8.24975098e+03   2.03471139e-01   6.16725445e+00
   4.07474965e-01   6.11012573e+02   3.06013813e+01   3.23094574e+02
   2.37175159e+01   6.98210388e+02   2.68945166e+03   1.05152618e+02
   1.88232250e+01   1.21530244e+04   0.00000000e+00   7.06624817e+02
   0.00000000e+00   1.45477764e+04   1.31707047e+02   1.84298053e-01
   0.00000000e+00   3.27138275e+02   9.52786035e+03   0.00000000e+00
   3.85099435e+00   4.69953394e+00   3.94951074e+03   3.76744755e-02
   0.00000000e+00   8.91545639e+01   1.00705318e+01   9.28788025e+02
   1.51186926e+03   3.94686165e+01   2.11940789e+00   1.05543145e+04
   3.31491013e+01   8.53689194e+01   0.00000000e+00   0.00000000e+00
   6.80249095e-01   0.00000000e+00   0.00000000e+00   1.27136475e+03
   7.40204346e+02   1.34963348e+02   3.81005216e+00   6.01093262e+02
   1.98618908e+01   1.34169590e+04   2.05197656e+03   4.53833914e+00
   5.26739502e+03   7.90977097e+01   2.54018822e+01   1.01669562e+00
   6.51775665e+01   1.00192273e+03   1.18687646e+04   1.68954117e+02
   6.16541862e-01   1.90679321e+02   1.59007422e+03   5.85482483e+01
   0.00000000e+00   6.34304619e+00   2.77761353e+02   2.11841064e+03
   1.11377039e+03   4.17353973e+02   0.00000000e+00   0.00000000e+00
   1.81540863e+02   2.78949554e+02   4.99750977e+01   3.98843765e+00
   7.52821533e+02   1.84415405e+02   8.39042676e+03   0.00000000e+00
   2.12081757e+02   0.00000000e+00   8.64517746e+01   0.00000000e+00
   1.00721543e+04   0.00000000e+00   1.34422939e+04   1.80881691e+01
   2.87664051e+01   0.00000000e+00   3.20580673e+00   6.39201074e+03
   4.69336865e+03   3.80462061e+03   1.23215202e+02   1.02014570e+01
   2.70211499e+03   1.05079491e+02   8.82154770e+01   6.37898178e+01
   3.68215424e+02   0.00000000e+00   1.38219604e+01   2.51841087e+01
   1.91035980e+02   2.72966633e+01   6.95481300e+00   6.59624121e+03
   1.35299698e+02   1.05020911e+03   1.26991676e+02   2.87266064e+03
   9.27757324e+02   1.81735938e+03   6.71775781e+03   1.75723541e+02
   1.85397278e+03   0.00000000e+00   2.17306557e+01   2.06725922e+01
   2.47277588e+03   1.69211042e+00   3.50274268e+03   1.16283218e+02
   4.32046021e+02   1.32354141e+02   8.41058884e+01   0.00000000e+00
   3.97247021e+03   7.38062973e+01   0.00000000e+00   7.00229034e+01
   7.06924219e+03   5.32098633e+03   7.70737549e+03   1.20572071e+01
   4.32322083e+01   2.03174973e+00   2.01590672e+01   2.85935852e+02
   6.59764893e+02   2.92409444e+00   0.00000000e+00   3.30477386e+02
   1.89381866e+02   0.00000000e+00   1.39647141e+02   2.82660938e+03
   5.52067566e+00   1.15436928e+02   2.65117455e+01   1.29681168e+02
   2.01894808e+00   1.41074057e+01   1.73611031e+01   1.85502625e+02
   2.08551998e+01   1.64718320e+04   3.06269855e+01   8.82283398e+03
   1.79589844e+03   1.36962598e+03   2.58485376e+03   3.49218025e+01
   3.21189062e+03   6.17612976e+02   5.43984863e+02   2.06507759e+01
   1.10105202e+02   0.00000000e+00   8.72365189e+00   3.39784584e+01
   0.00000000e+00   1.52673864e+00   1.67771454e+02   5.75145302e+01
   1.76134186e+02   1.46477490e+03   8.96966895e+03   5.09068203e+00
   8.46079941e+01   6.18001709e+01   1.95804794e+02   1.43548508e+01
   1.66422768e+01   1.14128438e+04   3.38682861e+01   2.46082230e+01
   2.01651192e+01   6.56416138e+02   4.29280322e+03   1.23330284e+02
   4.60977441e+03   6.21062660e+00   9.87177086e+00   0.00000000e+00
   1.82072168e+04   9.59044556e+02   4.23575706e+01   3.04588556e-01
   4.64507263e+02   3.17941284e+02   0.00000000e+00   2.76373768e+00
   7.99869967e+00   8.76690247e+02   3.55415869e+03   3.52064133e+01
   1.88474304e+02   1.98396130e+03   7.60381165e+02   6.65662308e+01
   8.73725357e+01   1.19100159e+03   1.25345908e+04   4.94020615e+01
   5.38991013e+01   3.12097144e+00   2.12904186e+01   2.11596344e+02
   5.64066963e+01   2.74113804e-01   7.64517188e+03   6.41604053e+03
   1.29685166e+04   0.00000000e+00   3.63464844e+02   1.00941170e+02
   2.37702979e+03   3.75729465e+00   8.33307007e+02   5.76552307e+02
   1.60363026e+01   1.30574658e+04   5.00000343e+01   1.74258911e+03
   0.00000000e+00   5.20256409e+02   9.17496719e+01   5.74803276e+01
   9.79678711e+03   1.17899809e+01   5.97795944e+01   0.00000000e+00
   0.00000000e+00   4.35596008e+02   1.17419884e+02   3.05165815e+00
   1.90404007e+02   4.96376416e+03   1.57865673e-01   2.04665857e+03
   3.69561401e+02   5.61169739e+02   3.44484448e+03   9.05155716e+01
   5.66384473e+03   1.34325943e+02   1.62376999e+02   8.66521988e+01
   1.32487091e+02   2.21628516e+03   8.54547348e+01   4.98058984e+03
   3.57134748e+00   3.92067051e+00   4.98734512e+01   4.79710645e+03
   9.54176178e+01   3.52102041e+00   7.64113045e+00   0.00000000e+00
   3.97348877e+03   1.85269897e+02   9.26075195e+02   8.27476172e+03
   2.14169067e+02   1.44159225e+02   2.59178613e+03   3.91190942e+03
   0.00000000e+00   6.02307031e+03   9.72991180e+00   1.49237518e+02
   0.00000000e+00   1.14796650e+04   1.86194668e+01   2.78079926e+02]
[  5.99741631e+01   9.02396057e+02   5.35389519e+01   3.15963379e+02
   5.20158043e+01   1.08368298e+03   2.96587620e+01   2.61088013e+02
   4.12733383e+01   4.06901665e+01   1.05464795e+03   4.46976166e+02
   3.85429614e+03   2.15423935e+02   3.89663892e+03   5.30356384e+02
   1.04522772e+01   2.70082123e+02   9.03049927e+02   1.97841888e+02
   9.56371384e+01   8.34588470e+01   5.35345020e+03   8.92992172e+01
   7.53498230e+01   8.18809738e+01   1.80519581e+01   1.88838081e+01
   6.75547363e+03   7.18836355e+00   6.74792004e+00   7.96349182e+01
   4.74039502e+03   1.34382782e+02   3.33422737e+01   7.16348328e+02
   7.15136426e+03   2.00653768e+00   1.99379754e+00   1.79428455e+03
   4.01419116e+03   5.67971191e+02   0.00000000e+00   0.00000000e+00
   2.67226620e+01   3.70526428e+02   2.94944189e+03   4.08775902e+01
   7.66742554e+01   2.54225063e+01   7.99674835e+01   8.36131287e+01
   1.56199329e+03   1.08079858e+03   4.11871765e+02   5.11379736e+03
   1.57286634e+01   1.57536764e+01   2.07597290e+03   4.78173730e+03
   2.87531226e+03   2.11617584e+02   6.41737793e+03   1.53125548e+00
   1.62383890e+00   3.81044037e+02   6.46654892e+01   1.61108398e+02
   9.88293304e+01   6.95023743e+02   1.72993726e+03   1.01820740e+03
   2.36701538e+02   3.10587387e+01   7.45915375e+01   1.63587573e+03
   2.11973694e+02   4.26786407e+02   4.40795361e+03   1.86476961e-01
   2.80645008e+01   2.30711365e+02   2.49509277e+03   4.63305092e+01
   1.50443542e+03   4.81231543e+03   1.07741142e+02   6.79533310e+01
   3.64510864e+03   5.11091156e+02   2.19416412e+02   3.38232025e+02
   0.00000000e+00   3.27715991e+03   4.32357407e+01   2.06261826e+01
   4.54109192e+02   4.75609619e+03   1.35467758e+02   1.35744293e+02
   3.72334123e+00   7.64231968e+00   1.16268776e+02   5.24872398e+00
   1.49155872e+03   0.00000000e+00   4.68745537e+01   5.98516650e+03
   3.46768433e+03   2.72061096e+02   6.94164856e+02   2.58197289e+01
   2.17072656e+03   8.69988403e+02   4.94215546e+02   0.00000000e+00
   4.83235970e+01   6.72610245e+01   2.85840381e+03   4.91182060e+01
   7.05306320e+01   2.40994775e+03   0.00000000e+00   2.26465111e+01
   1.18063526e+01   4.70579407e+02   6.34113274e+01   5.30713074e+02
   5.75348926e+03   7.39410758e-01   2.23177872e+02   2.69956299e+03
   1.04296301e+03   1.07070656e+01   9.37853223e+03   4.79548752e-01
   7.26687670e+00   3.24052643e+02   1.30204056e+02   6.32835448e-01
   5.55978223e+03   0.00000000e+00   8.72872986e+02   1.43062347e+02
   2.68974945e+02   1.23170900e+00   8.06984246e-01   4.92060518e+00
   0.00000000e+00   4.29440269e+01   2.83493304e+00   7.45077087e+02
   2.18056732e+02   2.72725732e+03   2.22387878e+02   1.67976807e+03
   1.20300989e+03   5.59318590e+00   1.66947253e+03   2.40621689e+02
   1.08127307e+03   3.14529272e+03   2.78410320e+01   2.71972992e+02
   4.72105078e+03   1.27107715e+03   2.18114410e+02   6.97853241e+01
   9.80599213e+01   1.60102490e+03   4.08667816e+02   7.36522019e-01
   5.29815857e+02   1.24117050e+01   8.37394562e+01   8.69871330e+00
   0.00000000e+00   4.80250195e+03   2.80340973e+02   1.04994230e+01
   7.74667816e+01   5.87624054e+01   3.39653492e+00   2.61375656e+01
   3.92807690e+03   9.65400696e-01   1.66765915e+02   2.99349546e-01
   0.00000000e+00   5.24304161e+01   1.93284953e+00   2.00740662e+02
   4.18420525e+01   1.29175873e+02   3.31194458e+02   1.45631134e+02
   3.51384354e+01   2.72464790e+01   2.94601288e+01   2.11612206e+01
   9.18195572e+01   3.96007294e+02   2.53554368e+00   0.00000000e+00
   6.44431076e+01   4.09823036e+01   0.00000000e+00   2.50263611e+02
   6.47128725e+00   1.81610680e+00   2.08883887e+03   2.68449524e+02
   3.25757861e-01   2.66762793e-01   3.91530571e+01   6.18469238e+01
   5.51856918e+01   6.07859924e+02   2.31749695e+02   1.25244766e+02
   4.43996155e+02   1.14813855e+03   1.98765091e+02   1.54194885e+03
   5.92605171e+01   1.70880737e+01   2.58925928e+03   7.85849838e+01
   3.16271289e+03   3.90579297e+03   3.16714307e+03   4.32000694e+01
   0.00000000e+00   6.39365845e+01   3.88748199e+02   1.38042529e+03
   1.27544470e+03   1.68765106e+01   3.22855542e+03   6.02668945e+02
   2.19053345e+01   2.01839935e+02   4.47430878e+02   0.00000000e+00
   6.30502930e+02   1.14189807e+03   5.18914001e+02   0.00000000e+00
   5.45280579e+02   2.38013649e+00   6.39773905e-02   4.95536621e+02
   1.64137842e+03   8.39501262e-01   4.31877708e+01   7.90742480e+03
   2.31500483e+00   3.82374359e+02   1.20579178e+02   4.96619492e+01
   4.72720801e+03   0.00000000e+00   6.27041113e+03   8.45721359e+01
   5.10722828e+00   4.92841530e+01   5.01361206e+02   1.56716174e+03
   6.76094513e+01   7.32000977e+02   2.69313393e+01   5.41294434e+02
   0.00000000e+00   2.69643366e-01   1.05808716e+02   1.01590630e+02
   5.40275497e+01   6.41744690e+01   1.02169171e+03   5.77857544e+02
   6.80271530e+00   8.64381561e+01   5.16413770e+03   4.72386026e+00
   0.00000000e+00   2.91053418e+03   2.20986984e+02   3.09821820e+00
   4.08559644e+03   2.89570370e+01   3.03491440e+01   5.79123378e-01
   4.18346771e+02   4.01774078e+02   5.27112549e+03   4.85566254e+01
   1.61443347e+03   2.91931305e+02   1.14055717e+02   9.12046021e+02
   3.22053882e+03   1.64691333e+03   1.00116283e-01   2.48593831e+00
   5.14019531e+03   4.37362598e+03   8.71617773e+03   3.43207550e+02
   3.80559659e+00   3.57672150e+02   2.51785690e+02   6.94110155e+00
   4.04231405e+00   6.90427475e+01   3.90450134e+01   7.74188232e+02
   1.31940051e+03   1.67761414e+02   7.96977661e+02   8.80399036e+00
   1.27215171e+00   1.40834656e+03   1.66196861e+01   4.04621338e+03
   3.50302544e+01   3.01765198e+02   1.30634094e+02   2.92770977e+01
   6.55606937e+00   1.86741318e+02   4.29440498e+00   3.71567955e+01
   1.14267151e+02   8.61789703e+01   3.40454773e+02   2.71551895e+01
   2.57331146e+02   3.33543884e+02   5.63859215e+01   2.36267285e+03
   1.20820557e+03   1.37822876e+03   1.94627820e+03   1.13071175e+01
   1.59366531e+02   1.14182227e+03   2.41917920e+03   1.05787407e+02
   1.89986725e+02   3.65681421e+03   8.17292786e+00   0.00000000e+00
   5.46353467e+03   6.84110336e+01   1.11274158e+03   5.89253139e+00
   2.48915161e+03   5.62103699e+02   3.80230225e+02   4.15765953e+01
   4.42761345e+01   1.61569138e+01   2.43879181e+02   1.48410889e+03
   1.61609851e+03   2.89387512e+00   4.62810822e+01   7.06985092e+01
   2.01938629e+01   3.70546913e+00   5.18057666e+03   2.69024014e+00
   4.74475677e+02   2.02601843e+03   0.00000000e+00   3.90737976e+02
   1.54262378e+03   9.11426074e+03   8.75408096e+01   3.39099640e+02
   9.18659973e+02   8.53048706e+01   2.47631516e+02   2.35022335e+01
   1.49553543e+02   2.12141830e+02   7.62971802e+01   2.54948242e+02
   1.82829102e+03   3.02246552e+01   6.01311572e+03   6.59683456e+01
   2.99134735e+02   3.91034203e+01   0.00000000e+00   6.45058517e+01
   1.97815657e+00   5.52552307e+02   1.11967583e+02   3.36772064e+02
   4.17015723e+03   8.40973434e+01   1.49087418e+02   4.18838818e+03
   3.94995874e+03   2.34734497e+02   6.18147522e+02   3.45546722e+00
   9.07136688e+01   9.14202246e+03   1.86211777e+02   9.32925171e+02
   2.20531723e+02   0.00000000e+00   1.25921469e+01   0.00000000e+00
   7.95704102e+02   2.85065210e+03   1.19741333e+03   2.05590479e+03
   1.17624550e+02   2.94101429e+01   3.66252106e+02   1.01411068e+00
   3.90419083e+01   1.98273983e+01   1.10112823e+02   2.84501807e+03
   1.02887292e+03   6.38887878e+02   1.01509941e+04   7.90170002e+00
   1.28664490e+02   2.90168872e+03   1.02288849e+02   2.04315536e+02
   3.00515552e+03   1.86294994e+01   2.64755341e+02   3.64775391e+02
   1.83430538e+01   6.33336115e+00   2.43762329e+02   1.27971764e+02
   2.70486511e+02   2.14305435e+02   6.11399765e+01   0.00000000e+00
   8.57757797e+01   3.12982821e+00   1.55743647e+00   1.87633240e+03
   9.03242480e+03   2.05260693e+03   2.15965080e+01   6.76691162e+02
   8.58310645e+03   3.79350891e+02   1.21737964e+03   2.52162628e+01
   4.60818024e+02   1.32545380e+02   5.82136154e+01   6.43443644e-01
   1.81815271e+03   1.09224231e+03   9.58157578e+01   7.47921240e+03
   8.53124805e+03   1.00285345e+03   2.61888885e+00   8.31666183e+01
   1.80577717e+01   2.55954865e+02   1.92293949e+01   1.48741663e+03
   1.15113464e+02   1.06367283e+01   3.32735748e+01   5.68448544e-01
   1.29773087e+02   1.65378503e+03   6.17909889e+01   1.39537109e+03
   1.79069382e+02   4.02345705e+00   1.74108772e+01   6.41100635e+03
   2.35497236e+00   1.19331635e+02   6.90779053e+02   1.11704150e+03
   3.06636930e-01   0.00000000e+00   4.55193420e+02   9.46618118e+01
   1.11102409e+01   1.32891162e+03   1.31785437e+03   4.66896729e+03
   2.23854834e+03   3.40480881e+01   7.45769348e+02   5.10786182e+03
   1.36120346e+02   0.00000000e+00   2.65165741e+02   4.40368652e+03
   1.17658340e+02   3.01531006e+02   4.01250038e+01   4.02518359e+03]
[  8.59196411e+02   5.66470604e+01   6.27489567e+00   7.59792662e+00
   1.90393257e+01   1.93858472e+03   5.65940399e+01   5.46646652e+01
   5.52790785e+00   6.87628540e+02   3.09108849e+01   7.84630356e+01
   3.08669098e+02   2.23221240e+03   1.33900009e+02   0.00000000e+00
   4.53091393e+01   4.70593964e+02   1.31913406e+02   7.28982639e+00
   4.07967529e+01   0.00000000e+00   8.85643005e+01   1.57403662e+03
   3.72461462e+00   7.45460033e+00   1.23072910e+01   3.15568371e+01
   3.07659245e+01   7.94118729e+01   3.41136284e+01   9.69277501e-01
   1.57105255e+02   2.89647064e+01   2.14228271e+03   2.35672119e+03
   3.04959148e-01   2.03938245e+03   3.64008064e+01   4.82111778e+01
   2.43415833e+00   4.66448631e+01   4.46849203e+00   1.79221001e+01
   1.12194049e+00   1.01499130e+02   5.60781250e+02   0.00000000e+00
   1.12844322e+02   2.00288486e+01   8.34016296e+02   0.00000000e+00
   3.07119331e+01   7.35984039e+01   1.02351472e-01   8.73578548e+00
   2.56733761e+01   1.66701393e+01   1.87895050e+02   2.02863159e+02
   1.11081791e+01   6.41895752e+01   9.40874023e+01   8.88127232e+00
   5.04036865e+01   2.53282051e+01   2.02544525e+02   8.04692268e+00
   9.20744419e+00   6.14125328e+01   4.64139595e+01   1.47708289e+03
   5.47478714e+01   1.36841396e+04   1.52618945e+03   4.49593973e+00
   7.38995409e+00   7.62265348e+00   8.28953400e+01   2.78646564e+00
   4.37993851e+01   5.25802956e+01   6.07866240e+00   2.84490681e+01
   2.70863895e+01   0.00000000e+00   1.14154602e+03   4.54177094e+01
   9.28132401e+01   2.82511616e+01   1.87321301e+01   2.84229107e+01
   1.32019463e+01   6.78017578e+02   2.51352997e+02   8.01515350e+01
   3.30209160e+01   1.11017212e+02   1.14472504e+02   5.36876221e+01
   6.77479386e-01   4.10928955e+01   5.69499550e+01   8.76477509e+01
   3.92589021e+00   2.61153679e+01   2.58171916e+00   2.06759668e+03
   4.78668938e+01   4.99585301e-01   3.20032898e+02   1.16072798e+01
   4.61132050e+00   2.06545273e+02   0.00000000e+00   7.08644092e-01
   5.21267366e+00   4.05410271e+01   2.90923413e+03   1.73310623e+01
   2.71324249e+02   2.96987801e+01   6.53659201e+00   1.50590527e+00
   4.66540051e+00   1.51715713e+04   2.36110163e+00   2.70086784e+01
   1.21768054e+03   2.20387253e+02   2.28583221e+01   1.67482437e+02
   7.59012070e+01   2.68754063e+01   2.67837329e+03   8.92982769e+00
   1.68107641e+00   7.16527843e+00   2.71950586e+03   1.39841385e+01
   2.59030380e+01   1.34155981e+03   6.39554691e+00   9.15474243e+02
   6.36951399e+00   2.83570595e+01   3.68755555e+00   1.52685135e+02
   2.69867950e+02   2.95185127e+01   3.86808510e+01   4.05375549e+02
   5.51424446e+01   4.20875320e+01   1.21302002e+03   6.89607010e+01
   3.71206627e+01   0.00000000e+00   5.28998518e+00   1.48558142e+03
   5.85065771e+03   3.45196558e+03   4.45647240e+00   4.21488533e+01
   5.02477455e+01   6.63544559e+00   1.23957779e+02   5.16966820e+01
   2.32502098e+01   2.08815689e+01   1.12592163e+02   1.11074591e+00
   3.14083982e+00   9.45318481e+02   1.65684929e+01   5.03113632e+01
   2.05934963e+01   1.94662285e+01   6.48171539e+01   1.14626477e+03
   4.72145660e+02   1.61172047e+01   1.14732727e+03   2.70014038e+02
   5.84373055e+01   6.86389771e+01   1.30399376e-01   1.24356914e+00
   1.22083267e+02   1.87792160e+02   2.41318245e+01   4.71640706e-01
   4.64635352e+03   5.69178925e+01   2.64740896e+00   5.15103416e+01
   3.18174171e+01   7.87070465e+01   1.03372986e+02   1.60074280e+03
   4.57272644e+01   3.02764118e-01   1.28519641e+03   3.40532455e+01
   3.52393532e+00   1.93018074e+01   1.90109851e+03   8.14464569e+00
   1.45785370e+02   4.80294342e+02   9.30795593e+01   3.26446366e+00
   4.63643311e+02   1.69175320e+01   1.42116852e+02   3.06091125e+02
   0.00000000e+00   4.79420662e+01   2.19999951e+03   4.27440735e+02
   0.00000000e+00   5.29884529e+00   3.46641159e+00   1.64648800e+01
   3.34695854e+01   1.12159558e+03   5.17849770e+01   9.46481705e+01
   5.46471024e+00   5.15390816e+01   1.10631714e+01   1.64245740e+03
   3.84251587e+02   1.72472144e+03   0.00000000e+00   7.24557281e-01
   4.86939659e+01   2.99722217e+03   2.80641772e+03   3.22523003e+01
   8.92478409e+01   5.00177917e+01   3.91639671e+01   0.00000000e+00
   1.13865967e+01   0.00000000e+00   1.66107080e+03   2.58003950e-01
   6.47419815e+01   5.75228500e+01   1.27220410e+03   1.49196215e+01
   2.70187016e+01   1.12577893e+03   7.83912292e+02   2.82158051e+01
   7.87899017e+01   5.16366310e+01   1.85790381e+03   1.24911324e+02
   9.59760895e+01   2.73086243e+01   5.01080353e+02   1.55542431e+01
   2.28475914e+01   0.00000000e+00   2.69657227e+02   1.51472664e+01
   2.70767379e+00   3.30201302e+01   3.24228687e+03   5.33389160e+02
   1.02175125e+02   9.98255610e-01   8.62348557e+01   8.29307938e+01
   4.65852356e+02   1.98738632e+01   6.30655975e+01   2.76647002e-01
   9.44643311e+02   2.67822296e+02   9.17115402e+00   1.50469360e+03
   1.29700470e+02   1.26792961e+02   2.63461704e+01   9.01270752e+01
   4.55509605e+01   7.21821289e+01   2.53310840e+03   8.26056137e+01
   2.81135426e+01   3.95661430e+01   4.56101952e+01   1.55182648e+02
   5.50172501e+01   1.02297522e+03   2.86171265e+01   4.65672168e+03
   2.26240555e+02   3.35750351e+01   2.31675610e+03   3.21708893e+02
   1.59874313e+02   3.03944031e+02   4.66081276e+01   5.42449341e+02
   6.25100899e+01   7.87205124e+01   1.11519247e-01   2.17361336e+01
   1.51535854e+01   3.25892334e+01   2.43203442e+03   2.73707886e+01
   2.69024707e+03   3.01416159e+00   1.14424207e+03   7.60784988e+01
   2.89986877e+02   1.40472765e+01   1.29643112e+02   2.57156250e+02
   1.00031372e+02   1.53523087e+02   4.74841404e+00   6.37072792e+01
   4.79133368e+00   1.82770710e+01   1.49317935e-01   9.36319447e+00
   0.00000000e+00   1.59885239e+02   5.76872349e+00   4.14260742e+02
   1.02710760e+00   8.30808487e+01   3.54817047e+01   4.54374847e+02
   9.45144653e+01   0.00000000e+00   2.71518860e+02   9.06724358e+00
   0.00000000e+00   2.74994707e+00   1.01486282e+02   7.86488819e+00
   6.17936671e-01   2.27924881e+01   2.85622387e+01   2.77813358e+01
   7.36610889e-01   1.69231979e+02   2.96600513e+01   5.32169531e+03
   1.25779266e+02   1.35794144e+02   1.72424942e+02   1.98889675e+01
   1.64453375e+00   1.14171371e+02   4.10806084e+01   3.61403389e+01
   1.19302466e+03   7.39485168e+00   4.87713165e+01   1.79062214e+01
   1.21908524e+02   5.02801552e+01   0.00000000e+00   4.23687592e+02
   2.42539749e+01   0.00000000e+00   1.10880299e+01   1.96886597e+01
   2.39866113e+03   9.19392586e+00   1.58829956e+01   5.11579561e+00
   1.54052801e+01   3.05499097e+03   1.95521191e+03   0.00000000e+00
   2.96426636e+02   5.91431885e+01   3.73226852e+01   0.00000000e+00
   2.86775970e+01   0.00000000e+00   2.05024390e+03   3.09603577e+01
   1.04750465e+02   1.05512856e+02   2.21211377e+03   5.37953491e+02
   8.40770508e+02   9.66195908e+01   4.24391937e+01   2.09144458e+03
   4.71443176e+01   3.56254082e+01   1.71127625e+01   0.00000000e+00
   2.09044678e+02   1.49624902e+03   2.81814137e+01   1.09643738e+02
   2.88266945e+01   2.05209976e+02   8.43037170e+02   1.22244177e+03
   3.86456943e+00   1.10176160e+03   5.44863953e+02   0.00000000e+00
   5.58163643e+01   3.05318680e+01   1.83602234e+03   2.10894699e+01
   3.67744873e+02   4.88200760e+01   7.92111359e+01   8.04358199e-02
   8.12040482e+01   1.74577905e+03   1.69790329e+02   5.22719765e+01
   1.27020117e+04   2.36865753e+02   9.50532837e+01   1.09959831e+01
   6.42037048e+01   1.04651013e+03   6.65625381e+01   2.23601733e+03
   1.82470886e+03   1.13174080e+02   1.17456865e+01   6.33509483e+01
   2.63508320e+00   1.30945398e+03   2.59710052e+02   1.30264435e+02
   5.87341042e+01   7.37589035e+01   0.00000000e+00   6.61946335e+01
   1.48937950e+01   2.07059193e+00   8.47632408e+00   5.79868984e+00
   6.05161667e+00   2.14614197e+02   1.40022659e+02   4.04025659e+03
   1.51122055e+01   3.86240186e+03   1.70920334e+02   8.35673676e+01
   8.48971558e+01   5.73750427e+02   1.32474716e+02   1.07023821e+01
   1.03068127e+03   4.90602112e+00   2.16873926e+03   1.55748978e+02
   3.52894936e+01   4.40691452e+01   9.61860580e+01   1.08490593e+02
   1.13921118e+03   2.26539819e+03   1.57855301e+02   1.14378198e+03
   1.66751933e+00   0.00000000e+00   4.26035500e+00   3.29029202e+00
   5.18997917e+01   4.16869736e+01   1.58284363e+03   6.12740695e-01
   3.61398392e+01   1.02151299e+01   3.37060394e+01   2.02119177e+03
   2.00993538e+01   1.38799436e-02   9.00645542e+00   1.54238846e+02
   7.31788015e+00   1.76851880e+03   6.57722778e+02   1.68195886e+03
   1.70634937e+03   1.30193954e+02   9.72008667e+01   2.38777905e+01
   2.08198950e+03   9.93302155e+00   2.26482105e+01   1.91786414e+03
   1.05369614e+02   2.60754517e+02   2.60206757e+01   3.63933258e+02
   2.06514453e+03   5.94867920e+02   1.44054858e+03   1.54172583e+01]
