bicycle
bus
car
motorbike
person
[ 12785365.       5243455.5     51512932.      14126857.      58268016.
   3330432.75    24404386.       9109808.       9340538.       7831348.5
   4176667.      37526056.      33103476.      10857730.      11311226.
   8661465.      10295037.       7196863.      50405880.      12650595.
   4348362.      15538308.       3211005.75    37751644.       5570703.
  12223757.       7630831.       8528887.       4501682.5     21021916.
  33608956.      19060498.      58173520.       1825434.125   21839252.
    885400.6875  26943968.       6899102.5      9449331.       4393706.
   9650107.      11864165.      29657298.      65951312.      11954524.
  33789956.      10136866.      12440827.       5557326.5     70591248.
  24090768.      20940242.      23131146.      21770864.      10072771.
  18380196.      26787504.      22075938.       4578512.5      8485808.
   1626147.375    1265679.625   10859162.       4820855.    ]
[  2.13937960e+07   1.29371400e+07   3.44973400e+07   2.92010312e+05
   7.37055500e+06   1.56354375e+06   7.60925950e+06   5.23361182e+03
   9.31877900e+06   1.07534112e+06   4.91235240e+07   3.22945840e+07
   5.75904258e+04   3.35981000e+06   3.58528000e+07   1.72350760e+07
   1.86635750e+06   3.70588680e+07   9.77465000e+06   2.75326100e+07
   2.57117609e+05   4.14346120e+07   6.33780562e+05   3.83315320e+07
   1.07311750e+06   5.89259960e+07   4.09237300e+06   4.49352300e+06
   6.67517000e+06   1.07931924e+04   1.65940980e+07   4.02907383e+04
   4.68255950e+06   1.67405390e+07   7.95831750e+06   1.39107390e+07
   2.95607219e+05   6.60596800e+06   1.67808280e+07   1.23336360e+07
   4.91959650e+06   1.30789470e+07   1.68681838e+06   1.21707970e+07
   2.97233920e+07   1.53390040e+07   3.03579281e+05   2.32952440e+07
   1.90067780e+07   1.16908900e+07   4.27839920e+07   1.55630030e+07
   4.80298760e+07   1.94189560e+07   7.87988562e+05   2.11190720e+07
   1.79396720e+07   6.18355800e+07   1.27599680e+07   7.34005400e+06
   2.86053180e+07   2.42762134e+03   1.95019000e+07   4.48065040e+07]
[  2.35592550e+06   1.12096390e+07   7.78835400e+03   4.64407617e+04
   1.97711582e+04   4.17962891e+04   6.44336992e+04   7.90803950e+06
   2.77693828e+04   3.84727750e+06   4.74269500e+06   2.81941312e+05
   6.53551188e+05   1.42886650e+06   3.25178066e+04   5.88021445e+04
   2.86978375e+06   3.37016031e+05   4.17466531e+05   6.00335900e+06
   5.12547500e+06   9.35411914e+03   7.98781850e+06   1.15736350e+07
   1.08205830e+07   0.00000000e+00   2.71909656e+05   5.58852550e+06
   4.67575719e+05   4.16178475e+06   7.65917041e+03   1.44548360e+07
   6.44646500e+05   2.76026125e+06   1.75929338e+06   3.82655500e+06
   1.85324422e+05   1.95905320e+07   6.85279750e+06   4.05995703e+03
   3.16275350e+06   4.51598600e+06   2.85239400e+06   1.25915830e+07
   1.65505325e+06   9.47738812e+05   5.87224300e+06   3.39514336e+04
   1.74951675e+06   4.88653125e+05   1.35046875e+06   6.79331953e+04
   4.23428450e+06   6.85302750e+05   1.66711550e+07   1.13516380e+07
   4.03088375e+06   2.53000312e+04   6.09271328e+04   1.27594086e+05
   4.20204800e+06   1.35323460e+07   8.49204100e+06   2.38533450e+06
   1.86970980e+07   4.31530550e+06   1.25746860e+07   4.22460250e+06
   1.39550094e+05   9.93706062e+05   6.99845400e+06   1.26316780e+07
   3.02462375e+06   2.25924703e+05   0.00000000e+00   1.99313450e+06
   1.00117250e+05   6.42551250e+06   7.98484150e+06   1.75188781e+05
   2.52106094e+04   1.12753020e+07   5.19786750e+06   6.71035693e+03
   2.70761625e+06   8.71081700e+06   5.23154700e+06   7.09581055e+02
   3.77724775e+06   7.51405188e+05   5.58014050e+06   2.43114225e+06
   1.71441859e+05   6.46242300e+06   3.60469469e+05   8.39347300e+06
   3.91444482e+03   4.22741500e+06   4.93940550e+06   1.46916238e+06
   2.50666975e+06   2.51999950e+06   4.53608594e+05   8.17366312e+05
   1.00985176e+04   4.46615000e+05   9.24231484e+04   6.48062250e+05
   6.57458800e+06   2.82358656e+05   4.89839102e+04   1.00708430e+07
   2.27043359e+05   1.09678430e+07   3.25070300e+06   4.34930250e+06
   7.92009625e+05   6.02386688e+05   3.17800850e+06   9.14111375e+05
   2.91772175e+06   6.42702100e+06   4.02214258e+04   9.52302800e+06
   9.60138250e+05   2.02296816e+04   2.11206460e+07   4.00058496e+03]
[  5.52030550e+06   4.63322950e+06   1.97523375e+05   0.00000000e+00
   1.47698252e+04   1.51995875e+06   4.90678438e+05   1.81796125e+06
   1.46519450e+07   6.03756100e+06   1.04708880e+07   7.75443550e+06
   4.36392650e+06   4.01221062e+05   4.81925537e+03   1.78407862e+06
   8.04525750e+05   2.28296750e+06   3.96167850e+06   1.56457129e+04
   7.78093450e+06   2.24842900e+06   3.45872325e+06   1.20593428e+04
   3.38451375e+05   4.89374156e+05   1.03346444e+06   6.18956900e+06
   7.56492656e+04   5.57893400e+06   2.32985039e+04   1.32971200e+07
   5.82596700e+06   1.51683844e+05   8.60742125e+05   3.07780850e+06
   2.57106750e+06   1.23068020e+07   1.24518320e+05   4.21503008e+04
   3.28293875e+06   1.59754316e+04   2.41667188e+04   9.18959000e+05
   1.98549612e+06   1.10724610e+07   8.53738000e+06   4.32266750e+06
   1.76100875e+06   1.27772700e+07   4.34583000e+06   3.65619425e+06
   8.47391900e+06   1.13525762e+06   1.03742250e+05   1.35151172e+05
   3.17230575e+06   1.30656688e+06   4.01400108e+01   4.24024850e+06
   2.17054050e+06   1.19399780e+07   4.96446350e+06   2.17882075e+06
   1.57702850e+06   9.22056600e+06   1.32517188e+06   4.44844900e+06
   4.20642250e+06   1.15903780e+07   4.02250475e+06   1.50967330e+07
   7.07138150e+06   1.06230190e+07   1.96121580e+07   4.30385712e+02
   2.98079825e+06   1.64787888e+06   1.57521280e+07   3.13349875e+06
   3.00351325e+06   2.74844062e+04   6.72773100e+06   4.50953500e+06
   2.80336465e+04   8.41197700e+06   5.25197125e+05   5.06280650e+06
   4.87694336e+04   3.81449575e+06   5.85368164e+04   9.29921000e+06
   1.53523578e+05   8.82107200e+06   3.06198975e+06   3.14458625e+06
   1.96739550e+06   8.20117450e+06   5.69586750e+05   1.12519360e+07
   1.14755281e+05   5.66618562e+05   1.56832360e+07   1.75556213e+03
   3.22411219e+05   1.71466940e+07   5.63890000e+06   8.43835100e+06
   6.93727450e+06   1.18116100e+07   2.21789062e+03   2.96999875e+06
   1.13709038e+06   2.40773560e+07   3.69441900e+06   6.88827562e+05
   2.91219594e+05   2.80395475e+06   3.60641172e+04   1.73115586e+04
   1.78966320e+07   1.66644550e+06   3.17135605e+04   9.73950900e+06
   3.30059125e+06   4.03469375e+06   1.50470180e+07   1.11637630e+07]
[  0.00000000e+00   4.55709521e+03   1.99166000e+06   3.39453955e+03
   1.06766365e+02   4.17561279e+02   4.56166443e+02   1.76205826e+02
   2.00945900e+06   3.75187266e+04   7.10611633e+02   8.94898730e+03
   4.73151154e+02   8.98576406e+04   3.29763906e+04   1.27177031e+04
   6.56283252e+03   4.64942156e+05   3.23360059e+03   5.21554180e+04
   2.25997009e+01   6.63190967e+03   8.93204062e+05   1.22672842e+04
   5.03150586e+03   2.33518311e+03   1.77873812e+06   0.00000000e+00
   4.10102246e+03   7.53409766e+03   1.33916092e+02   1.97938065e+02
   1.00812233e+02   6.04199625e+05   2.35277852e+04   1.56666388e+06
   2.23690825e+06   6.48634521e+03   3.04729663e+03   2.45643140e+03
   1.49840198e+03   6.22133118e+02   3.42168237e+03   4.28834312e+05
   4.37202344e+03   2.20157812e+03   5.06199402e+02   9.84714508e+01
   1.33115172e+05   2.46710039e+04   2.19431836e+04   5.70813782e+02
   1.85664838e+06   7.62567062e+05   2.30497360e+01   9.62112031e+04
   1.01278150e+06   1.30720388e+06   2.71670581e+03   0.00000000e+00
   6.56662344e+04   2.02114668e+04   2.04058812e+05   5.64539609e+04
   5.12115593e+01   2.12747852e+04   4.57692383e+02   1.01717297e+03
   1.34751211e+04   1.05631203e+05   9.01459812e+05   1.91359925e+06
   1.40061998e+00   1.40381855e+04   1.61189728e+01   4.78185944e+02
   1.07485645e+04   2.51822312e+05   3.70974188e+05   1.05502141e+05
   1.63255562e+05   3.54790918e+03   9.11853320e+03   1.56302988e+04
   2.53655900e+06   2.65443450e+06   3.68101344e+05   1.77980188e+06
   1.09891766e+05   8.59608154e+02   3.11227686e+03   4.34851094e+04
   2.33294094e+05   9.68020312e+03   0.00000000e+00   3.09461230e+03
   5.98766797e+03   2.89133500e+05   1.90116638e+03   2.24842305e+04
   2.48094453e+04   7.11039355e+03   1.40453112e+06   6.59050000e+04
   6.32322119e+03   8.14645801e+03   3.89764746e+03   2.22540601e+03
   1.90390762e+02   4.38615078e+04   6.29021562e+05   2.69577988e+04
   0.00000000e+00   9.15596016e+04   1.10360742e+04   3.46156348e+03
   0.00000000e+00   2.87685083e+03   2.61516992e+03   2.41761350e+06
   1.75825234e+04   0.00000000e+00   1.45375010e+04   2.67817480e+03
   2.17900586e+03   2.16321825e+06   8.49747009e+01   0.00000000e+00
   5.42428000e+05   1.42031855e+04   5.66605713e+03   7.85131006e+03
   9.57740234e+03   1.62087325e+06   4.93881531e+01   9.89857056e+02
   2.68218675e+06   1.55889900e+06   9.87605664e+03   2.47698708e+01
   4.56630371e+03   2.24086768e+03   1.00215830e+04   3.58848438e+05
   2.66273926e+02   1.87887888e+06   2.37676904e+03   1.68088120e+02
   7.46154297e+04   2.76776855e+02   1.02386045e+04   5.06811133e+03
   2.86577594e+05   6.66268984e+04   9.67865375e+05   1.66374060e+03
   3.24533325e+03   3.29491344e+05   6.20874125e+05   2.21063891e+05
   6.11733936e+03   8.63163906e+04   2.01338925e+06   1.14350850e+04
   2.10321660e+04   1.85088188e+06   2.04236400e+06   1.19785180e+05
   4.28413672e+04   1.41059825e+06   1.96863312e+06   1.17876244e+02
   4.19780225e+03   4.15406094e+05   7.38538184e+03   6.15852246e+03
   2.33471200e+06   3.56344531e+03   2.45004025e+06   5.42259648e+04
   1.05881012e+06   2.37284188e+05   3.45578000e+05   4.64587158e+03
   6.63118164e+03   6.26592334e+03   5.71379102e+04   2.42197676e+04
   1.73133688e+06   5.37879395e+03   4.38591846e+03   1.09787875e+06
   1.81288147e+02   5.66590438e+05   3.98806152e+01   1.34166188e+06
   1.03354561e+04   3.59734688e+05   1.70539388e+06   1.60500288e+06
   1.45001617e+02   1.72156475e+06   9.34558188e+05   8.59804382e+01
   5.83425234e+04   2.86453064e+02   4.76104889e+02   7.12173096e+03
   8.54227246e+03   5.74114438e+05   4.21720281e+05   2.64058200e+06
   2.05038013e+03   1.16442646e+04   3.32630829e+02   1.25651973e+04
   1.39385840e+03   1.35573638e+06   3.70439297e+04   5.75181519e+02
   3.30909576e+02   9.29283508e+02   8.45033752e+02   8.58671562e+04
   4.40412062e+05   1.80043468e+01   2.09870215e+03   1.12270162e+06
   1.35423950e+02   1.39000175e+06   1.99051738e+04   7.67598206e+02
   1.71757875e+06   5.55214697e+03   9.46016812e+05   1.86220947e+02
   3.43800278e+01   2.94143125e+04   1.21305600e+06   2.84954315e+02
   1.42405962e+06   1.28735025e+06   1.97578870e+03   1.97675378e+03
   8.58717734e+04   9.18192578e+03   2.13758130e+03   7.74209717e+03
   1.14278516e+04   6.73412188e+05   1.45790439e+04   1.35155652e+03
   9.03734924e+02   3.12321167e+02   1.09888074e+03   6.23515812e+05]
[  1.99392062e+06   6.78635791e+03   2.49971725e+02   1.56464636e+03
   1.57830012e+06   1.10162262e+06   1.61107156e+05   6.82356567e+02
   7.28883643e+03   1.10861292e+03   8.04139771e+02   9.39690137e+03
   5.59118018e+03   1.32832828e+05   6.84778955e+03   4.46946094e+03
   7.86629181e+01   4.66387939e+02   7.09601562e+05   1.73871812e+05
   0.00000000e+00   1.38078400e+02   7.41376038e+02   1.01175644e+06
   4.44059038e+00   6.42995605e+03   0.00000000e+00   2.59276578e+05
   1.69585918e+04   2.12864246e+01   3.52377070e+04   1.96321045e+03
   6.31731787e+03   7.40864922e+04   3.68039429e+03   1.77355020e+04
   2.06956602e+04   7.98510376e+02   2.37631152e+03   0.00000000e+00
   1.01488930e+05   7.36838203e+04   2.08162402e+04   6.00464648e+03
   6.42224463e+03   6.59855664e+03   8.74211500e+05   1.99326094e+04
   1.48594328e+05   9.06701721e+02   3.25471582e+03   7.06474902e+03
   8.44197845e+01   8.27443555e+03   6.15078438e+05   8.40542188e+04
   3.73743633e+04   1.59247859e+05   3.19760938e+05   2.02021265e+03
   2.43742993e+03   4.29889805e+04   1.12297935e+02   1.57125092e+02
   3.02055206e+01   4.73237109e+03   2.16816938e+05   1.19873878e+02
   8.88342468e+02   2.52684961e+04   4.46639406e+05   2.50450348e+02
   1.81840586e+04   1.20905176e+04   2.54997363e+04   1.00804680e+05
   2.95945625e+04   6.12818945e+03   9.18053516e+04   7.49402750e+05
   3.54617500e+01   6.33366064e+03   1.14454870e+01   3.26491309e+04
   7.13690186e+02   2.03728398e+04   1.20244214e+03   1.06327266e+04
   8.35524414e+03   9.45952441e+03   5.89454102e+03   4.09640381e+03
   2.38151719e+04   1.23304325e+06   6.55650452e+02   4.97523546e+00
   4.03100469e+05   8.91012192e+00   1.07307373e+04   3.23824785e+04
   5.85504517e+02   1.15736211e+04   6.13770188e+05   4.99873466e+01
   2.43664185e+03   2.38751484e+04   4.85296680e+04   2.02281406e+05
   1.14023115e+04   1.86334300e+06   3.28496704e+02   5.77897625e+05
   3.30780487e+01   9.11980225e+02   5.25057275e+03   1.99793145e+04
   4.49939026e+02   5.54742617e+04   1.10737383e+04   4.41119375e+04
   3.98933569e+03   6.20694397e+02   6.81369189e+03   1.41146828e+05
   1.14354663e+03   9.15950977e+03   2.98555813e+01   1.49340479e+04
   9.56268799e+02   2.40842025e+06   1.69105547e+04   1.54166418e+03
   4.86117822e+03   1.76146912e+06   2.73881042e+02   2.46222129e+04
   2.19981543e+04   8.52343500e+05   1.93454773e+03   2.60025177e+02
   7.09630394e+00   1.60733679e+03   2.95601953e+03   2.66140820e+04
   0.00000000e+00   7.50305298e+02   4.69401520e+02   0.00000000e+00
   0.00000000e+00   1.68613831e+03   1.64428198e+03   2.74132788e+03
   7.07247562e+05   1.36068984e+05   3.86288818e+02   3.92643156e+05
   1.05532471e+03   8.08053398e+00   2.39669160e+04   2.02117512e+06
   2.21650116e+02   8.16814014e+03   1.63218213e+03   7.21768799e+01
   1.34258078e+05   0.00000000e+00   9.83905312e+05   3.92491846e+03
   1.77159062e+05   2.01040150e+06   8.71841812e+01   0.00000000e+00
   3.75991719e+05   1.37511359e+05   5.41636125e+05   2.84473804e+03
   2.11706079e+03   3.20909058e+03   1.16275518e+04   1.96473484e+01
   1.10222744e+04   6.01233984e+03   8.62692719e+01   9.94963184e+03
   3.74563789e+01   8.95002441e+02   2.81059238e+04   8.09561328e+03
   4.66060596e+03   3.18052254e+01   5.37063188e+05   2.16416187e+03
   2.23753799e+02   1.27744512e+04   3.20355234e+04   4.77891553e+03
   3.47700234e+04   1.41345596e+04   2.68643969e+05   9.13453197e+00
   2.39492233e+02   2.08216953e+00   3.28754469e+05   4.63144453e+04
   1.73904238e+04   1.58957306e+02   9.74070117e+03   3.99477312e+05
   8.81301562e+04   7.29907125e+05   3.04143667e+00   4.06825171e+03
   6.10358154e+03   2.26747656e+04   2.65020850e+03   1.86749812e+05
   5.68981375e+05   1.81797412e+03   1.38097168e+04   2.05782495e+03
   1.29600439e+04   1.36271895e+04   1.32142493e+03   5.95295715e+02
   0.00000000e+00   2.34054172e+05   4.76309727e+04   7.10593652e+03
   4.29449158e+02   1.13719292e+01   1.86364456e+02   7.50395410e+03
   1.43829984e+05   8.50059082e+03   7.89065125e+05   4.03350806e+03
   2.24482812e+03   1.41412375e+06   0.00000000e+00   1.91569366e+01
   9.37179321e+02   2.68524625e+05   1.39203358e+01   0.00000000e+00
   5.12841919e+02   7.35849533e+01   1.12955635e+04   1.69733972e+03
   9.52066000e+05   5.55516688e+05   2.18667922e+05   9.83422422e+04
   9.71740234e+03   6.90566250e+05   1.52838525e+04   1.29775908e+04]
[  1.62328688e+05   3.55070664e+04   5.18260742e+02   2.65982642e+03
   2.11309672e+05   4.74284619e+03   1.82076016e+04   1.17025195e+04
   9.42375854e+02   1.08008938e+06   8.88659180e+03   3.36694688e+04
   1.38916904e+04   6.01794385e+03   1.31542554e+03   5.89864929e+02
   1.29580984e+01   2.80258057e+03   4.91377783e+00   1.35648999e+03
   5.20503271e+03   5.26406062e+05   6.66427109e+04   3.67595630e+03
   1.15802734e+02   4.23225684e+03   2.35773877e+03   5.68627188e+05
   9.88300586e+03   2.51680094e+05   1.73405823e+02   1.19791338e+04
   3.90630039e+04   6.43091797e+04   1.40975977e+03   2.65173682e+03
   6.25371375e+05   1.34537150e+06   1.10412183e+03   1.22226700e+06
   1.16928003e+03   1.21182202e+03   1.32177500e+04   5.42852930e+04
   7.29879541e+03   7.02464258e+03   1.74732642e+03   1.10419902e+04
   6.75492871e+03   8.64504590e+03   3.46026758e+04   7.05394125e+05
   6.07801270e+02   9.16915321e+00   2.49638989e+03   3.71619092e+03
   1.06184902e+04   5.02747188e+05   4.78867978e-01   1.62840596e+04
   1.63300488e+03   1.60486406e+05   3.02809106e+03   4.00053979e+03
   1.74609141e+04   1.08948896e+04   6.10468555e+03   3.96235010e+03
   1.26836383e+05   7.21201328e+04   5.67069805e+04   1.13159607e+03
   4.56651016e+04   2.19329941e+04   2.99755719e+05   2.93169570e+04
   1.07517984e+05   2.71996055e+04   5.70689551e+03   1.53715625e+03
   8.14470978e+01   3.10776764e+02   1.51446500e+05   1.14963989e+03
   9.38918203e+04   8.15239868e+01   5.46079414e+04   5.80107788e+02
   2.31883779e-01   8.44205811e+02   1.02697098e+02   3.41086182e+03
   1.65135332e+04   1.14732910e+04   7.41561719e+04   2.76792163e+03
   1.92592316e+02   4.52207500e+05   9.31918688e+05   1.25032797e+05
   2.35553828e+04   1.85195527e+04   4.50535980e+02   5.81395508e+02
   6.83740234e+04   2.19137573e+03   7.05410062e+05   1.78323613e+04
   2.53647202e+02   3.63852759e+03   1.60693760e+04   7.67347607e+03
   4.55886133e+04   2.09411890e+03   1.12611194e+03   4.20733203e+04
   1.56408630e+03   1.66855328e+05   1.04094422e+05   1.43575281e+05
   1.56082630e+01   9.55596938e+05   5.23771406e+04   4.77944781e+05
   1.29267861e+04   3.24901367e+03   1.38380098e+04   1.48471432e+01
   5.22484192e+02   2.01920508e+03   1.45652087e+03   3.52596797e+04
   1.27373086e+05   4.13220850e+03   1.37226257e+03   8.55770117e+03
   9.07950781e+03   1.78122766e+05   8.19258594e+03   1.64973669e+03
   1.55743774e+02   2.67481543e+04   8.69281311e+02   4.82246797e+04
   1.95152383e+04   4.78296240e+03   2.32778965e+04   1.35108967e+01
   4.64574336e+04   8.69168164e+03   8.58716211e+03   9.17171016e+04
   6.96785303e+03   1.08461938e+05   4.36297302e+02   2.97835176e+04
   7.55514609e+04   7.17704346e+02   1.27800906e+05   3.44420074e+02
   2.36783691e+03   1.91952515e+02   5.76761670e+03   6.62518372e+02
   2.69271826e+03   1.84837439e+03   2.65238223e+04   1.76384047e+05
   1.47817480e+03   3.19052266e+04   4.90363770e+01   2.05029248e+03
   1.15346667e+03   2.63590942e+03   2.36395312e+04   9.55175293e+03
   5.58884648e+04   2.50139551e+04   9.80969844e+04   1.84881094e+04
   5.39377734e+03   3.52124883e+04   1.02367812e+04   7.28394824e+03
   9.20894844e+04   2.81824658e+03   1.03536914e+05   5.59350952e+02
   2.17210020e+04   4.40414312e+05   4.74194336e+04   2.09630200e+03
   3.76505127e+02   8.49111016e+04   4.58963931e-01   2.36283615e+02
   4.08177891e+04   7.24532471e+03   9.64354102e+03   6.95113330e+03
   4.24089551e+03   1.42834000e+02   2.88990781e+04   3.30241000e+05
   1.73660016e+05   5.19969482e+02   6.61147656e+03   1.33360088e+04
   4.45706875e+05   6.64686489e+00   1.52469666e+03   1.00478193e+04
   3.10661387e+04   1.93901914e+04   6.41398516e+04   4.38367844e+01
   7.62285400e+03   8.44551270e+03   1.20771072e+02   6.72477188e+04
   7.65350781e+03   3.76014258e+03   6.64968750e+04   7.06564551e+03
   1.44730566e+04   6.84918976e+00   1.00605751e+02   1.52819668e+04
   8.16731140e+02   2.23727012e+04   1.90809961e+04   1.35515281e+05
   6.48160461e+02   4.42816133e+04   1.60227450e+06   8.21924121e+03
   1.12266406e+03   4.77053174e+03   1.23967212e+06   2.64484741e+03
   2.27529297e+04   4.75241333e+02   1.19770496e+03   1.36131750e+03
   2.13938145e+04   2.31953359e+05   6.97229080e+01   2.38458395e+00
   3.53162781e+05   1.57562061e+04   1.70029659e+01   5.01363750e+04
   5.87024121e+03   1.57686707e+03   2.01666711e+03   2.33090967e+03]
[  2.91682770e+02   1.35670713e+04   3.07672070e+04   4.18235078e+04
   5.55037659e+02   1.00298711e+05   1.15557983e+02   1.46807324e+03
   3.58296173e+02   2.58950729e+01   9.31681641e+04   8.32418457e+03
   5.26728711e+03   4.74934766e+03   4.63892871e+03   3.93098938e+02
   2.24305723e+04   4.05351562e+04   7.30106016e+04   3.70486255e+03
   1.30327988e+02   5.62951523e+04   1.33841760e+03   8.98474350e+01
   4.96280391e+04   1.72776680e+04   1.18037664e+05   4.79059814e+03
   8.25931719e+04   8.70980859e+03   8.40497461e+03   1.46141938e+05
   1.18112666e+04   3.48528789e+04   5.33819883e+04   9.10790703e+04
   1.48938562e+05   1.70935022e+03   8.60220886e+02   4.44769258e+04
   1.13923103e+02   1.51765391e+05   3.97180469e+04   4.96587305e+04
   3.23205536e+02   4.48549805e+03   6.17579150e+03   1.46584043e+04
   0.00000000e+00   2.71196855e+04   6.30048086e+04   8.42679382e+02
   0.00000000e+00   2.25996953e+04   4.28988525e+03   7.76992285e+03
   7.94566040e+01   4.41907104e+02   1.27979578e+03   3.50053680e+02
   8.08299988e+02   1.60148859e+05   1.58589414e+04   1.25321997e+03
   1.94197571e+03   1.26850156e+04   3.76982574e+02   1.39305527e+02
   4.98654883e+03   2.96893237e+03   6.37312148e+04   1.70466797e+03
   6.44532969e+04   1.31466992e+03   7.55579071e+01   2.13529495e+02
   1.22333977e+02   3.01082325e+00   1.30533469e+05   6.87120625e+04
   8.46446304e+01   5.36588574e+03   4.10534424e+03   8.95765000e+04
   1.13208655e+03   0.00000000e+00   4.21245392e+02   1.35864490e+03
   1.23127484e+05   6.64426562e+04   2.29268086e+04   6.89945908e+01
   1.07647039e+05   1.50908770e+04   4.45779492e+04   5.97274121e+03
   1.54830713e+04   1.20186569e+02   2.80150020e+04   1.48367754e+04
   3.03199785e+04   5.56361816e+02   1.20257734e+05   7.45254346e+03
   5.81250078e+04   3.69288125e+04   1.11751526e+03   6.04136016e+04
   1.02192531e+05   1.62383313e+03   7.13711328e+03   5.96555847e+02
   1.24538398e+04   4.74520187e+01   4.53364349e+02   3.12019238e+04
   0.00000000e+00   1.89617812e+04   5.64610443e+01   1.93494727e+04
   1.29075793e+03   1.10671055e+05   1.87885840e+04   1.55844031e+03
   9.38866602e+03   6.63539297e+04   1.75269067e+03   1.33835381e+04
   1.00859932e+04   8.23501953e+03   2.77882568e+02   1.03502891e+04
   1.61830781e+04   7.54039600e+03   4.63901797e+04   2.04442654e+01
   7.10561084e+03   6.83673000e+00   6.05972229e+02   5.16213989e+01
   1.34934102e+04   2.56935303e+02   8.78583203e+03   4.94556236e+00
   9.22394531e+03   2.18306396e+03   1.02633765e+03   5.32586572e+03
   1.01725653e+03   8.32665039e+03   1.15239531e+05   5.02610010e+03
   4.39336609e+02   2.42587842e+03   1.67472702e+02   8.75972843e+00
   1.12092644e+02   6.25400757e+02   7.20973633e+02   9.76423438e+04
   1.38891406e+04   2.18384912e+03   2.55826035e+04   0.00000000e+00
   3.77883594e+04   3.19199402e+02   9.18898438e+04   1.31674515e+02
   2.80797734e+04   3.50346992e+04   8.14354065e+02   6.70301367e+03
   9.53068594e+04   1.12330298e+03   3.78673398e+04   6.45214531e+04
   5.26434023e+04   3.90112378e+03   3.89869287e+03   9.52855682e+01
   1.57163896e+04   5.14786453e+01   9.60610156e+03   2.31274941e+04
   4.08235718e+03   2.44362891e+04   7.26611172e+04   4.97670068e+03
   2.99122729e+03   2.09611084e+03   5.46785498e+03   8.98864746e+03
   1.03337598e+04   1.45181578e+05   5.12958203e+04   3.93046016e+04
   9.82789160e+03   1.92016172e+04   1.70800757e+03   7.01922607e+02
   1.45814344e+05   3.78763555e+04   1.41461700e+02   7.64170938e+04
   1.16462570e+05   6.02741882e+02   3.60893906e+04   1.09610469e+05
   2.09056110e+01   4.52479218e+02   9.89549683e+02   1.17898303e+03
   3.47435852e+02   8.19374805e+03   1.77641309e+04   3.67225513e+03
   5.13857764e+03   9.73787207e+03   3.52923750e+04   2.49136172e+04
   3.15726001e+03   3.86507891e+04   5.54675055e+00   7.34697771e+00
   3.57207539e+04   1.39482678e+03   9.26557434e+02   1.09037673e+00
   3.38531067e+02   2.40460913e+03   3.53586060e+02   2.28479328e+01
   5.75605117e+04   7.38119062e+04   3.84986016e+04   1.92076990e+03
   7.94916094e+04   1.68680505e+03   8.06250830e+03   2.30304551e+04
   3.17302871e+04   3.16928320e+04   3.42504565e+03   4.70587539e+04
   5.98365479e+02   1.62607953e+05   6.68723633e+03   9.68608379e+00
   3.50239492e+04   6.52739766e+04   2.17670996e+04   4.15430117e+04
   5.35534424e+03   8.96719375e+04   1.12961533e+04   9.05807344e+04
   1.20200727e+05   1.16018054e+03   2.01860519e+02   9.72389688e+04
   4.40409531e+04   8.76762619e+01   2.62003296e+03   2.05339209e+03
   2.11967964e+01   5.61256982e+03   1.29592725e+03   7.84040000e+04
   6.30936133e+04   7.69191406e+02   4.46423645e+01   1.00945142e+03
   2.74686426e+03   6.17346387e+03   1.22296055e+05   5.16050781e+04
   2.48676276e+00   2.78354092e+01   9.08157500e+04   4.54534180e+03
   1.11448536e+01   8.70832642e+02   3.84061450e+03   9.87769219e+04
   2.69813672e+03   1.48671338e+03   1.31306338e+00   8.88594910e+02
   7.49334167e+02   6.43314160e+03   1.24257666e+04   6.95676221e+03
   2.80462148e+04   2.43670742e+04   2.74367500e+04   1.17045569e+03
   5.23107605e+02   5.70398407e+01   1.60967764e+04   1.41299516e+05
   2.44862900e+01   1.34632861e+03   9.29397168e+03   7.76508255e+01
   1.28129663e+03   5.18508398e+04   4.34700488e+03   3.74147034e+02
   4.26420469e+04   1.47473560e+03   2.12976856e+01   1.01693994e+04
   2.65004913e+02   1.31030396e+03   9.59479609e+04   3.83413945e+04
   8.79169388e+01   2.75857129e+04   4.79942432e+03   6.23629834e+03
   1.64093765e+02   8.24654297e+03   1.17046000e+05   2.20043896e+03
   8.60323516e+04   1.58147188e+05   1.58420484e+05   1.86149375e+04
   4.15654297e+04   4.75433624e+02   3.14740957e+04   4.64352393e+03
   6.88449062e+04   3.41823181e+02   5.76924414e+03   7.52689766e+04
   1.11585876e+02   6.17986133e+03   1.73031982e+03   3.32579648e+04
   7.12951172e+04   1.29822241e+03   3.27725537e+03   9.23418732e+01
   2.72123890e+01   8.69721777e+03   1.10926035e+04   1.15497681e+03
   6.94804785e+03   1.51935498e+03   3.89183398e+04   3.26242523e+02
   2.91956665e+02   5.96228984e+04   4.41820068e+03   2.76125098e+03
   1.24547156e+05   8.49964783e+02   2.56847422e+04   1.01272617e+04
   7.03896016e+04   8.40335625e+04   2.61366028e+02   4.07549988e+02
   2.21266284e+03   2.78825366e+03   1.12350414e+05   2.93606714e+03
   6.11707578e+04   2.78434009e+03   3.27996167e+03   1.43247876e+03
   2.48362207e+04   6.55827271e+02   1.79311406e+04   2.54111914e+04
   3.38424023e+04   3.83353394e+03   1.94250137e+02   4.15366089e+02
   6.22858320e+04   9.46054395e+03   4.33759918e+01   1.32168486e+04
   2.13840308e+03   3.00393823e+03   5.24871484e+03   3.21961230e+04
   1.06319104e+03   3.00626251e+02   1.82220593e+03   2.79538116e+02
   2.93773682e+03   2.79207246e+04   3.29428047e+04   8.88556719e+04
   3.42425476e+02   1.49393997e+02   1.34354785e+03   2.15731949e+02
   5.79260712e+01   5.66159766e+03   1.94403711e+04   1.32430484e+05
   3.84950938e+04   1.31525850e+04   8.91566699e+03   6.20981102e+01
   1.76021194e+01   5.20926476e+01   3.26735410e+04   2.92045703e+04
   2.64368115e+03   4.60331604e+02   4.10569648e+04   2.35541328e+04
   1.59264001e+03   9.14870996e+03   5.02463789e+04   5.11021631e+03
   3.75772217e+03   3.26696118e+03   5.07645557e+03   2.97045254e+04
   4.06693281e+04   1.91779023e+04   2.61930332e+04   1.92916846e+03
   8.18295391e+04   1.80311890e+03   1.89711731e+02   5.34954541e+03
   5.53070391e+04   2.05384082e+04   9.63907812e+03   2.28826831e+03
   2.97681152e+02   4.39278516e+03   2.83907852e+04   7.74891602e+03
   2.79223633e+04   1.66006543e+04   1.41418848e+03   8.15013885e+00
   2.97320986e+00   4.34955156e+04   8.73541031e+01   3.80127686e+03
   2.26898145e+03   3.51132695e+04   1.33589270e+03   1.07857086e+05
   7.41177266e+04   0.00000000e+00   4.74283936e+03   1.35107775e+01
   5.88881409e+02   2.54402070e+04   1.16969925e+02   2.50749023e+03
   1.47283630e+03   9.24047070e+03   1.25514275e+02   3.72402881e+03
   1.27447285e+04   7.58112812e+04   3.79655334e+02   1.75009125e+02
   1.17679248e+03   2.60131592e+03   6.95218134e+00   8.55528625e+02
   7.22801367e+03   2.18843918e+01   1.29059521e+03   3.40196484e+03
   1.21097949e+04   2.09612578e+04   1.62896064e+04   0.00000000e+00
   3.21081390e+01   1.08038452e+03   4.61113633e+04   2.93447998e+03
   9.85285352e+03   4.94375000e+01   2.71763818e+03   7.40661192e+00
   1.93143203e+04   7.07023010e+02   1.27692586e+05   6.43132080e+02
   6.58758301e+03   1.46835913e+03   1.33145479e+04   4.55141309e+03
   5.96031592e+03   1.02510555e+05   2.32640430e+03   2.01905156e+04
   2.08466846e+03   1.65615768e+02   2.78121281e+01   1.09859326e+04
   1.28577588e+03   4.24350273e+04   2.32474707e+03   0.00000000e+00
   3.08658555e+04   1.21253809e+03   3.04340308e+03   1.36315438e+05]
[  1.80880762e+04   8.38920020e+03   1.59087256e+03   8.54586334e+01
   4.79234727e+04   1.63992500e+00   6.00534141e+04   1.51956523e+04
   1.19294000e+05   1.23166283e+02   4.45956879e+02   7.57178955e+03
   9.34618454e+01   8.64254453e+04   4.46635693e+03   0.00000000e+00
   7.98907666e+03   1.40780920e+03   8.51586487e+02   3.35390289e+02
   6.97960498e+03   7.49071484e+03   1.32793494e+03   1.00510323e+02
   1.27972870e+02   1.10745352e+04   1.50763831e+03   3.14446875e+04
   7.68403137e+02   5.94680420e+02   1.53610504e+02   1.40018176e+03
   5.05999725e+02   0.00000000e+00   5.49202698e+02   2.68762573e+02
   2.52326831e+03   1.14675074e+01   1.90706172e+04   3.66354401e+02
   4.06848008e+04   2.66287402e+03   1.24372643e+02   1.49256807e+04
   5.39550537e+03   8.08076294e+02   1.32235098e+04   6.97666138e+02
   1.49847998e+03   8.98403076e+02   2.34103775e+02   3.33118935e+01
   0.00000000e+00   4.28349951e+03   1.19293628e+03   1.46921814e+03
   6.54419385e+03   1.52567383e+02   1.09397270e+02   5.06602907e+00
   3.81101608e-01   1.09216040e+03   8.62987427e+02   8.24442505e+02
   5.76504578e+02   2.42439621e+02   1.27202178e+04   2.20657090e+04
   3.50554297e+04   5.81016724e+02   1.57908646e+02   4.95940938e+04
   8.75986099e+01   2.29617065e+03   6.22230408e+02   6.38502197e+02
   0.00000000e+00   6.04672559e+03   1.82160690e+02   3.12828461e+02
   1.11813293e+03   1.03884039e+05   6.14632539e+04   2.30343066e+04
   9.66093689e+02   6.99296494e+01   5.80856592e+03   5.18302063e+02
   2.00378943e+03   5.75028381e+02   2.82166523e+04   5.54352100e+03
   2.61442700e+03   8.55357587e-01   2.88036475e+03   2.00516373e+02
   1.14006580e+03   1.91278867e+04   2.40237598e+03   4.06757422e+03
   9.40767151e+02   2.24552100e+03   1.55676306e+03   4.16811028e+01
   2.66803528e+02   1.80042041e+03   1.36834697e+04   1.31515789e+00
   5.83716641e+04   1.20815617e+05   1.06777197e+03   1.81106522e+02
   4.12148438e+02   1.89655151e+03   1.02762367e+05   1.24981458e+03
   2.17551666e+02   1.06560583e+03   3.05063305e+01   2.46406998e+02
   1.62114212e+02   5.06421436e+03   1.04092896e+03   1.28826752e+01
   2.75477344e+04   1.09465714e+02   2.17799243e+03   9.93810303e+02
   5.63063965e+01   2.37255898e+04   2.13458923e+02   3.35852875e+02
   1.87231812e+03   1.29624883e+04   1.72483203e+04   7.60722351e+00
   6.04063293e+02   2.76054077e+02   2.21176680e+04   2.89634913e-01
   3.41823822e+02   2.20039627e+02   3.87036328e+03   9.89481659e+01
   8.63677246e+03   1.96587266e+04   2.43496509e+03   8.08450859e+04
   2.43236548e+03   2.58565625e+03   7.14476406e+04   6.02372900e+03
   1.87615820e+04   1.03735962e+03   2.37367798e+02   8.22864219e+04
   6.06505566e+03   1.64180488e+04   1.78599890e+03   4.68824365e+03
   1.56309155e+03   3.43216870e+03   0.00000000e+00   3.45546722e+02
   4.04441211e+04   1.76662842e+03   7.37749688e+04   4.12524271e+00
   3.52504028e+03   2.27934297e+04   8.58792542e+02   1.86625476e+03
   9.37795156e+04   2.88067500e+04   1.91151104e+01   5.08203705e+02
   2.34075293e+03   1.41943896e+04   1.15297266e+03   7.46389587e+02
   1.15077273e+05   2.41353958e+02   5.29109619e+02   0.00000000e+00
   3.48894414e+04   6.02643984e+04   6.32222319e+00   4.90320892e+02
   2.77051811e+01   8.18265469e+04   6.12572144e+02   1.49293976e+02
   6.35432816e+01   4.55248828e+04   1.19153301e+04   6.20216992e+03
   3.97174530e+01   9.64689258e+03   3.56538452e+02   4.66200586e+04
   2.37662754e+04   1.32787354e+02   3.06769967e+00   4.69500427e+02
   1.16459932e+04   3.19909668e+02   7.77835312e+01   4.93967969e+03
   9.88715668e+01   2.44431958e+03   1.15516248e+03   6.76992554e+02
   6.31889746e+03   1.09909795e+04   5.57714102e+04   9.06654141e+04
   6.42263594e+04   3.48428345e+02   3.55135437e+02   4.66423711e+04
   1.47735547e+04   8.44102783e+01   4.86459668e+03   2.00544662e+02
   1.48259590e+04   3.44095993e+01   6.50256641e+03   5.18361680e+04
   1.45200610e+03   4.65695508e+03   8.93205312e+04   5.22940552e+02
   4.76887421e+02   3.40894995e+03   1.34935760e+01   7.83990156e+04
   7.96693672e+04   2.62870142e+03   2.67707291e+01   7.00813370e+01
   3.77720361e+03   1.09526831e+03   2.26018051e+02   2.49464966e+03
   4.72239404e+03   4.47295605e+03   0.00000000e+00   8.39133672e+04
   2.02442360e+01   1.72412964e+02   1.77048352e+03   2.53213825e+01
   7.27222363e+03   9.30287323e+01   1.70233727e+01   1.38911697e+02
   1.20080896e+03   2.70198657e+03   2.99268896e+03   5.60280713e+03
   2.10734668e+03   1.69625610e+03   9.47374573e+02   5.30630554e+02
   5.95528564e+02   1.40549434e+04   1.33445862e+02   2.35449355e+04
   6.02235400e+03   4.59155713e+03   6.80819336e+02   3.04935089e+02
   2.20899384e+02   2.64241150e+02   4.72070580e+01   8.51335335e+00
   2.21698496e+04   0.00000000e+00   3.69345190e+03   7.98301270e+03
   3.20483179e+03   1.61741714e+02   2.74799883e+04   0.00000000e+00
   2.00102036e+02   2.93067070e+04   3.54946022e+01   1.94180957e+04
   3.74660400e+02   1.71353625e+03   2.60178040e+02   3.35364575e+03
   7.08801719e+04   7.21589697e+03   4.10670557e+03   1.49425322e+04
   5.93195000e+04   1.32993555e+03   6.22917442e+01   9.83279785e+02
   0.00000000e+00   1.64572571e+03   2.77151523e+04   3.86767626e-01
   2.53457275e+03   1.41236846e+04   1.02819019e+03   5.70440625e+04
   1.47038361e+02   1.39146896e+02   1.65940964e+02   3.83793262e+03
   3.23686953e+04   6.43312149e+01   5.46201721e+02   1.10574524e+02
   5.26727227e+04   2.02481403e+01   1.73948196e+02   7.95198822e+01
   2.08473218e+03   1.28812686e+04   2.79884473e+04   1.67628965e+04
   7.93041406e+04   1.67253281e+02   2.24961987e+03   1.33988223e+04
   3.88694336e+02   5.02758312e+00   1.03468289e+05   7.03028984e+04
   5.17215729e+01   7.02824890e+02   1.34287578e+04   3.05321729e+03
   0.00000000e+00   5.36392188e+03   4.55019226e+02   2.42990753e+02
   1.52503857e+04   2.36739185e+03   2.40253296e+03   3.11838477e+04
   1.68536949e+01   2.87883960e+03   4.66222961e+02   1.21304395e+04
   3.84263008e+04   1.57508148e+02   2.09460011e+01   2.74572656e+03
   6.35263550e+02   9.05946191e+03   1.08705750e+05   3.59531797e+04
   4.28784119e+02   2.46911728e+02   4.18853711e+03   3.64849358e+01
   3.06643042e+03   7.11567932e+02   1.37055710e+02   6.57283691e+02
   2.43654648e+04   1.82195742e+04   1.77765002e+03   3.31116406e+04
   3.47394501e+02   4.28572461e+04   1.20326490e+01   3.03856758e+04
   2.40922510e+03   9.55522500e+04   8.21300476e+02   2.08985107e+03
   7.64516296e+02   4.27222687e+02   2.34392383e+03   1.87532930e+04
   6.84337598e+03   1.31117090e+04   2.91109562e+01   2.35497314e+02
   4.41964111e+03   4.93225820e+04   2.58948145e+04   2.64221753e+03
   6.72589219e+04   2.04845679e+03   1.79945469e+00   1.59587603e+01
   3.40709473e+03   5.72275781e+03   2.17620020e+03   5.16002051e+03
   1.35135771e+04   4.68411980e+01   1.94644897e+02   9.60427185e+02
   2.97116760e+02   2.53558740e+03   1.68347129e+04   2.23167305e+04
   1.53689824e+04   7.10285378e+00   9.00231641e+04   5.20230103e+02
   3.79513770e+03   3.34048424e+01   5.89731738e+03   6.13776489e+02
   9.78836426e+03   3.07195859e+04   7.58291626e+01   0.00000000e+00
   1.48136551e+02   8.28634827e+02   5.23688330e+03   2.36523315e+02
   6.53859802e+02   2.97592957e+02   3.30059790e+03   2.34756885e+03
   1.86426086e+03   3.39655664e+04   1.00983353e+02   1.34455652e+01
   2.23921484e+03   4.80674133e+01   1.78506323e+03   6.49128359e+04
   6.82600708e+02   1.52748276e+02   2.97295105e+02   1.64635095e+03
   2.16102100e+03   5.02214264e+02   4.96042812e+04   2.84662720e+03
   2.26636582e+04   6.40679810e+02   2.16557910e+03   1.65044458e+03
   2.05206051e+01   4.26713348e+02   4.09552661e+03   7.91260925e+02
   7.39612000e+02   2.16747757e+02   0.00000000e+00   1.73915634e+02
   4.46517587e-01   7.13689983e-01   1.20976943e+04   5.82049072e-01
   0.00000000e+00   7.70966064e+02   0.00000000e+00   2.16824539e+02
   1.22174912e+04   1.10064062e+03   3.41942749e+03   3.32612579e+02
   9.95511797e+04   5.77176953e+04   2.03534836e+02   3.69783350e+03
   1.76600623e+03   5.79621582e+03   2.85229258e+04   6.26369385e+02
   3.49199493e+02   3.10066948e+01   9.18316711e+02   5.74860742e+03
   2.34876123e+03   1.48117261e+03   5.06855469e+03   0.00000000e+00
   7.95910352e+03   8.64140430e+03   2.42786157e+03   9.67007523e+01
   7.28874695e+02   2.94461945e+02   3.80470469e+04   1.69195938e+01
   9.76028931e+02   2.58386322e+02   1.04392328e+05   5.69920459e+03
   5.95000671e+02   3.47570801e+02   3.03226662e+00   8.90261523e+03
   1.34878931e+03   8.60392303e+01   2.49629712e+03   4.16474707e+03
   1.09894238e+03   2.12101538e+03   5.83792534e+01   3.32808716e+02
   1.04984619e+03   1.06598109e+05   1.03959564e+02   1.15560095e+03
   0.00000000e+00   1.87838008e+04   1.71210547e+04   6.80693994e+03]
[  2.28006332e+02   1.61977363e+04   3.49863983e+02   1.65626843e+03
   6.59305298e+02   1.27578555e+04   1.09737328e+02   9.31872656e+03
   6.83277734e+03   4.72416367e+04   2.05837433e+02   3.27951851e+01
   1.25281475e+04   5.01742031e+04   2.95477856e+03   3.29347870e+02
   1.49494116e+03   3.55034424e+03   8.51638359e+04   2.20331982e+03
   2.93659043e+00   3.02253345e+03   1.30300247e+02   1.50473206e+03
   1.39017988e+04   1.66944321e+02   7.86701318e+03   2.49940094e+02
   5.66527527e+02   2.39190112e+03   1.48100085e+03   1.80509241e+03
   6.04297241e+02   9.88825798e-01   2.90584058e+03   1.05681961e+02
   9.45429153e+01   1.04675641e+05   2.76240855e-01   4.65313965e+03
   1.56209609e+04   6.84156189e+01   7.10491896e-01   1.76971741e+02
   6.82405566e+03   1.95628845e+02   7.83617725e+03   9.35059375e+03
   5.15441406e+02   1.06953255e+02   1.05063428e+03   4.48919482e+03
   6.47081146e+01   9.34341504e+03   2.87323145e+04   5.50317891e+04
   2.95306244e+02   1.54846309e+04   5.01788483e+01   3.27130542e+03
   2.94251636e+03   9.19731323e+02   5.72712646e+02   3.68399658e+02
   3.22481250e+03   4.30077087e+02   2.08320648e+02   1.30121536e+02
   1.90405380e+02   1.68861332e+01   8.38174438e+02   1.81335312e+04
   5.52119609e+04   1.42581757e+02   4.35416680e+04   5.46874504e+01
   5.11181221e+01   1.45486292e+03   2.68632294e+02   2.00387832e+04
   5.13147827e+02   2.81813301e+04   2.28339238e+04   5.30581641e+03
   7.42476797e+04   1.05025642e+02   1.52031543e+03   1.67446543e+04
   1.63170781e+04   3.32942891e+04   1.86212425e+01   2.23694653e+03
   1.92547791e+02   7.42150244e+03   1.47525391e+03   4.40400146e+03
   4.32232666e+03   1.45494699e+00   2.10780703e+04   3.41087097e+02
   3.56099129e+01   1.47503406e+03   8.78940659e+01   7.07073145e+03
   2.97703218e+00   9.75161648e+00   1.29206335e+03   6.24005273e+04
   1.02242050e+01   2.82883242e+04   5.52751587e+02   6.87615156e+04
   2.34603638e+03   4.43567886e+01   2.16541882e+01   5.98235840e+02
   3.78568420e+02   2.57709453e+04   7.46088806e+02   1.88704681e+01
   3.64556336e+00   3.04680176e+02   7.32805420e+03   2.76931458e+02
   4.54564301e+02   8.94803320e+03   1.86939743e+02   2.79863720e+01
   7.35462708e+02   3.45190887e+02   1.96986621e+04   6.24964600e+02
   1.61160461e+02   1.35389172e+03   4.39503357e+02   5.48703125e+03
   6.05184727e+04   1.29093957e+00   7.89672699e+01   3.37431374e+01
   5.95862925e-01   4.03329048e+01   2.30868149e+02   2.45127396e+02
   6.55319138e+01   1.32453552e+03   3.63997168e+03   0.00000000e+00
   2.03732224e+02   3.57760664e+04   1.01444717e+02   9.86226196e+01
   5.10854492e+02   2.45638550e+03   6.49021362e+02   2.02107051e+04
   1.29000521e+01   4.36862854e+02   2.25224945e+02   1.09748750e+04
   1.54210999e+02   1.69475235e+02   7.15454834e+02   1.79170303e+02
   5.87241680e+04   3.58852539e+01   3.16090332e+02   6.59726465e+03
   8.83043848e+03   1.41757549e+04   4.99046475e-01   1.22291992e+02
   8.55985059e+03   3.07559814e+03   5.86016617e+01   2.34987354e+03
   6.31249570e+04   7.29454712e+02   4.06011484e+04   2.06044434e+03
   4.46228164e+04   1.87150254e+04   7.32018738e+01   7.55649756e+03
   2.08942749e+03   2.97468019e+00   1.49140649e+03   3.32059961e+03
   2.51801395e+01   2.47391022e+02   1.37058823e+02   2.20889206e+02
   2.71633252e+03   6.34403223e+03   1.36928125e+03   1.57404990e+04
   2.47330322e+03   5.76536133e+02   1.44086685e+02   2.64245996e+03
   2.26980225e+03   1.50127039e+03   2.56169873e+03   0.00000000e+00
   2.46874683e+03   1.80271530e+02   2.67097534e+03   1.05026172e+03
   5.66289600e+03   8.31357734e+04   1.45605850e+02   5.14260803e+02
   4.94888330e+03   2.78804419e+03   2.13457779e+02   1.25460000e+04
   6.91434844e+04   1.59969116e+02   9.26807175e+01   2.15253564e+03
   9.35070898e+03   1.29175827e+02   1.54872942e+01   1.81985156e+03
   1.02401111e+03   1.08894554e+02   1.48647964e+02   1.98307739e+02
   5.52506165e+02   2.10891968e+02   8.54521465e+00   3.00539734e+02
   1.38997705e+03   1.38488083e+02   7.12042923e+01   4.15498962e+01
   4.06871460e+02   4.55391937e+02   2.57384448e+03   1.20892420e+01
   1.25314484e+01   3.21793594e+01   1.17142493e+03   7.01660078e+04
   4.83668398e+04   6.87799658e+03   2.14778625e+02   7.81634827e+02
   1.50203743e+01   6.54428894e+02   5.44630981e+02   1.57150192e+02
   1.17752734e+04   5.29084229e+02   3.02729969e+01   2.02228317e+02
   2.00850391e+03   2.01814461e+01   1.02260156e+03   9.50898285e+01
   4.68873810e+02   4.24134644e+02   8.63554535e+01   4.10528412e+01
   6.52827422e+04   1.41188574e+03   4.78194648e+04   8.12439758e+02
   1.97052625e+03   2.92131939e+01   1.76457001e+02   6.85468506e+02
   6.87062378e+01   1.11055470e+01   5.02445820e+04   7.81207886e+02
   9.95279358e+02   4.37402863e+02   7.54525830e+03   1.76919863e+04
   2.78420349e+02   3.67874451e+02   1.93375061e+02   8.65063828e+04
   3.09111401e+03   1.87216089e+03   5.95210352e+03   1.12565613e+03
   5.32756714e+02   1.34001162e+04   3.20599194e+03   2.42530933e+03
   1.19705117e+04   1.49524658e+03   9.88008499e+01   1.12390649e+03
   7.66179688e+03   4.57675659e+02   5.73037549e+03   4.57940519e-01
   7.17071247e+00   2.12965195e+02   2.53835488e+04   6.13910484e+01
   1.81046211e+04   6.43848906e+04   1.00485803e+03   2.03110303e+03
   8.17104834e+03   1.18427217e+04   9.86531019e-01   4.98072168e+03
   1.37373734e+00   4.16644336e+03   7.75298340e+03   1.42626318e+04
   6.03739441e+02   3.39280566e+03   3.24294167e+01   1.77554941e+04
   4.48908740e+03   2.45592246e+04   1.60603027e+03   3.74340391e+04
   2.05016968e+02   6.14527222e+02   3.44850439e+03   4.69954559e+02
   8.51141846e+02   1.42965607e+02   7.07633887e+03   9.07979688e+03
   9.64521980e+00   8.54187378e+02   1.91025406e+02   2.38148657e+03
   1.86719086e+02   5.73651270e+03   3.80663062e+03   1.73745215e+04
   3.14471621e+04   8.83337219e+02   3.76708435e+02   2.77724548e+02
   3.26839867e+01   3.19012054e+02   1.79958945e+04   5.02853174e+03
   6.02885449e+03   7.33401855e+03   3.03333789e+03   8.42080781e+04
   1.15309814e+02   2.46471143e+03   1.39738672e+03   3.60741547e+02
   1.74924941e+04   2.08611768e+03   2.65760020e+04   5.69029379e+00
   6.59732266e+04   4.21561584e+02   5.02865625e+04   9.15787964e+02
   5.98472314e+03   4.91858459e+02   8.33228607e+01   1.03582422e+04
   8.15857361e+02   1.66842761e+03   3.09735870e+02   3.81447607e+03
   3.33760284e+02   1.07269668e+04   1.93099609e+02   1.35645312e+05
   1.25716523e+04   1.65295081e+03   7.48814502e+03   9.07175415e+02
   4.20533447e+01   1.37955047e+05   2.95655273e+03   4.06720154e+02
   7.95865845e+02   8.82138574e+03   9.86694412e+01   1.16724033e+01
   1.28479749e+03   1.15226453e+03   7.76212031e+04   2.43564819e+03
   1.48975330e+03   5.18164570e+04   8.58868672e+04   1.34729813e+02
   6.14636612e+01   4.42431982e+03   4.08907471e+03   1.03482334e+04
   2.49952911e+02   2.98641113e+04   1.80220117e+03   2.58612085e+03
   5.49939461e+01   1.31025791e+04   9.15199051e+01   5.07224902e+03
   1.39456775e+03   1.28917542e+03   8.55685669e+02   1.83398047e+04
   1.87477637e+04   5.90689575e+02   1.45677722e+03   1.78239975e+01
   1.53276550e+03   2.58924164e+02   0.00000000e+00   1.90065323e+02
   1.76492142e+02   4.25677109e+04   5.57579639e+03   3.03435612e+01
   3.30177246e+02   7.42075146e+03   4.84986755e+02   1.01559212e+02
   1.14370234e+04   7.90283691e+03   5.32538242e+04   7.95815735e+01
   8.31923047e+03   7.79298523e+02   4.82743492e+01   2.25520203e+02
   2.10531982e+02   1.76968651e+01   2.06375762e+04   4.91682053e+00
   1.57600662e+02   1.01712074e+02   1.35594315e+02   0.00000000e+00
   4.84613419e+01   1.83378418e+04   5.91936951e+02   1.16954910e+02
   1.11554272e+03   2.18067754e+04   2.66247009e+02   1.42886267e+03
   4.02786255e+01   1.53156641e+05   3.67843672e+04   2.92472210e+01
   1.60730835e+03   6.97413672e+03   1.86581113e+04   8.11153662e+03
   1.00103701e+04   7.95872314e+03   1.23131104e+04   2.22093091e+03
   1.00832979e+04   1.68713660e+03   5.73583618e+02   3.10789520e+02
   4.68499664e+02   9.13672867e+01   8.04430225e+03   1.25865000e+04
   1.49450410e+04   2.18463691e+04   8.16391602e+02   3.18061310e+02
   7.58604553e+02   1.79942517e+03   4.51126923e+02   2.59242168e+04
   6.44481152e+03   3.19189758e+02   3.26678301e+04   2.08752777e+02
   0.00000000e+00   0.00000000e+00   3.23960156e+03   2.30479752e+02
   8.48310913e+02   1.49911221e+04   7.25116172e+04   2.28643887e+04
   2.11791133e+04   1.13907788e+03   7.23240906e+02   4.86328033e+02
   9.17796753e+02   9.80455551e+01   2.16767529e+03   2.29464355e+03
   3.12080996e+04   3.08522910e+04   2.69565773e+01   1.34805701e+03
   1.66801113e+04   1.46975283e+04   2.45961166e+02   1.49716024e+01
   4.24778778e+02   3.39275513e+01   5.55888100e+01   2.63431621e+04]
[  2.43369629e+02   8.23010087e-01   0.00000000e+00   7.55839404e+03
   1.06221695e+02   2.66434746e+01   1.30117321e+01   2.02970386e+00
   1.01105194e+02   1.66286072e+02   1.51901131e+01   3.00269836e+02
   1.56928568e+01   8.09579697e+01   1.83498535e+01   0.00000000e+00
   0.00000000e+00   2.64008484e+02   0.00000000e+00   0.00000000e+00
   1.62270996e+02   1.53066240e+04   3.81751221e+03   2.50941299e+02
   4.57922173e+00   0.00000000e+00   0.00000000e+00   8.12457336e+02
   3.38746124e+02   1.52061902e+03   6.87106787e+03   2.41172607e+02
   3.11715259e+03   1.35252380e+02   5.27499580e+01   1.06240222e+03
   3.32844124e+01   1.39741182e+04   1.50559155e+03   1.15415710e+03
   5.62426465e+03   4.08916473e+01   1.51519104e+03   8.81334351e+02
   1.88298817e+01   5.29841919e+01   2.96389697e+03   4.71892357e-02
   3.41913338e+01   5.10061026e+00   3.91351166e+01   1.12694434e+03
   0.00000000e+00   1.00258583e+02   9.43524704e+01   6.61178589e+01
   5.30366699e+03   8.71806702e+02   0.00000000e+00   1.49106171e+02
   2.41236053e+02   2.04307747e+01   0.00000000e+00   4.29631958e+02
   5.03431435e+01   3.85267505e+03   1.36002588e+01   3.11569834e+00
   1.49040588e+02   1.71973389e+03   9.69378967e+01   5.37210464e+01
   1.70474300e+01   1.03969226e+03   1.37535083e+00   2.60182324e+03
   5.94600916e+00   6.03271545e+02   8.79800606e+00   1.11237404e+02
   0.00000000e+00   1.03447273e+02   1.44775345e+02   2.09975635e+03
   1.89440918e+01   5.33727741e+00   0.00000000e+00   1.20787830e+01
   9.86947949e+03   1.91465652e+02   1.17470244e+04   1.32868301e+02
   1.73657383e+04   3.55524597e+02   1.14233267e+00   3.84310913e+02
   1.13396572e+04   1.25861263e+00   2.72727808e+03   2.63335018e+01
   9.15519531e+02   1.46702032e+01   1.47526093e+01   6.18189514e-01
   1.19340161e+03   1.71612537e+03   0.00000000e+00   5.04780083e+01
   1.53405104e+01   5.53729117e-01   2.38253975e+01   1.72506973e+02
   2.03110669e+03   3.62025000e+03   3.40379257e+01   1.41856635e+00
   1.93296338e+03   3.62656128e+02   8.56255417e+01   1.00741898e+02
   0.00000000e+00   5.40869873e+02   0.00000000e+00   4.83403444e+00
   1.25817499e+01   2.31079388e+00   3.04439774e+01   0.00000000e+00
   5.67947044e+01   9.74595032e+02   5.16958618e+02   6.72824829e+02
   6.11798048e-01   1.45240269e+01   2.42284027e+02   1.12975204e+02
   8.65681250e+03   9.87470169e+01   1.14532738e+02   4.88407623e+02
   2.43122461e+03   3.35888710e+01   3.74829979e+01   2.71018848e+03
   1.64229069e+01   0.00000000e+00   4.56720505e+01   1.57063043e+00
   4.69616270e+00   7.76041746e+00   7.30980277e-01   6.13342285e+00
   1.72071121e+02   1.46295261e+01   8.15446854e+00   0.00000000e+00
   1.32072095e+03   1.57648678e+01   9.16944981e+00   1.52629538e+01
   2.42180893e+02   4.24894142e+01   1.61821016e+04   5.17331909e+02
   7.68053650e+02   9.86085352e+03   0.00000000e+00   2.67310156e+03
   3.30529572e+02   5.69361133e+03   1.55538988e+00   6.49724951e+03
   1.05148191e+01   5.28454285e+02   5.98450947e+00   6.36392927e+00
   2.27670040e+01   1.19633079e+00   1.42375748e+02   0.00000000e+00
   2.70782738e+01   4.75679150e+03   0.00000000e+00   1.60647510e+03
   1.00496109e+02   1.25384775e+04   2.14129238e+01   2.50981159e+01
   6.68672266e+03   1.52510345e+02   5.54614868e+01   7.81983757e+00
   2.12400098e+03   2.76457153e+02   3.39117828e+02   2.44080353e+02
   4.36464500e+01   1.65318103e+03   1.53319751e+03   3.33515015e+03
   2.96701584e+01   1.33650215e+04   4.64495802e+00   1.80016880e+01
   4.18377113e+01   4.98663902e+01   2.07368018e+03   2.76263574e+03
   0.00000000e+00   2.59066846e+03   4.07072949e+03   1.60271155e+03
   0.00000000e+00   0.00000000e+00   6.99799118e+01   1.73608337e+03
   6.36960144e+02   9.82198048e+00   1.69952178e+00   3.46532135e+01
   4.80043640e+01   1.35981308e+02   1.91829330e+02   4.20383453e-01
   7.19529199e+03   8.89699707e+03   3.73935914e+00   7.67887712e-01
   2.80487657e-01   4.23208832e+02   1.15608931e+01   3.55445953e+02
   9.75715485e+01   1.28698901e+03   3.51736377e+03   1.65712494e+02
   1.06632824e+01   1.07475859e+04   0.00000000e+00   8.87836060e+02
   0.00000000e+00   1.29899932e+04   6.02905121e+01   0.00000000e+00
   0.00000000e+00   1.50895950e+02   7.89039844e+03   0.00000000e+00
   1.37121832e+00   5.13973904e+00   7.37291602e+03   7.43374157e+00
   8.87827396e+00   6.77251816e+01   1.85737362e+01   7.29588074e+02
   1.00243652e+03   3.96781731e+00   0.00000000e+00   6.94535840e+03
   2.86437950e+01   1.05269035e+02   0.00000000e+00   0.00000000e+00
   0.00000000e+00   5.74883044e-01   1.94589901e+00   2.13328784e+03
   5.09666504e+02   1.04177696e+02   1.33087203e-01   1.13399402e+03
   2.67991304e+00   1.64568691e+04   2.46803149e+03   1.42158890e+00
   2.90713330e+03   4.89998779e+01   6.05139503e+01   1.65692062e+01
   0.00000000e+00   4.37516724e+02   1.15164717e+04   2.32592728e+02
   2.31022787e+00   9.99258194e+01   1.14473279e+03   6.38850021e+01
   3.97096992e-01   5.26306000e+01   1.27699219e+02   3.24015259e+03
   1.07838623e+03   6.56458862e+02   0.00000000e+00   0.00000000e+00
   1.58450211e+02   3.31303467e+02   1.45642700e+01   1.18896446e+01
   4.00016479e+02   4.00269684e+02   9.59038281e+03   0.00000000e+00
   3.99209473e+02   0.00000000e+00   1.56086807e+02   0.00000000e+00
   1.16448760e+04   0.00000000e+00   1.54599238e+04   9.12578011e+00
   1.88631916e+01   0.00000000e+00   7.40372229e+00   6.41470068e+03
   5.51160303e+03   3.56110962e+03   2.92220093e+02   9.47419453e+00
   1.41832251e+03   3.93930016e+01   3.84619683e-02   8.76227341e+01
   4.80658447e+02   1.04265666e+00   1.45261431e+01   4.07445679e+01
   1.25421257e+02   8.94872570e+00   7.10431671e+01   3.25901709e+03
   1.59060501e+02   7.20154541e+02   2.65258850e+02   3.08777979e+03
   6.56720703e+02   2.25948706e+03   5.76754199e+03   1.11506264e+02
   1.21842065e+03   3.33099937e+00   9.17170792e+01   1.73792589e+00
   3.32319312e+03   1.00632286e+00   3.41818213e+03   1.07453743e+02
   5.42498535e+02   7.39864120e+01   1.20659164e+02   4.20900583e-01
   4.41626758e+03   1.09928711e+02   1.57143041e-01   7.89213638e+01
   3.45030908e+03   8.04935059e+03   7.09445215e+03   0.00000000e+00
   3.34996490e+01   2.92352855e-01   2.60476513e+01   1.75001114e+02
   2.93797333e+02   4.84531097e+01   0.00000000e+00   3.03299652e+02
   1.35102875e+02   0.00000000e+00   5.77533646e+01   2.76833667e+03
   2.82630329e+01   1.27469139e+02   9.16321335e+01   9.07099762e+01
   8.65072250e+00   9.47147369e+00   3.97954106e+00   1.49394089e+02
   1.17735832e+02   1.56897520e+04   2.43104305e+01   1.05695801e+04
   4.35227112e+02   1.31314429e+03   1.13577588e+03   3.65565338e+01
   2.71355396e+03   4.36776703e+02   1.08800549e+03   6.12855301e+01
   1.64369259e+01   0.00000000e+00   1.11031746e+02   1.25703575e+02
   0.00000000e+00   6.84681773e-01   1.31984406e+02   1.59524811e+02
   1.70348419e+02   1.58467078e+03   1.16789170e+04   1.95499935e+01
   7.93500061e+01   4.28585396e+01   3.45582458e+02   6.05998755e+00
   2.53684092e+00   1.05765605e+04   3.47071571e+01   1.30372171e+01
   5.88130569e+00   4.07402893e+02   3.14671533e+03   8.86191025e+01
   4.80046240e+03   2.82171688e+01   3.74554563e+00   1.24768458e-01
   2.35312539e+04   9.44028381e+02   3.38739433e+01   0.00000000e+00
   6.93881958e+02   2.68448578e+02   7.48468065e+00   3.38972015e+01
   3.22423630e+01   5.38875671e+02   3.55224365e+03   6.39319878e+01
   6.90116348e+01   2.05895288e+03   5.23303284e+02   5.08104095e+01
   4.60410957e+01   5.36136841e+02   1.41250244e+04   3.91653786e+01
   1.23709354e+01   5.68700171e+00   2.00631676e+01   2.66211853e+02
   4.64237289e+01   3.10293007e+00   1.06917510e+04   7.50680273e+03
   1.40147822e+04   2.00068092e+00   2.38574554e+02   7.30729294e+01
   4.08764795e+03   2.21152000e+01   9.10842346e+02   1.81941711e+02
   2.36684208e+01   1.23268955e+04   5.34395523e+01   1.39649719e+03
   0.00000000e+00   9.16261902e+02   2.03394257e+02   1.04746712e+02
   8.73344336e+03   4.19283791e+01   6.66606750e+01   1.46426249e+00
   7.07731056e+00   2.91027313e+02   2.73493378e+02   5.87634611e+00
   1.40437775e+02   4.84237939e+03   0.00000000e+00   1.45794275e+03
   2.81722534e+02   1.03521019e+02   5.65493896e+03   8.38919144e+01
   5.22342041e+03   2.36992996e+02   3.47079498e+02   2.75328007e+01
   2.28475075e+01   1.33053430e+03   8.84242172e+01   6.56874414e+03
   4.76349145e-01   1.50824375e+01   3.02937717e+01   6.32400342e+03
   1.40148514e+02   5.01970911e+00   6.46943817e+01   0.00000000e+00
   5.56411475e+03   4.35888306e+02   6.70759705e+02   4.09316724e+03
   1.17044029e+02   1.14976936e+02   8.96976929e+02   3.10942114e+03
   4.36207390e+01   5.03811230e+03   5.30962658e+00   2.48796005e+02
   0.00000000e+00   1.10852041e+04   7.41894245e+00   2.52564392e+02]
[  2.55622387e+01   4.94079010e+02   5.80301857e+01   3.44620361e+02
   1.44076309e+02   1.03900098e+03   6.91783295e+01   5.06564407e+01
   2.00971756e+01   6.52105637e+01   1.06031665e+03   6.92626465e+02
   2.58691724e+03   3.77334869e+02   2.27363062e+03   2.46497894e+02
   6.19660378e+00   1.85197418e+02   8.17796204e+02   3.34066223e+02
   1.46340683e+02   5.04801178e+00   3.45933691e+03   1.27300056e+02
   4.52397919e+01   3.60447388e+01   1.52290222e+02   7.58836365e+00
   6.73173438e+03   3.86483345e+01   1.62989674e+01   5.72902565e+01
   3.21595361e+03   3.26654396e+01   6.12119579e+00   4.49957153e+02
   6.66861377e+03   4.69247341e+00   1.36768806e+00   1.50354333e+03
   5.48949707e+03   3.90549835e+02   3.32407467e-02   5.56944191e-01
   2.78617859e+00   5.27663391e+02   4.78770947e+03   3.54340744e+01
   3.47729378e+01   1.16473381e+02   2.31804905e+01   1.12155846e+02
   1.80224646e+03   4.59265259e+02   5.18873352e+02   4.42503369e+03
   1.45168743e+01   2.08251820e+01   1.67583838e+03   3.97454150e+03
   2.72627979e+03   2.62771454e+02   6.59560596e+03   1.00372782e+01
   6.98522806e-01   2.34620667e+02   1.06941078e+02   1.18604530e+02
   1.28129911e+01   8.71379761e+02   1.54071887e+03   1.53272632e+03
   8.66935669e+02   3.30784264e+01   3.76715927e+01   1.64221399e+03
   8.59700775e+01   4.52730774e+02   4.37618164e+03   1.06950121e+01
   1.39022188e+01   1.41664520e+02   2.43694238e+03   4.59396019e+01
   1.56370044e+03   5.68766406e+03   6.17109718e+01   9.32585373e+01
   4.27182275e+03   5.21042603e+02   2.33780945e+02   3.16141602e+02
   0.00000000e+00   2.82339282e+03   7.31353426e+00   1.29892225e+01
   3.35622070e+02   5.22117236e+03   6.81707916e+01   5.69550972e+01
   7.74633074e+00   1.70427170e+01   6.02324600e+01   3.00547581e+01
   1.80148926e+03   2.00755787e+01   1.11580437e+02   5.11877148e+03
   5.36002588e+03   1.11744850e+02   7.81670959e+02   3.31915588e+01
   2.44552441e+03   1.13009314e+03   3.52532043e+02   4.33724225e-01
   6.05754166e+01   1.62476559e+01   2.63979517e+03   2.39174385e+01
   4.33922081e+01   2.31058618e+03   0.00000000e+00   3.20650635e+01
   1.35594435e+01   4.90095245e+02   3.40976143e+01   8.25904968e+02
   7.33181836e+03   9.25296593e+00   1.37240753e+02   3.01065454e+03
   1.15714746e+03   9.85271454e+00   1.24583545e+04   7.26933527e+00
   8.68044949e+00   3.15954712e+02   2.45341110e+01   1.24041500e+01
   6.19945312e+03   0.00000000e+00   7.72830566e+02   8.37627335e+01
   2.75911407e+02   9.88182449e+00   9.37078536e-01   1.45197887e+01
   0.00000000e+00   5.50980072e+01   1.81163752e+00   7.81716919e+02
   2.81877869e+02   2.38289209e+03   2.56935455e+02   1.63153870e+03
   1.37700049e+03   4.67392874e+00   1.10399036e+03   4.19669891e+02
   1.04761353e+03   3.79997266e+03   7.07044554e+00   5.72534729e+02
   5.02405127e+03   6.17978699e+02   5.35698242e+02   4.00140076e+01
   1.17687378e+01   1.96132214e+03   6.13688477e+02   1.34122461e-01
   2.82753113e+02   0.00000000e+00   1.23244614e+02   1.17072314e-01
   0.00000000e+00   3.32217773e+03   2.60947113e+02   1.30583305e+01
   1.58319244e+02   1.28747606e+01   1.62891617e+01   1.39054108e+02
   5.70932861e+03   1.47075784e+00   1.41047409e+02   1.06801939e+00
   8.58414322e-02   1.22911224e+01   1.04897995e+01   9.03357544e+01
   4.10644989e+01   1.95242096e+02   3.95026001e+02   4.85924957e+02
   9.34682693e+01   4.11954651e+01   2.06465530e+01   5.40861845e+00
   1.42141590e+01   1.37768127e+02   2.10683846e+00   1.36742914e+00
   3.56038704e+01   2.41351109e+01   4.58683825e+00   3.06905273e+02
   4.01590881e+01   2.38685856e+01   1.77938611e+03   2.55788544e+02
   2.08302364e+01   9.28024769e-01   6.39166527e+01   6.15936699e+01
   6.99157333e+01   8.39891357e+02   1.67879288e+02   1.17453064e+02
   4.17043671e+02   1.06774182e+03   3.39504791e+02   2.41398633e+03
   1.50936136e+01   4.78806953e+01   2.61877490e+03   7.20823441e+01
   1.89162622e+03   3.60283691e+03   2.37895557e+03   4.95206566e+01
   0.00000000e+00   1.17345535e+02   2.26890350e+02   9.07610901e+02
   2.29177856e+03   4.65443039e+00   2.08090820e+03   3.77072296e+02
   3.24431849e+00   2.14555939e+02   2.73645996e+02   0.00000000e+00
   6.03827332e+02   6.83374451e+02   9.06436279e+02   0.00000000e+00
   3.71149384e+02   1.04614925e+00   1.66028476e+00   3.94179932e+02
   3.04307617e+03   0.00000000e+00   1.11982784e+01   8.61423145e+03
   1.05550158e+00   2.92795837e+02   2.21346375e+02   3.94912453e+01
   4.06392554e+03   3.16158009e+00   7.42120557e+03   6.64096527e+01
   9.79535484e+00   9.19791489e+01   4.41876587e+02   7.46217529e+02
   5.56197472e+01   3.94393921e+02   2.94525681e+01   6.31203674e+02
   0.00000000e+00   1.99003398e-01   8.08947754e+01   1.80172012e+02
   3.70128098e+01   1.15885902e+02   1.14839465e+03   4.39836700e+02
   7.38788891e+00   5.30354042e+01   6.21519824e+03   1.38343449e+01
   2.14664602e+00   3.90861670e+03   2.05468750e+02   1.02168214e+00
   4.14344092e+03   5.78634033e+01   3.15066147e+01   8.59322071e-01
   4.12920532e+02   4.09798157e+02   4.46317676e+03   2.72522316e+01
   1.99721423e+03   2.60806030e+02   7.32992249e+01   3.74039154e+02
   3.54505200e+03   7.12241455e+02   7.60475969e+00   1.32951975e+00
   5.62595996e+03   3.50971875e+03   9.45576074e+03   3.82890442e+02
   2.51165533e+00   2.66662262e+02   2.53533859e+02   6.03646965e+01
   1.42125070e+00   1.10393364e+02   1.65837536e+01   7.47285339e+02
   8.41607300e+02   1.04653183e+02   3.43685333e+02   0.00000000e+00
   3.89662147e+00   1.42849219e+03   2.06386566e+01   5.52779102e+03
   6.42473831e+01   1.91150238e+02   2.23300064e+02   2.75598216e+00
   0.00000000e+00   1.66321838e+02   0.00000000e+00   1.46692219e+01
   3.79666252e+01   7.97672729e+01   5.14760376e+02   6.08962631e+01
   3.28418793e+02   1.78678329e+02   3.05121979e+02   2.47255737e+03
   1.21206201e+03   9.36688232e+02   3.44606934e+03   9.80223536e-01
   1.51138489e+02   1.15721997e+03   1.41921375e+03   1.23162926e+02
   2.06831131e+02   3.06852295e+03   5.61648273e+00   0.00000000e+00
   5.80827148e+03   2.98309235e+02   1.50205579e+03   4.01373625e+00
   1.66466650e+03   3.35016113e+02   2.55324219e+02   6.90276642e+01
   7.62355881e+01   9.66841316e+00   1.16571907e+02   1.60091345e+03
   1.16760144e+03   4.34239435e+00   4.53091202e+01   3.95169449e+01
   4.44776001e+01   2.41924214e+00   5.10193164e+03   1.04413390e+00
   3.69056976e+02   3.17850049e+03   8.43772173e-01   4.32307556e+02
   1.68741675e+03   1.06034932e+04   1.83509048e+02   2.28502335e+02
   1.01752600e+03   5.59766693e+01   1.51166702e+02   1.87115383e+01
   3.21831573e+02   2.21710571e+02   3.73331985e+01   1.54200104e+02
   2.53220874e+03   3.97414894e+01   6.38159570e+03   6.32128258e+01
   5.57240662e+02   2.41224575e+01   1.14323485e+00   7.00765839e+01
   3.98355007e-01   9.25000793e+02   8.19504700e+01   3.33736176e+02
   4.24656494e+03   1.54092468e+02   5.67335854e+01   6.04703076e+03
   3.43958862e+03   2.77813202e+02   5.03717743e+02   2.79700255e+00
   8.26063080e+01   9.36881152e+03   1.44610489e+02   1.20165955e+03
   1.75122101e+02   2.29901886e+00   7.67635727e+00   0.00000000e+00
   1.16077588e+03   2.53066260e+03   1.43095923e+03   1.45723120e+03
   5.21392212e+01   4.09178047e+01   6.25202515e+02   0.00000000e+00
   8.65652008e+01   1.48297520e+01   2.26846939e+02   2.79300513e+03
   7.80779114e+02   6.28312439e+02   1.19027559e+04   1.94417572e+01
   5.98543358e+01   2.71907422e+03   7.43638229e+01   1.92852325e+02
   2.03497729e+03   2.09776096e+01   2.17252853e+02   4.20291351e+02
   3.03573360e+01   4.97334976e+01   8.44676437e+01   1.15286652e+02
   2.43623550e+02   7.53026047e+01   5.30559235e+01   0.00000000e+00
   2.10368080e+01   3.42113991e+01   3.63982260e-01   2.37551147e+03
   1.05021191e+04   2.10212183e+03   4.40712013e+01   5.25130981e+02
   1.04841152e+04   1.32807480e+02   2.00207520e+03   1.97849369e+01
   5.64764954e+02   1.15658775e+02   3.24707718e+01   4.64455634e-01
   1.56997864e+03   1.82216333e+03   3.46430588e+01   8.91438477e+03
   6.77787158e+03   6.29443054e+02   5.95349789e-01   6.60163116e+01
   1.40959930e+01   4.31746277e+02   2.98424339e+00   1.13341699e+03
   8.54964981e+01   1.32449472e+00   9.42486858e+00   2.73772621e+00
   9.30032349e+01   9.56024597e+02   9.16153564e+01   9.71815613e+02
   4.84744034e+01   8.86598682e+00   3.00062561e+01   9.15314062e+03
   1.24027119e+01   4.78905678e+01   4.32335754e+02   1.13846252e+03
   9.31652737e+00   1.48239642e-01   4.03582031e+02   4.62283554e+01
   2.62969303e+01   1.43309192e+03   9.97392151e+02   2.97413232e+03
   9.00909363e+02   5.31162338e+01   2.94756134e+02   5.93818311e+03
   1.00465462e+02   0.00000000e+00   2.02683716e+02   4.32983545e+03
   5.02416229e+01   9.28878601e+02   1.33779160e+02   4.17021191e+03]
[  3.96322388e+02   4.02180595e+01   9.50331020e+00   2.67027235e+00
   1.26891813e+01   1.37759717e+03   6.38886795e+01   2.82128410e+01
   1.55239372e+01   7.18782227e+02   1.42727480e+01   8.08518600e+01
   4.70697083e+02   1.89014087e+03   2.25051163e+02   0.00000000e+00
   2.17195549e+01   9.74262573e+02   1.00897438e+02   3.78591061e+00
   6.87000275e+01   1.43700755e+00   8.76433487e+01   2.07594067e+03
   1.50330380e-01   6.06543112e+00   1.84474540e+00   1.92689476e+01
   2.98026886e+01   6.45467682e+01   2.12614899e+01   4.86387300e+00
   1.22122597e+02   4.76155519e+00   1.93954602e+03   2.79424512e+03
   1.10787735e+01   2.65359937e+03   4.78885841e+01   7.47390594e+01
   1.21455917e+01   5.98032417e+01   9.17547417e+00   2.68499775e+01
   5.72212696e+00   7.21684570e+01   9.68690735e+02   1.32099345e-01
   6.98128662e+01   3.35098495e+01   1.20735400e+03   0.00000000e+00
   3.13862705e+01   8.21988144e+01   0.00000000e+00   7.35052919e+00
   5.31183290e+00   1.29842958e+01   1.67485413e+02   1.18709511e+02
   1.30014887e+01   2.61986713e+01   1.66359650e+02   9.69003868e+00
   1.24468832e+01   1.60670319e+01   1.85446091e+02   1.58017292e+01
   5.42918205e+00   3.89114075e+01   3.27539940e+01   1.36574182e+03
   2.93218937e+01   1.44639121e+04   1.35954724e+03   2.05746365e+00
   2.15422630e+01   7.07453346e+00   3.47629700e+01   6.83547974e+00
   9.81160259e+00   6.57407227e+01   5.99178457e+00   1.41717615e+01
   5.72624397e+01   1.18260217e+00   1.58222156e+03   2.92625580e+01
   9.23474274e+01   1.48602715e+01   3.17203197e+01   5.61415253e+01
   2.94418449e+01   2.80213470e+02   2.16998108e+02   3.33470249e+00
   3.15139732e+01   8.11269531e+01   8.86117325e+01   8.14306717e+01
   6.16745174e-01   2.40230808e+01   5.76306190e+01   1.15863831e+02
   1.00135689e+01   2.13915176e+01   4.08130264e+00   3.93073291e+03
   3.88275414e+01   3.03662729e+00   4.63433533e+02   1.45408268e+01
   9.92381763e+00   7.55592957e+01   0.00000000e+00   3.06151155e-02
   9.72805595e+00   2.42383041e+01   4.50201562e+03   1.18029320e+00
   1.25232201e+02   1.80872154e+01   2.15760174e+01   4.12736416e+00
   2.03882909e+00   1.74856367e+04   2.17115551e-01   4.00352936e+01
   8.21302673e+02   1.18917320e+02   7.42472076e+00   1.74952744e+02
   1.18652580e+02   9.17412949e+00   2.48464502e+03   4.11265969e-01
   0.00000000e+00   2.58922234e+01   2.49067139e+03   8.25179520e+01
   1.84907322e+01   1.21502368e+03   2.59391952e+00   7.27030090e+02
   1.24009094e+01   8.99153442e+01   1.78041401e+01   1.63787140e+02
   3.00973663e+02   3.25816202e+00   3.50819397e+01   5.82539001e+02
   1.94014645e+01   6.77924652e+01   1.22269019e+03   4.32454147e+01
   3.47738953e+01   0.00000000e+00   9.21533966e+00   1.91195020e+03
   5.07529785e+03   6.08121729e+03   9.02423954e+00   6.77791834e+00
   9.71188049e+01   5.33851147e+00   5.15821190e+01   7.93891525e+01
   2.94572759e+00   1.30338993e+01   1.11105904e+02   8.21874440e-01
   1.54064834e+00   9.34273865e+02   3.33296967e+01   1.05178932e+02
   2.15664978e+01   7.79471684e+00   6.81011887e+01   1.44761487e+03
   7.18226440e+02   2.24348030e+01   1.15938940e+03   3.96816650e+02
   7.56107407e+01   1.12386826e+02   1.39433622e+00   1.41119313e+00
   7.00379715e+01   1.32449600e+02   3.50458565e+01   1.09217672e+01
   4.92379834e+03   1.02700539e+01   1.27559316e+00   1.16101913e+01
   3.98987045e+01   1.05780258e+01   4.96920700e+01   1.57821851e+03
   2.95496159e+01   1.99829161e-01   8.50360657e+02   2.37751637e+01
   4.56136703e+00   2.18987846e+01   2.68235645e+03   1.14859447e+01
   1.47402077e+01   1.68844345e+02   7.44447632e+01   3.68900728e+00
   4.55221100e+02   2.78427067e+01   1.26666176e+02   2.18607956e+02
   0.00000000e+00   7.54552765e+01   1.78237061e+03   4.38786530e+02
   0.00000000e+00   3.24636497e+01   5.65905094e+00   2.05214424e+01
   6.25074883e+01   9.17442505e+02   5.54984398e+01   4.49439392e+01
   2.09708157e+01   1.96377277e+01   2.38538289e+00   1.57303247e+03
   7.66919189e+02   2.01694275e+03   0.00000000e+00   0.00000000e+00
   7.37948761e+01   4.15985010e+03   2.21248608e+03   2.29823074e+01
   1.44152939e+02   6.45047760e+01   3.69746780e+01   0.00000000e+00
   1.70956459e+01   0.00000000e+00   2.00531311e+03   5.34428000e-01
   8.67434540e+01   3.57666740e+01   8.92469604e+02   4.40862427e+01
   1.13320608e+01   8.45169617e+02   6.35482056e+02   1.92257023e+01
   2.72582512e+01   1.21750774e+01   1.22327319e+03   1.26981171e+02
   7.32881622e+01   4.42948246e+00   7.70337524e+02   3.59164925e+01
   9.18308640e+00   0.00000000e+00   1.56225006e+02   3.73816490e+01
   4.02287483e+00   4.70500603e+01   3.63866260e+03   5.48697876e+02
   4.04038315e+01   4.05692291e+00   8.58149338e+01   8.91866989e+01
   2.88378510e+02   2.20553055e+01   5.00172081e+01   6.90258121e+00
   8.64712158e+02   3.13471619e+02   4.00261269e+01   1.76784253e+03
   1.36022141e+02   1.98946552e+01   7.95348024e+00   2.55811996e+01
   1.17933052e+02   3.03907051e+01   3.09582422e+03   3.35870209e+01
   1.02254496e+01   1.91802502e+01   4.04422989e+01   1.60345490e+02
   3.65161133e+01   1.23915442e+03   8.87115574e+00   6.41233398e+03
   3.02675995e+02   7.14364929e+01   1.96233118e+03   2.41771225e+02
   1.71225922e+02   1.51384598e+02   1.18886337e+01   2.67158203e+02
   3.90729523e+01   3.83181419e+01   0.00000000e+00   7.12438488e+00
   1.86651402e+01   6.70960312e+01   1.86174011e+03   3.31033363e+01
   2.48456787e+03   6.19016409e-01   1.93912830e+03   4.90686989e+01
   6.19050293e+02   3.00393333e+01   4.57651329e+01   1.82466614e+02
   1.55905746e+02   8.90178909e+01   2.58732326e-02   1.03154533e+02
   1.70546281e+00   1.95166035e+01   3.60657215e-01   5.66170359e+00
   0.00000000e+00   1.96838882e+02   9.12142944e+00   4.72218018e+02
   4.45052338e+00   1.15069054e+02   2.61088619e+01   2.77947418e+02
   6.34570236e+01   0.00000000e+00   6.33807640e+01   1.46166706e+01
   0.00000000e+00   2.50242662e+00   3.58220482e+01   1.69507294e+01
   3.15299726e+00   2.88626289e+01   4.87525215e+01   1.29490585e+02
   0.00000000e+00   1.63461502e+02   3.94678001e+01   4.84078174e+03
   9.67699661e+01   3.00785797e+02   1.02953430e+02   1.13905058e+01
   0.00000000e+00   2.04128128e+02   5.90972137e+01   9.81202698e+01
   1.15584583e+03   1.93833427e+01   4.82744408e+01   3.40092230e+00
   4.98192177e+01   4.21592331e+01   0.00000000e+00   4.53755402e+02
   8.12151432e+00   0.00000000e+00   2.06160851e+01   5.11344624e+00
   2.78551685e+03   4.49090290e+00   3.48396516e+00   1.04524069e+01
   1.96360703e+01   3.60460742e+03   9.41355042e+02   0.00000000e+00
   3.90468994e+02   4.36684685e+01   1.83998051e+01   4.67886955e-01
   6.82088699e+01   0.00000000e+00   1.74043860e+03   7.16717300e+01
   1.69292511e+02   4.91293907e+01   2.23902271e+03   7.07303589e+02
   4.81803375e+02   2.69119968e+01   4.21600037e+01   2.42334619e+03
   1.42527374e+02   2.35955200e+01   1.09197865e+01   1.80162477e+00
   1.12198257e+02   1.40478687e+03   6.38422089e+01   3.67696152e+01
   4.36795959e+01   9.28939590e+01   1.26096851e+03   7.70267822e+02
   1.16526680e+01   1.70469104e+03   4.48321259e+02   0.00000000e+00
   5.27268715e+01   1.12273159e+01   2.78443896e+03   2.38577442e+01
   3.15598907e+02   3.15302200e+01   1.58412720e+02   8.90028381e+00
   3.54193687e+01   2.96271606e+03   1.73905014e+02   8.58543777e+01
   1.38666143e+04   1.38827576e+02   1.36225037e+02   1.36098833e+01
   7.89918518e+01   1.04123120e+03   3.61208687e+01   1.78093372e+03
   1.36780029e+03   5.91280746e+01   2.96804943e+01   4.33801193e+01
   4.70348597e+00   1.35827686e+03   3.82052521e+02   5.68576088e+01
   3.89416847e+01   3.41660767e+01   0.00000000e+00   5.02977638e+01
   1.13821878e+01   2.96163201e+00   4.95411348e+00   6.10585976e+00
   0.00000000e+00   1.46823792e+02   3.73110275e+01   2.89599756e+03
   4.19060822e+01   5.94518262e+03   1.55176773e+02   3.41750374e+01
   6.03317947e+01   3.73552917e+02   6.86356812e+01   4.22390442e+01
   1.37596338e+03   6.55004680e-01   1.66045715e+03   3.74399475e+02
   5.89664888e+00   2.27055492e+01   1.76656631e+02   1.59318054e+02
   1.20925037e+03   3.05691187e+03   6.28074341e+01   1.22626172e+03
   6.93192065e-01   0.00000000e+00   1.98431718e+00   1.76501155e-01
   6.09789429e+01   1.06442856e+02   3.25514185e+03   9.39838648e-01
   1.01123306e+02   3.41603661e+00   1.51793198e+02   3.36210791e+03
   8.44500661e-01   1.99260902e+00   2.32913895e+01   9.12839508e+01
   2.97702751e+01   2.26100464e+03   6.41456543e+02   1.78398157e+03
   1.50620081e+03   1.47792435e+02   5.49005890e+01   1.80958080e+01
   2.53964648e+03   5.20851946e+00   2.90072024e-01   2.22207202e+03
   1.14304794e+02   2.47899628e+02   8.10830593e+00   1.97317978e+02
   1.90832446e+03   7.61263489e+02   2.16021094e+03   6.95490742e+00]
