bicycle
bus
car
motorbike
person
[ 15872446.       3248360.5     48488016.      15247540.      52546872.
   1781622.125   18561654.       6095645.5     13230657.       7723738.
   7469244.5     31962446.      20462912.      12886553.      14295527.
   9945234.      13628487.       9862909.      51567680.      14867378.
   4305161.5     16353052.       6947819.5     35222712.       6129203.5
  12786047.       7660787.       9369231.       5565622.      19397688.
  33155498.      23124632.      59002476.       2977721.25    24553100.
    997846.0625  22956240.       5682935.5     10145654.       2182737.
   9352020.      13313724.      34627408.      63892724.      13078694.
  33207652.      11865186.      15679219.       3773280.      55100540.
  26131524.      15514264.      20374942.      18170722.      14419086.
  17085764.      29759358.      13914667.       7181311.5      3284639.5
    578475.375    2087058.375   16878162.       3136364.5   ]
[  2.75812220e+07   1.36070530e+07   3.01871560e+07   2.88513500e+05
   8.54721400e+06   2.31956925e+06   7.77497400e+06   7.83793213e+02
   9.78685200e+06   1.04659788e+06   3.93431480e+07   3.50658240e+07
   3.68132656e+04   2.18574975e+06   3.04708140e+07   1.75562220e+07
   1.20963800e+06   3.89096720e+07   8.89495100e+06   1.73210400e+07
   2.80754312e+05   3.63851560e+07   1.00474994e+06   3.80366200e+07
   5.35115875e+05   4.84284000e+07   3.94145075e+06   1.87066338e+06
   1.50888220e+07   7.69396436e+03   2.28352780e+07   2.37791641e+04
   2.03051500e+06   1.51832430e+07   7.40604000e+06   8.10957700e+06
   2.28056062e+05   7.72518400e+06   2.07327260e+07   1.35531860e+07
   4.95887150e+06   8.91259600e+06   4.59640656e+05   1.05369330e+07
   3.19612160e+07   1.78424500e+07   3.52199281e+05   3.13599560e+07
   2.24736740e+07   4.50219450e+06   4.00599400e+07   1.87728760e+07
   4.46599960e+07   1.86801820e+07   5.89653312e+05   1.64613720e+07
   1.89501040e+07   5.96226600e+07   7.24900950e+06   1.26127560e+07
   2.51750800e+07   3.53254761e+03   1.93966520e+07   4.85238000e+07]
[  2.94585100e+06   1.09420290e+07   3.49581763e+03   5.82438242e+04
   1.29956670e+04   3.37850547e+04   3.31228906e+04   6.46376800e+06
   2.31810859e+04   2.51447700e+06   5.55884100e+06   1.10229325e+06
   7.97562438e+05   1.55005112e+06   1.36653809e+04   5.93776562e+04
   2.03413938e+06   2.85682344e+05   3.29525719e+05   6.68724050e+06
   1.99751875e+06   1.17452656e+04   8.55204500e+06   1.28596770e+07
   9.50092400e+06   0.00000000e+00   1.88655062e+05   5.54660200e+06
   8.66264938e+05   4.91202150e+06   1.21657266e+04   1.37094190e+07
   3.79904844e+05   3.55723825e+06   1.67191512e+06   3.75068450e+06
   1.31320719e+05   1.89729340e+07   4.75822000e+06   6.70029541e+02
   4.26895800e+06   5.03411200e+06   3.74262175e+06   1.33103910e+07
   2.29698250e+06   2.79624875e+05   6.67717900e+06   5.62684180e+04
   2.26649775e+06   5.59722812e+05   1.93073675e+06   6.79617109e+04
   3.48598600e+06   1.06944838e+06   1.64001200e+07   1.08948840e+07
   3.23162625e+06   8.61179395e+03   6.75005234e+04   2.26124781e+05
   4.02207575e+06   1.44869550e+07   8.83420500e+06   2.64054550e+06
   1.75532480e+07   2.99531775e+06   1.18107970e+07   5.22400700e+06
   1.45817141e+05   8.28502312e+05   7.13686900e+06   1.14518890e+07
   1.81865550e+06   1.29829625e+05   0.00000000e+00   2.70236875e+06
   1.07837891e+05   5.44971500e+06   6.40375350e+06   6.04727227e+04
   7.45759229e+03   9.07320500e+06   4.22777500e+06   3.07619043e+03
   2.86656925e+06   8.84363300e+06   5.69828050e+06   9.40416382e+02
   4.51355350e+06   8.92159562e+05   6.12574950e+06   4.72476300e+06
   8.91323359e+04   6.33146500e+06   5.80980562e+05   7.76160150e+06
   1.41210059e+03   3.81879975e+06   2.49795300e+06   4.08753219e+05
   2.84974075e+06   1.53580800e+06   3.38083781e+05   9.72482125e+05
   1.02092471e+04   2.71823469e+05   1.33393922e+05   6.70054312e+05
   4.85961900e+06   1.91711062e+05   7.59671094e+04   7.54381700e+06
   1.66974109e+05   1.05810260e+07   3.89792000e+06   5.69703400e+06
   2.12841425e+06   7.46836312e+05   2.70473925e+06   6.13388000e+05
   4.06621725e+06   6.12587150e+06   9.51018164e+03   8.79886300e+06
   1.37522050e+06   2.49048398e+04   2.16863960e+07   4.46646289e+03]
[  4.46139900e+06   3.25580575e+06   2.68636594e+05   0.00000000e+00
   8.34424121e+03   2.16716975e+06   8.47135375e+05   1.54836000e+06
   1.52647360e+07   4.74953050e+06   1.06953990e+07   9.08213700e+06
   3.51846000e+06   2.04967500e+05   5.68213281e+03   2.05650888e+06
   1.61091662e+06   2.72627800e+06   3.19841925e+06   1.88866230e+04
   7.74165750e+06   2.46569900e+06   3.48809200e+06   2.33962676e+04
   8.91773125e+05   1.66896469e+05   1.23782738e+06   5.52504250e+06
   6.23657148e+04   4.52300300e+06   1.12337398e+05   1.34835070e+07
   4.85372250e+06   9.65312109e+04   1.78494138e+06   2.43582225e+06
   3.82716750e+06   1.23403060e+07   2.36518281e+05   4.44564219e+04
   3.05840275e+06   3.98287656e+04   4.30634023e+04   6.81927938e+05
   1.34238012e+06   9.36968500e+06   8.57586000e+06   4.66324750e+06
   2.39776275e+06   1.28316940e+07   4.19162800e+06   4.74049050e+06
   8.28833150e+06   9.67260562e+05   8.91764766e+04   1.41571438e+05
   3.61038100e+06   8.27998625e+05   3.58897171e+01   4.15264925e+06
   2.48405175e+06   9.64122700e+06   5.67220300e+06   2.87673800e+06
   5.98633938e+05   1.05782830e+07   5.06292750e+05   3.59634825e+06
   4.64579950e+06   9.99156400e+06   3.58210475e+06   1.44871420e+07
   8.19394700e+06   9.24816400e+06   1.76166780e+07   5.13455664e+03
   3.77121075e+06   3.04226775e+06   1.45468340e+07   4.18082650e+06
   3.44063950e+06   4.63801445e+04   7.24739850e+06   3.72259125e+06
   1.61524072e+04   7.35441200e+06   7.02803812e+05   4.77516400e+06
   4.04565898e+04   1.26854425e+06   5.17156172e+04   8.80132000e+06
   1.69351500e+05   8.86586300e+06   2.24803700e+06   2.61244925e+06
   8.54203125e+05   6.85071700e+06   7.62072688e+05   1.22839110e+07
   1.32562688e+05   3.35631344e+05   1.65349410e+07   1.12280664e+03
   2.46473422e+05   1.51828210e+07   3.33223650e+06   9.05756800e+06
   7.76986950e+06   9.94101300e+06   2.66320264e+03   3.82327375e+06
   5.25955812e+05   2.29406280e+07   5.51948300e+06   6.25072062e+05
   2.70596875e+05   3.39263975e+06   3.02559512e+04   1.87582891e+04
   1.61572700e+07   2.22720075e+06   1.81754688e+04   8.95995700e+06
   4.24653550e+06   2.91079450e+06   1.53892570e+07   1.01186330e+07]
[  0.00000000e+00   8.44295117e+03   1.58320488e+06   6.61353369e+03
   0.00000000e+00   1.51191956e+02   1.60086426e+03   1.26645222e+01
   2.19371950e+06   3.07147520e+04   2.84060394e+02   6.98859570e+03
   0.00000000e+00   6.57712969e+04   5.70582422e+04   8.74798218e+02
   2.70222681e+03   8.97045000e+05   1.06143799e+04   3.27201406e+04
   6.94684124e+00   4.58597314e+03   8.97594125e+05   5.01776904e+03
   2.12198281e+04   6.83900330e+02   2.01997100e+06   0.00000000e+00
   4.71246191e+03   1.17798816e+03   7.62250671e+01   9.03289185e+01
   6.55731916e+00   6.91315062e+05   3.08869883e+04   1.77210388e+06
   2.03927825e+06   2.87517334e+03   2.03969849e+03   1.14240955e+03
   1.05604424e+04   4.55968903e+02   2.55872754e+03   5.47240750e+05
   1.62189990e+04   1.14850952e+03   4.17585220e+01   5.35878052e+02
   1.39369812e+05   1.34617285e+04   1.42301621e+04   4.20846069e+02
   2.03231912e+06   7.85933625e+05   5.61999283e+01   9.44351797e+04
   6.71513312e+05   1.43308212e+06   1.09199121e+03   1.12038422e+01
   3.25364082e+04   1.16397822e+04   5.22578031e+05   6.74083984e+04
   2.22665195e+01   7.42713037e+03   4.78662500e+03   1.02123120e+03
   4.59076904e+03   9.48906562e+04   1.36888638e+06   1.96615125e+06
   0.00000000e+00   2.03372832e+04   3.77071320e+02   2.92183929e+02
   6.13471191e+03   2.70156344e+05   4.85146688e+05   4.41687578e+04
   6.49913555e+04   1.88850159e+03   4.42693213e+03   1.10829541e+03
   2.48487325e+06   2.66519350e+06   5.35441062e+05   1.70977162e+06
   4.58956562e+04   7.06678467e+02   1.66846118e+03   3.70819961e+04
   2.47722938e+05   1.09937754e+04   0.00000000e+00   2.54442236e+03
   6.64632373e+03   6.24151750e+05   5.61296973e+03   1.91212754e+04
   2.49868027e+04   1.32651526e+03   1.55066100e+06   7.08897266e+04
   1.75844653e+03   2.73895020e+03   3.14815430e+03   2.69723633e+03
   1.45801849e+01   3.57600117e+04   8.33780750e+05   1.75008965e+04
   0.00000000e+00   2.23357266e+04   4.03471875e+03   3.94323828e+03
   1.18177390e+00   1.61804062e+02   2.63623657e+03   2.58650950e+06
   1.11549473e+04   4.50700340e+01   9.15949121e+03   1.27662451e+03
   1.70101685e+03   1.58465012e+06   1.63572571e+02   0.00000000e+00
   7.14448312e+05   1.31555674e+04   4.68122363e+03   1.02836914e+04
   1.06275518e+04   1.87547188e+06   0.00000000e+00   5.74007666e+03
   2.97203125e+06   1.20664562e+06   6.61280518e+03   1.66791058e+01
   1.06028818e+04   1.20109917e+02   3.32170850e+03   7.27243438e+05
   1.01542419e+03   1.81455312e+06   1.64469543e+03   1.21501636e+03
   5.23430469e+04   5.06165600e+00   3.58366724e+03   6.47091699e+03
   1.94548797e+05   9.84836562e+04   1.08623400e+06   3.77480560e+02
   1.06329873e+04   4.02965031e+05   8.56460938e+05   1.36681906e+05
   9.64404395e+03   9.67730000e+04   1.60934862e+06   1.45911221e+04
   9.18742188e+03   2.50699125e+06   1.82418738e+06   6.03171484e+04
   2.76794609e+04   1.44010650e+06   1.74329750e+06   5.48872437e+02
   8.03883398e+03   3.65061594e+05   1.93559688e+04   6.28069336e+03
   2.09857500e+06   2.18200024e+03   2.65018200e+06   2.55725625e+04
   6.49197438e+05   9.68376797e+04   4.20477812e+05   2.57617334e+03
   1.04119893e+04   1.15248955e+04   6.34340625e+04   3.11549863e+04
   1.32509925e+06   6.39355078e+03   1.20562422e+04   1.36687538e+06
   0.00000000e+00   6.14766188e+05   0.00000000e+00   1.55886550e+06
   7.21266992e+03   3.26001094e+05   1.94462525e+06   1.10076762e+06
   4.94845856e+02   1.49657675e+06   9.36165562e+05   9.72330383e+02
   5.58186875e+04   2.48289612e+02   4.44359161e+02   7.37555029e+03
   5.61757666e+03   7.14092312e+05   3.42595156e+05   2.43664675e+06
   4.44772656e+03   6.89177197e+03   2.72841930e+01   7.96231543e+03
   1.09153967e+03   1.13627450e+06   4.27297539e+04   2.87377869e+02
   1.10235266e+03   1.01072089e+03   5.01194519e+02   8.14718672e+04
   5.07152625e+05   0.00000000e+00   2.03219070e+02   3.89733344e+05
   1.08030655e+02   9.76635062e+05   2.58567676e+04   1.69767975e+02
   1.53924838e+06   2.64535620e+03   1.27423750e+06   2.90667389e+02
   1.92211926e+03   1.28953184e+04   1.05279050e+06   2.20531082e+02
   1.01116338e+06   1.35987850e+06   6.90876404e+02   2.00567102e+03
   2.84262168e+04   4.43695996e+03   1.95373779e+02   8.21229492e+03
   6.69922803e+03   6.55053500e+05   1.31261104e+04   5.81800720e+02
   1.73789807e+03   5.45783653e+01   7.85779602e+02   6.42790625e+05]
[  2.21795750e+06   9.17381641e+03   4.19245544e+02   2.38363449e+02
   1.51139862e+06   1.55684725e+06   1.79483516e+05   1.59956555e+03
   1.05634248e+04   2.16170581e+03   5.63526245e+02   6.79585986e+03
   2.26455444e+03   1.96968125e+04   6.56848535e+03   4.64001953e+03
   9.05896530e+01   3.29740692e+02   1.11789812e+06   7.10865938e+04
   0.00000000e+00   3.65456207e+02   1.04475818e+03   7.27812000e+05
   3.17791382e+02   1.10277979e+04   1.97217102e+01   4.86135750e+05
   1.82029434e+04   3.24207115e+01   2.16619375e+04   3.82183838e+03
   3.53503076e+03   4.95397344e+04   2.61177295e+03   9.29802832e+03
   1.81132090e+04   1.85212402e+02   1.45509143e+03   0.00000000e+00
   9.35473281e+04   4.22520430e+04   1.22061992e+04   2.93029370e+03
   4.29924707e+03   6.70552246e+03   4.76034344e+05   2.88533535e+04
   9.35487109e+04   6.99058533e+02   7.50714746e+03   5.43748108e+02
   5.83277588e+02   9.60254590e+03   2.84583750e+05   8.60140391e+04
   2.66288711e+04   1.69358734e+05   1.20900438e+05   1.18512891e+03
   3.33489771e+03   4.44567148e+04   0.00000000e+00   3.15408058e+01
   6.38897538e-01   7.74862842e+03   2.61110031e+05   5.43874695e+02
   4.77958405e+02   2.35040977e+04   7.34851750e+05   3.08199432e+02
   1.86157520e+04   7.98497021e+03   2.30258672e+04   6.42922734e+04
   2.29220938e+04   1.42281572e+04   6.56109141e+04   6.02216875e+05
   1.09362373e+02   7.98108496e+03   7.57530022e+00   2.66350312e+04
   6.72746460e+02   1.27567705e+04   7.08619202e+02   1.55511641e+04
   6.21414502e+03   7.77649805e+03   4.88757275e+03   2.57307666e+03
   5.22911797e+04   8.89272562e+05   3.62147369e+02   5.82235277e-01
   2.73245094e+05   1.35476837e+02   8.45298242e+03   1.79213496e+04
   3.76463074e+02   7.55754834e+03   7.91922375e+05   7.19686127e+01
   8.69527649e+02   1.87419648e+04   6.63232969e+04   6.99511172e+04
   7.68380664e+03   1.80585200e+06   7.07632599e+01   7.39960875e+05
   1.79953156e+02   9.10877991e+02   7.48890430e+03   2.28671191e+04
   8.95401978e+02   1.13125645e+04   3.29167773e+03   2.19522520e+04
   2.04135754e+03   2.51773041e+02   3.77852686e+03   2.14252016e+05
   1.29585913e+03   8.08599854e+03   3.65759239e+01   9.96979297e+03
   3.68896393e+02   2.01989625e+06   1.56766562e+04   2.13665723e+03
   2.95713379e+03   1.73422388e+06   2.16711646e+03   1.68349824e+04
   1.88618730e+04   8.90179250e+05   1.29397058e+03   5.29127884e+01
   9.36727619e+00   1.70528528e+03   3.76067603e+03   2.78973242e+04
   4.89133739e+00   1.01197528e+03   2.83670227e+02   0.00000000e+00
   0.00000000e+00   1.36555493e+03   7.89115112e+02   1.32727576e+03
   8.95572438e+05   2.22413391e+05   2.98718491e+01   3.48399219e+05
   9.72083374e+02   1.69182014e+01   1.14251309e+04   1.47913788e+06
   1.04381958e+02   5.90155518e+03   3.35392871e+03   4.47302399e+01
   1.12355875e+05   0.00000000e+00   7.02384000e+05   3.43875781e+03
   2.06570375e+05   1.88607450e+06   1.71852829e+02   1.70749798e+01
   2.02603418e+04   1.81455234e+05   8.33017875e+05   4.91996191e+03
   2.46764478e+03   4.45602051e+03   8.72638672e+03   1.60135345e+01
   5.32091699e+03   3.32660229e+03   1.36781845e+02   8.09155908e+03
   2.80899143e+00   3.29038849e+02   2.83663203e+04   1.01706338e+04
   2.51056299e+03   1.51890457e+02   5.99617125e+05   1.21337158e+03
   6.19804688e+02   1.36113760e+04   2.36058594e+04   2.61210889e+03
   4.36864336e+04   1.63425684e+04   3.56770938e+05   5.00459814e+00
   1.50987732e+02   3.46262127e-01   6.08981000e+05   2.10617109e+04
   8.03195264e+03   8.50794506e+00   1.16626035e+04   8.81091000e+05
   1.08077117e+05   8.34646312e+05   1.73315060e+00   1.72152478e+03
   7.44955859e+03   1.88966289e+04   1.59712109e+03   2.22538984e+05
   4.39927219e+05   1.68689514e+03   9.01250977e+03   1.28623450e+03
   8.50489258e+03   1.48885469e+04   1.82897485e+03   7.65235229e+02
   0.00000000e+00   7.90389531e+04   1.06042227e+05   1.19264307e+03
   5.01457703e+02   2.55909443e+01   3.61254883e+01   3.91401514e+03
   1.44953344e+05   5.80535693e+03   1.24495575e+06   3.01187891e+03
   2.55630688e+03   1.19099650e+06   0.00000000e+00   7.10628662e+01
   4.13475464e+02   3.05713594e+05   8.57770252e+00   0.00000000e+00
   3.38555298e+02   3.20576439e+01   1.06995918e+04   4.71957910e+03
   8.89381750e+05   3.22882219e+05   2.46165664e+04   5.31854492e+04
   7.27030127e+03   6.73640125e+05   1.21541475e+04   1.58257881e+04]
[  2.22413828e+05   3.81544492e+04   4.91651154e+02   6.22020813e+02
   3.28189750e+05   2.93239966e+03   1.77081211e+04   1.60446230e+04
   1.34878223e+03   7.03213062e+05   3.67021289e+03   3.92077734e+04
   8.28877637e+03   2.71179248e+03   1.71252209e+03   4.75855804e+02
   6.34799194e+00   6.05015039e+03   2.62226963e+00   1.32680579e+03
   2.00228145e+04   1.94213594e+05   1.78576875e+04   3.96203760e+03
   4.56292480e+02   2.58397485e+03   1.60364404e+03   2.81901219e+05
   1.25817842e+04   2.99648000e+05   3.75425201e+02   9.74920898e+03
   3.24271250e+04   4.60172227e+04   1.41320679e+03   2.03252087e+03
   4.21400500e+05   1.43856938e+06   5.87112427e+02   1.39259450e+06
   3.37137054e+02   2.01771045e+03   5.52240234e+03   3.15799180e+04
   4.18254492e+03   5.75595508e+03   1.00912408e+03   1.57686475e+04
   8.17729541e+03   1.06295288e+03   9.00427812e+04   1.04305931e+06
   7.14201843e+02   4.60961304e+01   7.32336792e+02   2.68673828e+03
   2.81730933e+03   2.05518266e+05   5.56278896e+00   1.39868535e+04
   1.21011670e+03   3.38229727e+04   2.35627051e+03   9.05595410e+03
   1.41257354e+04   1.25512998e+04   8.49071191e+03   3.61586401e+03
   1.44325797e+05   6.10459141e+04   6.76313818e+03   3.84590302e+02
   9.63991875e+04   1.07105068e+04   4.92753781e+05   6.03502305e+04
   2.11747625e+05   1.73737695e+04   1.19698291e+03   9.23192932e+02
   1.12890572e+02   3.30699066e+02   7.31261016e+04   5.59331238e+02
   7.12111953e+04   2.06094456e+01   1.20969672e+05   4.45599152e+02
   1.59105768e+01   7.04560364e+02   2.36569702e+02   1.04000049e+03
   1.79800664e+04   1.99134790e+03   9.08355938e+04   2.39284497e+03
   1.92854065e+02   3.93025844e+05   5.70270875e+05   8.88141328e+04
   2.58591016e+04   2.04689062e+04   6.12947205e+02   7.83100891e+02
   3.53479727e+04   2.91369824e+03   6.42274500e+05   2.27411582e+04
   3.26266968e+02   2.55197314e+03   8.16949121e+03   7.50412500e+03
   1.88268633e+04   2.77946533e+03   1.08774451e+03   4.45379453e+04
   2.51246017e+02   1.12072219e+05   2.43611484e+04   4.61638047e+04
   1.40177946e+01   9.13219375e+05   2.46023125e+04   3.87023594e+05
   7.68638037e+03   1.65407446e+03   1.24533359e+04   1.21423851e+02
   9.83773682e+02   5.05081818e+02   6.75563171e+02   2.34303457e+04
   1.17520137e+04   6.33490479e+03   7.08993042e+02   8.13169092e+03
   4.73096240e+03   8.22331875e+04   4.64549805e+03   6.19247253e+02
   7.76919022e+01   2.12446484e+04   6.96183655e+02   3.91914961e+04
   1.84522930e+04   1.51369385e+03   9.18462012e+03   1.26575909e+01
   3.01136211e+04   3.55715454e+03   1.18870889e+04   9.74379844e+04
   2.25520801e+03   1.50431984e+05   1.47959167e+02   8.81033691e+03
   3.85956172e+04   1.05466650e+03   2.14305797e+05   2.58860229e+02
   2.43305222e+02   1.96455597e+02   3.91195508e+03   3.09932022e+01
   4.10864697e+03   1.59827942e+03   2.52574355e+04   2.16308609e+05
   8.07727844e+02   2.80867539e+04   3.97614822e+01   2.39407715e+03
   6.39219971e+02   2.86568433e+03   1.23667188e+04   4.83105029e+03
   5.56268828e+04   1.50805237e+03   4.81078477e+04   2.48612305e+04
   2.75781189e+02   4.79468438e+04   2.62304492e+03   2.11865723e+03
   8.00319844e+04   1.03702893e+03   1.06643047e+05   7.09117920e+02
   3.02011074e+04   5.26304000e+05   5.61084961e+04   2.46641284e+03
   2.62766815e+02   6.31159727e+04   1.43246031e+01   9.69358063e+01
   2.79282871e+04   5.56994141e+03   3.38656982e+03   7.56739453e+03
   2.04047302e+03   1.42130661e+02   1.70652266e+04   2.69046281e+05
   1.60709000e+05   5.17145508e+02   5.26309619e+03   7.78123779e+03
   3.89164094e+05   7.65425491e+00   8.88388000e+02   3.91305933e+03
   2.32208320e+04   1.90239609e+04   6.85259844e+04   2.95399284e+01
   1.21188877e+04   6.43208789e+03   3.70864754e+01   7.81343750e+04
   4.43803076e+03   3.27371265e+03   3.23301392e+03   6.63947363e+03
   3.09494961e+04   3.80174160e+00   1.09182899e+02   1.24249502e+04
   1.14946960e+03   2.62006348e+04   8.01467041e+03   5.95856328e+04
   9.40002075e+02   2.36717598e+04   1.35160025e+06   2.84366968e+03
   1.02384338e+03   4.25970898e+03   1.11748212e+06   3.62973315e+03
   2.22526074e+03   2.71027771e+02   8.74773438e+02   6.31782593e+02
   3.05557656e+04   3.66059312e+05   7.12462473e+00   1.96194477e+01
   1.92160797e+05   1.23606152e+04   5.24448776e+01   3.87422266e+04
   3.65209521e+03   1.61251721e+03   7.89922180e+02   1.31358093e+03]
[  1.58399979e+02   1.21661826e+04   4.64621797e+04   4.00082695e+04
   9.56724243e+02   7.93660469e+04   6.16150940e+02   8.79174194e+02
   1.45050018e+02   1.96906586e+01   7.89270625e+04   6.04373242e+03
   1.66027991e+03   2.05383643e+03   3.88457056e+03   1.43128433e+02
   1.20809453e+04   1.45723105e+04   2.16670645e+04   1.98647852e+03
   5.14367599e+01   8.32606953e+04   1.14706494e+03   1.12522209e+02
   4.79673867e+04   1.04777930e+04   9.58744453e+04   5.03660889e+03
   7.04802734e+04   2.47589551e+04   6.73291113e+03   1.18837664e+05
   1.25514307e+04   3.18509922e+04   5.00217344e+04   5.33190469e+04
   1.04398172e+05   2.08537378e+03   2.39392883e+02   2.63635820e+04
   3.64901657e+01   1.21512289e+05   5.54741250e+04   3.24161973e+04
   6.43047714e+01   7.89299707e+03   5.60630420e+03   2.11332207e+04
   0.00000000e+00   2.07146250e+04   8.30585000e+04   4.53761414e+02
   0.00000000e+00   1.17739180e+04   9.82483105e+03   1.31429180e+04
   2.10845828e-01   2.75963898e+02   3.03464844e+02   7.54334106e+02
   9.91829102e+02   1.26677008e+05   2.26642227e+04   8.13393982e+02
   1.25434375e+03   7.12514990e+03   1.05535413e+03   6.00896149e+01
   3.42153589e+03   1.57207678e+03   3.82497539e+04   1.42748621e+03
   6.43235000e+04   5.02401489e+02   1.18988562e+01   1.21543549e+02
   5.28409309e+01   1.10264015e+01   1.21452352e+05   5.89400625e+04
   5.87833366e+01   4.90618262e+03   1.89017422e+04   8.88462656e+04
   4.02139648e+02   2.62590256e+01   1.17111664e+02   4.42337189e+02
   1.14071836e+05   8.77186797e+04   5.84103320e+03   5.41132431e+01
   8.60345547e+04   3.24097246e+04   3.96236562e+04   1.20948867e+04
   1.00083105e+04   2.64229755e+01   3.93994922e+04   2.63506738e+04
   2.44613843e+03   1.03170380e+02   1.29579031e+05   2.64498291e+03
   2.95899570e+04   4.34633125e+04   7.59541443e+02   6.57428906e+04
   8.15030469e+04   1.73928748e+03   4.96643896e+03   3.35884796e+02
   2.49009355e+04   8.03634739e+00   9.13161072e+02   2.41473926e+04
   0.00000000e+00   1.23554834e+04   1.91206443e+00   2.31908789e+04
   3.85416443e+02   1.14475305e+05   1.50242295e+04   1.72437073e+03
   4.05760449e+03   4.06189609e+04   2.58282690e+03   2.36589531e+04
   2.23825098e+04   3.22191650e+03   4.30786133e+02   1.19877822e+04
   1.01769082e+04   1.49149746e+04   2.97511875e+04   7.30443716e+00
   2.75381934e+03   0.00000000e+00   7.13976074e+02   1.00297747e+01
   4.04348555e+04   4.42263031e+02   1.32329902e+04   3.23301816e+00
   2.47998608e+03   5.25561670e+03   1.54206274e+03   4.22420557e+03
   5.08325226e+02   1.64818984e+04   9.91184922e+04   3.52070776e+03
   5.72988708e+02   9.26162659e+02   4.84545097e+01   0.00000000e+00
   3.42652466e+02   5.89059021e+02   6.34737610e+02   8.82664219e+04
   1.05700742e+04   2.44233472e+03   2.26903750e+04   0.00000000e+00
   4.46334102e+04   1.25337868e+02   7.60411094e+04   7.59265213e+01
   5.66744883e+04   3.66208945e+04   5.08513916e+02   7.05806592e+03
   4.57629375e+04   1.26401416e+03   4.50304844e+04   6.57251719e+04
   3.27988281e+04   1.92419727e+03   6.55296387e+03   7.11698914e+02
   2.74475527e+04   6.96084137e+01   2.07726445e+04   2.05144941e+04
   1.49803198e+03   2.14138281e+04   7.69298047e+04   7.73453662e+03
   2.30729712e+03   7.45188538e+02   1.49453748e+03   1.39017129e+04
   6.26579834e+03   1.19998086e+05   8.95703828e+04   2.90163027e+04
   1.39173633e+04   2.59733652e+04   5.21705029e+03   1.74550525e+03
   1.12970688e+05   2.20301660e+04   1.28535721e+02   7.07760312e+04
   1.16843492e+05   1.96100445e+01   5.07215078e+04   7.95394141e+04
   3.88948226e+00   1.25243271e+02   1.76707626e+02   4.10570221e+02
   3.04736938e+02   7.56030457e+02   5.02778711e+04   1.37007251e+03
   2.37002661e+03   1.53831318e+04   3.59204570e+04   1.47795068e+04
   3.95128101e+03   9.44735234e+04   4.48044128e+01   0.00000000e+00
   4.13983633e+04   2.81889331e+03   8.28909485e+02   0.00000000e+00
   3.89244904e+02   9.54092224e+02   1.00844963e+02   2.63407078e+01
   5.81599258e+04   5.93798047e+04   8.22442422e+04   7.96540649e+02
   4.27842812e+04   8.86008972e+02   7.54684717e+03   2.20655957e+03
   1.24709297e+04   2.62858848e+04   3.89328857e+03   3.18168281e+04
   7.64972412e+02   1.49486031e+05   5.35994775e+03   0.00000000e+00
   4.09260059e+03   3.62704336e+04   2.59501680e+04   6.26870000e+04
   2.31611816e+03   1.40494969e+05   1.45501875e+04   5.83951836e+04
   7.33934297e+04   1.10092761e+03   1.80994892e+01   6.12066562e+04
   5.17886055e+04   6.50636387e+00   4.21151758e+03   1.04929187e+03
   1.51572406e-01   3.54415894e+03   5.65867920e+02   1.06342734e+05
   6.41859297e+04   4.07965668e+02   4.74548864e+00   2.23755707e+02
   7.97746289e+03   5.95477051e+03   9.77145859e+04   3.24649941e+04
   0.00000000e+00   3.79191322e+01   9.99252109e+04   5.55415234e+03
   1.08005362e+01   1.22346204e+03   8.05875977e+03   1.06649984e+05
   1.91445679e+03   2.17397705e+03   1.82754636e+00   4.57668457e+02
   4.13370453e+02   3.18390527e+03   8.82013574e+03   1.10823672e+04
   6.65716953e+04   2.71855020e+04   3.32665703e+04   3.90940857e+02
   1.60171528e+01   2.98651485e+01   2.37576250e+04   8.56330078e+04
   2.48118639e+00   1.30798853e+03   2.32935020e+04   3.76296654e+01
   7.42886292e+02   6.55184492e+04   1.73214893e+03   1.78263199e+02
   6.66428750e+04   1.37360815e+03   5.74994736e+01   1.07441484e+04
   1.52799622e+02   5.41880981e+02   8.06758047e+04   5.73239414e+04
   9.42901421e+00   4.33893711e+04   7.93403613e+03   3.30306030e+03
   4.42840271e+01   7.27017236e+03   1.03438750e+05   2.71660059e+03
   7.15652812e+04   1.01344414e+05   1.53210156e+05   3.58272695e+04
   3.21941836e+04   5.62384338e+02   3.80560078e+04   5.71477441e+03
   8.80538438e+04   2.07044113e+02   1.68822974e+03   4.99882305e+04
   2.46040161e+02   1.87303262e+04   2.14253149e+03   2.76266816e+04
   6.16660586e+04   8.21622559e+02   1.00399561e+04   4.39896297e+00
   5.22240257e+01   6.16377197e+03   1.84577090e+04   2.74397552e+02
   5.76667041e+03   6.41455322e+02   1.97703223e+04   2.48917130e+02
   8.90642517e+02   3.84901250e+04   3.47079199e+03   1.10372107e+03
   1.10937320e+05   1.46431018e+03   3.10853945e+04   1.66894941e+04
   5.37689883e+04   4.11894023e+04   9.79128799e+01   5.09162476e+02
   2.24662012e+03   1.07570239e+03   7.70460547e+04   3.26502637e+03
   5.56856328e+04   1.27406189e+03   2.47230591e+03   1.01109155e+03
   1.80620234e+04   9.65726868e+02   4.13570117e+04   7.08745703e+03
   4.89235547e+03   2.46252832e+03   4.68657440e+02   8.64817276e+01
   2.71987520e+04   1.22347910e+04   2.47476120e+02   7.92690039e+03
   1.40442554e+03   1.82927466e+03   2.17791992e+03   1.30516221e+04
   9.41426147e+02   4.22371918e+02   1.28023633e+03   5.64396782e+01
   6.26866992e+03   7.12771729e+03   3.21792461e+04   8.21208359e+04
   8.77838898e+01   5.72163940e+02   1.06056079e+03   2.14847794e+02
   2.80282421e+01   1.97881079e+03   3.79102461e+04   7.98640859e+04
   5.49310859e+04   6.93689551e+03   3.77103394e+03   2.54634418e+01
   8.56985474e+00   5.86420727e+00   1.94383027e+04   1.40392822e+04
   3.30570703e+03   1.15233513e+02   3.55511719e+04   1.24276758e+04
   5.16977112e+02   1.01112393e+04   3.11294863e+04   9.27905762e+03
   1.79479602e+03   5.16428516e+03   3.13078296e+03   5.55370625e+04
   5.93837148e+04   8.11521143e+03   2.77532188e+04   1.51204382e+03
   9.01962422e+04   7.06880981e+02   1.12022820e+02   6.43766748e+03
   7.55721172e+04   2.85403652e+04   2.06521934e+04   2.92416235e+03
   5.51975136e+01   9.89503235e+02   2.29229473e+04   4.70451318e+03
   2.00464863e+04   4.77591260e+03   4.60935010e+03   8.47005010e-01
   0.00000000e+00   1.82463711e+04   8.77748718e+01   1.06772632e+03
   2.38436011e+03   4.76159258e+04   8.23572815e+02   8.78680000e+04
   1.11678623e+04   0.00000000e+00   2.92963086e+03   0.00000000e+00
   7.22643372e+02   1.63555234e+04   6.61666794e+01   2.19094385e+03
   1.17385046e+03   7.49807471e+03   8.86270142e+01   5.05406250e+03
   1.58136787e+04   7.47853281e+04   8.22305481e+02   9.00527344e+01
   6.84459229e+02   2.71588965e+03   0.00000000e+00   1.63200409e+02
   9.92006445e+03   3.37329216e+01   2.04293408e+03   9.37489014e+02
   2.14036387e+04   5.22943652e+03   1.40565732e+04   0.00000000e+00
   1.59231003e+02   1.91553284e+02   6.60156328e+04   1.69701719e+04
   8.24134180e+03   1.42700291e+01   3.82239771e+03   3.06700110e+00
   1.08762793e+04   1.30561157e+03   1.24907367e+05   1.54795029e+02
   9.94870508e+03   4.69068512e+02   2.49067310e+03   3.17305493e+03
   3.56743091e+03   9.47180234e+04   7.47371826e+02   3.26918125e+04
   1.93333411e+03   9.73138885e+01   5.79446983e+00   1.82411777e+04
   1.35293982e+03   4.22044922e+04   2.79192285e+03   7.26709187e-01
   3.30375117e+04   1.09275110e+03   4.56576202e+02   1.44926703e+05]
[  3.94869556e+03   6.13542383e+03   9.44772400e+02   1.44774734e+02
   2.12825508e+04   0.00000000e+00   3.85749883e+04   2.44084609e+04
   8.34191328e+04   7.88707352e+01   2.33048477e+02   1.38781973e+04
   8.11538219e-01   7.42562969e+04   5.45988086e+03   2.45696220e+01
   3.64592773e+02   8.71664062e+02   7.59901306e+02   4.26773895e+02
   4.54706299e+03   2.57741699e+03   2.52142407e+03   9.00906906e+01
   1.15237427e+02   6.78410742e+03   5.38887695e+02   2.33637031e+04
   1.76843396e+03   3.42597900e+02   1.83537560e+01   2.22357803e+02
   3.60758270e+02   0.00000000e+00   3.70250488e+02   2.68065125e+02
   1.80165479e+03   2.07435513e+01   1.78246445e+04   2.40638657e+02
   1.57071084e+04   2.46093066e+03   8.72261353e+01   2.66458262e+04
   1.14943250e+03   1.24412366e+03   4.49442334e+03   2.29238541e+02
   4.94636414e+02   9.25970764e+02   1.62075903e+03   1.35138903e+01
   0.00000000e+00   6.24372363e+03   6.30420898e+02   6.39206665e+02
   5.61336182e+03   1.89970535e+02   6.68172302e+01   4.78889912e-01
   3.67609072e+00   8.12668396e+02   2.63881042e+02   6.89930481e+02
   2.29827942e+02   5.38218803e+01   7.43378418e+03   5.19932666e+03
   3.98135391e+04   1.80787155e+02   5.95770111e+01   5.45155156e+04
   1.38752222e+01   3.61530688e+03   4.05021301e+02   1.54971460e+03
   0.00000000e+00   4.99374170e+03   6.55741211e+02   9.22784882e+01
   3.62275330e+02   1.04336375e+05   3.58812578e+04   1.53582783e+04
   1.23277332e+03   4.95717239e+01   7.11916992e+03   7.99711182e+02
   9.04344849e+02   1.39762375e+02   1.90687656e+04   2.53063403e+03
   9.81606934e+02   0.00000000e+00   3.49858325e+03   3.69430008e+01
   6.27664795e+02   1.95048750e+04   8.05233398e+03   7.19076807e+03
   2.75811841e+03   2.62551758e+03   1.52015063e+03   3.40600729e+00
   6.46449661e+01   9.31288452e+02   1.70543652e+04   1.21185226e+01
   5.92173125e+04   8.28185547e+04   2.67664978e+02   6.28296242e+01
   2.01916748e+02   7.71812805e+02   8.33806484e+04   1.57052173e+03
   3.80634186e+02   1.22512561e+03   2.48400974e+01   5.70434509e+02
   7.53837357e+01   3.92570361e+03   6.43015869e+02   0.00000000e+00
   3.17482285e+04   2.33177948e+02   2.06358594e+03   2.11498642e+02
   3.01814003e+01   2.01222246e+04   5.05817223e+01   6.11196533e+02
   2.77098145e+02   7.56193945e+03   2.06913496e+04   4.94811249e+00
   9.12421799e+01   2.63629822e+02   1.12130166e+04   0.00000000e+00
   6.02656174e+01   1.29455170e+02   1.27775459e+04   3.08885860e+01
   3.87303369e+03   1.26487910e+04   3.59290625e+03   3.94856211e+04
   9.25982239e+02   1.58056213e+03   6.27405430e+04   5.18152832e+03
   1.80992539e+04   3.98248322e+02   1.61963287e+02   7.91638906e+04
   3.56478979e+03   1.81864453e+04   1.97288977e+03   3.76681104e+03
   3.80069897e+03   5.55097119e+03   9.42431569e-01   2.12344635e+02
   3.55899258e+04   2.19811743e+03   8.46931328e+04   8.08698368e+00
   4.05124243e+03   2.35618281e+04   4.42392120e+02   1.54123389e+03
   7.27083516e+04   1.53189297e+04   5.52768183e+00   9.73240906e+02
   1.56007715e+03   8.04778320e+03   5.16035034e+02   4.94333221e+02
   8.49908203e+04   5.38161804e+02   7.89584351e+02   0.00000000e+00
   9.50349707e+03   5.59310000e+04   2.53147030e+00   1.55859711e+02
   2.26238861e+02   6.59256875e+04   1.18035327e+03   1.42806396e+02
   2.59199882e+00   4.73364883e+04   3.40323242e+03   7.59998779e+03
   6.30418968e+00   1.61657188e+04   9.28512085e+02   5.40277539e+04
   2.47198262e+04   8.66707153e+01   4.45394039e+00   6.04941833e+02
   1.36734746e+04   2.55318436e+02   1.59088806e+02   1.95680273e+03
   2.05877365e+02   3.60394849e+03   9.96886353e+02   3.14265320e+02
   4.74170996e+03   6.94648145e+03   3.92579766e+04   7.04598516e+04
   3.82379414e+04   3.01086395e+02   1.13724785e+02   2.88452715e+04
   1.06845176e+04   4.29511414e+01   2.57454297e+03   8.00360336e+01
   6.17302100e+03   1.26586800e+01   4.77274561e+03   4.03030625e+04
   1.10821326e+03   3.25572021e+03   6.08115508e+04   2.68486725e+02
   1.04385811e+02   8.65462109e+03   4.16612625e+00   1.02229070e+05
   7.98233672e+04   2.85432764e+03   6.66332855e+01   3.90444298e+01
   3.08293140e+03   4.21637939e+03   2.16533432e+02   1.40574597e+03
   9.44613379e+03   3.77066870e+03   0.00000000e+00   7.37834453e+04
   1.77694607e+01   7.58550110e+01   1.24666797e+03   2.55069008e+01
   7.07832227e+03   2.78272324e+01   5.47269135e+01   8.67000809e+01
   2.48023071e+02   2.87791309e+03   4.93944043e+03   5.97877686e+03
   9.01303101e+02   2.59217871e+03   9.73813721e+02   9.95634460e+02
   5.11811340e+02   8.40540625e+03   3.57008362e+02   1.65475352e+04
   5.10178076e+03   5.56695850e+03   3.38637512e+02   8.28912476e+02
   2.11576599e+02   6.56593857e+01   1.10483932e+01   2.11807346e+01
   1.59202734e+04   0.00000000e+00   2.08363159e+03   1.02350498e+04
   5.50519727e+03   1.04882362e+02   1.99866309e+04   0.00000000e+00
   5.96757889e+01   7.39118701e+03   0.00000000e+00   1.53486484e+04
   5.53943237e+02   1.32327661e+03   1.13126556e+02   2.33511304e+03
   7.87752656e+04   6.43433643e+03   3.92064087e+03   8.17536035e+03
   4.86658125e+04   8.60257324e+02   2.71117065e+02   8.05398987e+02
   1.19494843e+00   1.34467468e+03   2.32255254e+04   1.01927102e+00
   1.80952075e+03   1.83306699e+04   9.61267273e+02   8.73600781e+04
   7.06126938e+01   1.86366333e+02   1.69680893e+02   2.64451294e+03
   3.25975742e+04   1.36494713e+01   1.20181384e+03   1.33870621e+02
   5.32433789e+04   6.65793085e+00   5.26996117e+01   1.57535675e+02
   1.49419092e+03   1.77592930e+04   2.10069961e+04   1.82632754e+04
   8.71130469e+04   1.33501434e+02   2.66017847e+03   7.50034229e+03
   7.59586487e+02   4.48541183e+01   7.53056328e+04   2.92959355e+04
   6.57436066e+01   2.23457935e+03   1.44994648e+04   2.25986304e+03
   0.00000000e+00   9.64844531e+03   1.93951004e+02   3.58160324e+01
   1.94330332e+04   8.77681836e+03   1.62000574e+03   4.11367539e+04
   2.43904018e+01   1.20167822e+03   2.37216049e+02   2.20971855e+04
   6.39682227e+04   3.12928406e+02   3.35173126e+02   2.26292285e+03
   5.83372803e+02   1.62082751e+03   1.09682211e+05   4.01810625e+04
   9.39978088e+02   1.16012985e+02   5.39791992e+03   1.04059515e+01
   4.32858350e+03   8.29672119e+02   3.20884019e-01   1.80932755e+02
   1.55531279e+04   3.63319727e+04   1.84710059e+03   1.30135527e+04
   1.00596581e+02   2.71584590e+04   8.02760506e+00   1.03553574e+04
   9.52996887e+02   9.20956953e+04   4.54563873e+02   1.34923926e+03
   1.23540588e+02   3.54906067e+02   2.07097827e+03   1.63409102e+04
   1.71669395e+04   5.14764404e+03   1.54931765e+01   2.78696869e+02
   1.08645532e+03   2.17581699e+04   4.22985078e+04   2.32292676e+03
   5.86098867e+04   2.61441260e+03   1.35946512e+00   3.46703339e+00
   4.97195264e+03   3.68297705e+03   3.05008398e+03   5.55614355e+03
   4.02749951e+03   1.98412991e+01   1.36187042e+02   1.24770642e+03
   4.69881470e+02   2.81662769e+03   1.51972490e+04   1.82043906e+04
   3.97234985e+03   0.00000000e+00   7.54640000e+04   4.69097931e+02
   2.60897827e+03   2.05075588e+01   2.58954614e+03   6.64394409e+02
   2.91546289e+03   6.84878271e+03   9.49966812e+01   0.00000000e+00
   8.21437531e+01   2.33713574e+03   6.48116895e+03   2.40792725e+02
   7.56359192e+02   6.88969650e+01   5.02551367e+03   3.18667188e+03
   6.21584814e+03   2.68813613e+04   1.90582291e+02   0.00000000e+00
   2.39859351e+03   1.00650627e+02   1.73242065e+03   3.64175430e+04
   3.58837964e+03   1.36576447e+02   8.19236694e+02   2.27011304e+03
   1.99040869e+03   9.00400330e+02   5.10085703e+04   9.84145703e+03
   1.39282783e+04   5.89768066e+02   2.40582715e+03   2.03742651e+03
   7.98924637e+00   4.56049988e+02   3.54670923e+03   5.50759888e+02
   3.49391907e+02   3.54594269e+02   0.00000000e+00   1.64456192e+02
   2.15134335e+00   0.00000000e+00   1.46123281e+04   3.07819676e+00
   0.00000000e+00   7.72331482e+02   4.28269386e+00   2.07974854e+02
   6.24745801e+03   7.88041077e+02   1.06000322e+04   5.73926392e+02
   7.40483047e+04   2.86208262e+04   5.66462280e+02   3.44999292e+03
   2.61058990e+02   1.12938086e+04   1.72101582e+04   2.51255051e+02
   1.73070312e+02   6.95787001e+00   9.51429688e+02   6.45805029e+03
   2.39834619e+03   2.14163971e+02   1.98739368e+03   0.00000000e+00
   6.44100098e+03   6.92913965e+03   1.34570166e+03   1.76808792e+02
   4.53341980e+02   2.31355255e+02   5.33910469e+04   2.76645213e-01
   2.16477142e+02   6.47217789e+01   9.17731641e+04   5.40063965e+03
   5.04799835e+02   3.16223785e+02   2.19424438e+01   8.07655762e+03
   6.68996887e+02   1.30646759e+02   8.83995483e+02   3.87967407e+03
   7.91510498e+02   1.13339221e+03   6.87578583e+01   4.87993408e+02
   9.27576904e+02   1.07763586e+05   1.06044189e+02   5.88242432e+02
   0.00000000e+00   1.31850820e+04   4.65219678e+03   4.66476074e+03]
[  7.28582306e+01   7.09116113e+03   1.26235901e+02   1.69326721e+03
   5.74002197e+02   2.34541992e+04   1.28258896e+02   1.23384668e+04
   5.10857715e+03   4.80814766e+04   6.33028687e+02   5.34807243e+01
   5.29087793e+03   3.06448730e+04   3.06308008e+03   4.95374817e+02
   1.43496313e+03   1.14192664e+03   5.79524727e+04   5.28183289e+02
   1.96092570e+00   2.42794800e+03   2.60119171e+02   8.86060547e+02
   1.27661465e+04   6.21906090e+01   1.37480469e+04   4.06778336e+01
   4.50034912e+02   1.20652063e+03   1.30612231e+03   1.05554639e+03
   4.90241272e+02   0.00000000e+00   4.15759521e+03   4.39846916e+01
   2.91996979e+02   7.40298438e+04   1.93833318e-02   5.41006201e+03
   6.60397070e+03   3.30204697e+01   5.69916725e-01   2.08070282e+02
   5.63285791e+03   2.86541626e+02   6.13923438e+03   1.19542666e+04
   1.27904243e+02   1.02858572e+01   5.95853149e+02   3.15862524e+03
   7.21464996e+01   1.29531523e+04   1.03923838e+04   4.08761641e+04
   6.12923889e+02   1.08511582e+04   3.14186649e+01   1.94482019e+03
   1.95930139e+03   1.18726245e+03   1.16136462e+03   2.94073730e+02
   3.03553540e+03   6.94883118e+02   1.70016708e+02   1.47162842e+02
   1.49078949e+02   2.12165413e+01   2.76833740e+02   1.44843242e+04
   3.50170195e+04   2.66306915e+02   2.64096895e+04   2.00724907e+01
   4.20229187e+01   1.72902786e+02   1.48208984e+02   1.88362969e+04
   5.23425842e+02   3.87726602e+04   2.36726055e+04   6.24316211e+03
   6.99979609e+04   4.27991066e+01   2.64838550e+03   1.08742559e+04
   1.25135762e+04   3.22223555e+04   8.32106590e+00   3.05437842e+03
   5.29729797e+02   6.85370801e+03   8.29419312e+02   5.10045850e+03
   1.08072891e+04   2.01387978e+00   1.02290693e+04   3.35803589e+02
   1.90060444e+01   7.85109558e+02   3.69632149e+01   3.40463379e+03
   1.03491381e-01   7.81057930e+00   1.09102319e+03   3.73717773e+04
   7.81167328e-01   2.01542695e+04   2.18731049e+02   6.03987305e+04
   2.90717188e+03   1.09531488e+01   9.09253693e+00   5.23054871e+02
   2.31875992e+02   2.15282559e+04   6.11843262e+02   6.02438498e+00
   1.05667341e+00   3.83021606e+02   8.09542676e+03   5.64186172e+01
   2.35477936e+02   7.01245361e+03   3.47244049e+02   2.40348148e+01
   4.14725922e+02   7.94188080e+01   2.01406191e+04   6.54495850e+02
   7.32799759e+01   2.28097998e+03   5.13386597e+02   4.51551758e+03
   4.41618633e+04   1.82201958e+01   1.32255234e+02   1.17116364e+02
   2.55180120e+00   4.45878067e+01   2.08726929e+02   2.90841492e+02
   7.41299667e+01   2.19050439e+03   3.63523291e+03   0.00000000e+00
   1.41985382e+02   4.36343008e+04   1.21833878e+02   2.38665199e+01
   1.09036511e+03   2.83008813e+03   2.32424805e+02   1.76885000e+04
   1.01206894e+01   5.29986389e+02   3.34354645e+02   1.12788535e+04
   1.07354485e+02   4.88386169e+02   2.04933945e+02   9.00874710e+00
   4.78755859e+04   1.58275261e+01   9.41002731e+01   5.38372070e+03
   5.42685156e+03   1.96368457e+04   1.57541186e-01   1.60321274e+01
   6.32521875e+03   9.02943237e+02   6.13475895e+00   3.27513281e+03
   4.28616758e+04   4.33077789e+02   4.34282422e+04   2.38536377e+03
   3.35028555e+04   2.08008711e+04   3.69894066e+01   5.96377783e+03
   2.33948950e+03   4.90260172e+00   1.37000037e+03   2.67950659e+03
   1.87820873e+01   3.74273621e+02   2.75784729e+02   1.10953629e+02
   1.46527539e+03   8.05077930e+03   9.54720093e+02   1.44746172e+04
   1.52884790e+03   1.71207809e+02   4.10350464e+02   3.60366138e+03
   1.25230078e+03   9.14715759e+02   1.05571033e+03   0.00000000e+00
   2.01308716e+03   8.85012512e+01   2.55463232e+03   1.38904492e+03
   5.35186963e+03   6.23043086e+04   9.21557617e+01   9.39186096e+02
   4.76623779e+03   3.33576831e+03   5.75131760e+01   9.72824219e+03
   7.47155312e+04   1.25181183e+02   1.52513580e+02   1.87464038e+03
   1.04761064e+04   1.19035057e+02   6.60483551e+01   9.19321228e+02
   2.53289856e+02   5.45813179e+01   5.16715431e+01   2.01295319e+02
   1.94349762e+02   5.02877083e+01   1.70147362e+01   6.09410706e+01
   6.65101318e+02   7.11925125e+01   1.05757706e+02   2.63546162e+01
   8.39820328e+01   3.37712280e+02   8.14114136e+02   9.69114609e+01
   1.66806679e+01   1.23186808e+01   1.36814514e+03   3.99602070e+04
   4.46041953e+04   5.56105225e+03   6.10689735e+01   8.05205139e+02
   3.42642059e+01   1.90916916e+02   4.05342590e+02   8.93456955e+01
   7.40954199e+03   4.64581635e+02   5.68834059e-02   8.85463409e+01
   2.14291309e+03   3.26279030e+01   9.26230347e+02   1.04788391e+02
   8.39613159e+02   8.87691895e+02   4.21362701e+02   2.94142303e+01
   4.18645469e+04   1.72170850e+03   3.50455742e+04   9.41938293e+02
   1.64557532e+03   6.67508888e+00   1.01968903e+02   8.10983582e+02
   7.30257645e+01   2.97525845e+01   4.56495000e+04   4.87677917e+02
   1.93522070e+03   7.03345764e+02   5.28299121e+03   7.12541992e+03
   4.19118347e+02   3.08694427e+02   5.15440186e+02   7.99780469e+04
   1.01235718e+03   1.82928223e+03   6.85575488e+03   3.22216736e+02
   4.11516663e+02   1.32880273e+04   1.22029211e+03   1.58094482e+03
   1.42417676e+04   9.00615784e+02   9.02868271e+01   7.94357971e+02
   1.72896802e+03   1.13383875e+03   4.96572510e+03   5.59398842e+00
   4.40299797e+00   5.66994873e+02   5.79397217e+03   4.43856621e+01
   1.87375996e+04   6.07643125e+04   1.08501135e+03   1.04644946e+03
   3.11637842e+03   4.15447754e+03   4.25995588e-01   4.21695361e+03
   6.24746494e-02   2.07058081e+03   3.40381665e+03   1.71570547e+04
   3.30687347e+02   4.11874072e+03   8.78139496e+01   1.46829219e+04
   5.27712061e+03   2.12939473e+04   1.90567896e+03   2.94543594e+04
   6.53999557e+01   9.08986389e+02   2.40612549e+03   4.20870911e+02
   8.00234253e+02   1.66787064e+02   9.53712500e+03   4.20615430e+03
   4.33473527e-01   1.31049658e+03   1.88306458e+02   1.10055798e+03
   1.00393211e+02   7.02034424e+03   1.46369202e+03   1.58296074e+04
   3.71968398e+04   1.35267542e+03   4.24740692e+02   2.22788895e+02
   1.01000996e+01   4.27694702e+02   2.52609844e+04   5.44426147e+02
   5.71867188e+03   2.89246216e+03   2.83805493e+03   7.20207734e+04
   1.19830109e+02   1.38501074e+03   1.04781091e+03   3.47500572e+01
   1.74440879e+04   1.47730872e+03   2.12697598e+04   2.53936219e+00
   5.01353398e+04   2.79406433e+02   3.25387852e+04   1.25439526e+03
   7.66014648e+03   4.09790344e+02   9.29271622e+01   3.95335107e+03
   2.74077362e+02   1.16624963e+03   2.43210358e+02   2.75924146e+03
   1.11035057e+02   6.13997607e+03   1.89735641e+02   1.17347281e+05
   1.27994639e+04   1.33227515e+03   5.33137256e+03   1.33814465e+03
   6.19003372e+01   1.33610750e+05   4.32026807e+03   5.81942749e+02
   4.64141357e+02   5.64549414e+03   8.60871277e+01   3.86471367e+00
   9.74566895e+02   7.69993530e+02   7.18392734e+04   2.22870947e+03
   1.63525208e+03   4.54257031e+04   6.92069297e+04   8.06411591e+01
   3.48923988e+01   7.26119385e+03   3.80766895e+03   7.63537988e+03
   4.06827148e+02   2.80674414e+04   2.29983643e+03   2.30770850e+03
   2.17949371e+01   2.01939766e+04   1.31484589e+02   6.73146057e+02
   9.50010986e+02   6.63185120e+02   1.84903333e+03   9.58919238e+03
   1.10661328e+04   7.33904236e+02   1.59741528e+03   1.71770611e+01
   1.60361865e+03   1.04951340e+02   0.00000000e+00   4.94936638e+01
   3.36439301e+02   2.80924707e+04   4.32937744e+03   1.18818760e+01
   2.72975586e+02   5.72169385e+03   3.75776581e+02   5.39184570e+01
   2.48928857e+03   5.48096533e+03   4.61109023e+04   8.20978775e+01
   9.98200195e+03   4.21955811e+02   9.86801529e+01   1.14146698e+02
   1.19219925e+02   1.84488983e+01   2.23760801e+04   1.44234014e+00
   8.43936234e+01   4.76421661e+01   3.52735634e+01   3.89125180e+00
   1.75511360e+01   1.18463750e+04   4.99002411e+02   1.75533539e+02
   1.54700549e+03   3.03153242e+04   1.41834351e+02   8.70749023e+02
   1.73414017e+02   1.43779109e+05   2.68847969e+04   5.87377024e+00
   1.99866101e+03   4.90456787e+03   2.54417051e+04   9.65366113e+03
   1.61578848e+04   1.20133145e+04   8.56521094e+03   1.49525110e+03
   9.71875293e+03   1.58236938e+03   2.82845703e+02   2.62988770e+02
   3.82593567e+02   2.11573601e+01   1.32132256e+04   9.09994141e+03
   1.51190332e+04   1.50093457e+04   5.74105652e+02   2.04274094e+02
   3.58027832e+02   1.00743170e+03   5.06481842e+02   3.16271582e+04
   3.77834033e+03   6.11903000e+01   1.50852695e+04   1.50447464e+02
   8.67098618e+00   0.00000000e+00   3.31831177e+03   7.53346497e+02
   1.30540381e+03   5.42685400e+03   4.56262344e+04   1.52589746e+04
   8.41999414e+03   1.57800476e+03   1.16213943e+02   1.13761060e+03
   1.20947937e+03   4.06132774e+01   1.31949524e+03   5.11866260e+03
   1.82041836e+04   1.55422637e+04   1.45770178e+01   1.10397583e+03
   1.23301416e+04   1.53006592e+04   4.92388092e+02   3.10634689e+01
   4.57024292e+02   1.04020370e+02   7.78138542e+00   1.59973740e+04]
[  2.61240540e+02   1.49183416e+00   7.73612499e-01   5.43431299e+03
   1.77381927e+02   1.73214874e+01   6.21686125e+00   7.84803748e-01
   1.04341507e+02   8.47406464e+01   5.39988804e+00   5.13720398e+02
   8.80399036e+00   1.21966278e+02   9.03143978e+00   1.53839600e+00
   2.66094059e-01   2.41888046e+02   0.00000000e+00   0.00000000e+00
   2.26708359e+02   1.34528281e+04   6.19694727e+03   8.54982986e+01
   1.05825634e+01   0.00000000e+00   3.80613476e-01   9.67434692e+02
   8.91548615e+01   1.08107861e+03   8.47072266e+03   2.72883453e+02
   2.52417871e+03   1.03573883e+02   2.68548346e+00   1.44536584e+03
   4.44366789e+00   1.25105225e+04   2.06233594e+03   1.13071143e+03
   6.25982861e+03   3.26330566e+00   1.77626587e+03   1.37699902e+03
   4.63581705e+00   2.20138493e+01   1.97459900e+03   1.29333591e+01
   1.81801929e+01   1.30380239e+01   3.12642269e+01   1.39956030e+03
   0.00000000e+00   4.40256615e+01   1.78749451e+02   7.85083618e+01
   4.33407617e+03   3.13204590e+02   0.00000000e+00   3.18003174e+02
   2.74164246e+02   1.20253623e+00   4.81773794e-01   4.73101501e+02
   4.51916046e+01   2.08008960e+03   7.34069490e+00   7.61171291e-03
   2.08608139e+02   2.76455078e+03   1.48846619e+02   3.61313972e+01
   3.23357735e+01   2.46733688e+02   5.12895632e+00   1.07685547e+03
   2.01628900e+00   8.46738342e+02   8.98643672e-01   7.24636459e+01
   0.00000000e+00   8.00346527e+01   1.93812668e+02   1.53960742e+03
   3.80912247e+01   9.42769814e+00   1.29739466e+01   8.13253784e+00
   9.91374707e+03   2.81217896e+02   1.15227080e+04   8.18246689e+01
   1.23445459e+04   3.16848053e+02   0.00000000e+00   3.71700317e+02
   8.95173242e+03   5.14775991e+00   2.99545020e+03   9.25515518e+01
   3.56236084e+02   1.22114592e+01   1.34672585e+01   0.00000000e+00
   6.88230835e+02   1.19698291e+03   0.00000000e+00   2.09587601e+02
   6.23277187e+00   0.00000000e+00   8.33849716e+00   8.24491348e+01
   2.39713110e+03   4.31637158e+03   2.09632416e+01   0.00000000e+00
   1.57232910e+03   5.47404907e+02   3.96509242e+00   5.39121857e+01
   0.00000000e+00   3.95398407e+02   3.87721956e-01   2.94796705e+00
   1.40099506e+01   0.00000000e+00   7.51285839e+00   0.00000000e+00
   7.09616623e+01   6.69471619e+02   5.53634949e+02   6.14640747e+02
   1.02950835e+00   4.62652931e+01   2.35949173e+02   8.32129059e+01
   1.05758945e+04   1.75880890e+02   1.00731346e+02   2.01303482e+02
   2.61321484e+03   4.08264008e+01   4.99276733e+01   4.51614648e+03
   2.11014595e+01   2.68887520e-01   1.51226444e+01   1.97916996e+00
   4.82332230e+00   1.49039233e+00   1.54337656e+00   8.07818527e+01
   3.56694641e+01   5.26172352e+00   4.61870689e+01   8.91797733e+00
   4.89364502e+02   1.40661793e+01   1.96572828e+00   3.20213985e+00
   2.44489136e+02   5.81270638e+01   1.39897148e+04   8.74995850e+02
   1.48383130e+03   7.31276025e+03   0.00000000e+00   2.87869043e+03
   5.02167969e+02   4.00932007e+03   2.72959614e+00   3.58765039e+03
   2.94654503e+01   3.26088593e+02   1.10943241e+01   1.03251743e+00
   5.02159538e+01   4.22989321e+00   2.11810745e+02   0.00000000e+00
   4.46121140e+01   2.60536328e+03   0.00000000e+00   1.03396191e+03
   1.44922729e+02   7.60419678e+03   2.46506691e+01   1.03033695e+01
   4.34088330e+03   3.90504883e+02   1.49459696e+01   3.77657471e+01
   1.40965479e+03   1.65352646e+02   3.23990784e+02   1.50501999e+02
   4.94482803e+01   1.97022559e+03   2.64113379e+03   4.16989355e+03
   3.53317757e+01   1.40987051e+04   6.38040113e+00   1.84742126e+01
   3.65976372e+01   4.67909622e+01   8.55434570e+02   2.58014697e+03
   0.00000000e+00   2.61733887e+03   3.89397510e+03   5.49172180e+02
   0.00000000e+00   0.00000000e+00   1.11999641e+02   2.51512427e+03
   1.96683762e+02   1.08166647e+01   3.27339816e+00   1.24232529e+02
   9.91218948e+01   1.66520721e+02   5.54926880e+02   9.54050732e+00
   6.10989209e+03   6.99410205e+03   1.42308831e-01   8.15210724e+00
   0.00000000e+00   4.04225891e+02   4.37176971e+01   3.14905334e+02
   9.93144302e+01   6.17501770e+02   1.84343164e+03   4.69517479e+01
   2.06435528e+01   9.48869629e+03   0.00000000e+00   6.69921997e+02
   0.00000000e+00   1.23244248e+04   1.93793762e+00   1.65977538e+00
   0.00000000e+00   3.82808899e+02   7.19081689e+03   0.00000000e+00
   6.40945077e-01   3.11566906e+01   5.17375342e+03   1.54022801e+00
   2.09426460e+01   7.28604584e+01   5.56812429e+00   1.27681726e+03
   1.32741760e+03   2.82446022e+01   2.05249578e-01   7.08089160e+03
   3.81335106e+01   5.04743614e+01   0.00000000e+00   0.00000000e+00
   0.00000000e+00   0.00000000e+00   8.88685608e+00   1.84597974e+03
   9.75315002e+02   7.08089218e+01   1.89406633e-01   7.36391846e+02
   2.01574192e+01   1.12053389e+04   3.50059644e+03   2.73013783e+01
   4.13123145e+03   3.75320663e+01   4.36318703e+01   0.00000000e+00
   2.41110115e+01   1.04700525e+03   8.29218945e+03   2.24067123e+02
   2.56479239e+00   1.40477768e+02   8.41522278e+02   5.75725174e+01
   0.00000000e+00   9.20112228e+00   9.41699295e+01   1.63847961e+03
   1.11223901e+03   4.18841431e+02   0.00000000e+00   0.00000000e+00
   7.81901779e+01   2.43480255e+02   6.16288519e+00   9.11179185e-01
   3.65530426e+02   2.91940308e+02   6.20397412e+03   0.00000000e+00
   3.59777435e+02   7.32495785e-01   1.02589928e+02   0.00000000e+00
   8.91616504e+03   0.00000000e+00   1.07084014e+04   3.75832176e+01
   3.48441467e+01   0.00000000e+00   3.36269999e+00   6.00168018e+03
   3.61442871e+03   3.33409253e+03   3.09650879e+02   1.21673729e+02
   2.03181665e+03   4.70545845e+01   8.33251381e+00   1.12150475e+02
   2.32358276e+02   0.00000000e+00   3.56920395e+01   5.75078354e+01
   9.90773315e+01   5.37886848e+01   1.86446209e+01   4.34813428e+03
   5.60745087e+01   7.05583862e+02   3.17969788e+02   3.05329443e+03
   7.62993591e+02   2.56782178e+03   5.59903174e+03   7.41123886e+01
   1.72342651e+03   7.20020442e-04   4.49114952e+01   1.06021919e+01
   1.68530029e+03   3.40384424e-01   2.93936841e+03   1.74428864e+02
   9.33352234e+02   2.34129162e+01   1.40146618e+01   0.00000000e+00
   4.17943164e+03   1.05659172e+02   0.00000000e+00   2.87509499e+01
   5.92012207e+03   5.71212549e+03   5.95066016e+03   8.84004288e+01
   1.56389313e+01   1.55110383e+00   1.40255899e+01   2.09275726e+02
   5.70492737e+02   4.16058502e+01   0.00000000e+00   2.77675476e+02
   1.57797028e+02   0.00000000e+00   6.87624969e+01   2.86769873e+03
   1.64396210e+01   1.61407272e+02   1.54584532e+01   6.44513321e+01
   2.73256803e+00   1.71691513e+01   8.39579105e+00   1.79941406e+02
   7.10498199e+01   1.40063428e+04   1.05785580e+01   6.34992871e+03
   9.06980652e+02   2.30712158e+03   2.05659204e+03   5.21417732e+01
   2.30436279e+03   3.31358551e+02   2.74716248e+02   1.76440659e+01
   2.89640274e+01   1.23110700e+00   1.74259995e+02   2.84866142e+01
   0.00000000e+00   8.20476913e+00   1.58478241e+02   1.76705231e+02
   7.28924026e+01   1.05774268e+03   8.57225684e+03   8.77958679e+00
   6.59617844e+01   7.54680481e+01   3.08221252e+02   1.05512094e+01
   1.37020311e+01   9.98020996e+03   2.40715561e+01   4.25970078e+00
   1.71599560e+01   4.41371155e+02   3.30123145e+03   1.29140198e+02
   5.62452783e+03   1.34897070e+01   3.94602036e+00   0.00000000e+00
   1.61916826e+04   6.96307556e+02   7.75382156e+01   1.00376472e+01
   3.26305450e+02   1.97240723e+02   3.48952740e-01   2.38530350e+01
   8.49629116e+00   5.75322693e+02   2.44152759e+03   2.26080742e+01
   9.62563705e+01   2.29092163e+03   5.82440979e+02   3.32827034e+01
   7.80637074e+00   7.30569397e+02   1.04463896e+04   5.65538025e+01
   5.70148468e+00   8.01178932e+00   8.92969799e+00   1.77987198e+02
   2.23181839e+01   0.00000000e+00   7.01562207e+03   6.24637061e+03
   1.06524395e+04   0.00000000e+00   1.93973175e+02   7.23986969e+01
   2.78376782e+03   4.16761589e+00   8.74734131e+02   1.84344345e+02
   4.01117668e+01   1.16043809e+04   1.31377808e+02   1.48684863e+03
   0.00000000e+00   4.50251068e+02   1.25668859e+01   3.04711971e+01
   7.26629785e+03   7.26107693e+00   4.67591858e+01   0.00000000e+00
   2.85635233e+00   3.00941559e+02   2.51466553e+02   2.49608421e+00
   1.42480850e+02   3.95910840e+03   3.61554742e-01   1.38059937e+03
   4.16729614e+02   2.23730911e+02   4.21149609e+03   9.85625076e+01
   6.27002246e+03   1.43662598e+02   1.55589569e+02   6.64484863e+01
   4.39051552e+01   1.78485059e+03   7.10918732e+01   5.58641895e+03
   1.29947119e+01   4.62423277e+00   9.74846649e+00   4.47311621e+03
   5.01415901e+01   4.14147425e+00   4.69738731e+01   0.00000000e+00
   3.02581763e+03   4.80604645e+02   5.40644409e+02   6.10029785e+03
   2.64969574e+02   1.03281837e+02   1.73244995e+03   4.31784814e+03
   0.00000000e+00   3.91944800e+03   8.31048393e+00   1.10079346e+02
   0.00000000e+00   8.86321484e+03   6.35784674e+00   1.95866318e+02]
[  5.11749992e+01   6.29409302e+02   6.71528397e+01   2.81809937e+02
   1.87899399e+02   1.33341394e+03   1.13892654e+02   9.05432816e+01
   6.31782074e+01   1.77209473e+01   1.63790173e+03   9.53221924e+02
   3.98618701e+03   1.40363541e+02   3.19465405e+03   4.05221863e+02
   3.72811484e+00   2.30225327e+02   1.06106104e+03   2.89003784e+02
   1.42427841e+02   5.28994789e+01   4.04876611e+03   1.30792007e+02
   3.27959213e+01   6.14143372e+01   4.33412247e+01   4.24258080e+01
   5.05565674e+03   2.15047760e+01   8.71910095e+00   2.15846424e+01
   3.53980762e+03   7.54330597e+01   2.45829678e+01   1.49198547e+03
   5.48211230e+03   1.29848671e+01   2.39463162e+00   1.40547583e+03
   5.09097168e+03   5.08147156e+02   8.24628592e-01   6.35897294e-02
   2.47552339e-02   5.40217041e+02   3.40400903e+03   9.15050735e+01
   5.34758949e+01   4.54530869e+01   7.24875565e+01   1.06309402e+02
   1.57843225e+03   7.20743896e+02   5.24531311e+02   4.58746777e+03
   1.05396471e+01   1.24622917e+01   1.72602954e+03   3.15333594e+03
   2.67767773e+03   2.87916626e+02   6.85636328e+03   4.14281797e+00
   7.09982300e+00   2.89159149e+02   1.60938599e+02   2.83187805e+02
   7.03978634e+00   1.00582953e+03   1.87270874e+03   1.08880786e+03
   1.44644577e+02   2.80950775e+01   6.65334091e+01   1.17736938e+03
   4.63566246e+01   2.80866699e+02   3.84421265e+03   5.48194647e+00
   1.29754496e+01   1.07806877e+02   2.79139673e+03   2.73979130e+01
   9.41282349e+02   4.43869336e+03   9.50702057e+01   8.40196228e+01
   4.33434033e+03   3.30262543e+02   2.35891251e+02   2.12261856e+02
   0.00000000e+00   2.44447095e+03   1.30562534e+01   1.40916882e+01
   2.75484894e+02   3.96332812e+03   1.22926422e+02   9.12414017e+01
   3.74472237e+01   1.15415649e+01   7.40271225e+01   8.67411995e+00
   1.56712024e+03   0.00000000e+00   3.73868599e+01   5.09789990e+03
   3.86441479e+03   1.75141479e+02   7.06665955e+02   6.49880829e+01
   1.68350977e+03   1.16200085e+03   4.40381042e+02   4.51705790e+00
   9.71850739e+01   7.26376724e+01   2.34925342e+03   6.40688095e+01
   9.24625015e+01   2.88496021e+03   6.20195687e-01   2.72183971e+01
   9.27717495e+00   4.44516388e+02   3.15188618e+01   2.30989120e+02
   4.64503516e+03   6.86890364e-01   2.24911774e+02   2.18645117e+03
   1.23417236e+03   3.31535835e+01   8.44104590e+03   6.86799431e+00
   2.04427605e+01   3.08723236e+02   4.80491180e+01   5.28838336e-01
   4.23706055e+03   0.00000000e+00   5.26602173e+02   9.37427979e+01
   2.62641632e+02   2.40992761e+00   0.00000000e+00   9.11690807e+00
   1.57766074e-01   1.24469879e+02   1.38429117e+00   1.09386511e+03
   2.51189041e+02   2.31209595e+03   2.45596298e+02   1.73742432e+03
   1.06731775e+03   1.79354131e+00   1.52532166e+03   4.64832947e+02
   9.73706299e+02   2.30279175e+03   8.27780247e+00   6.64089355e+02
   4.12473877e+03   6.48461182e+02   2.25489334e+02   1.97228947e+01
   4.52071686e+01   1.53847095e+03   4.48360992e+02   2.50268197e+00
   3.46958405e+02   3.00475621e+00   6.56792984e+01   7.96606970e+00
   5.16525412e+00   4.25067041e+03   4.65169922e+02   1.51638479e+01
   1.21186073e+02   3.53296967e+01   2.21350932e+00   9.50186996e+01
   3.94734766e+03   3.29389381e+00   1.15481247e+02   1.57296443e+00
   3.07368517e+00   5.55110893e+01   1.01238527e+01   9.47548599e+01
   4.60272293e+01   2.42681213e+02   2.40486313e+02   3.81130981e+02
   6.42202148e+01   1.45082207e+01   6.58603516e+01   2.68313122e+01
   6.55074844e+01   3.21213654e+02   6.99294901e+00   5.30288792e+00
   1.93203087e+01   4.79149513e+01   5.49008656e+00   2.43477448e+02
   1.09718151e+01   2.90457764e+01   2.21671655e+03   1.49511444e+02
   0.00000000e+00   9.98882353e-01   6.28546028e+01   1.64627594e+02
   1.09860659e+01   6.18293457e+02   2.00148865e+02   1.40954666e+02
   4.96370148e+02   6.96867065e+02   7.58638611e+01   1.71234180e+03
   5.25226936e+01   6.57886887e+01   2.38816187e+03   3.88088570e+01
   3.09484692e+03   3.74901538e+03   3.02329272e+03   7.40978622e+01
   0.00000000e+00   1.03845360e+02   3.03392242e+02   1.03260156e+03
   1.70225830e+03   7.78846169e+00   2.77140234e+03   3.50942841e+02
   8.03516102e+00   1.26592049e+02   4.59352234e+02   0.00000000e+00
   4.65291748e+02   9.83287109e+02   4.00878479e+02   0.00000000e+00
   5.07531921e+02   1.86466241e+00   0.00000000e+00   3.93653076e+02
   1.83516870e+03   2.28591517e-01   9.97479439e+00   6.01949121e+03
   3.36790752e+00   2.51388443e+02   1.39789001e+02   6.46253738e+01
   3.91886597e+03   0.00000000e+00   6.51943262e+03   1.34797096e+01
   4.51546049e+00   9.08359985e+01   3.72803436e+02   1.29670862e+03
   4.59469490e+01   4.74833954e+02   4.11606903e+01   5.51843750e+02
   2.41002053e-01   0.00000000e+00   9.77395935e+01   4.37739868e+01
   7.08818054e+01   4.67180557e+01   1.04222778e+03   4.07339722e+02
   7.31474972e+00   4.04728088e+01   4.95206787e+03   1.55369530e+01
   1.71788901e-01   3.28441016e+03   2.63002808e+02   1.29120970e+00
   3.63723462e+03   1.38585342e+02   1.60138741e+01   0.00000000e+00
   7.53784973e+02   1.63085556e+02   4.65452930e+03   3.43788071e+01
   1.32611743e+03   1.18221405e+02   7.82719955e+01   4.57941498e+02
   3.30605933e+03   9.40040466e+02   6.60924256e-01   2.32237244e+00
   4.35441846e+03   2.57797729e+03   7.08774658e+03   3.67147614e+02
   1.63103867e+00   4.11909668e+02   3.73405060e+02   4.41534882e+01
   6.70793891e-01   6.15658417e+01   1.06096832e+02   5.71879333e+02
   9.30107422e+02   1.59144272e+02   4.53775848e+02   1.85669098e+01
   2.79586935e+00   1.76734937e+03   4.12700348e+01   4.18710254e+03
   4.16170158e+01   1.85521484e+02   8.27364426e+01   9.23373604e+00
   2.02092075e+01   3.46690094e+02   6.43226862e+00   2.90182133e+01
   6.61931000e+01   1.16066528e+02   4.78408447e+02   1.54263630e+01
   5.13942688e+02   4.18406219e+02   3.26940308e+02   2.43703320e+03
   1.08985291e+03   1.12947095e+03   1.49964795e+03   1.36761885e+01
   1.63976608e+02   1.17918408e+03   1.80845935e+03   4.39875145e+01
   1.26066284e+02   4.02236035e+03   2.27615013e+01   0.00000000e+00
   5.13693213e+03   4.05603790e+01   1.65953809e+03   8.11706734e+00
   1.56086047e+03   4.25839508e+02   8.54768448e+01   9.79582825e+01
   6.31225700e+01   2.08443108e+01   1.14654968e+02   1.03064368e+03
   1.29488818e+03   1.78609633e+00   2.34469585e+01   2.12818489e+01
   7.42804260e+01   3.24244595e+00   5.46578711e+03   1.17976594e+00
   4.26271942e+02   1.35756067e+03   0.00000000e+00   3.39636932e+02
   1.50202832e+03   8.53310547e+03   1.68226868e+02   3.19800140e+02
   5.71158813e+02   9.87516403e+01   1.77023224e+02   1.41057138e+01
   9.25217209e+01   1.02202423e+02   7.00854263e+01   2.39727844e+02
   1.83356604e+03   2.80856419e+01   6.82692480e+03   4.82873154e+01
   5.46711121e+02   2.44379330e+01   7.86419809e-01   1.18684196e+02
   8.28685093e+00   4.16701569e+02   1.24920830e+02   1.76964050e+02
   3.26689233e+03   1.87385269e+02   9.33225632e+01   4.76629639e+03
   3.48011963e+03   2.58147308e+02   5.31766418e+02   1.02095199e+00
   6.57258606e+01   7.30753760e+03   2.12990601e+02   1.11589709e+03
   2.00900284e+02   1.67492127e+00   3.48664589e+01   0.00000000e+00
   4.30482056e+02   2.94238623e+03   1.71514893e+03   2.63406030e+03
   1.52938721e+02   5.29914703e+01   2.09628052e+02   0.00000000e+00
   5.93082733e+01   1.45013037e+01   1.86101044e+02   2.52063770e+03
   1.05976074e+03   7.73038635e+02   8.95110449e+03   1.63226357e+01
   9.62277603e+01   1.92211206e+03   8.78680801e+01   2.80775452e+02
   2.22205664e+03   5.44338112e+01   1.80086288e+02   4.28668579e+02
   2.24758205e+01   5.79477739e+00   3.47732697e+01   7.92387695e+01
   2.13399918e+02   1.80829742e+02   9.60962296e+01   0.00000000e+00
   1.98777676e+01   2.53760548e+01   0.00000000e+00   1.18993262e+03
   8.57259082e+03   1.71691443e+03   3.36939354e+01   5.18475037e+02
   7.97500146e+03   3.41654694e+02   1.01664386e+03   3.01979733e+00
   5.55879578e+02   9.75442123e+01   1.00584869e+01   3.46587151e-01
   1.47277539e+03   9.98495850e+02   1.33504959e+02   6.68285547e+03
   6.50190967e+03   6.91095947e+02   8.24274242e-01   6.18358841e+01
   7.67725563e+00   5.86183350e+02   2.51510372e+01   1.14825549e+03
   1.47618286e+02   1.04980984e+01   2.55060463e+01   4.50457335e+00
   1.65734436e+02   1.22842871e+03   1.14228325e+02   9.30741943e+02
   7.08788376e+01   3.32141662e+00   2.75342331e+01   7.32456543e+03
   4.73620367e+00   5.69937248e+01   6.36188843e+02   2.23769263e+03
   0.00000000e+00   0.00000000e+00   4.41767975e+02   3.92504883e+01
   2.66655083e+01   1.18375317e+03   6.91396729e+02   3.70517944e+03
   1.35321533e+03   3.40616302e+01   3.03773163e+02   4.39075244e+03
   7.80791550e+01   0.00000000e+00   2.15378204e+02   3.99247363e+03
   6.46800766e+01   3.97073914e+02   1.20356361e+02   4.36221533e+03]
[  5.17005554e+02   3.06432037e+01   2.31750274e+00   1.07065020e+01
   1.99430103e+01   1.55780872e+03   3.65972061e+01   3.28644791e+01
   1.31271782e+01   5.92923340e+02   2.02367268e+01   1.31925369e+02
   4.71098206e+02   1.73197632e+03   3.23317352e+02   2.04964072e-01
   3.47748909e+01   5.59525452e+02   1.16453331e+02   2.18111038e+00
   3.16342068e+01   1.43957242e-01   1.31721619e+02   1.28514587e+03
   1.82547450e+00   1.18439598e+01   6.25864458e+00   1.93924885e+01
   4.91604958e+01   9.84340591e+01   2.35444431e+01   2.57939005e+00
   8.55815582e+01   4.10937271e+01   2.18706470e+03   1.45527539e+03
   1.62648296e+01   1.40820789e+03   4.88788452e+01   6.24165611e+01
   5.16202641e+00   2.55510750e+01   1.87203102e+01   2.51656075e+01
   6.86718345e-01   7.36522903e+01   5.55616272e+02   2.85417914e-01
   6.49389725e+01   5.21821823e+01   1.38115649e+03   0.00000000e+00
   1.71368160e+01   5.08850136e+01   2.05467165e-01   1.49823341e+01
   8.14003849e+00   1.00672483e+01   2.73886932e+02   1.74039581e+02
   3.38067627e+00   3.86752205e+01   2.19985352e+01   1.43614540e+01
   9.42579079e+00   1.72529411e+01   2.25878326e+02   6.14356947e+00
   3.82134514e+01   4.09459457e+01   1.45376196e+01   1.30190881e+03
   2.85680637e+01   1.21222119e+04   1.45563037e+03   4.70516872e+00
   2.16478233e+01   2.44151001e+01   5.38692703e+01   3.32149658e+01
   1.32103081e+01   4.19325638e+01   4.04871273e+00   2.43312531e+01
   8.52873230e+01   0.00000000e+00   1.04710974e+03   1.23170710e+01
   1.44979980e+02   1.03291607e+01   5.09354019e+01   3.87926407e+01
   1.34708366e+01   3.61501526e+02   1.76246658e+02   3.20234146e+01
   4.04296570e+01   8.15390091e+01   1.26720718e+02   7.47871323e+01
   0.00000000e+00   3.87080078e+01   6.11575508e+01   5.06030159e+01
   1.13561096e+01   3.33267059e+01   5.15520573e-01   1.83340540e+03
   2.89723473e+01   7.40301311e-01   7.48768555e+02   1.62811413e+01
   7.38965845e+00   1.03817261e+02   0.00000000e+00   0.00000000e+00
   9.42715359e+00   6.21738014e+01   3.17350073e+03   1.94169986e+00
   1.73817993e+02   1.79368420e+01   1.25934439e+01   7.63441682e-01
   4.89223385e+00   1.42222793e+04   3.60523462e+00   2.55412560e+01
   8.92840759e+02   2.19706314e+02   2.28905830e+01   1.76533737e+02
   1.41027313e+02   2.20745850e+01   3.30849414e+03   1.01212549e+01
   7.99714899e+00   3.28027034e+00   1.94778308e+03   4.19670486e+01
   1.76387196e+01   9.28410706e+02   6.85780621e+00   8.75675659e+02
   1.91710358e+01   1.32657364e+02   1.73646379e+00   2.13805695e+02
   5.31621765e+02   1.56354933e+01   7.21095276e+01   2.92906189e+02
   8.63070202e+00   4.98676910e+01   8.61124146e+02   1.08634926e+02
   1.64187984e+01   0.00000000e+00   7.04376221e+00   1.65321069e+03
   5.33894189e+03   3.37870923e+03   5.60938120e+00   2.22490444e+01
   8.66997757e+01   2.16885586e+01   4.33056259e+01   3.44901962e+01
   1.02046614e+01   1.18265343e+01   1.11135330e+02   3.08179736e-01
   6.82088757e+00   6.35049683e+02   3.96087799e+01   8.74503021e+01
   2.32754288e+01   3.50210714e+00   5.38952713e+01   1.51862500e+03
   8.19455261e+02   4.65852585e+01   9.68845215e+02   2.83668945e+02
   9.60566025e+01   8.91200562e+01   1.15230584e+00   7.89392710e-01
   4.38563805e+01   7.73010025e+01   4.37848587e+01   1.11590898e+00
   5.27519678e+03   4.03373222e+01   8.18714738e-01   3.55794716e+01
   3.07854500e+01   4.56600723e+01   8.46166229e+01   1.55099646e+03
   3.01441822e+01   4.72456723e-01   7.34572998e+02   1.80578060e+01
   6.26689100e+00   2.16477509e+01   1.71698938e+03   2.46017838e+00
   7.19375839e+01   2.31739090e+02   1.31707718e+02   1.86503410e+00
   4.05468903e+02   5.30692673e+01   1.21223045e+02   2.99600677e+02
   0.00000000e+00   1.14919907e+02   2.32138013e+03   4.35818878e+02
   0.00000000e+00   1.42539434e+01   2.41426277e+00   2.47134953e+01
   8.13443756e+01   1.12365881e+03   7.54044495e+01   7.65754700e+01
   1.52354872e+00   5.38689003e+01   1.36089315e+01   1.23828101e+03
   6.72518433e+02   2.01299487e+03   0.00000000e+00   0.00000000e+00
   9.93439255e+01   2.60364453e+03   2.94801807e+03   1.31426849e+01
   6.36665535e+01   8.92345276e+01   6.08799934e+01   1.99963152e-01
   1.17903376e+01   0.00000000e+00   1.63790552e+03   3.40182257e+00
   1.28216461e+02   3.04286880e+01   9.66739868e+02   2.71871090e+01
   5.26575375e+00   8.96441589e+02   8.00755066e+02   1.22595358e+01
   7.62793884e+01   3.62016640e+01   1.65549744e+03   9.47981491e+01
   9.01913986e+01   7.53037834e+00   3.83134064e+02   3.85708237e+01
   3.14754143e+01   0.00000000e+00   1.06863441e+02   1.11579294e+01
   1.01920938e+01   3.31915054e+01   3.04977759e+03   3.15175568e+02
   4.01018105e+01   4.97177792e+00   1.04131119e+02   6.97248993e+01
   3.72894867e+02   2.67963696e+01   1.90922050e+01   2.31857300e+00
   8.33164124e+02   1.62676376e+02   3.97401733e+01   9.63761108e+02
   9.29556427e+01   5.17492447e+01   5.66397667e+00   3.72619667e+01
   5.69635162e+01   6.41776199e+01   1.53895776e+03   4.80439529e+01
   2.95465393e+01   3.65802383e+01   4.13378143e+01   3.09368683e+02
   1.82409401e+01   9.81140503e+02   3.07683010e+01   5.39017627e+03
   1.82359039e+02   1.41858253e+01   2.41199390e+03   3.83495667e+02
   1.47779556e+02   1.99457230e+02   2.91806736e+01   3.68686951e+02
   5.20977516e+01   7.87627945e+01   0.00000000e+00   2.76279182e+01
   1.92418289e+01   4.34151421e+01   2.50896094e+03   6.72927628e+01
   2.29705298e+03   4.12442982e-01   1.14374585e+03   8.84707718e+01
   3.10845764e+02   2.65797691e+01   3.72980843e+01   2.19275925e+02
   1.60851669e+02   1.46932755e+02   1.49531782e+00   1.13662300e+02
   9.94164085e+00   1.43903980e+01   6.09071851e-01   1.96704330e+01
   0.00000000e+00   1.90483078e+02   1.78951702e+01   4.20862579e+02
   1.50203681e+00   1.14514244e+02   5.25764084e+01   5.13731445e+02
   9.45703583e+01   0.00000000e+00   1.81195984e+02   2.03740959e+01
   0.00000000e+00   2.81207681e-01   1.00164955e+02   2.71580582e+01
   9.85968208e+00   1.19757891e+01   4.72480850e+01   1.15914831e+01
   9.22218636e-02   1.90964508e+02   2.37184563e+01   4.96061328e+03
   8.68002853e+01   5.52971802e+01   1.39193130e+02   1.28555431e+01
   4.53347397e+00   1.86824295e+02   5.45199585e+01   7.44271698e+01
   8.20980957e+02   4.16396761e+00   5.06922989e+01   7.00246191e+00
   6.88097305e+01   3.73813972e+01   6.85468316e-01   5.69667725e+02
   1.40048714e+01   0.00000000e+00   1.14458952e+01   1.11633320e+01
   2.34187085e+03   4.68540478e+00   8.05742073e+00   7.47517729e+00
   2.23948860e+01   2.39215063e+03   1.33303333e+03   0.00000000e+00
   4.81468384e+02   9.36271515e+01   1.26300488e+01   4.34610039e-01
   5.39646492e+01   0.00000000e+00   1.63924731e+03   5.04965858e+01
   1.77915802e+02   7.35937881e+01   1.42401465e+03   4.71770386e+02
   6.82291992e+02   2.56148090e+01   4.33028259e+01   1.74995410e+03
   1.00588837e+02   9.06224251e+00   1.56636734e+01   2.40936327e+00
   1.29038895e+02   1.79940710e+03   4.57146530e+01   6.87205582e+01
   3.44763718e+01   1.63696609e+02   9.91052490e+02   8.35676575e+02
   9.52476120e+00   1.00630505e+03   5.32059204e+02   0.00000000e+00
   5.88539925e+01   1.04387875e+01   1.78169275e+03   2.34758434e+01
   4.95125366e+02   5.68642120e+01   2.06556473e+02   3.15155673e+00
   4.44558678e+01   1.51369861e+03   3.90998810e+02   4.82605591e+01
   1.15748408e+04   2.91153656e+02   9.01837082e+01   3.72919350e+01
   8.71865921e+01   1.00406201e+03   3.62811203e+01   1.99540881e+03
   1.77088440e+03   5.81008301e+01   4.46963272e+01   6.84195175e+01
   5.52315140e+00   1.25184851e+03   3.60126312e+02   5.64431267e+01
   5.11528778e+01   5.83579445e+01   0.00000000e+00   7.73908463e+01
   1.13058634e+01   1.17241144e+01   1.78588505e+01   2.70336189e+01
   6.63301325e+00   1.16242096e+02   2.78778820e+01   3.30202026e+03
   3.99059792e+01   3.49124121e+03   1.54601532e+02   3.74314537e+01
   1.24558846e+02   4.18215942e+02   6.46492157e+01   4.76085701e+01
   9.95803406e+02   1.14589634e+01   2.02836572e+03   1.18851273e+02
   1.12576418e+01   1.83693218e+01   6.57005615e+01   1.02502693e+02
   8.50666504e+02   2.04955298e+03   7.87399521e+01   1.91088318e+03
   2.49715137e+00   0.00000000e+00   7.08721542e+00   7.48669481e+00
   3.48826866e+01   5.34549332e+01   1.72228699e+03   2.21694544e-01
   1.23400620e+02   2.20835724e+01   9.10646896e+01   2.01312561e+03
   1.19513674e+01   0.00000000e+00   2.91529579e+01   7.91212158e+01
   2.48485317e+01   1.30160034e+03   5.81782166e+02   1.26900037e+03
   1.26950073e+03   1.63828201e+02   8.55910416e+01   2.17594852e+01
   1.91834204e+03   7.57586670e+00   2.04903269e+00   1.99678223e+03
   8.10553970e+01   2.24485596e+02   1.07844725e+01   2.52120331e+02
   2.16801294e+03   9.11831543e+02   1.15465173e+03   2.47436142e+00]
