bicycle
car
motorbike
person
[ 13300754.     11781527.     40878104.     19629954.     44822388.
   8397253.     14408308.      4556765.     14675410.     12149377.
   8916100.     25867804.     13099029.      9658674.     11194562.
  10821627.      8805365.      4488635.     45499144.     11711753.
   6431368.     16433703.      5768478.5    27262792.      2038443.875
  17741526.     11775546.     11673524.      3451515.5    15515903.
  27008160.     18019956.     47911900.      1144264.25   28162134.
   2325679.75   17029516.      3421292.     13103365.      2094975.375
  15317448.      7489600.5    36076268.     52998816.     15741242.
  27630122.     11735891.      9947590.      1727971.25   42564628.
  33421672.     11828770.     16382684.     14528018.     11231695.
  15551652.     26159082.      6665731.5    10090999.      4261639.
   5886090.5     1924080.125  16416426.      2308235.5  ]
[  2.90181200e+07   1.15755110e+07   1.97406160e+07   1.51033969e+05
   1.10309270e+07   2.39230700e+06   1.23832040e+07   4.13112646e+03
   1.18176810e+07   2.03735612e+06   3.41497320e+07   2.83083920e+07
   3.27723398e+04   7.90419500e+05   2.45256200e+07   1.55872700e+07
   3.28553075e+06   3.41728960e+07   1.81521980e+07   1.15226030e+07
   8.90134062e+04   3.88928200e+07   4.42018688e+05   3.28700640e+07
   2.25604672e+05   3.92030120e+07   6.77031100e+06   1.14518825e+06
   1.57133380e+07   5.39692432e+03   1.36662100e+07   2.20955820e+04
   7.20052062e+05   1.61136090e+07   1.40815870e+07   4.49367700e+06
   9.85690859e+04   6.12938600e+06   1.66019830e+07   1.80132840e+07
   2.86699825e+06   5.70638600e+06   6.84042200e+06   9.27529500e+06
   3.78518800e+07   1.95359520e+07   1.27644000e+05   2.43775380e+07
   1.77358660e+07   2.10455725e+06   3.17317760e+07   1.85287660e+07
   4.09787000e+07   1.48286030e+07   5.39599312e+05   1.84597260e+07
   1.67287070e+07   4.89757680e+07   4.37643650e+06   1.24517170e+07
   2.35081960e+07   4.40078809e+03   1.72378260e+07   4.44363120e+07]
[  2.49516750e+06   8.18145300e+06   3.62208516e+04   6.92190703e+04
   3.45031289e+04   1.94998555e+04   1.18517555e+05   4.97187350e+06
   1.08659619e+04   1.63047675e+06   6.27614100e+06   1.09871475e+06
   1.40912700e+06   2.31021450e+06   2.27193555e+04   2.33415098e+04
   2.30815125e+06   2.20079047e+05   4.05472219e+05   6.03294900e+06
   1.16495012e+06   1.08477080e+04   7.30214300e+06   1.14598750e+07
   6.12131950e+06   0.00000000e+00   8.51212750e+05   4.79431000e+06
   2.12881406e+05   5.05092750e+06   8.21228125e+03   1.09286830e+07
   1.53858650e+06   3.21956125e+06   3.01543775e+06   3.38564375e+06
   8.98676312e+05   1.56039410e+07   3.13680950e+06   3.33691602e+03
   3.34568500e+06   4.88540850e+06   2.27345650e+06   1.02106630e+07
   3.50013575e+06   1.42034266e+05   7.45595850e+06   2.36426152e+04
   6.65688875e+05   3.43195281e+05   4.69112125e+05   3.05536699e+04
   3.58585775e+06   3.74807562e+05   1.37315150e+07   8.41012900e+06
   2.37115775e+06   5.40753076e+03   4.63504531e+04   2.71214906e+05
   2.98563075e+06   1.16387090e+07   8.22884850e+06   3.44914625e+06
   1.54202280e+07   2.38202925e+06   1.09649720e+07   4.65248800e+06
   1.25623492e+05   1.97113200e+06   5.90108400e+06   9.20472000e+06
   1.04633806e+06   2.53174938e+05   0.00000000e+00   1.20771138e+06
   3.47279570e+04   6.03953950e+06   5.74783350e+06   1.92549266e+05
   1.03101611e+04   7.16207950e+06   3.55413000e+06   9.03514648e+03
   4.06365975e+06   6.96064450e+06   4.75560500e+06   2.30903149e+03
   4.94596850e+06   6.12641125e+05   6.35489700e+06   4.40792100e+06
   3.76410281e+05   5.14896150e+06   2.00261625e+05   7.20758150e+06
   7.52326904e+03   2.53425800e+06   1.36508450e+06   1.24967156e+05
   3.26047300e+06   1.01638688e+06   7.80020625e+05   1.26262388e+06
   9.04814648e+03   1.07333375e+06   6.04688203e+04   5.96230562e+05
   4.42105550e+06   4.01780219e+05   4.18944219e+04   6.82176250e+06
   3.10425875e+05   8.29345950e+06   4.32672900e+06   4.19363950e+06
   2.43801125e+06   6.42790812e+05   3.15604975e+06   2.08612688e+06
   3.76372975e+06   6.17204300e+06   9.75140391e+04   7.68743650e+06
   5.48431062e+05   1.13787129e+04   1.79285960e+07   3.59545117e+03]
[  2.75906125e+06   2.64266950e+06   3.20808406e+05   0.00000000e+00
   8.52242969e+03   2.60786250e+06   6.02323125e+05   8.87354312e+05
   1.21310680e+07   3.76228925e+06   1.04498290e+07   7.42952050e+06
   3.21825350e+06   3.62041938e+05   1.13801982e+04   1.36272225e+06
   2.69065625e+06   1.90907250e+06   2.14259700e+06   8.54950879e+03
   6.63334250e+06   3.17701775e+06   2.79138050e+06   2.20619824e+04
   1.06808125e+06   3.29920500e+05   7.64444750e+05   5.66074550e+06
   7.89931172e+04   3.65966850e+06   7.54323359e+04   1.19051000e+07
   4.53235950e+06   2.62287844e+05   1.67746462e+06   2.99497350e+06
   3.53071000e+06   1.10023940e+07   1.32674688e+05   1.62581982e+04
   2.49795475e+06   2.34979707e+04   9.99551074e+03   5.00874844e+05
   1.36776400e+06   6.88909850e+06   7.21648550e+06   5.01216450e+06
   1.53624312e+06   1.22479350e+07   3.43565775e+06   3.68980525e+06
   7.18175650e+06   2.12553425e+06   1.90629391e+05   8.03208359e+04
   4.19647700e+06   2.06390781e+05   2.17533875e+02   4.22605800e+06
   2.76553950e+06   7.66819800e+06   5.58433950e+06   2.41557000e+06
   2.94977844e+05   8.65187300e+06   1.76827297e+05   4.53619200e+06
   4.23070000e+06   8.38337150e+06   2.47761625e+06   1.17110560e+07
   7.40157050e+06   7.53360750e+06   1.39715450e+07   5.36087305e+03
   3.59070075e+06   2.87441300e+06   1.44324580e+07   3.64438200e+06
   3.12225000e+06   1.17473359e+04   7.83355100e+06   3.63196425e+06
   7.08597891e+04   5.32399400e+06   3.11229656e+05   4.20338650e+06
   3.56411094e+04   8.20774062e+05   2.93919785e+04   8.68232100e+06
   1.76542422e+05   7.87241750e+06   1.49714925e+06   3.29709600e+06
   3.35454219e+05   5.59002950e+06   3.06638844e+05   1.11010420e+07
   5.75043125e+04   1.51028953e+05   1.26830640e+07   5.55658752e+02
   9.36163672e+04   1.37660810e+07   3.01117025e+06   6.82046800e+06
   7.00852100e+06   8.26325300e+06   2.45744043e+03   3.61282100e+06
   2.29127484e+05   2.08568080e+07   4.65308550e+06   9.31192188e+05
   5.13775375e+05   3.04199350e+06   1.79730371e+04   3.56129844e+04
   1.31007980e+07   1.23299938e+06   2.81598086e+04   6.66815150e+06
   3.01889575e+06   1.74958438e+06   1.18004270e+07   6.90019450e+06]
[  0.00000000e+00   1.97117598e+04   1.23974788e+06   9.19977637e+03
   6.01199219e+02   2.11875684e+03   1.33674109e+03   2.05904884e+01
   2.02088362e+06   3.18229688e+04   3.18594086e+02   1.27910518e+04
   0.00000000e+00   4.06860156e+04   4.61264844e+04   4.38620947e+03
   2.07934043e+04   8.65048312e+05   7.20573047e+03   1.82959281e+05
   1.12025391e+02   4.98949756e+03   7.04137375e+05   5.21020361e+03
   2.76497695e+04   5.69585815e+02   1.63921075e+06   0.00000000e+00
   3.38304272e+03   4.04707539e+04   5.39074219e+02   3.30651703e+02
   5.73091736e+01   3.74654906e+05   3.80248281e+04   1.40163575e+06
   1.66942112e+06   6.53145215e+03   1.48557336e+03   4.59375537e+03
   1.04046328e+04   1.23658313e+03   3.38445581e+03   4.61913094e+05
   1.08172227e+04   3.66374219e+03   1.86601944e+01   1.48598706e+03
   4.57790352e+04   2.40258262e+04   1.59739023e+04   7.52676315e+01
   1.62974612e+06   6.87030125e+05   1.45053238e+02   1.96323418e+04
   5.22263531e+05   1.00589400e+06   2.08639648e+03   1.50516357e+01
   1.59393344e+05   2.39629336e+04   5.02445938e+05   4.38937695e+04
   3.28609314e+01   8.00031396e+03   2.24664282e+03   2.90200049e+03
   4.90680713e+03   8.26706094e+04   1.18608925e+06   1.39120562e+06
   1.94952927e+01   2.45808965e+04   3.86726685e+01   6.34693848e+02
   6.04103857e+03   2.77027906e+05   4.06286938e+05   3.24033500e+05
   1.25981820e+05   3.76084814e+03   7.55650879e+03   4.48885400e+03
   1.86922575e+06   2.13847450e+06   1.91145547e+05   1.79883588e+06
   1.37450359e+05   2.09437302e+02   3.13258765e+03   3.34268594e+04
   4.38137219e+05   4.19994385e+03   0.00000000e+00   2.17897900e+03
   9.06897754e+03   9.34659562e+05   2.21000586e+03   2.67552461e+04
   1.63002529e+04   4.40346602e+04   1.00928188e+06   1.28290852e+05
   2.23716479e+03   7.56627393e+03   4.36170605e+03   2.97528784e+03
   9.45255280e-01   1.29845719e+05   5.37430750e+05   1.37379375e+04
   0.00000000e+00   9.70330469e+03   1.17469307e+04   3.90409131e+03
   4.29990149e+00   1.28744365e+04   3.82038672e+03   2.13158275e+06
   1.85531133e+04   1.55736841e+03   1.44134619e+04   9.68876648e+02
   2.93483423e+03   1.15382288e+06   2.08147314e+03   0.00000000e+00
   5.24398250e+05   1.19627021e+04   3.18937891e+03   2.35320977e+04
   1.23652393e+04   1.32269025e+06   7.22799759e+01   6.56241760e+02
   2.49167275e+06   7.55156625e+05   2.33280840e+04   0.00000000e+00
   1.89816348e+04   1.79483142e+03   4.01744116e+03   6.19824000e+05
   6.34704346e+02   1.67025850e+06   2.51327832e+03   1.08643298e+03
   1.62937422e+05   1.15080910e+02   5.92576660e+03   5.91802295e+03
   1.01930633e+05   2.99045312e+04   7.34906750e+05   4.22138330e+03
   8.21914355e+03   3.50337469e+05   5.40770750e+05   4.19235031e+05
   5.14324707e+03   5.27351016e+04   1.23942275e+06   6.37276416e+03
   5.59931172e+04   2.28339150e+06   1.61359600e+06   1.55839391e+05
   2.54282172e+05   1.28218700e+06   1.34574600e+06   8.49829407e+02
   4.72770020e+03   4.27835625e+05   7.86853857e+03   3.98773657e+03
   1.64854625e+06   1.03119912e+04   1.75244625e+06   6.91597578e+04
   5.63598812e+05   6.29163047e+04   3.61891500e+05   9.71173926e+03
   1.22578359e+04   9.56561426e+03   3.58952188e+04   4.73821406e+04
   9.19202875e+05   1.24258965e+04   6.45462744e+03   1.31109212e+06
   0.00000000e+00   6.29810938e+05   2.93112812e+01   1.60361675e+06
   4.51491504e+03   4.70343844e+05   1.22489150e+06   9.32560812e+05
   5.66275513e+02   1.31504688e+06   1.58702125e+06   7.78359009e+02
   4.67014648e+04   1.88023117e+02   5.24848242e+03   2.90548828e+03
   2.56542969e+03   6.57300250e+05   3.41296812e+05   1.47456550e+06
   3.06676636e+03   1.84037773e+04   3.99188957e+01   1.35757920e+04
   8.71259827e+02   1.24140588e+06   2.08348242e+04   9.23972595e+02
   1.56329004e+03   3.34891943e+03   7.92561829e+02   1.25397258e+05
   5.98247125e+05   0.00000000e+00   7.07874756e+01   2.23504250e+05
   1.64561905e+02   1.04800662e+06   3.61221328e+04   8.71579132e+01
   8.20089438e+05   3.68589453e+03   9.66412438e+05   2.29258789e+03
   4.21119043e+03   6.77133125e+04   7.47113625e+05   6.40850525e+02
   6.13851500e+05   1.39136788e+06   2.74883789e+03   1.19133484e+03
   2.78902812e+04   2.57910303e+03   1.11818359e+03   4.47273242e+03
   8.42854395e+03   6.82342625e+05   6.76663916e+03   8.56963806e+02
   5.89431885e+03   1.76634857e+02   2.71401587e+03   5.60744062e+05]
[  1.34478900e+06   1.49767275e+04   1.04761365e+03   1.69614343e+03
   1.71562825e+06   9.84983750e+05   2.16053781e+05   4.72419403e+02
   1.83696621e+04   6.38881714e+02   6.11803040e+02   4.06537793e+03
   3.12187061e+03   1.49534072e+04   9.49676953e+03   3.06127124e+03
   1.45307083e+02   1.87579492e+03   1.01520200e+06   5.89123750e+04
   1.19490719e+01   3.77936188e+02   9.48506042e+02   6.30893438e+05
   3.59071236e+01   4.15909570e+03   8.03654480e+00   4.64534188e+05
   1.89334746e+04   1.84636414e+02   1.98648418e+04   5.03226611e+03
   8.65930469e+03   9.86413125e+04   4.04199072e+03   4.31039492e+04
   1.64026543e+04   4.51732452e+02   3.43847925e+03   1.59627905e+03
   1.98872125e+05   2.37226191e+04   6.79309277e+03   3.54677905e+03
   4.08051709e+03   7.80926562e+03   4.95468531e+05   2.79916562e+04
   6.65762344e+04   1.03359200e+02   3.64470361e+03   6.91277539e+03
   9.83958679e+02   6.27661377e+03   3.59303312e+05   3.18875312e+05
   2.32607441e+04   7.82044844e+04   1.20891359e+05   1.64245093e+03
   2.53317017e+03   2.94602500e+04   4.33424301e+01   2.73066254e+01
   0.00000000e+00   1.27124688e+04   1.27095742e+05   8.14770889e+01
   5.36101746e+02   9.78346582e+03   5.87949625e+05   8.93280182e+01
   2.74971973e+04   5.29830322e+03   2.29840215e+04   7.17331250e+04
   3.12841172e+04   1.19806631e+04   3.65798125e+04   5.14734312e+05
   1.90688095e+01   9.54371191e+03   2.85214210e+00   2.27440391e+04
   9.61629150e+02   1.86095371e+04   5.23723083e+02   1.74511777e+04
   7.78805127e+03   1.82401992e+04   4.19434766e+03   1.93665002e+03
   2.39915273e+04   7.25745688e+05   6.41868347e+02   0.00000000e+00
   2.79792625e+05   5.05767822e+01   1.35520449e+04   2.80120562e+05
   7.77929626e+02   3.25175176e+04   4.80445656e+05   2.43969116e+01
   1.84341162e+03   2.56646406e+04   3.49975273e+04   8.28776328e+04
   1.96771426e+04   1.29538825e+06   8.40370422e+02   7.42752062e+05
   6.25244484e+01   2.92617505e+03   1.58254529e+03   8.20911621e+03
   1.48103516e+03   9.60733496e+03   1.82845117e+04   9.97593281e+04
   7.68065039e+03   1.56236237e+02   3.60172119e+03   1.74382578e+05
   1.64024512e+03   1.28904199e+03   1.39422359e+01   1.00718691e+04
   1.23367383e+03   1.70056975e+06   2.06958730e+04   2.23805078e+03
   4.74381006e+03   1.43855075e+06   3.02940308e+03   9.19735059e+03
   1.59770166e+04   5.08800156e+05   1.40170068e+03   1.96374969e+02
   4.16703606e+00   2.47079028e+03   5.86438721e+03   2.27187871e+04
   0.00000000e+00   1.00869238e+03   6.31284241e+02   0.00000000e+00
   0.00000000e+00   7.81352356e+02   7.30648071e+02   9.54787402e+03
   6.27889000e+05   1.73161672e+05   1.02122292e+02   2.78592438e+05
   9.28883118e+02   6.58008423e+02   2.05685840e+04   1.29940112e+06
   2.77974707e+03   7.20150928e+03   2.58240845e+03   4.02222681e+00
   4.13130969e+05   0.00000000e+00   4.74639750e+05   1.37181396e+03
   3.26884250e+05   1.57275275e+06   9.88770065e+01   1.51983404e+01
   3.28481758e+04   1.69509078e+05   5.03251375e+05   2.46827490e+03
   6.46728516e+02   4.59520996e+03   8.94023340e+03   5.59268646e+01
   5.46495703e+03   3.76578345e+03   5.85867996e+01   9.24193750e+03
   0.00000000e+00   5.06061127e+02   4.04626094e+04   7.86589160e+03
   7.30746216e+02   4.83685608e+01   4.00307500e+05   1.00828625e+03
   4.91912842e+01   8.73592969e+03   2.24576348e+04   1.78445764e+03
   1.89432559e+04   1.53225117e+04   4.12259906e+05   8.75007629e+00
   2.25347633e+01   7.76041603e+00   5.64504250e+05   2.28867441e+04
   2.57941855e+04   1.50325211e+02   9.32619141e+03   4.97786625e+05
   7.36218047e+04   1.12931862e+06   1.53046055e+01   1.45492188e+03
   5.94399121e+03   2.02914961e+04   2.03273438e+03   2.25098125e+05
   2.87494188e+05   1.31730996e+04   4.44496289e+03   3.63020117e+03
   8.08621729e+03   9.76650684e+03   1.02723499e+03   6.64083069e+02
   1.89379692e-01   9.43937891e+04   8.42869141e+04   1.12491562e+04
   7.20714294e+02   4.95890951e+00   1.76305359e+02   3.74503809e+03
   2.80445188e+05   7.38208643e+03   9.36169875e+05   2.14731787e+03
   6.73186084e+03   7.43279062e+05   8.65440552e+02   1.32210693e+01
   3.25813672e+03   3.23140500e+05   5.26062012e+00   0.00000000e+00
   1.20254578e+03   5.32526283e+01   5.25931982e+03   3.21104053e+03
   7.68424062e+05   3.29967000e+05   1.51865762e+04   2.99794668e+04
   5.20878662e+03   5.38486125e+05   5.42821387e+03   2.03994355e+04]
[  7.33708906e+04   1.36483643e+04   6.68555237e+02   8.97471436e+02
   1.52659953e+05   7.34646680e+03   3.44342578e+04   6.18069189e+03
   3.65996155e+02   8.40115000e+05   1.97690566e+04   1.70788047e+04
   6.36767725e+03   2.39255762e+03   1.24825781e+03   1.11340857e+03
   1.90835419e+01   1.80920410e+03   1.37221460e+01   1.58521423e+03
   1.66765625e+04   2.12487625e+05   2.66703887e+04   5.39913184e+03
   1.04303394e+03   1.70938750e+04   3.02361890e+03   2.19375750e+05
   1.12292012e+04   4.51126938e+05   2.82434448e+02   1.01575508e+04
   6.44398086e+04   6.36303281e+04   2.55500391e+03   6.30851807e+03
   4.80501594e+05   1.06122750e+06   1.04284802e+03   1.24575238e+06
   1.72666199e+03   9.13189270e+02   1.14115908e+04   5.38123945e+04
   1.11909277e+04   5.52768311e+03   1.40559338e+03   1.03688320e+04
   1.51640469e+04   4.10644189e+03   3.86448711e+04   6.80840625e+05
   2.93180023e+02   1.18317543e+02   1.20426355e+03   3.13264453e+03
   5.16749805e+03   1.95400484e+05   9.84502888e+00   1.43311924e+04
   1.61333948e+03   7.01235156e+04   1.81818628e+03   1.14032588e+04
   1.32081865e+04   1.07962148e+04   5.95328809e+03   6.73052490e+03
   2.02127078e+05   4.90158555e+04   9.01514766e+04   3.93491235e+03
   4.98148828e+04   8.90637012e+03   3.32414344e+05   4.38169883e+04
   8.33599766e+04   2.70331270e+04   1.38342598e+04   1.75687427e+03
   2.07620026e+02   1.85033539e+02   4.85862578e+04   4.08443970e+02
   4.52903906e+04   8.28812943e+01   1.90046738e+04   2.07972916e+02
   0.00000000e+00   1.47790356e+03   3.07949097e+02   2.08482837e+03
   5.99857031e+03   1.38761377e+03   6.07869023e+04   2.04674414e+03
   1.46859711e+02   2.94208531e+05   6.04272125e+05   1.36896016e+05
   6.07678125e+04   5.36991875e+04   8.97761780e+02   9.87210938e+02
   5.20261914e+04   3.80540845e+03   5.36496938e+05   2.58779121e+04
   1.03588013e+03   2.56255225e+03   2.73485527e+04   4.81053076e+03
   2.05782812e+04   2.85247559e+03   1.14110400e+03   6.96399844e+04
   5.27987207e+03   1.01330867e+05   1.15579117e+05   8.67914219e+04
   6.53839636e+00   6.53991938e+05   3.63402852e+04   2.29969328e+05
   6.27650977e+04   2.60422656e+03   2.09035000e+04   2.52506084e+01
   7.07459778e+02   3.30309753e+02   1.91988098e+03   2.77624648e+04
   1.75520430e+04   4.08674658e+03   7.80022803e+03   3.14484570e+03
   1.24515947e+04   1.24647375e+05   1.27288408e+04   1.37889282e+03
   1.56951160e+01   3.01751465e+04   6.29388489e+02   4.73102344e+04
   1.17666533e+04   2.93607598e+04   4.09510039e+04   7.50097122e+01
   1.64254359e+05   4.78052539e+03   7.99721143e+03   3.81264883e+04
   1.71974146e+03   1.15594586e+05   2.73810638e+02   6.48392529e+03
   8.80293047e+04   2.52723853e+03   2.26754766e+05   3.38078400e+02
   1.82215601e+03   3.20526367e+02   1.86713887e+04   2.58459009e+03
   3.53514795e+03   3.31016504e+03   2.32379336e+04   7.35006328e+04
   1.29761987e+03   1.30797979e+04   1.20536102e+02   3.23674365e+03
   1.42352307e+03   1.91300037e+03   3.96780703e+04   5.81179590e+03
   2.39224473e+04   2.56000000e+03   1.30532898e+05   2.71580625e+04
   6.58074890e+02   3.35396914e+04   4.82810430e+04   1.50157568e+04
   8.03218906e+04   1.12956958e+03   7.01923906e+04   3.53386505e+02
   1.88953672e+04   4.03842344e+05   2.96672090e+04   1.52415979e+03
   5.61905396e+02   5.09735430e+04   2.13462257e+01   7.87994019e+02
   3.04026289e+04   7.49818066e+03   3.41926289e+04   2.82136582e+04
   6.94374609e+03   1.86426193e+02   1.99564766e+04   1.28527195e+05
   1.40180547e+05   1.29640442e+03   7.98910645e+03   1.14711074e+04
   2.42726797e+05   5.60693884e+00   2.74113403e+03   6.67222021e+03
   2.74747480e+04   1.00926650e+04   5.23488711e+04   3.81432152e+01
   7.73528174e+03   1.86268418e+04   2.14826584e+02   7.11024922e+04
   3.62236016e+04   3.12496753e+03   6.55367871e+03   1.57002061e+04
   4.78506172e+04   1.14153423e+01   7.51044464e+01   1.38616865e+04
   9.92706055e+02   2.16753223e+04   1.87061602e+04   5.55683086e+04
   3.18886230e+02   3.20428965e+04   1.10350700e+06   2.23087188e+04
   1.09168774e+03   3.38005029e+03   9.01373875e+05   8.67927307e+02
   2.23839087e+03   1.77013672e+02   9.34826660e+02   1.42588171e+03
   1.75559707e+04   3.42079312e+05   1.40602646e+02   2.00794659e+01
   1.27890516e+05   1.29325146e+04   5.10114861e+00   4.87308359e+04
   5.60844336e+03   1.89979980e+03   3.11035950e+02   2.02239121e+04]
[  1.06675940e+03   9.04279395e+03   2.94949141e+04   4.15239453e+04
   4.75002563e+02   8.75879219e+04   9.41473206e+02   1.90403577e+03
   2.19496490e+02   1.46808640e+02   5.36364648e+04   7.27887012e+03
   6.37033936e+03   8.54227637e+03   3.60005518e+03   6.23116516e+02
   1.33868652e+04   2.80219473e+04   5.12212656e+04   3.17263281e+03
   4.22290680e+02   6.52767656e+04   1.89367920e+03   1.02169571e+02
   3.69429570e+04   1.06196611e+04   7.18704375e+04   3.42243433e+03
   7.24114297e+04   2.28997949e+04   8.13326611e+03   1.07679156e+05
   1.21278027e+04   2.58844336e+04   3.24783730e+04   8.32596562e+04
   7.56346172e+04   2.61041382e+03   4.48094238e+02   2.86977012e+04
   1.13762497e+02   8.81247344e+04   3.98791758e+04   4.68336406e+04
   5.40104675e+02   1.97808997e+03   5.88693213e+03   9.77757129e+03
   0.00000000e+00   2.42077871e+04   4.78772500e+04   4.37235168e+02
   0.00000000e+00   2.23177422e+04   3.83491260e+03   7.09465723e+03
   3.72210999e+02   2.22052808e+03   1.11844933e+02   4.03084808e+02
   2.41005518e+03   1.13179648e+05   1.55820176e+04   1.13640247e+03
   3.72747461e+03   1.17935576e+04   8.53840271e+02   8.59050903e+01
   1.54088584e+04   1.47406995e+03   4.58177227e+04   3.17677979e+03
   7.28143828e+04   2.43040894e+03   1.78346691e+01   4.51383026e+02
   4.26545258e+02   0.00000000e+00   8.26202578e+04   4.25045742e+04
   5.05543785e+01   5.04606982e+03   2.39247305e+04   7.65517344e+04
   8.01407568e+03   0.00000000e+00   8.42064575e+02   1.97895020e+03
   9.99933203e+04   7.19521719e+04   4.72668359e+03   1.08334328e+02
   8.22117109e+04   2.25273887e+04   5.55752656e+04   8.83193164e+03
   3.11438730e+04   1.80261612e+02   4.95114883e+04   2.29045977e+04
   1.88201035e+04   4.88676636e+02   1.10489438e+05   8.26751660e+03
   2.83061348e+04   1.91761426e+04   4.58883759e+02   7.08290312e+04
   7.54579531e+04   1.08884363e+03   6.98736328e+03   2.98804169e+02
   3.88868799e+03   3.91950989e+01   2.98609131e+02   3.27542812e+04
   2.44410181e+00   2.33731094e+04   1.53157867e+02   1.78501133e+04
   1.00619281e+03   7.11276953e+04   2.58418242e+04   1.08286047e+03
   6.73951318e+03   5.17562031e+04   2.71882104e+03   8.94769238e+03
   1.79472598e+04   8.59722363e+03   7.51141907e+02   5.94918359e+03
   1.60856826e+04   2.03627070e+04   3.44838672e+04   8.45410728e+00
   6.81745752e+03   4.06694450e+01   2.39389282e+02   4.11554670e+00
   2.56123301e+04   4.41486938e+02   1.19049707e+04   7.32655621e+00
   2.75383594e+03   7.32257373e+03   9.92141907e+02   6.05046826e+03
   4.94038208e+02   4.83538184e+03   1.00781164e+05   5.43621631e+03
   9.78815125e+02   2.86854077e+03   1.04484673e+02   0.00000000e+00
   3.53896301e+02   5.95531860e+02   7.75303589e+02   9.44220469e+04
   1.16084854e+04   1.29197864e+03   1.74379160e+04   3.31534195e+01
   3.68407695e+04   1.17635303e+04   6.40683828e+04   2.69180267e+02
   4.95549102e+04   5.17066875e+04   6.66438904e+02   4.51196289e+03
   3.57885781e+04   1.72567334e+03   3.03156621e+04   5.56741367e+04
   2.15173359e+04   9.21820020e+03   4.99966211e+03   8.63919189e+02
   1.18944531e+04   5.26646362e+02   2.42022207e+04   1.84326895e+04
   5.27861914e+03   3.15231758e+04   7.82005547e+04   5.23532324e+03
   2.33411597e+03   2.00642590e+03   2.23216260e+03   9.43285645e+03
   8.89450098e+03   1.06989375e+05   5.64731641e+04   4.81673984e+04
   2.44635176e+04   1.25247705e+04   6.53810791e+03   4.79737549e+02
   8.50825156e+04   1.78894473e+04   2.37618301e+02   5.57776211e+04
   8.33853125e+04   1.74294556e+02   3.56985742e+04   6.69921641e+04
   2.01051426e+01   1.18996117e+02   7.59038452e+02   3.24865662e+02
   2.82586517e+02   9.85381165e+02   2.22392129e+04   2.33176270e+03
   4.14281445e+03   8.95600586e+03   3.24393457e+04   1.50215537e+04
   5.70347803e+03   5.74299531e+04   5.86674042e+01   9.58706665e+00
   2.72528828e+04   1.02885388e+03   7.49275146e+02   3.13790649e-01
   2.48890915e+02   3.20227271e+03   1.25419090e+02   1.22133980e+02
   4.18275625e+04   4.02527148e+04   4.69969727e+04   3.31721436e+03
   4.97198945e+04   1.40164417e+03   1.23886670e+04   1.92840977e+04
   1.27235029e+04   2.04537715e+04   3.13000562e+03   2.38702129e+04
   5.64789673e+02   1.00052125e+05   5.47639062e+03   4.56266632e+01
   2.28403359e+04   2.80813145e+04   1.30320176e+04   5.41294883e+04
   7.96454492e+03   8.65080469e+04   1.27398779e+04   3.05141055e+04
   8.22053984e+04   1.26583618e+03   1.84818542e+02   7.85812500e+04
   5.13201523e+04   9.32465820e+01   8.65470117e+03   1.39760828e+03
   1.33946037e+01   9.67417480e+03   1.18089880e+03   9.32588203e+04
   4.65958750e+04   5.09325653e+02   2.30201969e+01   9.82897644e+02
   2.46861914e+03   2.44729419e+03   8.89211797e+04   2.95078301e+04
   3.17177117e-01   2.84465599e+01   7.15153906e+04   3.59081299e+03
   9.00154114e+00   5.81062012e+02   9.25134863e+03   6.99661562e+04
   1.20309412e+03   2.44095117e+03   1.60262928e+01   3.56632202e+02
   9.67606689e+02   1.58595781e+04   1.02352910e+04   1.32996992e+04
   3.06903223e+04   2.32729023e+04   2.52910371e+04   5.24080469e+03
   1.69234924e+02   3.75406128e+02   1.19419629e+04   7.25641406e+04
   2.35448059e+02   6.37893616e+02   1.39723486e+04   2.98754063e+01
   1.00886957e+03   3.49052578e+04   2.93770874e+03   4.19345093e+02
   4.15999922e+04   5.07140289e+02   6.71795807e+01   1.25991953e+04
   1.03091652e+02   1.08794177e+03   6.60761094e+04   3.04524512e+04
   2.08449211e+01   4.82193984e+04   1.08898145e+04   3.92673755e+03
   3.31182037e+02   1.08794453e+04   1.09855031e+05   1.01328644e+03
   7.97753125e+04   8.99994922e+04   9.99251641e+04   2.16896484e+04
   2.51199102e+04   2.87772217e+02   4.32291562e+04   5.16035205e+03
   6.54783281e+04   1.36339453e+03   1.73972498e+03   4.05112266e+04
   7.20768127e+02   6.46781006e+03   2.49415259e+03   2.55542754e+04
   6.49472695e+04   2.64654956e+03   8.78757715e+03   5.34606262e+02
   7.79031229e+00   7.47294336e+03   8.33198926e+03   1.57446545e+03
   4.51932471e+03   6.24158875e+02   4.97602109e+04   1.38139191e+02
   1.00478766e+03   3.27024746e+04   5.27328223e+03   2.26019263e+03
   6.75938125e+04   9.64871765e+02   3.15107969e+04   1.20678818e+04
   3.77978945e+04   2.64936699e+04   3.66948700e+02   3.73905579e+02
   1.30529126e+03   1.06695728e+03   8.09823438e+04   3.19519067e+03
   4.85838359e+04   7.46417334e+03   1.28065703e+04   1.73089587e+03
   1.08734258e+04   3.00034619e+03   3.41707812e+04   1.08879395e+04
   1.99007910e+03   4.24677832e+03   2.68071686e+02   2.11147354e+02
   3.37746953e+04   8.68810938e+03   3.37909393e+02   2.34457383e+04
   1.05020557e+04   2.24763989e+03   1.99237085e+03   1.63523467e+04
   6.75516174e+02   1.00037781e+02   6.52799902e+03   1.57704419e+03
   2.89821606e+03   9.98956348e+03   3.35447539e+04   5.08447305e+04
   7.48473511e+02   6.80349487e+02   3.53588550e+03   3.63984070e+02
   5.07467346e+01   1.08952021e+04   4.53713750e+04   7.95230859e+04
   4.13286836e+04   1.36786191e+04   7.46748779e+03   1.46159332e+02
   1.23939714e+01   1.21727819e+01   2.29905762e+04   1.15924990e+04
   1.57658899e+03   1.79963913e+02   2.75026895e+04   2.32099199e+04
   1.16565796e+03   9.44953418e+03   2.84634531e+04   2.87315552e+03
   3.29131128e+03   4.01131274e+03   3.00117578e+03   3.92145039e+04
   4.08191523e+04   8.38819727e+03   1.70351992e+04   2.43739746e+03
   6.87975391e+04   1.45523413e+03   1.01160638e+03   3.71478882e+03
   4.04663320e+04   2.52867988e+04   1.59064648e+04   2.15268457e+03
   9.37780945e+02   8.36411133e+02   3.14210098e+04   7.98858203e+03
   2.59197539e+04   7.02891943e+03   5.05522949e+03   1.35491543e+01
   0.00000000e+00   4.17781289e+04   1.89017761e+02   1.16677334e+04
   1.68373889e+03   4.48600039e+04   2.17187573e+03   7.78341250e+04
   2.52327695e+04   0.00000000e+00   2.79691479e+03   0.00000000e+00
   1.37598450e+03   1.47734092e+04   6.59063110e+01   1.88041821e+03
   8.05870972e+02   8.04169141e+03   1.21855408e+02   4.11008203e+03
   1.71216445e+04   6.62516953e+04   1.09681433e+03   1.11617203e+02
   8.84377014e+02   3.66161548e+03   0.00000000e+00   7.03699170e+03
   3.55244849e+03   2.28320007e+01   1.82278088e+03   2.99758423e+03
   5.91192871e+03   7.41222803e+03   3.41370000e+04   0.00000000e+00
   1.68504761e+02   9.50127734e+03   4.90153047e+04   2.01655625e+04
   1.30041104e+04   2.19266983e+02   2.66769263e+03   5.67158890e+00
   1.61888604e+04   1.71168567e+03   1.13217000e+05   1.33501160e+03
   1.10941230e+04   1.17757656e+04   3.59306421e+03   2.44881812e+03
   2.65852930e+03   8.84607734e+04   4.07522827e+03   1.83030723e+04
   2.94247510e+03   1.44028503e+02   2.84214783e+00   1.39853066e+04
   2.97122339e+03   4.91340312e+04   2.44605762e+03   5.79753518e-01
   3.07661172e+04   1.06579871e+03   7.65453308e+02   1.12652531e+05]
[  3.37212256e+03   7.65376270e+03   2.15605225e+03   9.50577621e+01
   4.29208633e+04   9.54944706e+00   6.37909844e+04   1.92905859e+04
   7.98561641e+04   2.52034988e+02   2.93652069e+02   4.29956982e+03
   3.12192261e+02   6.49040430e+04   3.64302417e+03   1.86060734e+01
   5.12538281e+03   1.81524097e+03   1.59798547e+03   1.55126062e+03
   4.58863428e+03   8.40975293e+03   1.72223535e+03   2.31785240e+01
   2.33635330e+02   1.73674805e+04   1.70084692e+03   2.27284355e+04
   1.01123120e+03   5.05858521e+02   1.01873299e+02   4.65294006e+02
   5.87772827e+02   2.02101874e+00   3.69161530e+02   6.75122070e+02
   2.67108325e+03   3.08456135e+01   1.43451523e+04   2.65074982e+02
   1.02098086e+04   3.98917920e+03   8.97996902e+01   2.11289512e+04
   4.80878857e+03   5.18524841e+02   3.83874658e+03   3.39745270e+02
   1.00862915e+03   7.35870117e+02   7.06659775e+01   1.21321354e+01
   0.00000000e+00   3.59144336e+03   3.23021753e+03   4.32518262e+03
   1.54119004e+04   3.37629150e+02   3.76863251e+02   2.69258285e+00
   8.37942314e+00   4.44179138e+02   1.28428223e+03   6.04128052e+02
   2.35497391e+02   2.55417572e+02   5.44952490e+03   6.97553027e+03
   4.85669805e+04   2.53429886e+02   5.66259651e+01   5.02600117e+04
   4.82976761e+01   6.39317871e+02   7.27505981e+02   5.70025452e+02
   8.53596181e-02   4.23177979e+03   4.60461517e+02   1.57834152e+02
   1.10353479e+03   8.50745391e+04   4.34881680e+04   1.26947451e+04
   1.20351318e+03   3.75457420e+01   9.13387012e+03   1.05069800e+03
   2.82566650e+03   1.03670129e+03   1.90180508e+04   1.01647207e+04
   2.42247363e+03   0.00000000e+00   1.53904932e+03   7.97837982e+01
   2.46214218e+02   1.38130117e+04   6.68730176e+03   4.33401270e+03
   6.61125305e+02   2.58618774e+03   1.99236804e+03   3.37534952e+00
   5.75341125e+02   1.56913403e+03   8.76357715e+03   1.78975773e+01
   4.79531992e+04   7.56099766e+04   3.33634106e+03   1.67015137e+03
   2.07800125e+02   2.41617578e+03   5.27843164e+04   1.46006311e+03
   2.02787384e+02   9.28110535e+02   7.46639099e+01   7.57222351e+02
   1.54124924e+02   6.66183643e+03   2.66337305e+03   1.04734592e+01
   2.41382812e+04   5.53049316e+02   1.85542896e+03   3.28834564e+02
   1.56943375e+02   2.80714570e+04   1.23351067e+02   7.55907898e+02
   2.44554126e+03   1.24486416e+04   1.10743340e+04   2.09762173e+01
   3.59906830e+02   3.52825714e+02   1.81342617e+04   0.00000000e+00
   1.47786926e+02   2.77345825e+02   9.06941699e+03   1.12864487e+02
   7.54227832e+03   8.81987109e+03   1.68918542e+03   3.42339688e+04
   1.00577155e+03   8.43249023e+02   6.73934609e+04   2.30757080e+03
   2.14936113e+04   6.00576538e+02   1.34734924e+02   4.98793164e+04
   7.37038135e+03   1.62586230e+04   2.56972339e+03   5.50080127e+03
   3.52338135e+03   1.71269373e+03   2.61923504e+00   2.50660461e+02
   3.02133301e+04   1.45732910e+03   6.41652461e+04   1.56702995e+01
   2.19745020e+03   1.71828027e+04   5.39872620e+02   1.65435498e+03
   6.53798984e+04   1.63881016e+04   2.80948181e+01   8.07877319e+02
   9.53500916e+02   1.05375449e+04   1.58545044e+03   4.56139160e+02
   8.14445938e+04   2.26964096e+02   8.25976379e+02   0.00000000e+00
   1.50250713e+04   6.40236680e+04   1.96589911e+00   1.03149219e+03
   3.33668671e+02   5.17389375e+04   3.60303223e+02   2.21819977e+02
   1.00707073e+01   4.89442617e+04   6.93725928e+03   5.60170947e+03
   2.19850113e+02   1.05507998e+04   1.43454419e+03   4.76692070e+04
   3.38274375e+04   2.78756744e+02   0.00000000e+00   2.78033508e+02
   9.06371289e+03   1.24075722e+02   1.19990395e+02   6.04796973e+03
   9.79381180e+00   2.28304395e+03   1.05518250e+03   2.62562714e+02
   8.38049121e+03   7.75199414e+03   3.23327500e+04   7.52284219e+04
   3.95986328e+04   1.20791252e+02   3.10596985e+02   4.02959375e+04
   9.70902930e+03   1.34395798e+02   1.66140479e+03   7.09717484e+01
   5.68824170e+03   6.72284546e+01   4.39142725e+03   3.16786582e+04
   1.23407434e+03   2.57480859e+03   6.27173164e+04   4.26501648e+02
   1.33063858e+02   6.38398193e+03   3.60010872e+01   7.99236719e+04
   6.23755703e+04   1.68803394e+03   6.06815529e+01   1.22388321e+02
   2.50465283e+03   4.48971094e+03   6.42405701e+02   4.33732715e+03
   3.83315015e+03   4.23783887e+03   0.00000000e+00   7.87738906e+04
   3.95432625e+01   1.98475006e+02   8.36717529e+02   2.12402840e+01
   7.62399512e+03   1.84286652e+02   1.71590214e+01   2.65981934e+02
   5.25581299e+02   3.66390601e+03   1.65066968e+03   5.25737500e+03
   1.15412939e+03   9.12546753e+02   1.11378674e+03   5.61768250e+02
   8.63595886e+02   1.47086689e+04   5.89569397e+02   2.44149453e+04
   2.63757202e+03   4.19094238e+03   6.76621338e+02   2.45354752e+02
   1.60204639e+03   3.48004799e+01   3.14820881e+01   2.71983337e+01
   1.73259277e+04   0.00000000e+00   2.12017529e+03   5.18896191e+03
   1.42679883e+03   2.93407837e+02   1.95188691e+04   0.00000000e+00
   3.76529388e+01   1.57249443e+04   3.41006017e+00   2.93762988e+04
   3.71621063e+02   8.12694519e+02   5.08586769e+01   2.77755493e+03
   5.02055508e+04   1.19044277e+04   4.46689502e+03   1.24768281e+04
   5.41912305e+04   1.07530786e+03   2.96840607e+02   7.99277710e+02
   4.26182032e+00   8.93557556e+02   2.12506895e+04   2.84249520e+00
   7.72588770e+03   1.79822891e+04   1.20552112e+03   5.58850781e+04
   7.29162369e+01   9.76829910e+01   6.56984940e+01   3.41866553e+03
   1.47484775e+04   1.48492615e+02   2.26942932e+02   3.39740967e+02
   4.58818789e+04   2.05638523e+01   8.65335999e+01   9.54547424e+01
   4.07059595e+03   1.45927363e+04   1.65044766e+04   1.22222461e+04
   6.07032617e+04   3.61753571e+02   1.66510278e+03   1.51962812e+04
   6.22809204e+02   1.21429272e+01   7.38313047e+04   3.97258516e+04
   4.96515160e+01   9.07134949e+02   1.61550635e+04   1.85978381e+03
   0.00000000e+00   3.24644556e+03   3.56945312e+02   6.51356018e+02
   1.43368936e+04   2.78348438e+03   2.22790283e+03   2.95514336e+04
   5.94776230e+01   3.58491504e+03   3.55554260e+02   9.89630176e+03
   4.20396250e+04   3.86282135e+02   8.30021729e+02   8.04746094e+03
   8.48531860e+02   1.38747510e+04   7.87006719e+04   2.52529258e+04
   4.90426025e+02   4.34934204e+02   6.10904932e+03   2.59275455e+01
   4.45624219e+03   1.04711865e+03   1.04120913e+01   3.66690887e+02
   1.63459248e+04   2.28314668e+04   1.16513110e+03   1.08493730e+04
   2.61280151e+02   3.82464492e+04   1.34652233e+01   9.12814941e+03
   2.64976147e+03   6.44174922e+04   1.08128186e+03   2.30957080e+03
   3.60998047e+02   5.10924500e+02   1.60670447e+03   2.55430586e+04
   1.15759268e+04   3.11396191e+03   4.15419044e+01   3.34343079e+02
   9.29453979e+02   2.79502656e+04   3.75486914e+04   3.64891138e+03
   6.09943359e+04   1.12224121e+03   5.37609816e+00   1.18307137e+02
   2.31744189e+03   9.71874805e+03   2.54575854e+03   7.36818213e+03
   3.47868555e+03   1.03393831e+01   1.52248550e+02   4.04552368e+02
   3.04636261e+02   3.76206567e+03   2.00179004e+04   2.21128828e+04
   5.90577393e+03   8.07534635e-01   5.06268594e+04   4.38708740e+02
   4.03547656e+03   2.06645050e+01   1.43333545e+04   7.05299133e+02
   5.27538525e+03   9.16887012e+03   4.79201012e+01   0.00000000e+00
   2.90306183e+02   8.64608215e+02   5.53052783e+03   1.41271027e+02
   8.66909607e+02   1.20943835e+03   5.61860693e+03   3.97003564e+03
   3.65022534e+03   2.61744688e+04   2.94878937e+02   0.00000000e+00
   5.37534619e+03   4.44934235e+01   1.78725171e+03   4.77363555e+04
   3.51458496e+03   3.48077271e+02   2.72786133e+02   2.22650415e+03
   2.12843311e+03   1.11203369e+03   7.04427109e+04   8.16107666e+03
   1.29091035e+04   7.85677673e+02   2.66926367e+03   1.76536462e+03
   8.27883606e+01   5.09368530e+02   3.72226880e+03   7.58747009e+02
   1.81717941e+02   3.53921417e+02   0.00000000e+00   2.20549225e+02
   1.09707174e+01   6.12753582e+00   1.13818906e+04   0.00000000e+00
   4.07991314e+00   6.72294006e+02   0.00000000e+00   7.76450073e+02
   7.83439062e+03   1.23875037e+03   8.99711914e+03   2.97389709e+02
   8.01737031e+04   2.84241797e+04   7.00445984e+02   2.86619360e+03
   4.02082642e+02   8.96777051e+03   3.81579609e+04   3.63314240e+02
   1.47047165e+02   7.08646088e+01   1.55388147e+03   7.28390576e+03
   2.00519971e+03   1.43111542e+02   1.70639783e+03   1.09610462e+00
   8.68410938e+03   3.25769214e+03   1.39555457e+03   2.96084534e+02
   1.06704565e+03   8.22699097e+02   3.58810938e+04   7.22714305e-01
   1.69380591e+03   3.43202209e+02   6.70958281e+04   1.60624385e+04
   5.49183228e+02   2.17322342e+02   2.59542823e+00   7.74175879e+03
   1.51722546e+03   7.40595474e+01   3.21004272e+02   6.15537549e+03
   2.26729175e+03   5.99845215e+03   7.88853226e+01   4.66707336e+02
   4.47272797e+02   9.00322578e+04   1.81955200e+02   6.38330444e+02
   0.00000000e+00   1.20532021e+04   1.56577529e+04   4.16620215e+03]
[  1.78687912e+02   8.62916309e+03   5.87488831e+02   2.03902271e+03
   6.56574158e+02   2.26371660e+04   2.17856079e+02   9.06222754e+03
   4.09160547e+03   3.57293828e+04   6.56794434e+02   7.21235046e+01
   7.26223828e+03   3.77140000e+04   1.71392236e+03   5.15514282e+02
   2.19846338e+03   4.69316748e+03   7.33713828e+04   9.71773804e+02
   4.81627846e+00   4.00114429e+03   1.14429825e+02   9.25434509e+02
   9.92838379e+03   7.66968155e+01   1.20328496e+04   5.52830048e+01
   9.84833618e+02   1.58757031e+03   1.68308740e+03   4.78492725e+03
   9.29123779e+02   1.12663436e+00   2.32956641e+03   1.41799484e+02
   2.47915771e+02   6.36468359e+04   0.00000000e+00   5.40428320e+03
   7.32993652e+03   7.06806946e+01   0.00000000e+00   1.84317444e+02
   7.45336230e+03   4.39124298e+02   4.55023975e+03   4.27472461e+03
   6.33713196e+02   3.68950195e+01   1.53045911e+03   3.63125073e+03
   1.79450394e+02   8.15206836e+03   2.03352109e+04   2.57106504e+04
   5.64082642e+02   1.86290098e+04   3.91411819e+01   2.41913208e+03
   1.89288171e+03   7.86288086e+02   6.86542542e+02   1.61046326e+02
   2.36606982e+03   4.48065186e+02   1.15874931e+02   2.79358826e+02
   2.63716766e+02   5.62649117e+01   9.09805847e+02   8.06957812e+03
   4.34212617e+04   2.06210846e+02   2.73977090e+04   7.89972763e+01
   2.45342758e+02   2.99748230e+02   2.54285229e+03   1.75314492e+04
   1.80434985e+03   2.04635039e+04   1.86307012e+04   1.05010146e+04
   5.88608320e+04   2.84588032e+01   5.38032776e+02   8.65763086e+03
   7.43661035e+03   1.53391094e+04   2.10607376e+01   2.95949854e+03
   6.37317261e+02   9.88181152e+03   1.12794324e+03   5.76769629e+03
   4.85152344e+03   0.00000000e+00   1.01484521e+04   1.01557990e+03
   5.69521027e+01   1.93206750e+03   8.08619995e+01   2.38171948e+03
   3.06059313e+00   1.75295677e+01   1.10446094e+03   4.54976797e+04
   8.90905380e+00   1.50325186e+04   3.61093750e+02   6.16787617e+04
   4.71326172e+03   2.58948853e+02   3.22111206e+01   3.67838928e+02
   1.00176587e+03   2.80427695e+04   4.11087921e+02   5.53889771e+01
   2.79536080e+00   6.06269470e+02   5.04819287e+03   2.29874268e+02
   6.16412598e+02   6.99885498e+03   2.53365891e+02   2.17792473e+01
   9.83427612e+02   3.20411774e+02   1.56373936e+04   6.05560547e+02
   8.85051346e+01   1.48323816e+03   4.82397614e+02   6.34533643e+03
   3.80731992e+04   0.00000000e+00   7.28788986e+01   6.34093094e+01
   6.36983871e-01   7.76067886e+01   1.34329895e+02   3.51797638e+02
   5.94136009e+01   2.43943921e+03   2.31934717e+03   1.46797270e-01
   5.12720154e+02   5.09273594e+04   7.63731689e+01   2.47012970e+02
   8.65403503e+02   4.34650293e+03   8.04299011e+02   1.55261475e+04
   5.45095253e+01   9.21406555e+02   2.90712524e+02   6.80298389e+03
   2.10163513e+02   1.49951843e+02   6.47913208e+02   1.31597580e+02
   4.09474688e+04   1.89648418e+01   2.30309982e+02   6.87547900e+03
   8.46842383e+03   1.62713438e+04   0.00000000e+00   1.67182129e+02
   4.66532910e+03   1.06955176e+03   5.83256416e+01   9.60619934e+02
   3.93433867e+04   4.44679443e+02   3.55061211e+04   2.06398730e+03
   3.67247305e+04   2.32639473e+04   5.97921333e+01   3.22637744e+03
   1.91188940e+03   1.05187285e+00   5.71126318e+03   4.67704199e+03
   1.53840532e+01   2.47595734e+02   3.25247498e+02   6.49148010e+02
   3.20911304e+03   3.00559546e+03   9.66404541e+02   1.13935908e+04
   2.04773364e+03   8.49603638e+02   4.25223389e+02   2.56476978e+03
   2.70364062e+03   7.29803650e+02   1.37118506e+03   0.00000000e+00
   2.18106714e+03   3.45086060e+02   2.07517920e+03   8.73052734e+02
   4.91384180e+03   6.77088047e+04   1.54386200e+02   3.58620392e+02
   2.28263135e+03   3.16969189e+03   1.67923203e+02   5.80773340e+03
   5.52008828e+04   9.74153595e+01   4.46522598e+01   4.80879785e+03
   9.26771680e+03   1.80107361e+02   1.28043945e+02   1.04900977e+03
   4.44896271e+02   7.08011246e+01   1.44276154e+02   5.33195610e+01
   1.07922571e+03   1.02518036e+02   6.62167969e+01   3.12562103e+02
   1.24630542e+03   8.28453827e+01   4.54196396e+01   5.53414955e+01
   6.33234680e+02   2.96038849e+02   2.99757935e+03   5.75546379e+01
   2.79496346e+01   2.33495541e+01   1.15547974e+03   4.09152031e+04
   2.49518594e+04   6.07648193e+03   4.41737671e+02   1.35772180e+03
   1.31716118e+01   2.09001489e+03   2.32787979e+02   1.01079323e+02
   6.14112891e+03   1.08566333e+03   2.69360375e+00   2.07091125e+02
   2.53198779e+03   7.13084412e+00   1.06975867e+03   5.71431656e+01
   4.47622894e+02   5.81030762e+02   3.41803497e+02   1.68149681e+01
   4.50447422e+04   1.57538452e+03   4.85465820e+04   7.85288757e+02
   4.57119043e+03   8.40874634e+01   1.88171906e+02   3.73430786e+02
   1.14641518e+02   4.77340698e+00   3.97059102e+04   3.32066681e+02
   2.02400049e+03   2.67186096e+02   5.36229297e+03   1.96232051e+04
   2.10938965e+02   2.51312988e+02   3.35385315e+02   6.52816094e+04
   1.98948987e+03   2.59178003e+03   8.64396875e+03   3.35498169e+02
   9.70737732e+02   5.73876465e+03   4.00676807e+03   5.19309863e+03
   7.24717285e+03   2.40910767e+03   1.33234680e+02   7.37308472e+02
   9.79925391e+03   4.08903229e+02   7.96647217e+03   2.82494092e+00
   5.85403061e+00   1.00355865e+03   1.48069619e+04   3.94951439e+01
   9.19246973e+03   5.16149258e+04   6.98547791e+02   2.79942993e+03
   7.73882812e+03   3.11894434e+03   9.02490807e+00   4.55811084e+03
   2.26150796e-01   5.22608057e+03   2.15425024e+03   1.49957979e+04
   5.60889099e+02   4.76332471e+03   9.89778595e+01   1.51471299e+04
   2.94040112e+03   2.10249902e+04   2.63606616e+03   2.69531641e+04
   6.71460266e+02   2.92800873e+02   1.17417639e+03   7.49679626e+02
   8.73000549e+02   2.51929077e+02   8.79222168e+03   5.54886182e+03
   2.27508473e+00   6.66741516e+02   2.12309219e+02   1.72038940e+03
   4.57212982e+01   5.71872266e+03   1.93411926e+03   2.27286191e+04
   3.34741562e+04   1.58737317e+03   1.72434036e+02   2.85547241e+02
   2.29743233e+01   2.73255493e+02   1.14767852e+04   4.26290234e+03
   7.92688037e+03   1.39071172e+04   4.36400391e+03   6.18023438e+04
   1.00658730e+02   2.26381885e+03   1.64256360e+03   5.61379578e+02
   1.56814688e+04   1.94891528e+03   2.03794004e+04   1.20961857e+01
   5.58631211e+04   3.00571564e+02   2.89422578e+04   1.70316516e+03
   5.29000439e+03   2.61086823e+02   1.14705612e+02   7.10676514e+03
   5.75418335e+02   3.49413501e+03   2.17381607e+02   3.00951855e+03
   3.55458191e+02   8.12284180e+03   3.94936523e+02   9.12624297e+04
   6.82970166e+03   1.39158423e+03   3.74208447e+03   7.87087830e+02
   4.09005814e+01   1.15882094e+05   2.48037207e+03   6.11556641e+02
   2.89481079e+02   4.68360156e+03   6.35813522e+01   1.61353645e+01
   1.52775916e+03   9.80730469e+02   5.26224375e+04   4.52778125e+03
   1.24209387e+03   4.22976562e+04   5.78851992e+04   3.83485718e+02
   1.33387527e+02   4.56165527e+03   2.63770044e+03   8.94866309e+03
   6.09761543e+01   2.58972871e+04   2.21668335e+03   3.03369653e+03
   2.53439484e+01   1.54920264e+04   7.61446762e+01   2.11553613e+03
   1.68642126e+03   3.06829907e+03   1.06143396e+03   1.64092207e+04
   1.12155918e+04   7.46888123e+02   1.09190955e+03   5.63505745e+00
   1.91275220e+03   1.14572717e+03   0.00000000e+00   3.03437164e+02
   2.90396484e+02   2.64610586e+04   5.58619824e+03   1.53830719e+02
   6.53303772e+02   1.46892656e+04   6.95826660e+02   3.23173370e+01
   1.95427991e+03   2.79390771e+03   3.53156992e+04   7.37631989e+01
   7.58009766e+03   8.01163940e+02   2.61499043e+01   4.37282043e+02
   1.42008469e+02   3.56911707e+00   1.85917676e+04   2.81987457e+01
   3.16570862e+02   1.05026230e+02   1.02746033e+02   2.71917510e+00
   6.29879684e+01   1.67156309e+04   3.41239136e+02   5.27207458e+02
   1.08464246e+03   1.88609082e+04   1.61158966e+02   9.14261475e+02
   6.41882858e+01   1.28133156e+05   3.15494160e+04   5.24791908e+01
   1.13525024e+03   7.38908301e+03   1.87276074e+04   5.11658350e+03
   1.49821465e+04   1.25659199e+04   8.37396484e+03   9.64853333e+02
   9.00412695e+03   3.07828345e+03   5.15153687e+02   1.69460876e+02
   3.19958008e+02   1.83689702e+00   3.63363867e+03   1.07603320e+04
   9.41656152e+03   1.44867383e+04   7.74346069e+02   5.98181267e+01
   4.97377045e+02   1.34625037e+03   6.16396729e+02   2.33863027e+04
   6.11737842e+03   1.27468872e+02   1.00071885e+04   1.26786232e+02
   0.00000000e+00   0.00000000e+00   3.59013721e+03   5.04700104e+02
   9.99898132e+02   1.18705801e+04   5.51818633e+04   2.06487773e+04
   9.71082715e+03   1.28265063e+03   7.98776001e+02   8.45880188e+02
   1.17004346e+03   6.91076355e+01   2.43911304e+03   2.18572119e+03
   1.64337676e+04   2.63032285e+04   1.49501352e+01   7.90135437e+02
   1.53364766e+04   1.47352793e+04   2.72660553e+02   2.65498600e+01
   5.39504822e+02   1.59257202e+02   3.49105606e+01   1.14164238e+04]
[  2.17199081e+02   1.81464481e+01   2.98818827e-01   5.42160156e+03
   2.65767059e+01   1.99183807e+01   4.52341080e+00   7.17950761e-01
   3.26236359e+02   1.88349945e+02   1.20533638e+01   2.85676025e+02
   1.85527420e+01   2.98562775e+02   2.41749096e+01   2.19467139e+00
   0.00000000e+00   5.95788689e+01   0.00000000e+00   0.00000000e+00
   2.13773743e+02   1.37776143e+04   3.55545166e+03   2.38257706e+02
   2.56694746e+00   0.00000000e+00   5.58495343e-01   6.78416443e+02
   1.30505356e+02   9.98160461e+02   3.85768262e+03   2.52690811e+02
   1.35560425e+03   2.13103439e+02   1.37597284e+01   1.12408679e+03
   5.37474403e+01   9.87636621e+03   1.30649890e+03   7.38176147e+02
   5.03901367e+03   1.87831402e+01   9.36911621e+02   9.39370178e+02
   1.49407291e+01   2.26894493e+01   3.59154614e+03   1.26902504e+01
   2.17843552e+01   2.98569202e+01   2.32047615e+01   8.44259277e+02
   0.00000000e+00   8.55564041e+01   1.20166687e+02   2.22861214e+01
   3.46027637e+03   6.67878540e+02   3.46015133e-02   1.29138153e+02
   1.32421204e+02   2.43482571e+01   1.15559137e+00   4.79775421e+02
   2.01891068e+02   1.78447852e+03   1.69801903e+01   0.00000000e+00
   2.00692902e+02   1.46414697e+03   2.04683090e+02   7.91151733e+01
   3.15263615e+01   1.92093552e+02   7.05363178e+00   1.08047644e+03
   7.95513153e+00   8.56820312e+02   4.28486109e-01   3.29045372e+01
   0.00000000e+00   2.61369019e+01   3.35908478e+02   3.14645020e+03
   2.36076584e+01   2.49464569e+01   2.75979996e+00   1.07501554e+01
   6.44112061e+03   1.67017319e+02   9.08252051e+03   1.63785263e+02
   1.44909609e+04   3.61842438e+02   7.13452041e-01   4.38661713e+02
   8.09319092e+03   1.09871149e+00   2.68204297e+03   1.06858208e+02
   1.09461963e+03   5.02690620e+01   1.09809933e+01   3.35626781e-01
   1.47889160e+03   1.24764026e+03   0.00000000e+00   4.65112801e+01
   2.15428391e+01   0.00000000e+00   6.13951683e+00   1.47472900e+02
   1.69105420e+03   2.52336206e+03   4.98345604e+01   9.78834033e-01
   2.05028711e+03   7.18876343e+02   2.90697693e+02   4.69317780e+01
   0.00000000e+00   1.23828018e+02   5.22074429e-03   4.94120932e+00
   1.07275951e+00   2.20213089e+01   1.07546883e+01   3.80234897e-01
   5.97584457e+01   2.18108813e+03   1.39812476e+03   5.56901001e+02
   0.00000000e+00   4.71039543e+01   3.03840668e+02   8.69860611e+01
   7.79656299e+03   1.89104019e+02   9.15692215e+01   1.85094513e+02
   2.21966504e+03   1.19470680e+02   9.94015350e+01   5.11278760e+03
   8.50409126e+00   0.00000000e+00   3.28109779e+01   0.00000000e+00
   1.72032127e+01   3.19108410e+01   3.82408333e+00   7.81321869e+01
   9.16171951e+01   8.86961842e+00   1.63390100e+00   3.32806945e+00
   7.97045410e+02   1.14093113e+01   4.33778419e+01   9.65404224e+00
   1.22063232e+02   4.26964493e+01   1.33796484e+04   4.02343597e+02
   7.68633667e+02   8.02071826e+03   0.00000000e+00   2.92371484e+03
   4.75364380e+02   4.42845264e+03   5.21547079e-01   3.76890625e+03
   1.03963566e+01   4.34108368e+02   4.32666302e+00   1.15942678e+01
   9.10785446e+01   1.00140438e+01   5.53819923e+01   2.24583209e-01
   1.17917652e+01   3.16082593e+03   0.00000000e+00   2.10858984e+03
   2.90708099e+02   8.77002441e+03   3.94079247e+01   6.93039227e+00
   5.40337646e+03   8.15321198e+01   4.39069901e+01   7.19032478e+00
   1.49091248e+03   1.86786530e+02   6.00455688e+02   2.01824448e+02
   2.61728535e+01   1.90936230e+03   2.31131909e+03   2.37138452e+03
   7.62983475e+01   1.05809482e+04   1.78011017e+01   1.70497284e+01
   5.65823364e+01   5.86842766e+01   1.73954163e+03   2.99247095e+03
   0.00000000e+00   1.55384033e+03   2.50093018e+03   1.44438782e+03
   0.00000000e+00   1.22522604e+00   5.45200653e+01   1.25412988e+03
   2.62310974e+02   1.37851772e+01   3.21211052e+01   1.67397217e+02
   2.80121040e+01   5.98136368e+01   1.05761223e+02   4.76024294e+00
   5.12423535e+03   7.25210693e+03   8.08957481e+00   1.03369026e+01
   1.56670451e+00   3.73992035e+02   3.05575180e+01   3.58753601e+02
   4.13660660e+01   7.79895081e+02   2.62091699e+03   1.50286392e+02
   5.07162247e+01   1.11624092e+04   0.00000000e+00   1.02182867e+03
   0.00000000e+00   1.25384727e+04   1.52842957e+02   4.37540919e-01
   0.00000000e+00   2.83738312e+02   5.66494727e+03   0.00000000e+00
   2.38469820e-02   8.28108025e+00   5.50355908e+03   2.07659578e+00
   3.22745830e-01   4.44509277e+01   3.77109299e+01   9.24373230e+02
   8.90659607e+02   9.42046165e+00   1.19533157e+00   6.95060840e+03
   1.53227243e+01   1.08619019e+02   0.00000000e+00   0.00000000e+00
   0.00000000e+00   5.24372625e+00   2.52225667e-01   7.55624390e+02
   5.62955994e+02   1.33578476e+02   7.56260872e-01   1.32094470e+03
   1.62182617e+01   1.28153574e+04   4.00063086e+03   3.13517303e+01
   3.96323682e+03   1.64031811e+01   8.41930542e+01   4.84517479e+00
   5.28886108e+01   3.90524933e+02   1.04537559e+04   2.57565216e+02
   1.63619556e+01   1.39168747e+02   9.20361938e+02   5.10114250e+01
   0.00000000e+00   4.39273071e+00   8.90052872e+01   2.78730688e+03
   1.47999402e+03   5.25972290e+02   0.00000000e+00   0.00000000e+00
   1.95378296e+02   2.31696274e+02   2.61733246e+01   4.62427521e+00
   6.61123291e+02   1.01415375e+03   8.95182812e+03   3.29014175e-02
   2.42295395e+02   1.03687787e+00   1.53502441e+02   0.00000000e+00
   7.49888232e+03   0.00000000e+00   8.85128320e+03   8.40160942e+00
   3.65106163e+01   0.00000000e+00   6.04057598e+00   5.73565234e+03
   2.95371094e+03   3.26354663e+03   3.81618744e+02   1.15576515e+01
   1.67624963e+03   4.39711227e+01   1.90977020e+01   5.97518616e+01
   1.17005280e+02   0.00000000e+00   3.26220818e+01   7.00013733e+00
   1.23310959e+02   2.69553738e+01   1.72732487e+01   2.58450439e+03
   9.59470139e+01   8.83282898e+02   2.05441055e+02   3.11799854e+03
   9.28952148e+02   1.55744897e+03   6.67443164e+03   1.84763077e+02
   1.56320557e+03   0.00000000e+00   8.75518036e+01   1.10552251e+00
   3.24099585e+03   8.51201296e-01   3.48256445e+03   6.14094620e+01
   5.17187134e+02   1.24943390e+02   4.95088196e+01   1.33557424e-01
   1.93601562e+03   6.14957390e+01   0.00000000e+00   3.28436279e+01
   3.12120142e+03   4.90540039e+03   4.49806299e+03   1.70342350e+01
   1.12368469e+02   1.10006583e+00   6.20668983e+01   9.61745682e+01
   2.81060059e+02   5.19420357e+01   0.00000000e+00   3.36118774e+02
   1.84526840e+02   0.00000000e+00   1.24054077e+02   3.00107202e+03
   4.76430178e+00   1.18090981e+02   3.04392147e+01   1.90828293e+02
   1.16299486e+00   5.82784510e+00   6.92862844e+00   1.55849930e+02
   5.20122719e+01   1.43037686e+04   1.72499352e+01   4.19021191e+03
   4.27484924e+02   5.65632202e+02   1.92731360e+03   1.92514110e+00
   3.00882812e+03   1.66220306e+02   8.00282043e+02   3.51044350e+01
   3.23767662e+01   2.70080590e+00   1.41332764e+02   2.11641693e+01
   0.00000000e+00   5.91816044e+00   1.56694824e+02   9.48704681e+01
   1.57724747e+02   1.30375928e+03   7.28523926e+03   3.28121114e+00
   7.63117752e+01   2.00461063e+01   2.37336243e+02   4.29847717e+00
   4.00801659e+00   6.33561377e+03   6.33169708e+01   7.48142319e+01
   8.16709805e+00   4.97886230e+02   3.46304736e+03   1.05765221e+02
   4.05271387e+03   1.52526291e+02   1.86768425e+00   7.50185204e+00
   1.92767207e+04   9.28329834e+02   9.40395203e+01   3.39104414e-01
   5.00399353e+02   2.31376999e+02   1.04041922e+00   8.72056866e+00
   9.77301311e+00   3.82399963e+02   4.11693408e+03   7.77553635e+01
   1.93121071e+01   1.01135046e+03   5.18016846e+02   8.51250458e+01
   6.44133224e+01   6.24831787e+02   1.10593252e+04   4.02864113e+01
   3.13920593e+00   1.14334621e+01   7.50527115e+01   3.27859406e+02
   8.03917160e+01   1.38351965e+00   6.66412744e+03   4.30925000e+03
   7.38037988e+03   1.10195208e+00   4.51215363e+02   1.21239876e+02
   2.86680566e+03   2.49480247e+00   5.28491760e+02   1.69919464e+02
   7.48126411e+00   7.97542090e+03   1.10035660e+02   1.70568103e+03
   2.08409238e+00   4.15518860e+02   4.84478912e+01   1.46230148e+02
   6.76293799e+03   1.34851713e+01   2.50379848e+01   0.00000000e+00
   3.77623391e+00   3.69649261e+02   1.23504074e+02   2.37811794e+01
   1.29069885e+02   2.30743335e+03   1.97513610e-01   7.08018005e+02
   3.25510406e+02   2.56474152e+02   4.04463501e+03   3.10725464e+02
   2.99057104e+03   4.28861511e+02   3.08199188e+02   8.39658051e+01
   2.28145950e+02   1.69630969e+03   1.55389389e+02   6.36353125e+03
   9.35234451e+00   3.50952411e+00   4.69631424e+01   5.00367969e+03
   2.31808441e+02   4.76465492e+01   2.77188129e+01   0.00000000e+00
   3.73544556e+03   3.01217285e+02   1.07135962e+03   5.48505029e+03
   1.42449814e+02   8.90289459e+01   1.44567798e+03   2.52051294e+03
   2.59675455e+00   3.89599316e+03   1.01761112e+01   2.77291748e+02
   0.00000000e+00   9.34391309e+03   3.02512836e+01   3.42099091e+02]
[  3.80399361e+01   3.91365601e+02   7.17310715e+01   3.33609192e+02
   8.71101685e+01   6.04755737e+02   3.08864613e+01   1.94546219e+02
   2.13631153e+01   6.34199181e+01   9.08351929e+02   3.88213074e+02
   1.62270911e+03   2.24939743e+02   2.22927026e+03   5.38124573e+02
   7.96869183e+00   3.13053864e+02   2.73861542e+02   2.64621979e+02
   8.29738235e+01   1.80515251e+01   1.98859094e+03   6.33198433e+01
   2.83725662e+01   4.25248985e+01   2.47414379e+01   3.10904217e+01
   5.77845605e+03   3.94136353e+01   2.55539417e+01   9.44829941e+01
   3.84794165e+03   4.79858170e+01   7.90724850e+00   3.49397125e+02
   5.22088916e+03   2.34667540e+00   1.28477311e+00   1.63521069e+03
   4.97936914e+03   4.14530792e+02   8.93069133e-02   2.84060478e-01
   2.37130237e+00   3.45999634e+02   4.30849854e+03   4.31972351e+01
   3.78221016e+01   5.17532806e+01   4.58278046e+01   1.54499435e+02
   5.29026855e+02   5.47674316e+02   2.82878357e+02   2.34150781e+03
   1.36202011e+01   1.41024656e+01   1.73111401e+03   3.72015796e+03
   9.56383179e+02   2.08048920e+02   5.69274414e+03   6.52222157e+00
   2.38511705e+00   1.70668243e+02   7.55012283e+01   1.76463547e+02
   2.39140644e+01   2.32841309e+02   1.43337500e+03   1.66190100e+03
   3.47822113e+02   2.71491890e+01   6.60716324e+01   9.34939514e+02
   6.83507080e+01   4.77172729e+02   3.03819165e+03   9.57307243e+00
   1.75727005e+01   3.53033722e+02   2.79468604e+03   3.56681709e+01
   1.05856763e+03   5.39940869e+03   4.51070213e+01   5.51870346e+01
   2.86058960e+03   2.96075562e+02   2.67723785e+02   3.80486267e+02
   0.00000000e+00   2.61847437e+03   2.18946667e+01   1.51686764e+01
   2.67204742e+02   3.54374219e+03   1.08538979e+02   1.18495140e+02
   6.77277136e+00   1.93047962e+01   1.33760651e+02   1.80319939e+01
   1.63621741e+03   0.00000000e+00   8.77841492e+01   3.04528857e+03
   3.00102246e+03   8.95401001e+01   4.61390259e+02   1.89998646e+01
   2.23353394e+03   6.54794312e+02   4.29999573e+02   3.97038370e-01
   4.41114883e+01   1.89160500e+01   2.18680713e+03   1.78604183e+01
   6.32034874e+01   2.20286841e+03   1.67436644e-01   3.11917133e+01
   4.15319557e+01   4.22813049e+02   5.28180161e+01   4.17154724e+02
   4.11128955e+03   4.38107014e+00   2.01645752e+02   2.36550488e+03
   1.14849341e+03   1.03667955e+01   1.04803408e+04   2.70059407e-01
   7.48309517e+00   4.64287720e+02   5.07887993e+01   3.40348840e-01
   3.83291504e+03   0.00000000e+00   7.92864136e+02   5.79743958e+01
   2.06232254e+02   4.31485796e+00   2.48897359e-01   7.02093744e+00
   1.65099457e-01   1.75406590e+01   2.96811676e+00   3.82377960e+02
   3.04270660e+02   2.37351001e+03   1.28027451e+02   1.38585046e+03
   1.01495642e+03   3.15922070e+00   1.85946155e+03   3.05884644e+02
   1.68550671e+03   2.78633374e+03   9.36965752e+00   2.56428284e+02
   3.87713110e+03   1.06503503e+03   3.40738617e+02   6.16030884e+01
   2.61346016e+01   1.65210791e+03   6.05952881e+02   1.56612372e+00
   3.09545959e+02   1.44158185e+00   6.23525085e+01   3.29773569e+00
   0.00000000e+00   3.25601294e+03   1.20081116e+02   3.50605736e+01
   4.18524132e+01   5.02026520e+01   6.03927565e+00   4.92894745e+01
   4.48287061e+03   2.03641295e+00   5.59424400e+01   1.17501020e+00
   4.66183960e-01   2.47135372e+01   5.81616735e+00   2.95077606e+02
   2.55137577e+01   1.31450073e+02   7.28195190e+02   2.25782272e+02
   1.71596710e+02   1.54236412e+01   2.95234509e+01   1.70739346e+01
   2.90327854e+01   1.38506180e+02   4.84769195e-01   6.90527499e-01
   6.84257584e+01   2.78100548e+01   1.90213609e+00   1.63136597e+02
   1.58039379e+01   1.98447933e+01   1.02480908e+03   5.24065796e+02
   0.00000000e+00   0.00000000e+00   1.48222305e+02   7.36721497e+01
   5.70120316e+01   8.92859741e+02   4.36459747e+02   1.19605057e+02
   2.57943542e+02   9.44036499e+02   1.74968475e+02   1.05517273e+03
   3.29228973e+01   7.70970106e+00   2.23119458e+03   2.58368805e+02
   2.88954932e+03   4.16119678e+03   3.26101270e+03   2.60274334e+01
   0.00000000e+00   4.72139282e+01   3.82630798e+02   1.32007410e+03
   1.48185535e+03   9.99774170e+00   2.34857349e+03   1.66245163e+02
   1.30311584e+01   1.44953629e+02   4.33358185e+02   0.00000000e+00
   3.96649200e+02   4.19223083e+02   3.39186096e+02   1.07063258e+00
   3.59320526e+02   7.48556852e-01   0.00000000e+00   2.59385834e+02
   1.81685522e+03   4.35084760e-01   4.21390457e+01   4.78222510e+03
   6.23458743e-01   1.91748627e+02   3.26390800e+01   1.67661362e+01
   3.39105127e+03   0.00000000e+00   6.67677588e+03   7.50569763e+01
   1.59877434e+01   3.77994690e+01   4.00910889e+02   1.39835767e+03
   6.82801361e+01   5.28495605e+02   1.09465607e+02   4.38502380e+02
   0.00000000e+00   1.70165670e+00   1.77210217e+01   5.16104126e+01
   1.15022707e+01   5.20990105e+01   1.18898474e+03   1.07869202e+03
   1.93447542e+00   7.15552139e+01   3.52548438e+03   1.12058711e+00
   1.33326578e+00   2.52878418e+03   2.27120346e+02   1.41986191e-01
   4.38093555e+03   5.74554558e+01   1.84950275e+01   1.70899427e+00
   5.60360413e+02   8.52846069e+02   3.29700244e+03   3.41710052e+01
   2.13273633e+03   3.14408813e+02   8.48412857e+01   6.18034912e+02
   2.87947437e+03   5.83136780e+02   2.82328653e+00   2.74531841e-01
   5.15854980e+03   2.19343872e+03   7.85755176e+03   4.88366119e+02
   6.58556938e-01   2.09841370e+02   1.14547607e+02   2.97553692e+01
   1.28157330e+00   1.18438370e+02   4.52405548e+01   9.35613647e+02
   1.04428003e+03   9.03229904e+01   8.48684753e+02   6.57468176e+00
   2.57387047e+01   1.99842700e+03   1.41037197e+01   3.95322583e+03
   8.82292099e+01   3.02225677e+02   2.38468414e+02   2.56696186e+01
   1.28932846e+00   1.72953079e+02   7.37431705e-01   4.54894562e+01
   7.24671173e+01   4.75486221e+01   3.90186829e+02   1.20476923e+01
   6.56498657e+02   3.86641571e+02   1.50915573e+02   2.38093579e+03
   1.40144006e+03   8.98674255e+02   1.86662903e+03   1.28450356e+01
   2.44320160e+02   1.23386377e+03   1.30265417e+03   8.72160339e+01
   2.36286102e+02   3.27235718e+03   8.66665554e+00   0.00000000e+00
   4.79303662e+03   7.71365891e+01   9.41464050e+02   1.56819429e+01
   1.31621240e+03   4.58395996e+02   1.91810104e+02   1.56324799e+02
   1.06295090e+02   1.04291983e+01   9.02473221e+01   1.54428650e+03
   8.93452515e+02   1.01473913e+01   2.29796791e+01   7.49863815e+01
   1.51568756e+01   1.51139724e+00   2.74549365e+03   2.53511953e+00
   5.17503113e+02   1.97706702e+03   0.00000000e+00   3.20468384e+02
   9.22442383e+02   6.65140186e+03   8.23409271e+01   2.50919998e+02
   4.64809875e+02   5.93149261e+01   1.57639572e+02   3.43519325e+01
   2.88949707e+02   1.91757736e+02   1.75311394e+01   3.19922485e+02
   2.45852148e+03   2.60555859e+01   6.52917725e+03   9.72234344e+01
   5.42237671e+02   2.23726597e+01   1.87535226e+00   8.29269104e+01
   1.28195548e+00   4.15839935e+02   1.60686050e+02   2.83073517e+02
   2.07780786e+03   9.78377533e+01   3.54468193e+01   3.52658398e+03
   2.52506738e+03   2.32167603e+02   4.28626740e+02   4.09993553e+00
   1.84179398e+02   7.44557764e+03   1.78371429e+02   5.88883179e+02
   1.82496109e+02   7.16277003e-01   2.04710503e+01   0.00000000e+00
   9.02940186e+02   1.91735852e+03   1.03713513e+03   1.66616809e+03
   5.49152832e+01   2.61081848e+01   6.00375488e+02   1.51697695e-01
   2.29365730e+01   2.35653648e+01   2.18627605e+01   1.85397717e+03
   4.46271698e+02   9.51889404e+02   8.15658447e+03   7.94185543e+00
   3.58472748e+01   1.77185657e+03   9.75029755e+01   1.60349289e+02
   1.53338489e+03   1.51777916e+01   1.75062576e+02   1.75124542e+02
   3.66264749e+00   1.76806164e+01   1.45260361e+02   1.44778549e+02
   5.83955231e+01   1.40119659e+02   1.05501801e+02   5.03520536e+00
   2.28422909e+01   6.81553602e+00   0.00000000e+00   2.34123071e+03
   9.59182910e+03   1.77232373e+03   1.33362713e+01   6.48566406e+02
   8.63349707e+03   1.11053535e+02   1.72707031e+03   3.25771599e+01
   6.56388916e+02   1.50335144e+02   6.26746035e+00   2.33454704e-02
   1.44767590e+03   4.12784149e+02   1.13302864e+02   5.20119873e+03
   7.03551416e+03   8.73941345e+02   2.24014926e+00   5.81935806e+01
   5.82911730e+00   2.42922333e+02   1.13971844e+01   1.51943872e+03
   7.22527542e+01   5.59838295e+00   2.37227325e+01   3.62916470e-01
   1.16120407e+02   6.51309448e+02   1.51199280e+02   7.58891418e+02
   6.72291183e+01   1.80678964e+00   4.64016113e+01   7.03680420e+03
   5.54982233e+00   1.02147789e+02   3.35899658e+02   8.43365479e+02
   0.00000000e+00   3.73968363e-01   1.96432068e+02   1.16259514e+02
   1.06151476e+01   1.05531042e+03   1.34005786e+03   3.75543042e+03
   1.02369617e+03   8.95707703e+01   2.91110809e+02   2.98875366e+03
   6.76670380e+01   0.00000000e+00   1.11976883e+02   3.64077393e+03
   5.12062073e+01   2.11087631e+02   1.47242371e+02   2.82715869e+03]
[  5.18014709e+02   2.68956985e+01   1.26189804e+00   6.08187771e+00
   1.22414923e+01   1.29341907e+03   8.11994247e+01   1.79055901e+01
   8.29642296e+00   3.80965546e+02   4.88937912e+01   6.88372040e+01
   7.67346069e+02   1.09472607e+03   1.36143646e+02   0.00000000e+00
   2.95542889e+01   6.56519775e+02   6.54838715e+01   7.66611290e+00
   5.29761658e+01   3.40615451e-01   4.01282272e+01   1.67643909e+03
   5.22770941e-01   7.36998224e+00   2.50618458e+00   4.30803223e+01
   1.94609108e+01   1.72587463e+02   2.42078552e+01   1.32526422e+00
   1.81695969e+02   1.75792770e+01   2.22156274e+03   2.25458740e+03
   3.08215904e+01   1.62031628e+03   2.98597145e+01   5.51201553e+01
   1.34255505e+01   2.93486080e+01   2.75803852e+00   2.97447453e+01
   2.15488281e+01   7.54695511e+01   5.78158997e+02   0.00000000e+00
   1.18483849e+02   3.70447006e+01   9.02165649e+02   1.11016162e-01
   2.55382519e+01   2.03370380e+01   0.00000000e+00   1.53474350e+01
   5.00137424e+00   1.75216961e+01   1.40214478e+02   7.53973465e+01
   9.77120304e+00   3.07624149e+01   1.51709995e+01   1.17933245e+01
   4.81872406e+01   2.53581161e+01   1.77604950e+02   1.01272717e+01
   1.54474411e+01   3.31009216e+01   1.66123524e+01   1.82392615e+03
   3.93394127e+01   1.05105811e+04   1.42884265e+03   1.33610191e+01
   1.15231590e+01   2.04996338e+01   9.89654541e+01   3.15208244e+01
   3.21034851e+01   6.17631645e+01   3.77210903e+00   1.88555775e+01
   3.10705185e+01   7.67398775e-02   1.40290210e+03   1.52557402e+01
   8.87906952e+01   1.42256250e+01   4.09407692e+01   2.83034306e+01
   1.67881279e+01   1.16845810e+02   1.56645767e+02   6.48013992e+01
   4.42313652e+01   4.90028839e+01   7.50535889e+01   9.54349747e+01
   1.06247306e-01   2.54231014e+01   4.60472488e+01   6.88288269e+01
   1.16468887e+01   5.94492865e+00   7.89945173e+00   2.80230542e+03
   3.21350517e+01   1.61918247e+00   2.49142151e+02   2.52268143e+01
   3.27124715e+00   5.38306503e+01   0.00000000e+00   0.00000000e+00
   1.85556011e+01   7.06387787e+01   2.45915918e+03   1.65173988e+01
   1.52499908e+02   4.05460167e+01   4.21981144e+00   9.94504261e+00
   2.64283872e+00   1.41642129e+04   1.61481991e-01   1.77047691e+01
   5.72758850e+02   1.47009247e+02   1.21512442e+01   1.60567062e+02
   2.86233704e+02   1.04663944e+01   1.94700049e+03   7.47321081e+00
   2.27997231e+00   3.35530472e+01   1.49705444e+03   4.08630333e+01
   1.53831882e+01   1.16880139e+03   1.12408049e-01   7.47696106e+02
   7.12477350e+00   7.66380463e+01   2.55976105e+00   8.19697266e+01
   5.17268555e+02   8.02702255e+01   3.02872009e+01   6.57224915e+02
   1.47136602e+01   1.01513931e+02   9.51740601e+02   2.33835278e+01
   3.61948547e+01   0.00000000e+00   7.38191414e+00   1.21748633e+03
   4.71650732e+03   4.35254053e+03   3.13655782e+00   1.61576023e+01
   2.79247303e+01   4.14968777e+00   9.71994553e+01   3.16857719e+01
   3.30871940e+00   2.29764996e+01   1.01825317e+02   0.00000000e+00
   4.32828516e-01   1.14477002e+03   1.75277519e+01   7.33774872e+01
   3.67439365e+00   4.80808067e+00   4.75329895e+01   8.29989258e+02
   3.80582855e+02   2.14263248e+01   8.65912720e+02   3.48722504e+02
   1.27675011e+02   4.55343933e+01   3.08507562e-01   2.78651094e+00
   9.00691299e+01   8.58176041e+01   8.48861618e+01   5.75404930e+00
   5.61814600e+03   3.90293808e+01   1.49170995e+00   4.01336212e+01
   2.68573952e+01   2.69650879e+01   6.44847488e+01   1.96624475e+03
   1.39676428e+01   1.63535976e+00   9.64357239e+02   4.28212433e+01
   2.03303948e-01   1.17286644e+01   1.93320325e+03   1.68454323e+01
   5.58236198e+01   1.72878571e+02   1.47897110e+02   1.69046569e+00
   4.24561249e+02   2.03983765e+01   1.29725922e+02   2.51131348e+02
   2.85790907e-03   9.71904449e+01   2.45271313e+03   5.76084717e+02
   0.00000000e+00   1.09366951e+01   2.56650186e+00   1.25928507e+01
   5.88480148e+01   7.04732544e+02   8.24947052e+01   6.46788559e+01
   6.95193100e+00   2.78118458e+01   7.28948641e+00   1.53757629e+03
   9.92484497e+02   7.83965393e+02   0.00000000e+00   0.00000000e+00
   6.19834137e+01   3.63406616e+03   1.68682373e+03   1.51021042e+01
   3.97105637e+01   4.91153069e+01   3.62634735e+01   0.00000000e+00
   6.92436409e+00   0.00000000e+00   1.36646802e+03   0.00000000e+00
   1.52756958e+02   3.59060631e+01   1.27281970e+03   4.07100334e+01
   7.62688303e+00   1.28443958e+03   4.04534241e+02   2.15916214e+01
   1.42035437e+01   3.03618069e+01   1.19325293e+03   8.07241211e+01
   1.39595642e+02   3.51644516e+00   1.08049548e+03   2.41807003e+01
   1.74589767e+01   0.00000000e+00   1.64580246e+02   6.83266783e+00
   7.43566871e-01   4.21477661e+01   2.32538672e+03   6.38044067e+02
   6.41581268e+01   6.37325421e-02   5.35694389e+01   6.09614677e+01
   2.37276642e+02   5.72730827e+01   3.64622536e+01   2.57031798e-01
   9.08432312e+02   9.45426865e+01   8.11805439e+00   1.80664526e+03
   7.69899673e+01   2.64416943e+01   4.65261841e+00   1.00028023e+02
   1.96752731e+02   6.57061615e+01   9.89139160e+02   4.20126839e+01
   2.06003532e+01   5.90159340e+01   2.82751980e+01   1.74414780e+02
   4.14562073e+01   1.04119507e+03   2.50978661e+01   5.69559375e+03
   2.86823792e+02   1.65628052e+01   2.14160352e+03   4.43814606e+02
   2.83329254e+02   9.97245102e+01   6.01496277e+01   2.92274200e+02
   5.29287796e+01   5.28969307e+01   0.00000000e+00   1.90096436e+01
   1.74095955e+01   5.90157776e+01   1.06886182e+03   4.04315186e+01
   2.30017993e+03   1.05726492e+00   1.05170667e+03   5.27232666e+01
   3.32145599e+02   4.42352295e+01   9.89708176e+01   3.89221039e+02
   6.70575256e+01   4.68619003e+01   1.47684932e+00   6.83877258e+01
   1.36363945e+01   2.37623920e+01   0.00000000e+00   1.49758759e+01
   0.00000000e+00   1.55179153e+02   2.21503377e+00   5.35031860e+02
   1.17000074e+01   1.04508659e+02   3.71074867e+01   6.35721130e+02
   2.88429127e+01   1.45441759e+00   1.61493225e+02   9.63536358e+00
   0.00000000e+00   4.84645271e+00   6.37915993e+01   2.52314854e+01
   1.23342886e+01   2.71450176e+01   3.52191353e+01   4.09955139e+01
   3.53390217e-01   9.93057098e+01   4.29235306e+01   4.92269482e+03
   8.59684525e+01   1.15367607e+02   1.33693329e+02   1.37351074e+01
   2.04101671e-03   9.78224869e+01   4.07284470e+01   1.05591217e+02
   1.35896643e+03   4.23443222e+00   3.64267464e+01   1.62218761e+00
   1.39667114e+02   5.23052444e+01   0.00000000e+00   3.80417908e+02
   1.87331848e+01   0.00000000e+00   2.11861191e+01   1.37287998e+01
   2.29850562e+03   5.57296658e+00   5.88996315e+00   2.01569691e+01
   3.06260757e+01   3.00939453e+03   6.90342163e+02   0.00000000e+00
   2.19746719e+02   5.36317635e+01   6.45268488e+00   5.51932156e-01
   3.36118546e+01   0.00000000e+00   2.04473230e+03   2.51339302e+01
   5.55415802e+01   5.52872696e+01   1.27010193e+03   6.43537964e+02
   4.76390190e+01   5.06852417e+01   6.11214714e+01   1.36442627e+03
   4.93154831e+01   5.54425468e+01   7.59841156e+00   2.96900988e-01
   8.85550003e+01   1.31552026e+03   4.02826920e+01   1.28294189e+02
   3.03476772e+01   1.06556824e+02   7.67632202e+02   7.75967407e+02
   7.40859413e+00   1.37449573e+03   5.64528748e+02   0.00000000e+00
   4.78717575e+01   4.46229792e+00   1.87664893e+03   3.39636955e+01
   5.21306213e+02   3.42926445e+01   1.29842529e+02   1.13725500e+01
   6.03500443e+01   1.18375439e+03   5.71819725e+01   5.79661407e+01
   1.04575381e+04   2.42883804e+02   1.02099342e+02   9.26527309e+00
   4.90496063e+01   1.16466431e+03   2.54731522e+01   1.30610327e+03
   1.52052429e+03   7.41194458e+01   1.87859364e+01   7.42287216e+01
   8.81786346e+00   8.12462463e+02   1.50949249e+02   4.38812637e+01
   7.72194672e+00   3.79957466e+01   0.00000000e+00   8.04267044e+01
   2.81443405e+01   8.50432301e+00   3.21931219e+00   2.84504070e+01
   1.50364852e+00   9.80671463e+01   1.69247570e+01   2.46085107e+03
   3.27191734e+01   3.34358984e+03   1.63846634e+02   1.20359087e+01
   9.67402344e+01   7.61156128e+02   2.99003239e+01   3.84236755e+01
   1.47367212e+03   2.35570526e+00   9.63519226e+02   2.39799911e+02
   1.70715504e+01   5.99086494e+01   1.68481476e+02   1.10961433e+02
   6.77849060e+02   2.43846777e+03   6.09875107e+01   1.37863220e+03
   1.74957061e+00   4.19099592e-02   1.44668159e+01   1.80579805e+00
   5.45092010e+01   3.60593796e+01   1.86865002e+03   0.00000000e+00
   5.02752762e+01   5.25542927e+00   5.45753784e+01   2.71423608e+03
   1.52659822e+00   1.26055375e-01   5.08108978e+01   7.39042816e+01
   8.80055618e+00   1.29173010e+03   6.39568542e+02   1.63451428e+03
   9.39471985e+02   1.98324509e+02   1.25235939e+02   1.52911777e+01
   2.91419629e+03   1.46550674e+01   1.95346987e+00   1.38564148e+03
   5.30194435e+01   1.99924255e+02   1.18147631e+01   8.12949829e+01
   6.56203979e+02   5.92353394e+02   1.33167725e+03   1.38143473e+01]
