bicycle
bus
car
motorbike
person
[ 22960026.     29922804.     17018604.     38106060.     19723538.
  23941104.      2851659.5     1409510.625  20923584.     26243380.
  16485470.      6223666.      1498351.125   2066822.5    19210562.
  20091938.     14996428.      7910765.     25492944.      3508925.75
  13159248.     31103872.      3807094.25    3647459.75    3464479.25
  35740028.     24858142.     22821056.      1076957.625   3849925.5
   7936637.5    31124342.     11118385.      1839510.625  52887764.
   7814190.      1904370.875   4162734.5    25349968.      4606307.5
  32998130.     12432155.     65789324.     17118066.     29618434.
   9669343.     21580162.     16635431.      3332290.      6176463.5
  64553236.      1665912.125   4333662.5     3756230.5     1563298.375
  12186819.     16004367.      1594561.375  23121594.      9909754.
  21135818.      5736925.     15987384.      4264807.5  ]
[  4.81176200e+07   6.54822100e+06   1.88568300e+07   3.51628844e+05
   1.37596130e+07   3.35710200e+06   2.42729580e+07   2.34439141e+04
   2.21637220e+07   8.00738100e+06   2.40219040e+07   1.60451900e+07
   6.33651836e+04   4.63639031e+05   6.80026500e+06   7.08883050e+06
   1.52340090e+07   4.54690000e+07   4.58430680e+07   1.25698462e+06
   5.28758789e+04   4.31126560e+07   3.82367875e+05   1.69771520e+07
   5.13655844e+05   1.05524960e+07   1.16730180e+07   2.77363906e+05
   1.29469000e+07   5.16275625e+04   2.35470520e+07   1.13529961e+05
   2.29583484e+05   2.66499480e+07   2.96529240e+07   6.04673562e+05
   1.87716406e+05   1.10378900e+07   3.00748000e+07   3.57027200e+07
   5.52823650e+06   5.88407688e+05   1.32684340e+07   8.21934400e+06
   6.05707120e+07   3.53816720e+07   5.86407500e+04   4.48653720e+07
   1.75426140e+07   7.96192812e+05   5.37482150e+06   3.38014320e+07
   4.59447800e+07   2.57158440e+07   2.63062800e+06   3.28228900e+07
   7.75634100e+06   5.11389720e+07   8.45299000e+05   1.46599600e+07
   3.98151520e+07   6.13372217e+03   1.17619740e+07   5.04263160e+07]
[  4.35835500e+06   9.39726200e+06   2.62252438e+05   1.37699219e+05
   1.27658766e+05   8.46842871e+03   7.37560062e+05   1.01018494e+06
   4.67836523e+04   1.32410362e+06   1.20599600e+07   2.27818328e+05
   3.22124375e+06   4.06993125e+06   6.11274023e+04   1.10725566e+04
   4.13125150e+06   9.93038750e+04   8.52478688e+05   5.25853400e+06
   3.99827656e+05   4.29665430e+03   1.35130760e+07   1.35398520e+07
   7.20211150e+06   0.00000000e+00   2.32265550e+06   1.85421675e+06
   2.90502531e+05   9.32456600e+06   1.00694150e+04   4.97630250e+06
   2.77014900e+06   5.40608150e+06   6.26163950e+06   6.20189050e+06
   1.59848550e+06   1.58207110e+07   5.83302750e+05   3.33026523e+04
   7.53182450e+06   5.40660550e+06   4.61992300e+06   1.25739110e+07
   5.34604350e+06   1.08506953e+05   1.76210160e+07   8.26968555e+03
   1.33686088e+06   7.57843562e+05   1.37198700e+06   6.49039883e+04
   5.23452950e+06   9.06095688e+05   1.27477080e+07   8.90024500e+06
   1.99312859e+05   2.72241172e+04   2.47284047e+05   2.84635719e+05
   3.28417469e+05   1.50836330e+07   1.18436420e+07   6.20405350e+06
   2.10744740e+07   1.94683275e+06   1.57602890e+07   9.13974600e+06
   4.03732906e+05   3.90135575e+06   7.65726300e+06   1.00350030e+07
   9.26721062e+05   2.73797285e+04   0.00000000e+00   2.09175725e+06
   1.28824000e+05   9.23148000e+06   3.40817775e+06   7.60015875e+05
   3.25719316e+04   2.38334700e+06   2.73106450e+06   9.86757910e+03
   8.81157500e+06   3.16432825e+06   4.02736075e+06   2.68279590e+04
   8.88670600e+06   1.16490300e+06   9.42016400e+06   3.64346575e+06
   2.65338950e+06   3.70693625e+06   6.19127188e+05   7.24819350e+06
   1.70773694e+03   2.15387350e+06   2.18850859e+05   4.35368086e+04
   7.93653550e+06   9.92637656e+04   1.22050888e+06   3.30118700e+06
   2.91030078e+03   2.86315950e+06   1.09711338e+04   1.41534825e+06
   2.25214275e+06   5.90038625e+05   1.17520398e+05   8.73740000e+06
   2.16489400e+06   3.49562725e+06   9.60034600e+06   8.93114900e+06
   1.59160912e+06   1.27997925e+06   5.33498650e+06   3.67487525e+06
   2.23772200e+06   5.42390150e+06   7.51567375e+05   4.00764875e+06
   1.42618488e+06   1.03390078e+04   2.17322960e+07   2.35819092e+03]
[  3.17052225e+06   2.19553825e+06   1.00921273e+05   0.00000000e+00
   4.11911484e+04   5.13053250e+06   1.29517288e+06   1.18487875e+06
   1.33150720e+07   6.48288350e+06   7.89099650e+06   4.74113500e+06
   1.84291088e+06   1.54635488e+06   1.06251699e+04   3.14757050e+06
   3.59850750e+06   4.66950800e+06   1.33103038e+06   6.65482520e+03
   9.52625100e+06   7.65766650e+06   2.82201938e+05   1.40123375e+05
   1.09776650e+06   5.39094938e+05   1.73878412e+06   9.79720600e+06
   2.35785891e+05   6.89932750e+06   1.12543047e+04   1.61915690e+07
   4.79248900e+06   1.14887925e+06   6.24700688e+05   4.02445800e+06
   2.88576500e+06   1.10988440e+07   2.80947719e+05   3.74336211e+04
   2.55701125e+05   4.69099258e+04   7.24085632e+02   1.61629688e+05
   1.02818650e+06   7.58159300e+06   4.12759850e+06   1.03980830e+07
   3.15584075e+06   2.00586320e+07   1.43040225e+06   4.78136200e+06
   2.87601975e+06   4.66176550e+06   6.39074438e+05   1.30103156e+05
   9.96973300e+06   1.07255727e+05   1.43532422e+03   3.62318650e+06
   6.36875250e+06   2.91438775e+06   9.99007200e+06   4.93572350e+06
   2.16322938e+05   1.09183030e+07   4.43031602e+04   8.94511600e+06
   4.43080150e+06   5.96189800e+06   3.54006188e+05   1.21549870e+07
   1.33757940e+07   2.11731425e+06   1.89080800e+07   2.82822388e+02
   5.84881200e+06   9.95830688e+05   2.09148680e+07   2.89440725e+06
   3.34523200e+06   2.61823887e+04   1.38774710e+07   4.06824925e+06
   2.55149672e+05   4.96400400e+06   1.17160047e+05   1.69937888e+06
   1.56769391e+05   1.49685175e+06   2.28822168e+04   6.01197350e+06
   5.41496000e+05   1.20780050e+07   1.90889641e+05   5.98840700e+06
   7.93597656e+04   6.07756750e+06   9.12622188e+05   1.42220490e+07
   1.62186609e+05   1.07933820e+05   1.30853110e+07   3.70679932e+03
   1.77753184e+04   1.68473280e+07   2.76531725e+06   2.32212275e+06
   1.35671740e+07   3.03347700e+06   1.15619727e+04   6.75040250e+06
   1.15012305e+05   2.67377060e+07   3.92930375e+06   2.48201775e+06
   1.33270138e+06   5.56449300e+06   2.51914414e+04   1.80395125e+05
   1.14564110e+07   2.72621400e+06   4.38171045e+03   4.57604650e+06
   5.69907850e+06   8.36559250e+05   8.10906050e+06   4.36557700e+06]
[  0.00000000e+00   5.85156445e+03   9.61236250e+05   1.28474863e+04
   2.80101196e+03   4.87395459e+03   1.99788477e+03   5.91885376e+01
   3.53708800e+06   6.02472510e+03   7.67810303e+02   2.74687646e+03
   0.00000000e+00   1.98022461e+04   3.25004219e+04   1.13914707e+04
   1.04199312e+05   9.41449438e+05   5.18813232e+02   1.71385391e+05
   3.69423279e+02   1.81287109e+04   9.44879141e+04   8.68576172e+03
   1.20973691e+04   7.76709106e+02   2.32561775e+06   0.00000000e+00
   3.96154443e+03   1.51300438e+05   1.19998646e+01   1.42673450e+03
   0.00000000e+00   6.39643000e+05   6.31677109e+04   1.59363138e+06
   1.90326938e+06   1.73992637e+04   8.41592163e+02   1.41815742e+04
   1.11858496e+03   6.47592896e+02   2.36072021e+03   1.44760766e+05
   1.26765723e+03   5.58744278e+01   5.32821617e+01   5.15561646e+02
   3.27927852e+04   4.06494258e+04   1.62847393e+04   1.15028638e+03
   1.46563512e+06   5.68900859e+04   2.16355381e+01   1.58408223e+04
   5.26686250e+05   5.20073188e+05   1.90061389e+03   0.00000000e+00
   1.88948625e+05   5.84711836e+04   3.10801938e+05   1.28354727e+05
   4.55151939e+01   2.94498169e+03   1.19942505e+03   9.06841187e+02
   3.87301636e+03   1.17321602e+05   1.20234925e+06   1.76039650e+06
   0.00000000e+00   1.62657402e+04   2.98713207e+01   1.09806885e+02
   1.37121094e+04   4.95416312e+05   9.09904688e+05   5.72811688e+05
   3.97953438e+05   1.72595813e+03   2.60778223e+03   1.04683975e+04
   1.34697288e+06   2.98690375e+06   4.68146688e+05   1.91448325e+06
   2.51122922e+05   5.13805466e+01   5.46759473e+03   3.08018633e+04
   8.83338875e+05   1.05373027e+04   0.00000000e+00   7.97550439e+03
   6.48534668e+03   1.33187675e+06   2.76050171e+02   1.09318562e+05
   8.99862695e+03   1.04833703e+05   1.42191650e+06   2.37249797e+05
   9.67602051e+03   2.58520664e+04   8.78832617e+03   1.51130261e+03
   6.81390305e+01   5.18848219e+05   9.59053438e+05   2.45091621e+04
   8.31808662e+00   7.50111572e+03   4.52472773e+04   7.33595752e+03
   2.92894602e+00   1.08256570e+05   5.33951172e+02   2.14865425e+06
   1.43277453e+05   1.66513138e+01   1.82983398e+04   7.35953918e+02
   5.50185938e+03   2.64294062e+05   8.23991150e+02   0.00000000e+00
   9.22425062e+05   6.03458496e+03   2.91578174e+03   9.13282715e+03
   1.00551465e+04   9.19244812e+05   7.47912842e+02   3.32289282e+03
   3.46807300e+06   1.48360312e+05   5.86927383e+04   0.00000000e+00
   5.82930713e+03   1.48981533e+04   7.75579297e+03   8.20989250e+05
   2.37618335e+03   2.15061600e+06   2.29924414e+03   1.56791772e+03
   3.51771906e+05   4.75105194e+02   2.00270947e+03   1.89027686e+03
   1.19697402e+04   8.50888984e+04   4.76704062e+05   7.26395117e+03
   2.58369238e+03   2.18020750e+05   1.04409031e+06   9.89875875e+05
   2.62684497e+03   6.41769883e+04   5.56463062e+05   3.61685767e+03
   1.47833500e+05   3.42326175e+06   1.13944275e+06   5.38460250e+05
   4.68235750e+05   1.86147412e+06   1.59280200e+06   2.56373462e+03
   1.90661738e+04   6.62779750e+05   4.11535205e+03   9.78298145e+03
   1.02547588e+06   9.77478027e+03   1.68164475e+06   1.71289391e+05
   4.99911250e+05   1.05581734e+05   6.64533188e+05   5.69579453e+04
   1.18663389e+04   6.28999756e+03   7.31262500e+04   1.38690537e+04
   2.42723969e+05   6.40552686e+03   1.65038477e+03   2.87730625e+06
   0.00000000e+00   1.75406625e+06   4.41230446e-01   3.05070000e+06
   1.59166787e+04   7.73751938e+05   1.86953550e+06   7.13066812e+05
   1.45533582e+03   1.73377162e+06   3.20132525e+06   8.84439774e+01
   8.14442812e+04   3.42245140e+01   3.63521826e+03   5.39645117e+03
   3.07274512e+03   1.10524262e+06   9.76238125e+05   6.91633750e+05
   7.70108984e+03   2.90107910e+04   4.89106083e+00   5.19650664e+04
   1.20652393e+03   1.50775250e+06   4.02717266e+04   2.28508545e+03
   8.15800964e+02   2.10398486e+03   1.21018115e+03   4.66692344e+05
   8.60379375e+05   0.00000000e+00   1.14778412e+02   5.04850312e+04
   2.37352219e+02   1.10931000e+06   8.62782812e+04   3.86176949e+01
   5.04445750e+05   4.95468701e+03   4.64386375e+05   1.27052124e+03
   1.29336780e+03   2.96295000e+05   3.69114750e+05   3.09659253e+03
   1.98425031e+05   1.46981100e+06   1.98103235e+03   5.36879639e+02
   6.15706289e+04   5.17411475e+03   4.78528174e+03   2.05854639e+03
   5.91826660e+03   1.26523219e+05   3.39959326e+03   1.57804761e+03
   2.46875000e+03   1.18400135e+01   6.89013379e+03   3.62221281e+05]
[  9.57837000e+05   4.59110107e+03   2.28234570e+03   6.18176660e+03
   1.92218338e+06   1.42964300e+06   3.58391125e+05   1.77812561e+02
   4.32754336e+04   5.53902039e+02   1.67705887e+02   1.25054619e+04
   3.98986890e+03   1.27890449e+04   4.78938916e+03   4.93120850e+03
   1.04742744e+02   8.32336182e+02   1.34667950e+06   4.08128125e+04
   3.33482718e+00   7.11958923e+02   2.40886932e+02   1.02829781e+05
   1.10454453e+02   2.83015942e+03   4.38672791e+01   1.99242781e+05
   1.17276738e+04   6.78810043e+01   6.81196172e+04   1.47013164e+04
   2.05389922e+04   1.32099484e+05   2.54551699e+04   1.35324922e+05
   5.35420361e+03   3.02059113e+02   6.35804736e+03   0.00000000e+00
   3.28541219e+05   9.86182520e+03   3.96814795e+03   3.38086768e+03
   3.94738257e+03   8.21465137e+03   1.96884281e+05   3.93333945e+04
   1.21939633e+05   7.30028564e+02   4.24309082e+03   2.24562524e+03
   3.15278638e+03   4.59134863e+03   3.32016844e+05   5.77874938e+05
   1.68250312e+05   2.17888828e+05   1.36921934e+04   2.89437256e+02
   3.07955518e+03   3.59486094e+04   4.58616257e+01   1.02083511e+02
   0.00000000e+00   1.15118391e+05   2.75840750e+05   2.52186295e+02
   3.40947266e+02   1.90600137e+04   9.62408625e+05   1.49482155e+00
   2.92817812e+04   2.84767993e+03   9.18381406e+04   5.52939297e+04
   1.37932297e+05   5.84386084e+03   4.72980977e+04   1.92034250e+05
   1.40191727e+02   1.16345381e+04   1.85900612e+01   3.89342305e+04
   3.29959814e+03   5.23900195e+04   8.50554260e+02   1.65804082e+04
   6.83648242e+03   3.24910156e+04   1.38368545e+04   1.26925020e+04
   1.36013408e+04   1.55269047e+05   3.17363599e+03   3.45441322e+01
   6.39908047e+04   8.66197586e+01   1.92646621e+04   4.36069188e+05
   5.51635449e+03   8.44042656e+04   9.00410188e+05   7.29826202e+01
   1.58384058e+03   6.39538828e+04   4.19105273e+04   3.02602539e+04
   4.10191641e+04   1.32427775e+06   5.16238721e+03   1.00998019e+06
   5.85088928e+02   1.49314038e+03   5.76466309e+02   7.45121191e+03
   4.50439062e+03   6.30088867e+03   8.42869453e+04   1.68317125e+05
   2.83612754e+04   2.06535721e+02   1.18549062e+04   2.63680406e+05
   3.63779199e+03   2.11669922e+02   1.06024523e+01   2.47296094e+04
   7.39643982e+02   1.82926125e+06   2.88707969e+04   6.32505127e+02
   6.99721436e+03   1.34010212e+06   2.49448071e+03   9.78745898e+03
   1.43713379e+04   7.05906438e+05   4.82805908e+03   1.25329338e+02
   1.23822868e+02   7.56583679e+02   9.86821289e+03   3.35229258e+04
   1.14773417e+00   7.34711670e+03   2.97019434e+03   0.00000000e+00
   2.24642277e+01   6.63974670e+02   1.53937912e+02   3.17911016e+04
   6.46669500e+05   4.57732891e+04   1.41233801e+03   2.47953891e+05
   5.46077942e+02   9.29655647e+00   6.47813086e+04   1.48050188e+06
   1.48261436e+04   3.64651318e+03   1.91325122e+03   1.15627922e+02
   7.26527875e+05   0.00000000e+00   5.93696016e+04   2.03640784e+03
   6.61671312e+05   1.85659388e+06   3.36424377e+02   4.73836756e+00
   6.05227979e+03   3.18129156e+05   3.16876594e+05   1.05119348e+03
   2.99009448e+03   4.09020337e+03   6.06514941e+03   5.02786331e+01
   4.64722803e+03   1.70759082e+04   2.69436157e+02   1.44685771e+04
   1.76050739e+01   9.57710693e+02   1.53457906e+05   8.14173193e+03
   1.59338647e+03   8.98097305e+01   7.25311438e+05   1.46787793e+03
   6.90374756e+01   6.10613428e+03   4.04830000e+04   1.09024304e+03
   1.97733066e+04   4.93708594e+04   7.12141938e+05   1.69963570e+01
   1.01128380e+02   0.00000000e+00   4.13129125e+05   2.60074102e+04
   4.13600625e+04   8.13536835e+01   1.54122061e+04   1.01443744e+06
   7.42978906e+04   2.25356500e+06   9.04842854e+00   5.11934863e+03
   7.22772803e+03   5.72947656e+04   1.66848645e+03   4.10004344e+05
   6.37377383e+04   2.44012832e+04   4.58420654e+03   9.23264453e+03
   2.86200952e+03   3.49380005e+03   1.37309277e+03   1.79759064e+02
   3.97896423e+01   8.59765703e+04   7.28630000e+04   2.50168164e+04
   2.24514893e+03   8.62595940e+00   4.91496277e+02   2.97353857e+03
   3.93797219e+05   2.85605103e+03   1.07094925e+06   6.34122119e+03
   5.98523828e+03   8.63293062e+05   0.00000000e+00   1.20611458e+01
   1.16898838e+04   1.80815016e+05   1.25469840e+00   0.00000000e+00
   7.68423096e+02   9.15832672e+01   4.70517432e+03   8.36634644e+02
   2.91560250e+05   1.09082727e+05   8.42805469e+03   2.66263027e+04
   1.34976299e+04   5.20809031e+05   4.13431494e+03   9.58359844e+04]
[  1.20915148e+05   2.21799355e+04   8.25234985e+02   6.27202209e+02
   3.16760281e+05   9.91959277e+03   1.19127883e+05   5.14086719e+03
   1.75138733e+03   1.08516662e+06   4.92757695e+04   2.52698965e+04
   3.14981421e+03   1.21766138e+03   3.12165869e+03   8.71542114e+02
   2.35035725e+01   6.64024109e+02   1.33100784e+02   1.44337000e+03
   1.52137705e+04   7.90871172e+04   2.88232598e+04   1.54777666e+04
   1.77588159e+03   3.76855117e+04   7.04462598e+03   3.73174688e+04
   3.29848828e+04   5.33465562e+05   3.20943787e+02   2.12763613e+04
   9.69487422e+04   8.97098594e+04   1.39918762e+03   2.00465000e+04
   6.05741625e+05   1.25183050e+06   2.95157739e+03   1.33522912e+06
   3.77155853e+02   2.81106567e+03   1.42973311e+04   1.53595484e+05
   4.66499766e+04   7.47985449e+03   2.38483447e+03   1.04209482e+04
   3.63309648e+04   6.25643359e+03   1.88847754e+04   9.19855500e+05
   3.61970001e+02   4.23448219e+01   9.78239563e+02   1.40670935e+03
   1.52883164e+04   8.16150234e+04   4.19780922e+00   1.00163926e+04
   2.38294434e+03   1.02458008e+05   2.61567114e+03   4.45058887e+03
   2.72281079e+03   2.59830508e+04   3.58175146e+03   1.57889297e+04
   3.16470625e+05   5.92291367e+04   1.45983797e+05   1.24061865e+04
   5.68270781e+04   1.21705674e+04   1.28223766e+05   1.44253703e+05
   8.34410938e+04   7.75172578e+04   3.68097734e+04   4.37523340e+03
   5.62232178e+02   3.80162109e+02   6.52856680e+04   3.83118378e+02
   2.01532031e+04   4.96436539e+01   5.26841641e+04   3.44399017e+02
   2.49567051e+01   1.36512195e+03   4.36324677e+02   3.05662201e+02
   1.42945352e+04   3.21867065e+02   9.84069219e+04   2.84445312e+02
   1.58346268e+02   8.51136484e+04   7.00952938e+05   2.60417703e+05
   2.17973125e+05   1.08581039e+05   3.61141876e+02   7.96623352e+02
   7.37137969e+04   3.55465479e+03   2.09975625e+05   6.78789844e+03
   4.64123505e+02   9.44267285e+03   6.89297031e+04   6.43182422e+03
   1.87921660e+04   3.08634985e+03   1.36800574e+03   1.21577219e+05
   2.72961914e+04   5.59730938e+04   1.64657266e+05   7.86028672e+04
   0.00000000e+00   5.56038188e+05   9.06827031e+04   6.11168711e+04
   1.50863750e+05   7.22794824e+03   1.81125957e+04   9.95468330e+00
   2.30766052e+02   1.91918533e+02   1.95491296e+03   2.58296660e+04
   1.47544785e+04   2.89708228e+03   6.92872344e+04   5.83306152e+03
   2.81567461e+04   1.97171812e+05   5.97229727e+04   1.26904663e+03
   2.12623749e+01   5.84061602e+04   9.65999084e+02   2.85633184e+04
   5.04547803e+03   6.17391328e+04   5.99438672e+04   1.75887589e+02
   2.22961531e+05   9.85983594e+03   5.22950098e+03   2.99592129e+04
   7.30629333e+02   2.78194469e+05   7.01779709e+01   3.71997998e+03
   1.40352719e+05   5.19309229e+03   2.61513172e+05   4.50410828e+02
   2.33476001e+03   7.27942444e+02   5.59465547e+04   6.02365527e+03
   2.66916748e+03   1.81142148e+04   1.83994590e+04   1.30947180e+05
   1.28681702e+03   1.32243281e+04   1.85897888e+02   3.94993945e+03
   5.28036768e+03   3.18001978e+03   3.01831230e+04   4.92905664e+03
   1.56718516e+04   2.40388110e+03   2.24037594e+05   2.45223594e+04
   4.84204895e+02   1.88345527e+04   1.05478516e+05   4.13816328e+04
   3.13830020e+04   4.00099487e+02   9.72352266e+04   1.13099084e+03
   1.41034199e+04   5.71031000e+05   2.66778809e+04   5.69908984e+03
   1.01728986e+03   4.65977969e+04   3.91257591e+01   1.15897949e+04
   4.55639258e+04   6.75150098e+03   8.07243828e+04   1.65326062e+05
   1.88177246e+04   6.50968811e+02   2.52191836e+04   8.31176797e+04
   6.54996289e+04   1.57998245e+02   1.78951777e+04   2.03605781e+04
   4.17814023e+04   7.32688308e-01   4.40821680e+03   7.26090381e+03
   2.18706797e+04   1.05801689e+04   9.42523047e+04   2.60123749e+01
   2.99750806e+03   2.45302441e+04   2.38364966e+03   2.29983844e+05
   4.37459102e+04   3.54026978e+03   5.03939551e+03   2.23788359e+04
   2.32231309e+04   0.00000000e+00   1.28406418e+02   1.73548516e+04
   1.11126111e+03   2.58970430e+04   6.81322998e+03   1.73655508e+04
   9.32132019e+02   1.90052207e+04   9.26311438e+05   2.33807812e+04
   3.01445508e+03   5.98822363e+03   6.78409438e+05   1.56127478e+03
   1.86039587e+03   1.58946884e+02   3.21827930e+03   5.21916443e+02
   3.36819023e+04   5.43148000e+05   1.37072739e+02   8.28522415e+01
   1.10384383e+05   2.75902266e+04   1.38549581e-01   4.87275938e+04
   5.12126221e+03   2.29397900e+03   4.49853333e+02   2.51055898e+04]
[  1.76675159e+03   9.74484766e+03   6.56839209e+03   1.67905996e+04
   4.71415436e+02   9.01691016e+04   1.64335846e+02   2.34966895e+03
   1.68867741e+01   1.39638367e+02   3.03131348e+04   5.74984619e+03
   7.72893701e+03   1.21005342e+04   5.62855859e+03   2.19078934e+02
   8.59081738e+03   2.66835391e+04   5.00408594e+04   5.45028662e+03
   1.50872729e+03   1.00869422e+05   4.08640479e+03   1.98409363e+02
   5.81128086e+04   1.45058574e+04   8.33214219e+04   2.74536108e+03
   8.64630859e+04   1.13692812e+04   1.13640996e+04   1.23195461e+05
   1.92713691e+04   1.03658545e+04   8.43662305e+03   1.48933703e+05
   4.98305547e+04   1.76398145e+03   1.20928543e+02   2.51602383e+04
   4.26573334e+01   6.55153633e+04   2.87061328e+04   5.71192344e+04
   1.58571399e+03   2.60070435e+03   2.01295332e+04   2.80094746e+04
   2.87346911e+00   5.14446250e+04   1.02778961e+05   2.02344885e+03
   1.60697377e+00   3.27688242e+04   1.02626621e+04   8.41693066e+03
   8.94412964e+02   1.28456836e+04   2.08288696e+02   5.15945923e+02
   5.88980225e+03   1.42913031e+05   2.46961523e+04   1.95087952e+03
   8.63133496e+03   1.59998340e+04   1.34370575e+02   2.76806183e+02
   1.98158984e+04   1.01503851e+03   3.40019609e+04   1.76123474e+03
   6.97237891e+04   2.98268286e+03   4.60726786e+00   1.97739966e+03
   8.61559814e+02   1.78172340e+01   6.81775938e+04   2.09036562e+04
   1.09277786e+02   7.51054639e+03   2.18092012e+04   6.96956875e+04
   1.10091416e+04   4.75352526e+00   2.71448535e+03   2.70300903e+03
   8.62129922e+04   3.24280156e+04   7.17422998e+03   3.29270874e+02
   1.13184875e+05   3.05575269e+03   8.68769688e+04   1.64193555e+04
   6.08523086e+04   2.70905823e+02   4.27853555e+04   4.70134180e+04
   2.98411855e+04   2.72967133e+02   1.15020250e+05   5.86692725e+03
   2.06384609e+04   2.19225527e+04   1.22037537e+03   1.01923789e+05
   5.69870898e+04   3.99456055e+02   1.23982715e+04   1.00379120e+03
   7.75807471e+03   3.28884850e+01   3.63291473e+02   4.10091875e+04
   7.56496048e+00   5.87236719e+04   7.20069763e+02   3.03306211e+04
   6.17904541e+02   2.89004395e+04   3.65654961e+04   2.14874072e+03
   9.34944824e+03   6.49798906e+04   2.58707959e+03   3.13043301e+04
   3.09303516e+04   4.20990527e+03   6.85724731e+02   5.14851172e+03
   2.38234805e+04   4.81517461e+04   3.52039922e+04   2.26356476e+02
   1.68760059e+04   1.46883154e+00   2.16642410e+02   7.79268444e-01
   2.53529434e+04   2.05360687e+02   1.21215381e+04   2.32903814e+00
   9.91815918e+02   1.46290088e+03   4.09207306e+02   1.43369600e+04
   4.33293182e+02   5.03881299e+03   7.74012266e+04   2.57365967e+03
   7.64977417e+02   4.78260791e+03   1.77578964e+02   0.00000000e+00
   2.55647049e+01   3.19817169e+02   1.59510056e+02   1.10720703e+05
   1.96651875e+04   2.22932471e+03   8.22950488e+03   6.67661743e+01
   5.25837148e+04   1.00406133e+04   6.67500156e+04   1.90770508e+02
   4.31656289e+04   8.31343750e+04   3.32590942e+02   3.76365405e+03
   7.02989746e+03   1.87112329e+03   4.63703203e+04   3.50086719e+04
   2.40161191e+04   1.58338330e+04   1.09224180e+04   1.50846802e+03
   4.56157305e+04   1.90160022e+03   2.78856270e+04   1.71133770e+04
   1.20538574e+04   6.70074219e+04   7.27004375e+04   3.14973975e+03
   1.42647620e+03   3.88640918e+03   2.70977979e+03   1.66089062e+04
   1.48506338e+04   1.23995398e+05   1.06818234e+05   9.27354844e+04
   3.00353926e+04   7.89924414e+03   1.56994229e+04   3.69353485e+02
   8.09087344e+04   4.16472656e+03   5.21187195e+02   7.32140625e+04
   5.15953320e+04   8.12402466e+02   3.37054023e+04   2.78668750e+04
   4.43444300e+00   2.48357162e+01   1.75893738e+03   4.61089508e+02
   1.08469879e+02   4.86689301e+02   1.79029824e+04   6.88067920e+03
   7.40377002e+03   2.10970840e+04   2.13691230e+04   1.91958984e+04
   2.08471699e+04   6.04528672e+04   4.76395912e+01   2.25323620e+01
   3.15006016e+04   3.87536163e+02   6.01201172e+02   0.00000000e+00
   1.22365318e+02   9.72515625e+03   1.41855499e+02   9.58558426e+01
   5.75611719e+04   2.56113125e+04   5.20280352e+04   4.01737671e+03
   7.17571484e+04   3.41106934e+03   1.52257422e+04   3.81166680e+04
   8.40312598e+03   2.98753242e+04   2.97846753e+03   4.69998125e+04
   2.27605331e+02   6.11827148e+04   1.79537891e+04   5.70849609e+01
   2.26597441e+04   1.78432578e+04   1.94863926e+04   6.82864375e+04
   1.43749717e+04   9.34357109e+04   4.16370039e+04   1.92778926e+04
   1.10286930e+05   5.24087646e+02   7.06134567e+01   8.57932422e+04
   6.74477266e+04   4.15038757e+01   2.02078027e+04   2.24138232e+03
   3.30614815e+01   3.24548262e+04   1.03263794e+03   1.04765461e+05
   1.83683809e+04   8.94034119e+02   5.47257376e+00   1.62417065e+03
   1.10839868e+03   1.52289050e+03   9.60590469e+04   3.81137969e+04
   1.72370374e+00   1.80005585e+02   7.77376641e+04   1.00558047e+04
   3.07766876e+01   5.63647461e+02   7.13901953e+03   6.65668438e+04
   5.07770935e+02   6.03053125e+03   3.90569649e+01   6.94721558e+02
   3.44943237e+03   2.86929453e+04   1.14126279e+04   5.29120752e+03
   4.18868164e+04   1.87298770e+04   3.96844375e+04   6.60900098e+03
   1.16188881e+02   2.56645233e+02   7.89279150e+03   4.72448828e+04
   5.07308868e+02   3.39898877e+03   7.05334619e+03   2.01126358e+02
   8.68059570e+02   1.75103281e+04   2.72950122e+03   1.04280847e+03
   5.95586172e+04   2.56133575e+02   2.50821960e+02   6.65898340e+03
   1.69630890e+02   6.84066895e+02   6.16063984e+04   5.54839375e+04
   1.77394501e+02   6.47176055e+04   1.49329814e+04   4.76501709e+03
   2.16636475e+03   1.74887988e+04   1.26028570e+05   2.14394336e+03
   1.19018859e+05   9.09100078e+04   7.00367812e+04   3.02064102e+04
   1.63152217e+04   6.17253418e+02   4.65391875e+04   5.07058447e+03
   4.50195312e+04   4.29722070e+03   1.93143082e+02   4.68053633e+04
   1.55010239e+02   2.60560723e+04   2.14159521e+03   1.31385439e+04
   8.42473047e+04   5.62087109e+03   1.87403594e+04   9.30098694e+02
   6.02923950e+02   1.67460527e+04   1.22639727e+04   2.07511279e+03
   7.86412939e+03   4.67337311e+02   4.40263398e+04   8.66387177e+01
   2.29395737e+02   5.01695078e+04   1.23907080e+04   8.44789978e+02
   5.02236719e+04   7.36237122e+02   4.78202148e+04   1.22028271e+04
   3.79503086e+04   4.19265820e+04   2.44015228e+02   2.50444672e+02
   4.23027881e+03   4.46033661e+02   1.10022562e+05   3.58248584e+03
   2.97843867e+04   1.46701543e+04   1.20246885e+04   2.09156250e+03
   1.21683643e+04   7.21293457e+03   3.76212070e+04   8.06851562e+03
   4.38824402e+02   7.06930908e+03   5.13890747e+02   6.36576965e+02
   2.90138496e+04   6.02018555e+03   7.06542419e+02   7.15828906e+04
   2.02592012e+04   4.27359521e+03   1.72914661e+03   1.56647646e+04
   4.56655304e+02   1.67279617e+02   9.40744824e+03   3.20147729e+03
   5.90261572e+03   1.87186738e+04   2.48453359e+04   7.22057812e+04
   1.07395693e+04   3.08699585e+03   3.65264478e+03   8.12084351e+02
   2.18594955e+02   2.42759199e+04   3.46198047e+04   5.73016445e+04
   1.39708594e+04   1.70300996e+04   5.98668408e+03   1.42290985e+02
   1.52384796e+01   6.24955521e+01   9.15895703e+03   1.51535166e+04
   1.30375039e+04   2.11762558e+02   3.88308164e+04   4.11416094e+04
   5.09103955e+03   2.26269766e+04   2.78293535e+04   3.43627246e+03
   5.01405420e+03   7.64679639e+03   1.04856543e+03   6.65385625e+04
   9.56967422e+04   1.66058926e+04   2.62907090e+04   4.07133496e+03
   7.23361484e+04   1.41829236e+03   2.08895850e+03   5.40810547e+03
   2.13207520e+04   5.83209609e+04   5.36173291e+03   1.80159607e+03
   1.49574158e+03   7.65944580e+02   2.95880410e+04   8.29963672e+03
   1.37607051e+04   5.99049854e+03   6.42386084e+03   1.78004217e+00
   0.00000000e+00   8.06163516e+04   1.33697281e+02   2.20458438e+04
   1.47669238e+03   8.52941484e+04   5.63107471e+03   8.51049062e+04
   2.65748105e+04   0.00000000e+00   4.72928760e+03   0.00000000e+00
   5.97429077e+02   1.83825527e+04   5.83863945e+01   1.12911987e+03
   5.17460144e+02   8.74726758e+03   3.60754852e+02   1.08096797e+04
   2.83123555e+04   6.65012109e+04   1.71481091e+03   1.31991928e+02
   8.87443665e+02   5.08682471e+03   3.46393242e+01   4.10117188e+03
   1.48663906e+04   1.42402679e+02   2.11659351e+03   4.53785742e+03
   1.04051602e+04   6.58636621e+03   7.04834375e+04   0.00000000e+00
   5.51344543e+02   1.51707559e+04   3.92577617e+04   2.06445840e+04
   4.82890156e+04   2.27420395e+02   7.40018799e+02   4.83973169e+00
   1.91024395e+04   9.79417236e+02   1.31433328e+05   9.30207642e+02
   6.98737500e+03   1.55702539e+04   2.49112939e+03   2.65445581e+03
   1.80989661e+03   1.24248203e+05   4.69535352e+03   3.76129414e+04
   5.46693652e+03   8.65491409e+01   1.44488506e+01   2.15564336e+04
   1.78085391e+04   1.12538844e+05   1.33615503e+03   3.02596321e+01
   4.67779297e+04   3.92053284e+02   6.11202271e+02   1.21456695e+05]
[  5.01946826e+03   1.20774395e+04   2.93410791e+03   1.00772415e+02
   5.48371055e+04   8.45828018e+01   7.55633359e+04   2.48852852e+04
   6.90385078e+04   9.81520630e+02   5.19338928e+02   9.78083301e+03
   1.03415657e+02   7.53657578e+04   5.42020801e+03   4.77041245e+01
   1.25843408e+04   5.12407764e+03   2.35669385e+03   8.25264258e+03
   2.47627539e+03   1.36385000e+04   9.07695740e+02   3.07005890e+02
   2.37776886e+02   3.09224707e+04   2.62459961e+03   1.67985137e+04
   1.30777148e+03   3.25896881e+02   6.19973030e+01   8.41766739e+01
   4.11257422e+03   9.07567120e+00   4.22830078e+02   2.30198779e+03
   3.87337915e+03   3.01449890e+01   1.87819922e+04   8.88662476e+02
   1.36442529e+04   9.42473145e+03   5.93468742e+01   3.75460000e+04
   1.05259922e+04   4.33583282e+02   2.34970483e+03   1.42116174e+03
   4.21437378e+02   9.66770996e+02   2.68516144e+02   1.20717134e+01
   0.00000000e+00   2.05164258e+04   2.49697070e+03   3.82662842e+03
   1.96843555e+04   6.98534668e+02   9.95464600e+02   1.19449759e+01
   8.08982277e+00   3.25939056e+02   1.33037805e+03   6.02521667e+02
   6.46385132e+02   3.99318604e+02   5.17669824e+03   4.31524219e+03
   9.57972969e+04   7.48840393e+02   4.66366730e+01   2.21068379e+04
   6.73370132e+01   3.35893457e+03   2.71428979e+03   3.51442810e+02
   0.00000000e+00   4.78641846e+03   3.01807861e+02   6.64203125e+02
   2.05733301e+03   9.43054531e+04   5.99366680e+04   1.14129004e+04
   1.32095276e+03   2.35764122e+01   1.55460918e+04   1.57198950e+03
   1.38823975e+03   2.83078149e+03   1.71995156e+04   1.42365234e+04
   3.21030981e+03   1.05713499e+00   2.21071387e+03   5.89265213e+01
   1.39184418e+02   1.27682305e+04   2.46563989e+03   4.53326709e+03
   6.65476257e+02   2.34327271e+03   1.74464209e+03   8.50614738e+00
   1.16788879e+03   3.61192603e+03   1.83777910e+04   5.37908936e+01
   3.85705156e+04   7.51563672e+04   9.40619824e+03   4.07614209e+03
   1.09909961e+03   1.06930391e+04   4.43718984e+04   3.10089575e+03
   9.06133911e+02   7.99508545e+02   2.18254669e+02   2.40441147e+02
   2.36624527e+02   1.38225400e+04   3.62000122e+03   3.00033112e+01
   3.78409961e+04   6.57400085e+02   4.64072168e+03   1.79295395e+02
   6.63629074e+01   3.29509531e+04   8.52617168e+00   2.12065338e+02
   6.78783447e+03   2.89065918e+04   5.88879248e+03   1.00158710e+01
   6.13973694e+02   1.48072922e+02   2.71489141e+04   1.34059429e+00
   1.62810425e+02   3.46729218e+02   5.65239404e+03   1.54353165e+02
   5.34409814e+03   6.58839783e+02   7.39530078e+03   3.98093281e+04
   4.31676025e+02   2.70685596e+03   8.71921875e+04   5.49405151e+02
   3.76235547e+04   8.34939880e+02   1.15573212e+02   3.42143789e+04
   1.82717734e+04   4.29563984e+04   4.44233105e+03   7.78326270e+03
   5.54205811e+03   1.25727234e+03   0.00000000e+00   2.43192429e+02
   2.42503398e+04   9.69583008e+02   6.55423047e+04   1.76891235e+02
   3.69987109e+03   9.53249707e+03   1.86487219e+03   5.24087646e+03
   4.60814531e+04   1.30111289e+04   5.80944176e+01   7.58671875e+02
   9.47453674e+02   9.64670898e+03   1.55532556e+03   1.08335986e+03
   6.54496758e+04   7.16245361e+02   1.17745654e+03   0.00000000e+00
   1.21814023e+04   6.65362891e+04   1.92693305e+00   1.87997070e+03
   2.00029053e+02   5.20074961e+04   4.20157440e+02   7.37583313e+02
   1.88710266e+02   7.33360781e+04   9.09256738e+03   1.57944006e+03
   1.36963586e+03   2.37808535e+04   2.19768250e+02   4.77755039e+04
   2.31353086e+04   2.56449249e+02   7.30339146e+00   3.26071869e+02
   1.02891514e+04   3.75516327e+02   1.08526604e+02   8.46488867e+03
   1.12778416e+01   3.27091797e+03   2.61481250e+03   5.09125977e+02
   9.06897559e+03   5.82072705e+03   3.59774062e+04   8.45674219e+04
   2.14853457e+04   1.45731689e+02   2.63386810e+02   6.30945898e+04
   3.44256543e+03   6.41992874e+01   3.60333203e+03   8.65626831e+01
   8.61999219e+03   4.33359947e+01   3.56622363e+03   4.73754414e+04
   1.64334143e+03   1.22659485e+03   5.41474258e+04   3.06289825e+02
   2.52123520e+02   1.07674717e+04   8.86693573e+00   9.42128594e+04
   5.96132812e+04   9.07462012e+03   8.01745834e+01   2.26482544e+02
   1.11022083e+03   1.50109155e+03   2.61356787e+03   6.99213037e+03
   4.66909473e+03   3.77750415e+03   0.00000000e+00   7.42124375e+04
   4.23278503e+01   3.90237457e+02   8.54364197e+02   9.96224880e+00
   1.59848184e+04   1.50287308e+02   1.87837505e+01   3.31364990e+02
   3.67665436e+02   2.22854761e+03   7.30186621e+03   1.80069883e+04
   6.13653857e+03   1.11568420e+02   1.22539746e+03   8.09421326e+02
   1.38123828e+03   2.50191367e+04   1.03952673e+03   3.43173672e+04
   2.49197681e+03   7.70449658e+03   5.24353455e+02   7.89069336e+02
   2.01506946e+03   3.60773560e+02   4.93146782e+01   1.66593658e+02
   1.10347178e+04   0.00000000e+00   4.89312408e+02   1.50995928e+04
   2.03192773e+03   2.38561203e+02   1.73621289e+04   0.00000000e+00
   3.19189281e+01   1.30548115e+04   3.05347514e+00   6.54153672e+04
   4.54583405e+02   5.49987488e+02   8.61555252e+01   5.83891895e+03
   6.96333047e+04   2.46071699e+04   5.20957812e+03   7.42308545e+03
   4.54733711e+04   2.03546402e+02   1.89654861e+02   3.67671234e+02
   2.01161671e+00   1.04714722e+03   3.48723359e+04   2.86467419e+01
   1.24409980e+04   1.09287168e+04   2.54867773e+03   7.20747734e+04
   4.05201782e+02   8.05747528e+01   5.34998665e+01   3.22685376e+03
   1.86641934e+04   1.59693527e+02   7.13603149e+02   2.73318848e+02
   8.88052734e+04   1.14605782e+02   1.07682777e+02   3.96370667e+02
   6.36325391e+03   1.13820889e+04   6.13057617e+03   2.54919121e+04
   6.12422266e+04   6.54846924e+02   2.65166064e+03   3.94643555e+04
   4.70788116e+02   1.25583630e+01   7.79488359e+04   2.20779238e+04
   1.23963661e+02   1.13755542e+03   3.90858633e+04   1.33351587e+03
   0.00000000e+00   3.53118042e+03   7.66843994e+02   4.19221527e+02
   1.71605762e+04   2.29951221e+03   4.45649268e+03   4.07408672e+04
   1.02686539e+02   4.83443750e+03   6.02995117e+02   3.09499414e+04
   5.07692773e+04   8.37973785e+01   2.21925684e+03   1.80192832e+04
   1.26488892e+03   2.78247832e+04   7.41867656e+04   2.04070957e+04
   9.11930969e+02   6.00705688e+02   9.13812012e+03   4.97613144e+01
   1.57678430e+03   7.59794983e+02   9.90667820e+00   1.04132629e+02
   9.87764355e+03   4.63927266e+04   5.17034607e+02   1.28876396e+04
   3.29126221e+02   7.09510547e+04   9.90142727e+00   1.04811060e+03
   4.62796094e+03   7.43859141e+04   1.81593225e+03   5.10855469e+03
   9.32769531e+02   2.60806366e+02   2.28953394e+03   2.22587598e+04
   5.97500000e+03   8.06125244e+02   3.44112663e+01   9.71850647e+02
   3.36849243e+02   4.82663281e+04   2.72674961e+04   1.07140215e+04
   9.44428906e+04   1.21642725e+03   2.94805603e+01   1.44234924e+02
   6.87170947e+03   2.30924277e+04   1.02699561e+03   9.60189551e+03
   3.26861548e+03   3.42338448e+01   1.37586746e+02   4.51710693e+02
   1.08456810e+02   5.35573877e+03   3.01987285e+04   1.30542236e+04
   2.12510889e+03   3.71145935e+01   5.50797148e+04   3.51838287e+02
   1.07059795e+04   3.54455414e+01   1.71795215e+04   1.21520943e+02
   7.07381104e+03   1.41334521e+04   2.69588547e+01   6.82196021e-01
   5.77011841e+02   9.29362122e+02   7.10658203e+03   1.58675232e+02
   1.87272217e+03   4.82731836e+03   6.27822144e+02   4.45775098e+03
   3.66720142e+03   4.92932578e+04   2.30954300e+02   1.04963160e+01
   9.02230469e+03   8.63521729e+01   5.04807520e+03   4.39744258e+04
   1.82421179e+03   3.56136902e+02   2.59172791e+02   3.22535425e+03
   2.10700757e+03   6.14210754e+02   8.59080781e+04   4.05594824e+03
   1.13259463e+04   8.54624756e+02   2.67921924e+03   2.44511108e+03
   1.16322418e+02   3.53820404e+02   8.54476953e+03   1.31912109e+03
   2.20747803e+02   2.25884094e+02   0.00000000e+00   4.02345703e+02
   3.01609564e+00   3.85583353e+00   1.25938848e+04   1.10212736e+01
   0.00000000e+00   8.44132385e+02   0.00000000e+00   1.21180054e+03
   4.25284912e+03   1.31457043e+03   5.49118115e+03   3.45422516e+02
   8.89371016e+04   2.46798789e+04   1.67834198e+02   1.20930652e+03
   1.48968823e+03   2.83820000e+04   6.32263516e+04   4.41824615e+02
   5.69828735e+02   7.83141098e+01   1.20840491e+03   6.59598828e+03
   2.88233691e+03   1.23711174e+02   2.90860321e+02   4.31548452e+00
   2.22456348e+04   6.63175293e+03   4.59775665e+02   2.22022934e+02
   6.13168213e+02   7.85209167e+02   4.71347422e+04   9.81344032e+00
   4.69748975e+03   8.72086411e+01   9.12348750e+04   1.22786777e+04
   7.36817505e+02   5.43318909e+02   1.11315165e+01   1.12252725e+04
   2.89501245e+03   1.21427483e+02   3.84486328e+02   9.42631250e+03
   5.17042188e+03   1.47101406e+04   1.01786613e+02   5.23916748e+02
   4.01358093e+02   7.48253047e+04   1.77472809e+02   7.03425598e+02
   0.00000000e+00   1.44223594e+04   2.24899629e+04   3.51409521e+03]
[  3.74208954e+02   1.84921152e+04   8.77151184e+02   1.28485913e+03
   1.72321033e+03   2.90193359e+04   2.36574554e+02   7.52364648e+03
   3.62110229e+03   2.43526836e+04   1.71561707e+03   1.57107925e+02
   3.81687598e+03   3.36366992e+04   2.19405786e+03   4.51833008e+02
   3.22009351e+03   7.91170947e+03   8.46973672e+04   7.07148376e+02
   3.32537246e+00   6.84427100e+03   2.07308456e+02   2.72948096e+03
   1.17597422e+04   1.07830643e+02   1.78374512e+04   2.32571472e+02
   1.72623303e+03   5.03003027e+03   2.79984717e+03   9.01788477e+03
   7.71821387e+03   2.02247545e-01   1.84790112e+03   9.76296768e+01
   1.06353381e+03   6.87961953e+04   8.41150805e-02   1.56752803e+04
   7.25704346e+03   2.09789856e+02   1.25153160e+01   3.00667572e+02
   9.16867090e+03   2.90173309e+02   4.56266064e+03   9.86276074e+03
   1.07331824e+03   1.31274460e+02   2.06709546e+03   1.14118385e+02
   9.99641190e+01   1.82947402e+04   2.05720742e+04   3.04352402e+04
   3.53853394e+02   1.77802754e+04   1.22094856e+02   4.70278809e+03
   1.36580090e+03   8.68093323e+02   7.95289368e+02   2.02079086e+02
   3.21685889e+03   4.39596741e+02   2.85307526e+02   1.34291473e+02
   2.41303955e+02   4.38880501e+01   7.79535217e+02   1.10486279e+04
   4.05440977e+04   2.74619980e+01   3.26215039e+04   5.33174515e+01
   2.17988281e+02   3.62726654e+02   4.28153027e+03   1.58281074e+04
   4.46589209e+03   2.66522461e+04   2.16196094e+04   2.41334648e+04
   8.11933516e+04   1.22182526e+02   1.55160583e+03   6.61533594e+03
   4.61906641e+03   2.76709805e+04   2.18714714e+01   2.26081128e+03
   2.62281006e+02   1.25278398e+04   1.14043311e+03   1.42047432e+04
   1.42438965e+04   2.04186654e+00   1.55574541e+04   2.99903662e+03
   5.13521538e+01   3.30160229e+03   1.63670868e+02   2.58412817e+03
   3.84208298e+00   6.91317673e+01   5.72587097e+02   3.80207539e+04
   4.53183289e+01   2.21250918e+04   8.86923279e+02   5.22610977e+04
   7.68182568e+03   6.06022095e+02   3.52771187e+01   7.93963928e+02
   1.35944458e+03   3.26223418e+04   3.35498199e+02   4.84842224e+01
   3.08698025e+01   1.11864319e+03   3.84505884e+03   8.56055237e+02
   1.20967114e+03   1.32605742e+04   1.21143867e+02   8.27765045e+01
   5.04176178e+02   6.83396851e+02   1.08587920e+04   6.18737305e+02
   5.01888771e+01   1.87366943e+03   1.09907898e+03   1.08126484e+04
   3.77968477e+04   0.00000000e+00   1.25508652e+02   5.53309937e+01
   0.00000000e+00   2.09051498e+02   4.20435669e+02   4.08028198e+02
   1.61228836e+02   6.12763086e+03   2.06034473e+03   0.00000000e+00
   7.47574097e+02   7.40926953e+04   2.42023636e+02   2.88424976e+03
   2.26151550e+02   9.61508301e+03   1.09089844e+03   1.29207783e+04
   4.27948647e+01   1.45870911e+03   1.05606274e+03   4.73049609e+03
   3.17597748e+02   2.77209717e+02   1.05210364e+03   2.51752518e+02
   5.48416055e+04   7.23870316e+01   1.47929138e+02   2.71434155e+03
   8.64340234e+03   1.29230820e+04   3.61441112e+00   3.07041626e+02
   5.98448975e+03   2.39434677e+02   1.60924988e+01   1.49569812e+03
   5.78649922e+04   7.66065308e+02   2.84722930e+04   3.36581689e+03
   3.68883672e+04   2.88642383e+04   8.62063293e+01   1.50451794e+03
   5.69081604e+02   2.44318986e+00   1.78011738e+04   9.00630078e+03
   4.48928185e+01   3.65399078e+02   2.42735855e+02   4.24860229e+02
   4.71477148e+03   4.49518311e+03   1.17041101e+03   9.62414453e+03
   2.07187720e+03   6.93485291e+02   5.89549828e+01   1.47565881e+03
   8.33708398e+03   1.12809241e+03   6.15544922e+02   8.80501330e-01
   4.88794922e+03   2.73471741e+02   1.45827710e+03   8.08319458e+02
   6.07645557e+03   7.04322500e+04   3.75086487e+02   5.91931091e+02
   1.93642041e+03   4.25198438e+03   1.60554840e+02   1.03344131e+04
   6.77163828e+04   1.67132095e+02   1.05189537e+02   1.19412002e+04
   1.54731318e+04   5.79095520e+02   1.43248764e+02   1.32664661e+03
   2.84349487e+02   4.73123398e+01   5.39221191e+02   7.59555817e+01
   2.74575903e+03   2.24169373e+02   4.73943848e+02   1.20952782e+02
   1.64722729e+03   7.27844391e+01   3.62186279e+01   4.14887352e+01
   8.56855652e+02   2.57396393e+02   4.72008301e+03   3.97292557e+01
   9.44975967e+01   1.43316666e+02   9.53223450e+02   2.72945117e+04
   1.86279160e+04   8.47091113e+03   4.41523132e+02   3.90749731e+03
   1.40273323e+01   1.75107312e+03   3.95269653e+02   6.63671036e+01
   5.69907324e+03   2.02885730e+03   3.10076981e+01   3.90755402e+02
   4.31265137e+03   4.23035622e+00   1.18717493e+03   6.19355965e+01
   5.65257690e+02   1.82994263e+03   7.05637146e+02   2.06579056e+01
   4.55976953e+04   7.50786499e+02   5.84825078e+04   3.92332568e+03
   7.27080859e+03   2.27092560e+02   1.08255806e+02   9.54244690e+02
   2.89961060e+02   3.76061020e+01   3.01003086e+04   4.64766754e+02
   1.95160828e+02   4.94744507e+02   5.18826562e+03   2.63094043e+04
   2.99200073e+02   2.41554077e+02   7.29785095e+02   7.50657656e+04
   1.28813892e+03   4.94322412e+03   1.21705918e+04   4.82761345e+01
   1.85826599e+03   4.59296729e+03   3.97187573e+03   5.42607324e+03
   4.43421582e+03   3.61418872e+03   9.79971313e+01   5.37992310e+02
   1.02970596e+04   5.41323120e+02   1.46215508e+04   8.19936085e+00
   3.39914093e+01   1.94186414e+03   2.30116250e+04   4.91408386e+01
   6.97402490e+03   6.36381484e+04   7.13962524e+02   1.85512622e+03
   4.62659961e+03   3.11634180e+03   0.00000000e+00   3.38742554e+03
   2.46403003e+00   1.36927061e+04   1.48508667e+03   1.28665088e+04
   1.07752747e+03   1.05438672e+04   5.02842621e+02   1.07005137e+04
   4.57336182e+03   5.23305977e+04   2.30505396e+03   1.99042734e+04
   1.43151611e+03   1.27704883e+03   1.25023291e+03   2.35646759e+02
   8.04118713e+02   4.20831543e+02   5.75082959e+03   3.24077563e+03
   2.78951359e+00   2.11959595e+03   2.03192139e+02   2.23928857e+03
   2.21481766e+02   9.85123438e+03   1.25338562e+03   4.98776602e+04
   3.82303672e+04   2.44190723e+03   2.28582153e+02   2.96060333e+02
   1.29132013e+01   3.18747498e+02   1.47259346e+04   1.61698267e+03
   7.35316992e+03   1.63727324e+04   4.22814844e+03   4.78712383e+04
   5.19937500e+02   3.70157495e+03   1.63768066e+03   6.70346191e+02
   1.82186836e+04   1.93892102e+03   1.38737734e+04   3.76435890e+01
   8.16709531e+04   4.81983856e+02   2.87769473e+04   3.67518799e+02
   7.85808887e+03   2.73328827e+02   7.79857407e+01   1.13457295e+04
   3.27948334e+02   5.58557861e+03   2.29037415e+02   9.76623352e+02
   3.15948090e+02   1.11361738e+04   7.79000793e+02   8.79823203e+04
   8.80576074e+03   1.26716089e+03   2.96982764e+03   1.91356714e+03
   1.01318494e+03   1.44760516e+05   2.84138306e+03   1.78608505e+02
   2.79707794e+02   7.53562061e+03   1.74844147e+02   3.07244511e+01
   2.76153418e+03   1.53211865e+03   4.82300000e+04   4.83963281e+03
   1.71796423e+03   4.98388125e+04   4.88170312e+04   8.83044189e+02
   4.34929962e+02   7.10982764e+03   2.98850342e+03   1.08875928e+04
   1.08096657e+01   1.52573633e+04   2.44780322e+03   2.33799268e+03
   1.62173576e+01   2.08966270e+04   4.98158951e+01   6.74809448e+02
   2.08899341e+03   5.69320068e+03   6.14672852e+02   1.66983105e+04
   1.08185410e+04   1.10184277e+03   1.08821497e+03   1.92787857e+01
   5.75617676e+03   3.57104224e+03   0.00000000e+00   5.62243469e+02
   2.12552719e+02   1.47462432e+04   6.10122656e+03   4.20508026e+02
   1.78871558e+03   1.34548691e+04   1.51654700e+03   1.95928711e+02
   1.38408838e+03   7.47186768e+03   5.03591953e+04   2.05986130e+02
   1.68558008e+04   1.93871338e+03   5.67931099e+01   4.06081665e+02
   4.51183472e+02   1.24485331e+01   2.82899102e+04   1.45545151e+02
   5.49698975e+02   1.49064682e+02   5.22269287e+02   0.00000000e+00
   1.85574589e+01   1.96601309e+04   6.73076355e+02   2.35700241e+02
   4.15551605e+02   1.66995918e+04   3.10636566e+02   8.50706787e+02
   3.51744766e+01   1.42400000e+05   4.34398789e+04   4.07144394e+01
   2.71005811e+03   1.21847832e+04   1.02290732e+04   1.19938711e+04
   1.78932891e+04   7.68882031e+03   9.25223730e+03   6.23570312e+02
   9.13549805e+03   4.42435986e+03   7.54713135e+02   1.26630623e+02
   5.20163147e+02   4.15367126e+01   3.46768945e+03   1.94468652e+04
   7.64880273e+03   1.31157021e+04   1.05698975e+03   4.61083527e+01
   8.68572693e+02   1.52005396e+03   7.46776428e+02   9.99298047e+03
   3.97982373e+03   3.03057220e+02   9.89455957e+03   1.62524185e+02
   1.84101162e+01   5.77137209e-02   4.51953271e+03   4.72241638e+02
   1.35249890e+03   9.22933008e+03   5.24841445e+04   3.36762266e+04
   1.68584277e+04   9.90618286e+02   1.72735522e+03   8.99932068e+02
   2.49071338e+03   1.01212082e+02   2.70029053e+03   1.37114868e+03
   1.71939082e+04   5.85159258e+04   5.91728020e+01   9.89049927e+02
   1.55902598e+04   2.75518867e+04   1.76684387e+02   1.18369007e+01
   9.54368347e+02   4.54830437e+01   7.16760025e+01   7.62969141e+03]
[  1.56469467e+02   2.31158066e+01   0.00000000e+00   7.01414258e+03
   1.18310280e+02   2.65706024e+01   2.87101960e+00   1.25720382e+00
   2.28431503e+02   1.98570114e+02   3.65968895e+01   2.80371887e+02
   7.30812979e+00   8.47214813e+01   6.11568451e+00   7.36485481e-01
   0.00000000e+00   1.27601112e+02   0.00000000e+00   0.00000000e+00
   2.52992157e+02   1.72968867e+04   2.98125659e+03   3.36303284e+02
   1.35399017e+01   0.00000000e+00   0.00000000e+00   5.97685913e+02
   4.74549179e+01   9.23673950e+02   1.74383594e+03   2.81191467e+02
   5.02297638e+02   1.91424896e+02   5.84122086e+00   1.27635278e+03
   6.46099091e+01   1.04863447e+04   1.14335046e+03   1.20612744e+03
   7.62831689e+03   4.68271637e+01   9.44611694e+02   2.11874658e+03
   2.61594951e-01   2.60803080e+00   3.10094214e+03   1.02037449e+01
   2.51948223e+01   4.48500099e+01   2.35674362e+01   9.76254272e+02
   2.20162034e+00   1.70623108e+02   1.16225746e+02   4.70002213e+01
   3.62707349e+03   6.48166687e+02   0.00000000e+00   9.29491730e+01
   3.49025146e+02   1.50272644e+02   4.43193960e+00   7.28123901e+02
   2.15198364e+02   1.63562476e+03   7.85505219e+01   2.06881791e-01
   5.41155029e+02   7.90204529e+02   4.51129425e+02   2.47682991e+01
   6.72069397e+01   4.98649330e+01   2.96564817e+00   9.51380554e+02
   3.84085751e+00   1.19163989e+03   1.60839215e-01   7.50780258e+01
   0.00000000e+00   5.58646965e+01   4.95060730e+02   3.20392285e+03
   4.34224510e+01   1.04006729e+02   5.46362281e-01   5.13159227e+00
   1.04760527e+04   2.27912125e+02   1.11958213e+04   1.60928909e+02
   1.68880098e+04   6.53728882e+02   0.00000000e+00   4.33457336e+02
   9.92447949e+03   2.19360352e+01   1.68663062e+03   4.18658066e+01
   3.46176709e+03   2.30978149e+02   1.54910488e+01   4.97417164e+00
   3.73162646e+03   1.28932581e+03   0.00000000e+00   1.33480087e+02
   7.22850876e+01   1.25669110e+00   1.97854400e+00   2.91229401e+02
   5.12154199e+03   6.70124414e+03   2.68096008e+01   4.91412759e-01
   1.63994482e+03   5.80878235e+02   6.70283737e+01   3.11095715e+01
   0.00000000e+00   1.90079605e+02   0.00000000e+00   7.39608717e+00
   1.03687668e+01   6.72017384e+00   2.06646748e+01   3.07026649e+00
   3.96000290e+01   3.44953955e+03   1.72499768e+03   3.82059387e+02
   3.26191449e+00   2.34761314e+01   2.99990021e+02   8.30354462e+01
   8.33901465e+03   1.82378662e+02   1.69793594e+02   1.01565247e+02
   2.92195190e+03   1.79700272e+02   1.13148727e+02   4.07518115e+03
   6.33692503e+00   1.07179964e+00   3.71227951e+01   1.28905332e+00
   1.77356129e+01   2.13547897e+01   2.00062227e+00   3.24703751e+01
   1.84714569e+02   8.05416775e+00   4.59744797e+01   9.41795826e+00
   1.09284583e+03   2.40603943e+01   9.05863800e+01   3.15356655e+01
   3.03882721e+02   1.63739441e+02   1.45714775e+04   8.05015381e+02
   1.46228711e+03   1.15089736e+04   0.00000000e+00   3.49819995e+03
   5.63772339e+02   6.55618652e+03   2.22149754e+00   2.73169580e+03
   2.17480869e+01   6.14857361e+02   9.69031048e+00   1.30652113e+01
   1.31515991e+02   6.94058704e+00   8.58394547e+01   0.00000000e+00
   1.71092453e+01   3.56044629e+03   0.00000000e+00   3.13689502e+03
   2.15042984e+02   6.31769434e+03   1.01429375e+02   1.00452209e+00
   6.36644434e+03   6.37152290e+01   3.60428123e+01   1.78208504e+01
   9.17961975e+02   3.00368927e+02   5.11747101e+02   2.29382660e+02
   1.12169867e+01   2.68629785e+03   3.93219092e+03   4.95702588e+03
   3.59063911e+01   1.09155156e+04   4.13978348e+01   5.87927361e+01
   4.83024864e+01   2.13621292e+01   2.85213599e+03   1.45575964e+03
   0.00000000e+00   2.16259229e+03   3.16540771e+03   1.09009570e+03
   1.09903443e+00   3.71325707e+00   9.28776016e+01   1.80549475e+03
   2.13824341e+02   7.85369301e+00   1.07224686e+02   1.71331879e+02
   3.34164391e+01   1.29342529e+02   2.58934113e+02   6.51008701e+00
   5.39113721e+03   6.74815576e+03   2.33314443e+00   2.31717205e+01
   9.11433887e+00   9.23362976e+02   6.97368393e+01   5.55018494e+02
   2.04815170e+02   1.34177551e+03   1.33116785e+03   1.06698502e+02
   1.07585747e+02   8.03616650e+03   3.62428641e+00   2.18263208e+03
   0.00000000e+00   1.53968027e+04   2.53344315e+02   2.38647267e-01
   0.00000000e+00   1.94281143e+02   7.91861719e+03   2.99749762e-01
   1.16035352e-02   2.99969625e+00   8.34084863e+03   3.86320877e+01
   8.28411865e+00   1.08577797e+02   2.73202610e+01   1.28769507e+03
   5.03726593e+02   2.14869137e+01   9.56574726e+00   9.50998438e+03
   2.60603333e+01   2.40034546e+02   0.00000000e+00   0.00000000e+00
   0.00000000e+00   2.49587893e+00   2.23262978e+00   9.28229553e+02
   1.18578076e+03   2.56460619e+00   2.13054761e-01   2.11426782e+03
   1.01602688e+01   1.45082383e+04   7.40769336e+03   1.06488289e+02
   4.57782324e+03   1.27065315e+01   4.18596344e+01   8.77467334e-01
   6.17417526e+00   2.18436340e+02   1.50320645e+04   6.89501953e+02
   1.59781628e+01   3.18717926e+02   1.71102405e+03   1.59858994e+02
   1.47125781e+00   9.54159832e+00   4.19355621e+01   2.08831201e+03
   3.51510352e+03   3.96920959e+02   0.00000000e+00   0.00000000e+00
   2.65978394e+02   3.32052887e+02   1.11464000e+00   8.81720257e+00
   4.77747864e+02   9.93973450e+02   1.41266719e+04   5.17997742e-01
   5.73698914e+02   4.87752080e-01   1.35814621e+02   8.69750381e-01
   1.08073125e+04   0.00000000e+00   9.34778418e+03   1.03291121e+01
   3.67443924e+01   0.00000000e+00   2.21607113e+00   7.73166650e+03
   3.19635962e+03   3.52442773e+03   6.91153870e+02   3.98854713e+01
   2.40373364e+03   4.88296127e+01   8.18053627e+00   1.25552719e+02
   8.82141647e+01   0.00000000e+00   6.69646606e+01   1.31289291e+01
   4.49151917e+02   2.51581211e+01   3.14908237e+01   2.77477954e+03
   5.22268753e+01   4.35020233e+02   2.29479736e+02   4.34837256e+03
   2.09384155e+03   1.12188489e+03   6.25424756e+03   2.41586533e+02
   1.64375085e+03   0.00000000e+00   2.11748901e+02   3.20377731e+00
   4.35606641e+03   5.78439999e+00   5.51244189e+03   1.12807983e+02
   1.28005920e+03   1.11838112e+01   1.71796780e+01   3.11321974e-01
   3.07232178e+03   1.97922153e+01   3.33204150e+00   1.05562645e+02
   6.13340674e+03   4.21199854e+03   2.82818286e+03   6.32408524e+00
   1.20562065e+02   9.74339694e-02   4.14080276e+01   1.38977783e+02
   1.62569122e+02   1.76680660e+01   0.00000000e+00   3.06661377e+02
   2.11283081e+02   0.00000000e+00   3.38895508e+02   6.06809766e+03
   3.34067688e+01   2.38577682e+02   2.34596958e+01   1.13762779e+02
   2.03582306e+01   5.36111951e-01   6.09898710e+00   9.08416061e+01
   8.74511642e+01   1.39630488e+04   2.52427464e+01   4.18839502e+03
   1.55371338e+03   1.36878064e+03   1.26013831e+03   7.02307358e+01
   3.05015088e+03   3.46138062e+02   7.74269897e+02   2.48688545e+01
   1.70744843e+02   0.00000000e+00   1.64874405e+02   1.83507690e+01
   0.00000000e+00   2.47623205e+00   1.43531067e+02   1.62081757e+02
   8.71567612e+01   1.95561865e+03   4.97920117e+03   1.87385273e+01
   1.28658737e+02   1.01438351e+01   1.39027893e+02   8.76818657e+00
   1.53713198e+01   7.23762646e+03   3.22465134e+01   5.07043381e+01
   2.33490295e+01   4.73547760e+02   3.87025708e+03   1.84892365e+02
   6.16779932e+03   2.79290680e+02   8.42611027e+00   0.00000000e+00
   1.98311094e+04   4.63940582e+02   1.53524918e+02   1.30504932e+01
   8.04576721e+02   2.05567413e+02   7.22681761e-01   1.91899757e+01
   1.34743242e+01   1.29709497e+03   6.55760986e+03   4.49922333e+01
   1.70056595e+02   1.91974939e+03   1.87339343e+03   5.65071068e+01
   2.96588917e+01   1.73291443e+03   1.16806924e+04   3.24839554e+01
   6.55110359e+00   5.07895279e+00   1.96910400e+02   2.62348175e+02
   1.34317673e+02   4.21117353e+00   6.82266748e+03   4.87756934e+03
   6.67137598e+03   0.00000000e+00   2.06382080e+02   2.03086700e+02
   2.57541797e+03   1.56368389e+01   4.00247162e+02   8.70264038e+02
   3.19517670e+01   8.35092090e+03   1.17482170e+02   2.54479126e+03
   0.00000000e+00   2.77668701e+02   2.77969055e+01   3.76657501e+02
   5.67628711e+03   8.58671570e+00   6.18572960e+01   0.00000000e+00
   3.27043444e-01   7.92602966e+02   1.99032257e+02   6.82086868e+01
   2.14208344e+02   4.45798242e+03   0.00000000e+00   1.77678662e+03
   3.17341187e+02   4.42948303e+02   6.03980029e+03   4.58698608e+02
   3.93498804e+03   1.02713403e+03   4.51048492e+02   1.09249519e+02
   1.15455589e+02   9.89814697e+02   7.02055054e+01   7.31806006e+03
   9.24896121e-01   1.15877428e+01   5.68189125e+01   5.38117334e+03
   1.01719525e+03   7.47674561e+01   4.23205414e+01   0.00000000e+00
   1.55750537e+03   4.65531464e+02   9.40970764e+02   5.99806494e+03
   8.41719437e+01   8.86519547e+01   2.25667920e+03   3.73922217e+03
   7.16295123e-01   4.23838184e+03   2.02497272e+01   3.19962372e+02
   0.00000000e+00   1.12669141e+04   6.56021500e+00   2.24442062e+02]
[  2.88823891e+01   5.61921326e+02   9.52282715e+01   2.75221069e+02
   8.39317780e+01   4.28284424e+02   7.22957916e+01   3.23016663e+02
   6.49455338e+01   6.53993073e+01   1.46714551e+03   9.80798462e+02
   2.18877002e+03   3.01989441e+02   2.37647266e+03   8.36225815e+01
   4.88162136e+00   3.97904663e+02   4.28515808e+02   3.33367859e+02
   1.40905304e+02   8.82954216e+00   2.20655786e+03   8.20065536e+01
   8.90951996e+01   1.94132309e+01   2.63561268e+01   3.31516571e+01
   4.06641699e+03   8.88519573e+00   1.91783619e+01   5.66994743e+01
   6.60567578e+03   1.00564003e+02   1.85760612e+01   7.61108704e+02
   5.05549072e+03   4.63974190e+00   3.74599934e+00   3.15812988e+03
   7.67465381e+03   4.13761292e+02   2.40550429e-01   3.19135971e-02
   2.31633806e+00   4.65071625e+02   4.37051660e+03   4.54990501e+01
   1.76774654e+01   1.98172741e+01   3.23647499e+01   8.25176620e+01
   6.82583557e+02   4.75258759e+02   4.66030396e+02   2.44266113e+03
   3.36931381e+01   8.69180870e+00   2.19908862e+03   6.06911182e+03
   6.05375854e+02   2.44906265e+02   7.95699023e+03   2.41971254e+00
   5.55870962e+00   2.93457245e+02   4.19429779e+01   1.29642303e+02
   1.28673296e+01   4.63533936e+02   1.66074890e+03   8.97784729e+02
   5.33735718e+02   4.16332970e+01   6.97441254e+01   4.62322968e+02
   5.05777321e+01   5.00127625e+02   2.87167603e+03   5.17966366e+00
   1.15779886e+01   5.57401428e+02   2.97755151e+03   4.44494324e+01
   8.13757019e+02   6.61032666e+03   8.09838867e+01   3.67127533e+01
   3.90950806e+03   2.21120300e+02   1.85387787e+02   4.57984497e+02
   0.00000000e+00   3.23521411e+03   4.64901590e+00   1.02885017e+01
   3.72551636e+02   2.59723682e+03   1.01003372e+02   4.46751328e+01
   1.30710039e+01   9.07157364e+01   2.32781204e+02   3.26441689e+01
   1.90190588e+03   0.00000000e+00   4.32458572e+01   4.76163916e+03
   3.89046753e+03   1.02065605e+02   2.38162704e+02   4.73062754e+00
   1.64128857e+03   1.05381372e+03   4.59630707e+02   3.05176556e-01
   9.86099167e+01   3.13172646e+01   2.18936548e+03   2.38481159e+01
   3.97552795e+01   2.05086035e+03   6.25356615e-01   1.36621914e+01
   2.95339050e+01   4.14644348e+02   1.02793015e+02   1.36410278e+02
   4.80161816e+03   1.41270232e+00   5.56484375e+02   3.01520898e+03
   1.78949451e+03   1.12261562e+01   1.09792432e+04   4.26155472e+00
   3.10229053e+01   3.85772003e+02   9.81352386e+01   9.26756001e+00
   3.34016504e+03   0.00000000e+00   7.78286804e+02   5.57237473e+01
   3.54329803e+02   3.20165825e+00   1.33353576e-01   9.63494682e+00
   0.00000000e+00   5.16826973e+01   6.61217880e+00   6.17220398e+02
   5.23693909e+02   3.53682568e+03   2.04485535e+02   4.93418030e+02
   9.27064270e+02   9.54787254e+00   1.78039526e+03   3.40958771e+02
   2.05852148e+03   4.86494482e+03   4.74229455e-01   2.64302795e+02
   4.00421655e+03   1.23231372e+03   4.27472321e+02   6.20927620e+01
   3.94694557e+01   1.52047290e+03   4.92907623e+02   2.20152044e+00
   2.57891937e+02   3.20853090e+00   3.41526260e+01   5.13557482e+00
   2.32829496e-01   3.46874756e+03   1.76940872e+02   1.87932892e+01
   1.10876511e+02   3.99016266e+01   2.32971020e+01   3.59908028e+01
   3.82499048e+03   1.01403260e+00   3.54882126e+01   0.00000000e+00
   1.52627373e+01   1.22331152e+01   1.45332909e+01   1.01694160e+02
   5.21334991e+01   1.71021698e+02   8.55548462e+02   1.82195053e+02
   4.52888458e+02   2.36839390e+01   6.79413452e+01   6.34757233e+01
   4.21895294e+01   9.56552658e+01   3.18698525e-01   5.25472832e+00
   5.43104401e+01   2.55366898e+01   5.54323435e+00   1.00055374e+02
   5.39881821e+01   2.85453300e+01   1.98401819e+03   6.21209290e+02
   0.00000000e+00   9.19578731e-01   1.24320610e+02   7.97277222e+01
   1.11612518e+02   1.84303674e+03   4.65395325e+02   8.37375183e+01
   1.77231277e+02   1.05358850e+03   7.43711319e+01   5.55361328e+02
   1.13787750e+02   3.52676368e+00   2.91115601e+03   1.37130630e+02
   3.57508594e+03   6.69809961e+03   3.84441064e+03   7.76195068e+01
   0.00000000e+00   1.53515152e+02   4.95928162e+02   3.21814209e+03
   1.55022083e+03   1.49169827e+01   2.72805078e+03   2.58933563e+02
   3.65200806e+01   3.44250374e+01   7.82494202e+02   6.02388903e-02
   4.62503448e+02   6.73010803e+02   3.19455414e+02   8.69266868e-01
   6.48257202e+02   1.02960434e+01   6.83769822e-01   3.56970978e+02
   2.42244580e+03   2.00597715e+00   3.10099792e+01   5.00938184e+03
   2.32608771e+00   2.03809418e+02   2.86550941e+01   2.75247440e+01
   3.03480200e+03   0.00000000e+00   8.04460156e+03   6.87132492e+01
   3.18306103e+01   1.28251038e+02   5.51595764e+02   1.01256384e+03
   1.19045738e+02   9.82427917e+02   1.70699738e+02   5.66368958e+02
   0.00000000e+00   7.25574911e-01   4.87609062e+01   6.53943481e+01
   1.49440737e+01   1.18152344e+02   8.67451904e+02   1.70125671e+03
   1.81866608e+01   4.90889311e+00   1.54535742e+03   5.03898478e+00
   6.23936129e+00   1.93704187e+03   2.65549286e+02   1.28507674e+00
   6.30755957e+03   9.30928650e+01   1.82103367e+01   1.41241097e+00
   5.30603210e+02   1.09342029e+03   4.33614648e+03   7.56528473e+01
   2.71763672e+03   1.91440598e+02   6.54438782e+01   8.86282288e+02
   3.69407520e+03   8.38728333e+02   2.65027738e+00   1.50998592e+01
   6.51242432e+03   2.20649170e+03   8.77376953e+03   6.04425049e+02
   3.42387199e+00   5.88724243e+02   1.67929260e+02   5.44059105e+01
   0.00000000e+00   1.25757095e+02   3.93412209e+01   1.24285938e+03
   1.75440881e+03   8.05652542e+01   8.46756775e+02   0.00000000e+00
   5.97196388e+00   3.37052197e+03   2.99123726e+01   4.28684082e+03
   1.17323639e+02   3.80091644e+02   7.74184189e+01   8.13926101e-01
   1.09159336e+01   3.65823029e+02   6.16500998e+00   6.75975227e+00
   5.75265465e+01   5.23769150e+01   2.99477844e+02   1.19968414e+01
   1.18175806e+03   7.19761429e+01   3.23145233e+02   3.15400586e+03
   2.27127466e+03   1.22182642e+03   1.02196063e+03   5.31381083e+00
   3.96173279e+02   7.83515320e+02   7.59746582e+02   1.28532013e+02
   8.78373947e+01   3.00091626e+03   5.39571428e+00   0.00000000e+00
   3.67884033e+03   3.66406898e+01   1.08557263e+03   9.50744343e+00
   2.81510205e+03   9.50941467e+02   3.64627228e+01   1.44005951e+02
   3.19957066e+01   1.28203526e+01   7.56585693e+01   2.44243774e+03
   2.16144067e+03   1.39479504e+01   8.91888733e+01   6.16853638e+01
   1.89287033e+01   6.64221478e+00   5.30344922e+03   8.51162434e-01
   5.26470642e+02   3.24339771e+03   0.00000000e+00   3.15087891e+02
   4.87734283e+02   6.21099219e+03   1.37296555e+02   1.83402054e+02
   4.78694366e+02   5.94634819e+01   1.08476761e+02   3.30984917e+01
   3.32477386e+02   3.62483826e+01   8.72977066e+00   1.31308212e+02
   2.34074194e+03   2.24352989e+01   6.46067236e+03   7.61144180e+01
   1.00263678e+03   8.01540947e+00   3.48574668e-01   9.49896240e+01
   4.62558985e+00   1.40415756e+02   3.39884827e+02   5.05880585e+02
   1.43489502e+03   2.00006638e+02   2.62970123e+01   2.71286377e+03
   2.97664282e+03   1.45285477e+02   6.20744019e+02   4.31708395e-01
   1.58345032e+02   9.32571387e+03   8.78894272e+01   7.02965942e+02
   1.50652023e+02   4.14611387e+00   1.32100935e+01   0.00000000e+00
   8.74859009e+02   4.33816064e+03   1.45532227e+03   2.20922168e+03
   1.52414291e+02   3.80627060e+01   3.50952301e+02   4.85231012e-01
   4.97357674e+01   1.88451157e+01   9.12763901e+01   2.96438843e+03
   6.91234924e+02   8.78843872e+02   7.22537354e+03   2.82455044e+01
   9.30187302e+01   2.27330688e+03   3.74246788e+01   1.96300888e+02
   1.77098694e+03   1.19095383e+01   4.10908081e+02   1.47923676e+02
   1.31384554e+01   2.72930794e+01   4.72037086e+01   1.12434074e+02
   4.00958633e+01   2.20324951e+02   1.54431793e+02   6.51670027e+00
   2.45340118e+01   5.22193222e+01   3.17359447e+00   1.23674792e+03
   9.81229004e+03   1.45299915e+03   3.40820007e+01   1.03825891e+03
   9.88269434e+03   7.53033295e+01   2.72032812e+03   1.46791677e+01
   6.87950012e+02   1.82252991e+02   4.86973495e+01   3.55856276e+00
   1.03465881e+03   5.38624573e+02   1.55736816e+02   4.48738037e+03
   8.48982617e+03   1.03125598e+03   3.97615463e-01   3.75671463e+01
   7.30266724e+01   6.59559753e+02   2.32833805e+01   4.24856018e+02
   1.60351608e+02   1.79049051e+00   3.04752369e+01   4.40566111e+00
   1.22972748e+02   7.42682190e+02   2.14678024e+02   1.03234436e+03
   7.36674194e+01   1.18283796e+00   7.49893808e+00   9.85593652e+03
   3.72183061e+00   1.23537979e+02   4.57065979e+02   1.05950195e+03
   0.00000000e+00   0.00000000e+00   1.59113037e+02   1.11446716e+02
   1.25307751e+01   1.03799280e+03   1.45889075e+03   4.43551123e+03
   1.96811853e+03   1.07365417e+02   2.29159424e+02   2.32307031e+03
   1.63797653e+02   0.00000000e+00   6.48561249e+01   5.84023193e+03
   7.62917175e+01   5.77162437e+01   2.70615540e+02   3.94630884e+03]
[  3.61876831e+02   1.79425716e+01   3.32999206e+00   1.31363859e+01
   4.34028816e+01   1.52314709e+03   3.97665520e+01   2.60423756e+01
   9.67979908e+00   5.91662476e+02   4.01236572e+01   2.44182949e+01
   1.35852332e+03   8.05737061e+02   2.36607300e+02   8.63358751e-02
   2.76310177e+01   6.27333069e+02   2.02541611e+02   3.01963902e+00
   2.50846329e+01   1.12469149e+00   8.19682159e+01   1.79606006e+03
   5.58802485e-01   7.05886126e+00   2.28455114e+00   4.15785904e+01
   5.87271452e+00   4.85986084e+02   2.42676411e+01   1.67151928e+00
   2.01045670e+02   1.77786312e+01   3.08942676e+03   2.36648853e+03
   4.29837275e+00   8.91451599e+02   1.48608227e+01   8.97825394e+01
   3.41802835e+00   3.78547897e+01   1.58712120e+01   1.02605591e+02
   1.68404827e+01   1.43099014e+02   7.70132874e+02   0.00000000e+00
   1.12731522e+02   4.32601738e+01   1.14169177e+03   0.00000000e+00
   4.97466621e+01   1.17802572e+01   2.72064686e-01   6.95403519e+01
   1.44567204e+01   9.71363735e+00   1.15118988e+02   8.01337357e+01
   3.14665914e+00   4.07286568e+01   1.07221136e+01   2.05712185e+01
   6.24822578e+01   2.03583527e+01   5.46525307e+01   1.01471176e+01
   7.04174995e+00   9.14028397e+01   3.34252357e+01   2.11157373e+03
   4.66475296e+01   1.20260771e+04   1.52405847e+03   3.94023132e+01
   1.76108131e+01   1.22714138e+01   1.64539383e+02   3.98409295e+00
   7.69836664e+00   3.16245136e+01   7.61790323e+00   1.33734779e+01
   7.77313614e+01   0.00000000e+00   1.46883301e+03   1.35768824e+01
   9.83183365e+01   8.40624237e+00   7.60296631e+01   7.05394287e+01
   6.58226824e+00   1.92866943e+02   1.92947495e+02   6.73996964e+01
   1.62211266e+01   7.74795609e+01   7.82143021e+01   4.99945831e+01
   0.00000000e+00   6.28134995e+01   4.64948654e+01   3.78809395e+01
   8.67510033e+00   3.89651608e+00   8.57776737e+00   3.01900366e+03
   6.38905573e+00   2.18366170e+00   4.57693268e+02   4.48309326e+00
   1.11614733e+01   3.90169640e+01   2.28335097e-01   0.00000000e+00
   1.13163967e+01   1.00509941e+02   1.94685364e+03   3.87681305e-01
   4.16143402e+02   1.61782513e+01   2.05925694e+01   1.08545570e+01
   1.34408128e+00   1.51854014e+04   1.62628615e+00   2.36843414e+01
   8.35067810e+02   4.33198509e+01   2.93084869e+01   2.05302994e+02
   2.56422516e+02   3.33049240e+01   4.29394580e+03   1.46183910e+01
   1.75768387e+00   7.02143049e+00   1.03813733e+03   6.45580826e+01
   1.09690075e+01   1.40909436e+03   3.05118173e-01   1.04456995e+03
   1.03049240e+01   7.80596695e+01   1.41089067e+01   2.19108215e+02
   7.59467712e+02   2.92549801e+01   3.13821945e+01   8.05164490e+02
   1.97976627e+01   5.90433960e+01   7.43867432e+02   1.65528183e+01
   3.73932228e+01   0.00000000e+00   1.35548019e+01   1.38039697e+03
   5.55797266e+03   4.29729199e+03   4.50972795e+00   7.77702665e+00
   2.40169029e+01   4.09456491e+00   5.50893059e+01   4.64130707e+01
   6.31956148e+00   2.83054161e+01   2.74358807e+01   2.95501411e-01
   1.42937267e+00   1.41290784e+03   2.50830631e+01   5.30761147e+01
   1.00537739e+01   6.67792606e+00   4.42880669e+01   7.52118042e+02
   4.50446320e+02   7.90619507e+01   5.86283081e+02   2.38939697e+02
   1.58573349e+02   8.88667145e+01   8.45143318e-01   1.04353690e+00
   6.35887451e+01   1.51597366e+02   9.88838272e+01   1.59021884e-01
   7.20732959e+03   9.34656754e+01   5.73373675e-01   5.06576157e+01
   2.78362217e+01   3.02023926e+01   3.64971504e+01   1.64601904e+03
   1.88561516e+01   8.69266415e+00   1.88571375e+03   9.82009735e+01
   5.32441020e-01   4.80787373e+00   2.37864771e+03   1.45015030e+01
   4.92035942e+01   2.23551941e+02   1.26479118e+02   1.50162935e+00
   3.55255432e+02   2.88504524e+01   7.66661072e+01   2.28523193e+02
   0.00000000e+00   2.22697311e+02   3.76148926e+03   3.72343353e+02
   0.00000000e+00   9.05134869e+00   2.40169811e+01   1.43415909e+01
   5.42151947e+01   1.03599097e+03   1.33287964e+02   6.66976929e+01
   3.08689880e+00   5.72120781e+01   3.12017097e+01   1.48242456e+03
   1.07072986e+03   7.05315369e+02   0.00000000e+00   1.82145953e+00
   1.01684723e+02   3.73360669e+03   2.65050732e+03   1.36943588e+01
   6.28973293e+00   6.43658829e+01   2.52486362e+01   1.79125711e-01
   6.11074448e+00   2.41210818e-01   9.28772827e+02   7.61037916e-02
   2.30140167e+02   6.20747299e+01   1.20695215e+03   8.31599712e+00
   1.28254204e+01   1.60128882e+03   8.93596436e+02   4.04923058e+00
   1.25031109e+01   5.98460579e+01   1.40303906e+03   8.66286469e+01
   6.15156708e+01   3.00255585e+01   1.12798779e+03   2.67214279e+01
   4.25080986e+01   0.00000000e+00   1.23908066e+02   4.05127239e+00
   1.63139033e+00   4.20439911e+01   1.73043066e+03   1.03812415e+03
   6.13639069e+01   4.31735182e+00   1.07079941e+02   3.06194496e+01
   2.90071136e+02   3.12679539e+01   1.18260441e+01   5.58601999e+00
   8.88533264e+02   1.29986832e+02   2.01656780e+01   2.13195581e+03
   3.39555359e+01   2.20864201e+01   8.76162338e+00   3.75562439e+01
   2.83818359e+02   5.46647911e+01   8.62179565e+02   3.79050560e+01
   7.18254805e+00   4.16539764e+01   6.97184982e+01   3.24941467e+02
   1.94743137e+01   1.43741223e+03   4.25198250e+01   5.95380029e+03
   2.14355209e+02   1.73268986e+01   1.85028308e+03   5.51473328e+02
   2.01319992e+02   1.08812782e+02   1.61006184e+01   6.85420776e+02
   2.53554897e+01   6.23838882e+01   1.00201571e+00   3.03337898e+01
   1.10359612e+01   1.68303513e+02   1.98180225e+03   2.85734138e+01
   1.95456689e+03   5.53487957e-01   1.77804419e+03   3.12089901e+01
   2.12252869e+02   3.64042397e+01   2.29045883e+02   3.01806976e+02
   1.02510208e+02   4.46683197e+01   1.40416594e+01   8.65543594e+01
   1.44380598e+01   3.16196690e+01   4.51352537e-01   5.99327612e+00
   0.00000000e+00   3.13337799e+02   2.64922667e+00   8.51678650e+02
   7.33237791e+00   1.56194321e+02   8.44197617e+01   7.76869934e+02
   5.35285988e+01   0.00000000e+00   1.14660507e+02   1.76179504e+01
   0.00000000e+00   1.22586231e+01   2.67586651e+01   3.24865494e+01
   1.46023483e+01   2.01447086e+01   7.59354553e+01   1.82590771e+00
   0.00000000e+00   1.07909515e+02   3.96634827e+01   6.73707227e+03
   6.54236526e+01   5.30662041e+01   8.18113899e+00   1.12210741e+01
   1.01854765e+00   2.54028366e+02   8.25161667e+01   1.03827850e+02
   1.62644482e+03   6.54015923e+00   3.87672577e+01   3.97203541e+00
   2.50021851e+02   4.29271736e+01   1.47547275e-01   3.27290253e+02
   6.56825027e+01   0.00000000e+00   1.02648048e+01   6.34700584e+00
   1.54545044e+03   3.21137995e-01   1.06111994e+01   1.73533268e+01
   4.15238953e+01   3.14913379e+03   9.22084595e+02   0.00000000e+00
   3.13497803e+02   2.43127060e+01   8.55452728e+00   1.37004209e+00
   2.97063370e+01   0.00000000e+00   2.82122803e+03   5.16691933e+01
   1.50538803e+02   7.53268280e+01   1.12306531e+03   6.63634216e+02
   3.13528652e+01   4.68354797e+01   2.15859329e+02   1.32745691e+03
   1.02009178e+02   2.40859013e+01   7.62958384e+00   4.70984077e+00
   9.01874542e+01   1.54524011e+03   2.46611862e+01   1.08670212e+02
   7.75333710e+01   1.48128647e+02   9.27615906e+02   8.82031616e+02
   5.07539272e+00   1.08585559e+03   6.79303894e+02   6.24763183e-02
   6.28351974e+01   2.87010932e+00   1.55262378e+03   1.32206478e+01
   6.92789673e+02   1.28422432e+01   7.09712219e+01   5.83997393e+00
   2.99218655e+01   7.36595032e+02   1.20162895e+02   1.84475307e+01
   1.15881709e+04   2.66476074e+02   1.00443703e+02   4.45880890e+00
   5.62471581e+01   1.43325647e+03   6.84849091e+01   2.47002539e+03
   9.49350220e+02   1.01689384e+02   5.11455498e+01   4.94602280e+01
   3.78078699e+00   1.02827161e+03   1.03268906e+02   4.57740173e+01
   2.98392448e+01   5.36204681e+01   1.02404785e+00   1.15837051e+02
   2.78020191e+01   7.25873137e+00   8.27526665e+00   6.30828857e+01
   4.64767851e-02   1.53541077e+02   4.62223473e+01   2.82516406e+03
   5.21759872e+01   2.11023730e+03   2.42519562e+02   2.79698105e+01
   9.67110519e+01   1.21309290e+03   1.56536322e+01   3.18455410e+01
   1.46777856e+03   5.05944204e+00   9.54244019e+02   1.77899597e+02
   2.75290489e+00   1.28588991e+01   1.58347580e+02   6.96106110e+01
   9.86764893e+02   2.27149023e+03   6.49690018e+01   2.76979541e+03
   1.04222918e+00   0.00000000e+00   1.00763359e+01   2.81036377e-01
   5.84357071e+01   1.07221012e+01   1.18659375e+03   5.24297178e-01
   1.40370544e+02   1.62971172e+01   3.80105362e+01   2.99823315e+03
   2.45780766e-01   0.00000000e+00   5.64961281e+01   6.59927444e+01
   3.61146660e+01   8.17086914e+02   4.83076691e+02   8.60994324e+02
   5.28736145e+02   3.33835297e+02   7.90191650e+01   2.73879738e+01
   3.67952026e+03   2.01560783e+01   1.06048641e+01   1.31658630e+03
   2.48573418e+01   1.45578903e+02   8.73788166e+00   2.28097122e+02
   8.99520386e+02   6.07277405e+02   1.41760327e+03   3.31632400e+00]
