bicycle
car
motorbike
person
[  2214186.5       26895118.        34106520.        11775276.        39095380.
  28112040.         4665872.5        1483885.875     41638384.        12876870.
  31709156.        12413087.         1121400.5        3626866.5
   1636126.625      4229927.5        1275251.25        622344.4375
  52993020.         7047672.         6082055.5        3310837.         8051678.5
   7721696.          242860.046875  13329102.        11834421.         6510479.
   1046933.6875     7792184.        16470440.         2081631.5       24940154.
    654906.        11714363.        11850268.         3188345.         3064804.
   8281216.5        5908442.5       16301685.          732417.1875
  10351417.        35868808.         7891788.        20180972.         2963822.25
   1108148.5         999712.9375    11099051.        19220006.         2594485.75
   8320136.         6918841.5        4193708.5       23438310.        32877954.
    316336.96875   42695036.        13838089.        30655424.         9745664.
  34309808.          276980.65625 ]
[  2.07920940e+07   1.30982510e+07   9.43756300e+06   4.90444844e+04
   1.08446600e+07   7.19910150e+06   1.57167860e+07   1.85495977e+04
   2.97168475e+06   1.75145480e+07   1.22363340e+07   2.41425440e+07
   3.03475156e+04   2.04640797e+05   1.16296420e+07   1.34734250e+07
   1.96724060e+07   3.25381240e+07   4.75659480e+07   1.16324775e+06
   2.86402598e+04   5.35302440e+07   1.44516859e+05   3.51353000e+07
   7.75811094e+04   2.13021220e+07   1.80699950e+06   1.82598453e+05
   2.65405860e+07   6.59481484e+04   1.75663088e+06   3.15864707e+04
   3.65058203e+04   9.41192700e+06   1.50009470e+07   3.80897812e+05
   1.46088688e+05   6.54513250e+05   2.79303275e+06   1.56113530e+07
   9.40449300e+06   4.99048750e+05   7.48948650e+06   1.64546040e+07
   4.03485760e+07   7.30841300e+06   3.28645000e+04   2.75801700e+07
   7.52810300e+06   2.43095094e+05   1.14393840e+07   4.85112450e+06
   4.04410280e+07   7.89356500e+06   2.83543550e+06   7.82761500e+06
   1.54318170e+07   2.02292980e+07   4.49307188e+05   3.24711820e+07
   5.28771850e+06   6.27789893e+03   1.83526460e+07   3.03179660e+07]
[  3.60071219e+05   5.78405400e+06   6.33479375e+05   2.64496656e+05
   2.74346938e+05   3.31245300e+02   1.28109775e+06   1.82891850e+06
   5.65060820e+04   1.35189812e+06   2.21495450e+06   3.58488844e+05
   2.19848275e+06   7.86427688e+05   1.92791562e+04   2.30181445e+03
   1.01915419e+06   6.57146875e+04   9.58530625e+05   8.86855500e+06
   3.82650625e+04   4.88007774e+01   9.61134700e+06   6.36004450e+06
   1.24652125e+06   0.00000000e+00   2.42206125e+06   3.60172450e+06
   2.98506484e+04   2.63073000e+06   1.35226035e+04   9.66229800e+06
   1.17150088e+06   7.50219688e+05   3.18499600e+06   2.63478425e+06
   1.08223475e+06   1.11700140e+07   3.30245656e+05   2.79997949e+04
   5.63266450e+06   9.71522300e+06   1.53402650e+06   5.32337950e+06
   4.90275150e+06   8.26412578e+04   1.40707410e+07   1.33325518e+04
   6.97435781e+04   3.27211621e+04   1.01776336e+05   9.85841484e+04
   1.04237119e+06   1.93483250e+05   9.46864300e+06   2.55056350e+06
   2.96700781e+05   1.21824941e+04   3.01300500e+05   5.14936531e+05
   6.37677250e+05   7.73475050e+06   3.45375125e+06   1.24026988e+06
   1.13896710e+07   5.48009125e+05   6.97416100e+06   2.42543650e+06
   5.68558125e+05   1.97176125e+06   3.89534925e+06   5.25284300e+06
   8.14998875e+05   2.41275907e+00   0.00000000e+00   1.87093950e+06
   6.49749609e+03   3.38023625e+06   3.75461800e+06   1.09542475e+06
   9.37719434e+03   2.18233550e+06   5.50638500e+06   1.42882178e+04
   4.90794500e+06   6.17652150e+06   5.96458900e+06   2.79184102e+04
   2.18675475e+06   1.28311266e+05   7.02260450e+06   7.08672550e+06
   4.35313150e+06   2.53314200e+06   4.09026438e+05   1.04565730e+07
   1.75236169e+03   3.91797675e+06   6.66090938e+04   5.12836182e+02
   5.20090850e+06   5.35052852e+04   1.08587898e+05   3.34937750e+06
   8.01008691e+03   3.33126000e+06   1.58832800e+03   9.91714609e+04
   1.39613525e+06   3.68249727e+04   3.74045078e+04   1.84123362e+06
   3.17630950e+06   6.36620100e+06   5.74522200e+06   3.92111775e+06
   3.14712150e+06   6.52325125e+05   1.09488650e+06   9.16816750e+05
   5.04859100e+06   4.65772650e+06   1.97130112e+06   5.24233350e+06
   1.11857050e+06   4.84424658e+03   1.42236880e+07   2.72035828e+02]
[  2.41072800e+06   3.56689400e+06   8.49017109e+04   0.00000000e+00
   7.88570898e+03   4.82063250e+06   1.72473988e+06   8.02068000e+05
   9.81699900e+06   1.88117688e+06   9.19339700e+06   6.06823650e+06
   1.99850400e+06   1.99804688e+06   2.08599590e+04   1.71090488e+06
   4.37919100e+06   2.95527275e+06   1.73075512e+06   8.48874902e+03
   4.45693200e+06   4.85169400e+06   6.01468562e+05   1.90159750e+05
   2.94002425e+06   5.76381625e+05   2.68648594e+05   2.41543700e+06
   4.80370219e+05   3.21744900e+06   2.54024473e+04   1.20827720e+07
   3.09856825e+06   2.41480700e+06   9.67741875e+05   2.07877900e+06
   5.57791600e+06   9.34899600e+06   3.34087281e+05   1.77301699e+04
   5.22812156e+05   4.06560508e+04   6.50499695e+02   1.75944625e+05
   1.37286438e+06   2.83986975e+06   5.07828800e+06   7.01811450e+06
   1.36675862e+06   8.46196500e+06   2.89100175e+06   1.79297675e+06
   4.36840600e+06   2.54709925e+06   4.74440125e+05   4.50243125e+04
   7.66827250e+06   2.53445254e+04   1.25883789e+03   5.72285050e+06
   4.05799925e+06   3.15196350e+06   5.39219150e+06   1.65856138e+06
   9.71174141e+04   8.67127200e+06   2.17444316e+04   3.60843475e+06
   1.84944562e+06   9.75704400e+06   4.79120188e+05   8.89647100e+06
   2.01121825e+06   4.36569350e+06   1.20662480e+07   1.15073584e+03
   2.00007500e+06   2.31822225e+06   1.13120410e+07   4.04435575e+06
   5.29067100e+06   9.91809766e+03   7.90575150e+06   1.39801500e+06
   1.71494484e+05   6.01213450e+06   2.52619414e+04   3.52198650e+06
   1.16615141e+05   7.96284438e+05   6.75443213e+03   5.26411750e+06
   1.23245788e+06   8.02582500e+06   2.40651219e+05   4.07243700e+06
   2.10227500e+04   6.05161800e+06   6.29732500e+05   1.46647600e+07
   3.66643594e+04   2.44050059e+04   1.10489280e+07   5.96481140e+02
   6.62961279e+03   8.98848000e+06   1.22723425e+06   3.06310900e+06
   7.83682150e+06   3.53345725e+06   3.20194824e+03   2.54975250e+06
   5.80003555e+04   1.81202060e+07   6.83460800e+06   2.10094325e+06
   2.44922975e+06   1.28357138e+06   2.20907397e+03   6.31565875e+05
   6.30774550e+06   8.11038562e+05   3.57037646e+03   1.89395262e+06
   1.07293975e+06   1.44579600e+06   9.23305600e+06   4.30420300e+06]
[  0.00000000e+00   9.85520312e+03   4.08122469e+05   1.04213984e+04
   4.92693125e+04   8.32375098e+03   9.83611450e+02   2.34853315e+00
   1.59526262e+06   3.67089111e+03   1.62813513e+03   5.86022705e+03
   0.00000000e+00   8.47941016e+03   4.52225664e+04   3.41080615e+03
   2.36301656e+05   1.72727262e+06   3.90480438e+02   2.25708926e+04
   2.83567163e+03   2.87030396e+03   1.97589047e+05   2.30201758e+04
   2.82099883e+04   3.99457245e+02   1.53471788e+06   0.00000000e+00
   7.45009961e+03   2.14709703e+05   9.13126278e+00   7.25158154e+03
   0.00000000e+00   1.31427047e+05   9.00274219e+04   1.17877550e+06
   9.66822625e+05   1.07953076e+04   1.86265961e+02   3.58044023e+04
   3.44105615e+03   3.49457169e+01   1.62243811e+03   2.41103109e+05
   3.19804663e+03   0.00000000e+00   6.19760857e+01   1.42089587e+03
   1.01168740e+04   1.36639072e+04   1.89044702e+03   2.49513818e+03
   5.52855250e+05   1.51781781e+05   8.77570450e-01   1.59642188e+03
   6.18587625e+05   5.89032625e+05   1.75261597e+03   1.23906975e+01
   2.83915137e+04   2.03676445e+04   6.65658625e+05   1.43790359e+05
   0.00000000e+00   1.91609299e+02   2.39170486e+02   1.12800880e+02
   1.40470300e+03   1.13630523e+05   1.48551988e+06   1.31278250e+06
   0.00000000e+00   9.33298438e+03   0.00000000e+00   1.18515730e+01
   5.46617041e+03   1.58302547e+05   5.08882906e+05   2.47210688e+05
   6.58294312e+05   5.51547168e+03   6.14728821e+02   4.01165405e+03
   1.76837275e+06   1.97103700e+06   3.29851719e+04   1.08002038e+06
   1.18454461e+05   0.00000000e+00   7.08896094e+03   7.79595410e+03
   5.68217875e+05   8.64226953e+03   0.00000000e+00   3.00927368e+03
   5.59072754e+03   1.75189200e+06   1.29235425e+03   2.03064750e+05
   1.34503845e+03   5.00120938e+04   6.96605812e+05   1.27911328e+05
   4.17447803e+03   6.25531836e+03   1.89759241e+03   2.00359787e+02
   1.32634335e+01   6.89353000e+05   7.53176938e+05   6.86287500e+03
   4.63813873e+02   2.55655981e+03   1.27900227e+05   3.78656958e+03
   1.54769019e+03   2.75408562e+05   3.71651703e+02   1.98793900e+06
   3.53570594e+05   2.45389900e+01   1.37904707e+04   1.22988464e+03
   1.00178760e+03   2.89658781e+05   9.75797180e+02   3.22416574e-01
   1.21641398e+05   1.79900537e+03   1.80152539e+03   2.02477383e+04
   1.27302998e+04   1.21612325e+06   1.00877222e+03   8.95124121e+03
   2.06146500e+06   1.93293219e+05   1.67198691e+04   0.00000000e+00
   8.98666211e+03   2.47524316e+04   1.24628137e+03   1.19687462e+06
   9.16020142e+02   1.43503475e+06   1.92377295e+03   7.59067041e+03
   5.41327938e+05   1.17258080e+02   2.21637549e+03   8.43651672e+02
   2.55633813e+03   3.67437891e+04   3.91144031e+05   4.73489062e+03
   4.58339062e+03   4.28265094e+05   4.80589812e+05   8.11393750e+05
   2.58735327e+03   5.49560312e+04   4.94237906e+05   7.44997559e+02
   4.77444648e+04   2.40798975e+06   8.96835375e+05   4.43564188e+05
   2.98533344e+05   1.78999550e+06   1.07218712e+06   7.36203430e+02
   1.75695762e+04   7.83881719e+04   8.49960938e+03   4.32225049e+03
   5.98539625e+05   3.20669102e+04   2.17184325e+06   2.08995031e+05
   3.45990062e+05   9.15434688e+04   3.71796250e+04   1.29681812e+05
   1.63832305e+04   6.00238281e+03   3.53856836e+04   2.03980859e+04
   2.99612875e+05   3.37139795e+03   7.76959045e+02   1.57449925e+06
   1.70565872e+02   1.46879562e+06   1.12169266e+00   1.45055250e+06
   3.56647148e+04   1.18551484e+05   1.39889075e+06   3.82993094e+05
   1.22155920e+03   8.25760688e+05   1.39833775e+06   6.28549316e+02
   2.77986816e+04   3.01780777e+01   5.56727637e+03   4.35209473e+03
   7.51131543e+03   8.49620469e+04   1.68225675e+06   3.52839344e+05
   2.62519434e+03   4.85333359e+04   9.65316925e+01   8.00845859e+04
   4.08146057e+02   1.47583362e+06   9.34695117e+03   3.16430481e+02
   6.08964111e+02   4.40754980e+03   8.76274841e+02   2.83623219e+05
   6.27641250e+05   0.00000000e+00   1.13964790e+02   2.77969883e+04
   2.14754257e+02   3.10101125e+05   9.00384062e+04   4.91616364e+01
   8.86012500e+04   1.12359167e+03   7.97327500e+05   2.14961377e+03
   3.50934302e+03   2.61853375e+05   5.51454562e+05   9.39698608e+02
   1.66852625e+05   4.36147250e+05   3.95158276e+03   2.74941437e+02
   3.29620000e+04   2.93949731e+03   3.27676050e+03   1.85137650e+02
   1.61557544e+03   3.10602250e+05   1.56972327e+03   1.70296741e+03
   9.42950897e+01   3.35388145e+01   2.28571836e+04   6.79361562e+05]
[  8.18733125e+05   8.79222461e+03   3.31100806e+03   3.26170752e+03
   1.71712100e+06   1.69898888e+06   1.33667016e+05   9.85397720e+01
   6.23468125e+04   1.55718103e+03   1.51809891e+02   5.52099658e+03
   4.78501953e+02   8.09060889e+03   3.90725513e+03   3.11352319e+03
   0.00000000e+00   1.43948730e+03   1.29141962e+06   2.49370605e+04
   0.00000000e+00   1.80995255e+01   5.92601280e+01   1.46193922e+05
   1.31471954e+02   1.42736450e+03   0.00000000e+00   4.23143375e+05
   1.00351641e+04   1.35636129e+01   1.57595594e+05   1.31263164e+04
   2.56290742e+04   4.76001953e+04   4.23085273e+04   7.55578047e+04
   1.65692834e+03   1.16789635e+02   1.22723486e+04   0.00000000e+00
   6.39265664e+04   6.20411621e+03   7.79121521e+02   2.09437109e+03
   1.07293201e+03   1.44759736e+04   2.79649406e+05   6.13354922e+04
   7.63808047e+04   2.25414642e+02   6.45826270e+03   1.74714685e+03
   1.01818152e+03   3.54590771e+03   3.03328312e+05   4.68661219e+05
   2.01037656e+05   2.71382969e+05   6.34799072e+03   8.75747803e+02
   2.67895679e+03   1.27265928e+04   1.48381405e+01   2.49746094e+01
   0.00000000e+00   2.23152016e+05   1.94663809e+04   1.60751114e+02
   1.65633926e+01   4.03757495e+03   9.03645062e+05   0.00000000e+00
   1.10367139e+04   1.19955640e+03   6.01407305e+04   1.20113664e+05
   2.48703438e+05   6.86457275e+03   1.94844551e+04   3.83651562e+05
   6.55155640e+01   4.86018506e+03   4.76461458e+00   3.30577422e+04
   1.17363672e+03   4.46985977e+04   9.77605286e+02   2.30552871e+04
   3.02731641e+03   4.10012500e+04   2.60707637e+04   1.30391445e+04
   9.05727246e+03   3.67949938e+05   2.43002734e+03   5.60837746e-01
   7.96514766e+04   0.00000000e+00   2.15543555e+04   2.39054406e+05
   5.94183447e+03   2.52405684e+04   3.07625250e+05   4.33105946e+00
   6.22390442e+02   5.72291406e+04   1.17836699e+04   2.56273594e+04
   9.64199375e+04   6.26805812e+05   1.24367266e+04   7.74466812e+05
   5.78379639e+02   2.55730029e+03   1.13841143e+01   1.84733191e+03
   2.25771899e+03   4.44841211e+03   1.11991305e+05   6.11817773e+04
   1.33433867e+04   6.51204681e+01   1.85912793e+04   3.09813812e+05
   4.07155518e+03   1.38365688e+01   0.00000000e+00   2.22216934e+04
   1.42055310e+03   1.16654562e+06   4.52033828e+04   6.68666697e+00
   1.45673682e+03   7.98349812e+05   2.55445264e+03   9.69898047e+03
   4.63735107e+03   3.50993000e+05   5.92315918e+03   9.76796036e+01
   1.83547165e+02   2.71552277e+02   5.92791602e+03   3.58307383e+04
   0.00000000e+00   2.29590723e+04   4.98901074e+03   0.00000000e+00
   1.10635529e+02   7.86894104e+02   5.74804192e+01   4.47459688e+04
   8.64496125e+05   7.89180156e+04   8.41162781e+02   1.89048172e+05
   4.75987793e+02   2.68621429e+02   1.15993805e+05   6.94103500e+05
   4.53846016e+04   2.49671436e+03   2.36350586e+02   3.61726685e+01
   3.54920750e+05   0.00000000e+00   6.12986836e+04   2.01543579e+03
   2.92883500e+05   1.13195850e+06   3.36107117e+02   1.03025370e+01
   3.86365234e+02   1.33888359e+05   4.96614781e+05   8.23467468e+02
   3.06274951e+03   2.20015454e+03   2.76707300e+03   6.85487671e+01
   4.34363721e+03   2.94777461e+04   2.08253784e+02   1.57870166e+04
   0.00000000e+00   1.45730579e+03   3.22104656e+05   6.69306396e+03
   2.42533157e+02   4.46831665e+01   2.88163875e+05   2.31436377e+03
   1.77936192e+01   2.83448145e+03   1.36294209e+04   3.77292267e+02
   1.11421729e+04   8.53196680e+03   9.26740312e+05   6.63603638e+02
   2.70609341e+01   0.00000000e+00   5.71999750e+05   1.37745830e+04
   1.82432773e+04   6.61603394e+01   1.32028613e+04   1.24248088e+06
   4.53347305e+04   8.81654500e+05   2.97624092e+01   8.98211914e+02
   5.94197461e+03   2.94503086e+04   2.19023529e+02   5.90409648e+04
   6.24922578e+04   1.87775898e+04   3.37245264e+03   1.31364961e+04
   4.24273584e+03   2.67912500e+03   2.80256836e+02   3.38719208e+02
   0.00000000e+00   7.19986035e+03   9.75995000e+04   6.76591094e+04
   2.08956616e+03   4.57674694e+00   8.34652649e+02   9.73090515e+02
   4.53243945e+04   1.77671606e+03   6.52178188e+05   8.31142383e+03
   9.78825391e+03   2.77042312e+05   0.00000000e+00   1.27435188e+01
   1.23777207e+04   4.03116531e+05   2.52009621e+01   0.00000000e+00
   2.11227875e+02   2.23138103e+01   1.38013440e+03   1.62452539e+03
   2.79108188e+05   2.40118500e+05   3.50089160e+03   1.83584336e+04
   5.86590527e+03   6.35983938e+05   3.45038965e+03   2.34313109e+05]
[  4.81357578e+04   9.86500684e+03   1.63585129e+02   5.55802795e+02
   2.70290344e+05   6.77634180e+03   1.51600766e+05   1.12027869e+03
   6.35053101e+01   4.91286719e+05   4.22512227e+04   9.60324609e+03
   1.29762463e+03   2.16044266e+02   1.82487939e+03   3.87846130e+02
   3.45014839e+01   2.70395355e+02   7.66462936e+01   1.17194153e+03
   5.68770625e+04   7.23098828e+04   1.02608193e+04   2.23167598e+04
   1.53375891e+03   9.02693359e+03   5.78661719e+03   2.36666426e+04
   3.90610234e+04   7.03050562e+05   6.95601318e+02   1.61797217e+04
   7.26144141e+04   1.02941648e+05   7.47822998e+02   3.00872051e+04
   2.71452500e+05   1.03406238e+06   1.47395288e+03   1.27169225e+06
   4.31745872e+01   1.66724670e+03   1.10495889e+04   9.53822344e+04
   8.65455938e+04   1.32629688e+03   9.80399536e+02   3.83779639e+03
   8.52757812e+04   3.42970190e+03   3.32173984e+04   9.11360875e+05
   9.52312393e+01   9.11516857e+00   3.05075043e+02   5.51605408e+02
   3.02231055e+04   9.30304688e+04   2.88351631e+00   5.06193555e+03
   3.44790967e+03   9.51037031e+04   4.64339966e+02   3.55332300e+03
   1.59786133e+03   2.02131992e+04   6.13585327e+02   7.17192041e+03
   3.26082168e+04   3.72011484e+04   1.05020227e+05   1.10603926e+04
   6.97491953e+04   8.35625195e+03   2.17076578e+05   2.83473344e+05
   1.14351461e+05   6.86270078e+04   2.19977754e+04   3.13483643e+03
   1.15825159e+03   6.61288696e+02   4.18033359e+04   6.64108200e+01
   1.23391855e+04   1.47723862e+02   3.41510508e+04   9.19614258e+01
   1.01118301e+02   1.92357629e+03   3.14687531e+02   7.65732880e+01
   7.44981299e+03   4.79771957e+01   1.52347766e+05   5.18627472e+01
   8.86855621e+01   1.43400578e+05   2.61486656e+05   1.32185828e+05
   4.04742500e+05   8.96689766e+04   4.48229401e+02   5.55505127e+02
   2.31905469e+04   2.98537109e+03   2.37450812e+05   1.20549492e+04
   6.63036133e+02   1.27752148e+04   4.48510273e+04   1.44522632e+03
   1.36736855e+04   4.50503711e+03   6.87235352e+02   6.14270469e+04
   3.46842891e+04   1.12767031e+05   8.22061172e+04   8.71685469e+04
   1.24359961e+01   4.75199750e+05   1.02770039e+05   7.07458438e+04
   9.12907109e+04   2.98120190e+03   1.65223027e+04   1.34473670e+00
   2.42719482e+02   8.13427505e+01   2.58930249e+03   8.48981445e+03
   3.93446851e+03   1.52050134e+03   1.41906562e+05   4.42099121e+03
   1.44427656e+04   9.99141875e+04   5.54536016e+04   3.90327454e+02
   2.14929543e+01   2.97225234e+04   1.11477112e+02   3.73894688e+04
   3.54663403e+03   6.39987148e+04   7.49052266e+04   8.39095306e+01
   1.18140469e+05   2.91186206e+03   4.81465039e+03   2.50313262e+04
   7.74465714e+01   3.29450031e+05   8.46349525e+00   6.21911072e+02
   8.24578828e+04   1.07512188e+04   2.98738906e+05   1.02167322e+03
   1.51111768e+03   4.68894684e+02   3.98491484e+04   2.12674854e+03
   1.46435938e+03   2.93386172e+04   1.71374961e+04   7.52208047e+04
   2.47764746e+03   6.70823145e+03   1.44419336e+03   4.76311279e+03
   2.57340503e+03   4.30906982e+03   6.20498047e+04   1.96824719e+03
   1.52367217e+04   9.96489807e+02   1.18269586e+05   2.35878457e+04
   3.60228271e+01   1.22668730e+04   9.88032500e+04   1.53455615e+04
   2.91919609e+04   1.81707191e+01   6.91939062e+04   5.97366577e+02
   2.09469160e+04   3.32942188e+05   2.34490801e+04   3.21163696e+03
   8.86508118e+02   2.42374414e+04   4.19841652e+01   2.66695742e+04
   3.45826055e+04   1.08644912e+04   9.72888984e+04   3.79920094e+05
   8.84355371e+03   4.92696014e+02   2.05064570e+04   7.58623984e+04
   5.88850156e+04   1.09225883e+02   4.89304219e+04   1.28925537e+04
   5.28928086e+04   3.55944484e-01   8.84115527e+03   2.50468188e+03
   7.42612695e+03   4.84144678e+03   1.15106375e+05   2.97950625e+00
   3.80279614e+03   2.90666777e+04   2.71361450e+03   2.73428250e+05
   1.39569668e+04   7.15634827e+02   1.91184949e+03   4.71344873e+03
   2.56063145e+04   5.73127890e+00   2.17249966e+00   2.23164023e+04
   6.56532593e+02   8.76219336e+03   6.80803320e+03   7.67296680e+03
   1.81369934e+02   1.71676035e+04   6.98684500e+05   9.93927539e+03
   3.30560278e+03   3.36688501e+03   7.29712750e+05   1.29955249e+03
   9.96048157e+02   1.75054733e+02   1.77489795e+03   6.78510010e+02
   1.82349004e+04   3.48459250e+05   1.35553436e+02   5.39240456e+01
   4.02032461e+04   2.13838184e+04   0.00000000e+00   3.35723984e+04
   4.30416260e+03   5.93543213e+02   2.09685883e+02   5.95609229e+03]
[  5.59711243e+02   3.08993115e+03   1.08123633e+04   1.31227275e+04
   2.29995575e+02   5.37792070e+04   4.73879364e+02   2.14103592e+02
   4.35830612e+01   1.12726479e+02   3.32803984e+04   7.53934229e+03
   9.91414258e+03   6.90984863e+03   4.22104346e+03   2.67916962e+02
   3.49016260e+03   2.22754180e+04   1.70790703e+04   4.32148779e+03
   1.05277966e+03   1.18095109e+05   2.91311450e+03   1.70287750e+02
   4.78232305e+04   5.37215820e+03   2.75720840e+04   1.27333093e+03
   6.57841484e+04   1.24685342e+04   1.68409648e+04   9.61363203e+04
   1.37135083e+03   6.78871729e+03   8.34826660e+03   1.04669727e+05
   3.92832578e+04   7.23340332e+02   1.91999557e+02   1.10857852e+04
   2.26794434e+01   3.68235117e+04   3.17966309e+04   1.76152246e+04
   1.14684131e+03   1.75799451e+03   2.81646602e+04   1.34038037e+04
   1.01967506e+01   3.13511094e+04   9.92434766e+04   4.29563184e+03
   7.51279020e+00   2.85693652e+04   4.20965771e+03   1.43984238e+04
   1.05121045e+03   2.00469121e+04   1.86687653e+02   3.61239990e+02
   1.42728408e+04   1.10296438e+05   2.85773711e+04   2.47795972e+03
   1.61577480e+04   1.27318057e+04   3.21164246e+02   1.04780261e+03
   7.34195020e+03   6.87860107e+02   3.19825566e+04   7.78185974e+02
   7.82026953e+04   1.39969946e+03   7.46279776e-01   1.06734619e+03
   4.66025726e+02   3.20050964e+01   8.64985547e+04   3.33656562e+04
   2.92888428e+02   7.80508984e+03   5.03853906e+04   1.01890922e+05
   7.34837402e+03   5.58587980e+00   6.25584570e+03   7.77314392e+02
   2.90977188e+04   4.75907227e+04   4.18659570e+03   2.98299713e+02
   6.25512383e+04   6.87265723e+03   1.11078680e+05   2.68564102e+04
   2.79084258e+04   8.65763855e+02   2.70694629e+04   6.36383867e+04
   2.02985664e+04   1.66527344e+02   1.10481203e+05   3.02302539e+03
   8.44444727e+03   3.84819727e+04   4.80483612e+02   7.41582344e+04
   2.30608223e+04   2.07788300e+02   5.50856982e+03   1.52910364e+03
   1.24271753e+03   4.24930649e+01   1.50334351e+02   1.92552246e+04
   0.00000000e+00   6.47478750e+04   1.05581958e+03   1.66632520e+04
   4.17766510e+02   3.42254375e+04   3.17622852e+04   1.24485022e+03
   4.87112744e+03   6.72349141e+04   1.74696106e+03   2.28169004e+04
   5.85227266e+04   4.25950635e+03   7.63901611e+02   3.90912378e+03
   1.51074844e+04   5.56116484e+04   2.23411777e+04   3.30084045e+02
   1.35092256e+04   0.00000000e+00   2.20454544e+02   6.42967761e-01
   4.16633633e+04   5.36164742e+01   2.34373398e+04   4.22181845e-01
   4.73231293e+02   3.06643750e+03   3.09116241e+02   8.08650146e+03
   9.14644699e+01   6.25629834e+03   6.73908984e+04   3.25022974e+03
   1.18482324e+03   2.20686035e+03   6.97707825e+01   5.26348782e+00
   9.38646507e+00   1.63834045e+02   4.44217072e+01   7.12127812e+04
   4.63432324e+03   1.29067920e+03   5.82100684e+03   2.40249664e+02
   2.55892734e+04   2.15338477e+03   3.72569297e+04   6.39096069e+02
   7.94326484e+04   8.02211719e+04   2.45544113e+02   2.53264233e+03
   4.22235938e+03   4.46829376e+02   6.10111562e+04   3.41576172e+04
   2.46403984e+04   6.85950928e+03   7.18131641e+03   1.67651111e+03
   4.57174453e+04   1.68478918e+03   3.96001562e+04   1.21512402e+04
   5.87930176e+03   7.96988359e+04   9.57191094e+04   2.35481128e+03
   8.53986572e+02   4.22319824e+03   4.87384125e+02   2.37905625e+04
   1.79642441e+04   9.06798203e+04   1.10000289e+05   7.51776328e+04
   4.65886250e+04   2.46797363e+03   3.17631816e+04   2.77736877e+02
   4.24792617e+04   2.55917798e+03   9.84715759e+02   6.58469922e+04
   4.62843906e+04   4.14353821e+02   5.65174375e+04   2.42280312e+04
   2.27238026e+01   4.15290022e+00   2.36559326e+03   3.37672058e+02
   9.47017212e+01   1.33096344e+02   3.27050859e+04   1.03217314e+04
   4.56644922e+03   3.97650117e+04   2.51635371e+04   1.48435439e+04
   3.07591016e+04   6.00388750e+04   2.03989349e+02   0.00000000e+00
   2.79568711e+04   2.50896454e+02   3.74761414e+02   0.00000000e+00
   8.22020569e+01   4.60377100e+03   1.93361954e+02   1.29074799e+02
   2.90700723e+04   8.72316406e+03   4.81794961e+04   1.61852576e+03
   6.03013594e+04   1.38924707e+03   3.93979077e+03   2.27323555e+04
   3.92028760e+03   1.27582666e+04   2.32137158e+03   4.88869258e+04
   6.75028564e+02   5.71053711e+04   1.65303652e+04   1.11468498e+02
   7.57252246e+03   1.14064131e+04   7.60206104e+03   7.46883594e+04
   1.35027324e+04   1.08654031e+05   1.95532285e+04   9.94840723e+03
   5.85071875e+04   2.91639526e+02   3.17352753e+01   5.35883438e+04
   4.11711367e+04   1.11138287e+01   2.34671133e+04   1.75907703e+03
   6.11759872e+01   3.29741562e+04   7.47070618e+02   1.00298453e+05
   3.32957422e+04   3.80545227e+02   0.00000000e+00   9.46908813e+02
   1.14847852e+03   4.11570923e+02   6.34931758e+04   3.14980156e+04
   0.00000000e+00   1.45225662e+02   3.10431719e+04   1.32300713e+04
   5.33273010e+01   8.01705322e+01   1.29536055e+04   4.66399414e+04
   9.05027100e+02   5.56752783e+03   1.36765404e+01   6.13067200e+02
   6.22428613e+03   1.90452715e+04   1.07201230e+04   9.13126758e+03
   5.71018828e+04   2.54334707e+04   8.90754590e+03   2.33396460e+03
   3.79325409e+01   4.67462341e+02   5.50172998e+03   4.03379492e+04
   2.91821808e+02   1.12287561e+03   8.27478027e+03   6.97519913e+01
   1.96215134e+02   1.02230010e+04   1.13231445e+03   1.48827686e+03
   5.05860820e+04   4.66840782e+01   6.04886856e+01   9.83431445e+03
   1.11515179e+01   2.39987579e+02   6.28491953e+04   2.56268457e+04
   5.06053009e+02   6.79994609e+04   1.56682803e+04   1.01008926e+04
   2.20678345e+03   2.78914121e+04   1.03018102e+05   7.74384949e+02
   6.52880234e+04   4.46988086e+04   8.27173828e+04   2.97175859e+04
   9.71435352e+03   6.64074402e+02   6.86299766e+04   4.36922559e+03
   2.39477480e+04   2.89010522e+03   6.01639633e+01   2.28903359e+04
   3.15522766e+02   3.19175430e+04   2.49391016e+03   1.75044824e+04
   6.97796797e+04   3.95000806e+03   3.27862539e+04   3.89917114e+02
   1.04803455e+03   2.28519355e+04   1.45631279e+04   1.45291565e+03
   1.91740479e+03   1.06032471e+02   3.04833184e+04   7.28559971e+00
   3.37557800e+02   2.50894336e+04   1.02374961e+04   4.66968842e+02
   3.02861074e+04   2.39589294e+02   4.74585703e+04   1.48938945e+04
   3.73003438e+04   9.67261816e+03   4.34866699e+02   1.38415512e+02
   2.97074365e+03   2.03781021e+02   9.87581797e+04   2.02335388e+03
   2.89734219e+04   8.88805078e+03   2.11425464e+03   9.82487244e+02
   5.66027832e+03   1.42328076e+04   5.46992461e+04   7.34464307e+03
   3.57615471e+01   2.37056885e+03   4.93887115e+02   1.95483704e+02
   1.87643848e+04   5.99719482e+03   5.22138367e+02   8.79370000e+04
   1.01859951e+04   2.87066895e+03   4.36963165e+02   2.60685571e+03
   2.86152313e+02   1.55118042e+02   6.70782568e+03   1.96378479e+03
   1.29326855e+04   1.04851582e+04   1.02527227e+04   3.58122930e+04
   2.54342500e+04   1.00197354e+04   2.85747534e+03   5.40200806e+02
   1.86108292e+02   1.90578711e+04   4.25573320e+04   2.45280547e+04
   1.22671504e+04   5.73700732e+03   2.70844043e+03   1.09058716e+02
   0.00000000e+00   3.51505470e+01   1.27608945e+04   7.49437793e+03
   2.80703848e+04   1.71164078e+02   2.30465742e+04   2.42205312e+04
   2.38853857e+03   1.72533887e+04   3.82314844e+04   1.52843445e+03
   2.67677832e+03   1.37154473e+04   5.47215454e+02   8.86523672e+04
   6.73450938e+04   2.37016191e+04   3.75153164e+04   2.24373120e+03
   6.09920664e+04   1.65021057e+03   2.48229150e+03   4.21727441e+03
   2.00360762e+04   3.37745273e+04   8.14349219e+03   8.92000732e+02
   2.20422583e+03   1.68286560e+02   1.59518252e+04   6.36364111e+03
   7.37491455e+03   6.45969141e+03   1.35571084e+04   8.80355263e+00
   0.00000000e+00   6.82641875e+04   4.28742752e+01   1.23888896e+04
   6.06498718e+02   6.16478711e+04   4.49764111e+03   8.35939609e+04
   1.26768027e+04   0.00000000e+00   5.03734668e+03   0.00000000e+00
   3.48217804e+02   1.31478552e+03   1.99474869e+01   3.73765808e+02
   5.61277344e+02   4.64228711e+03   3.85989838e+02   1.43522842e+04
   4.14048906e+04   2.70505215e+04   2.43846875e+03   0.00000000e+00
   6.15154297e+02   3.27969019e+03   3.77412376e+01   1.12249744e+03
   2.23194922e+04   1.64606155e+02   7.47160095e+02   3.17178979e+03
   5.98097998e+03   3.85842236e+03   3.49662500e+04   0.00000000e+00
   8.61950500e+02   5.93557275e+03   3.21652578e+04   2.99467168e+04
   5.35398281e+04   3.33606018e+02   3.32373840e+02   0.00000000e+00
   1.76315664e+04   7.97643677e+02   9.23308906e+04   5.15494263e+02
   1.18203252e+04   9.48366211e+03   5.68618103e+02   1.23504675e+03
   7.97962952e+02   8.38139531e+04   1.36624084e+02   1.86673379e+04
   4.65914648e+03   4.49456558e+01   1.95607758e+01   8.15282324e+03
   3.41427109e+04   8.30774766e+04   8.70202271e+02   4.74773693e+00
   2.00730020e+04   2.76938110e+02   3.40276581e+02   1.01534078e+05]
[  6.62464539e+02   6.19915283e+03   7.16127808e+02   2.68979462e+02
   3.36845586e+04   3.87163696e+01   5.45965273e+04   3.70622305e+04
   5.99210586e+04   6.18620422e+02   7.19911621e+02   6.26998413e+02
   1.67548706e+02   6.11561094e+04   4.18367383e+03   4.35091019e+01
   9.42192578e+03   7.62705078e+03   1.63257910e+03   1.89958379e+04
   1.00883844e+03   1.14558926e+04   8.96365540e+02   3.91171753e+02
   3.35945709e+02   1.41943828e+04   1.80591064e+03   1.36048857e+04
   1.56415234e+03   2.53288559e+02   2.65739868e+02   4.40952415e+01
   1.02385469e+04   4.26528358e+00   2.24436218e+02   5.32962939e+03
   1.71746533e+03   3.01542640e+00   4.45997412e+03   4.86751587e+02
   9.95724414e+03   1.58357598e+04   3.78813324e+01   4.22522070e+04
   7.09471143e+03   1.11499634e+02   1.97671997e+03   1.03845276e+03
   7.60189590e+01   8.40244202e+02   4.19381927e+02   0.00000000e+00
   0.00000000e+00   3.55969805e+04   1.09677954e+03   1.01086047e+03
   1.64917441e+04   4.50385254e+02   5.62164368e+02   1.15604353e+01
   2.67379951e+01   2.40672546e+02   3.67101593e+02   3.35559082e+02
   1.17194775e+03   6.40874084e+02   2.40908057e+03   1.16467969e+03
   7.75333906e+04   3.36378387e+02   3.65744019e+00   2.23253535e+04
   1.49788177e+00   5.63408264e+02   2.09174146e+03   2.48733658e+02
   0.00000000e+00   5.72764111e+03   5.16740479e+02   1.75174316e+02
   3.11021484e+03   8.23959453e+04   3.89527812e+04   8.18655566e+03
   1.58009802e+03   0.00000000e+00   2.44902988e+04   1.30713586e+03
   3.96337891e+02   4.08623682e+03   1.19458379e+04   9.72092090e+03
   3.73342407e+03   2.11930919e+00   9.45613342e+02   7.02497911e+00
   3.82298546e+01   1.57169248e+04   3.94200439e+03   5.59820020e+03
   4.07128540e+02   1.83915430e+03   8.62051575e+02   5.29041958e+00
   4.22190491e+02   2.55482886e+03   5.97710303e+03   9.76159134e+01
   4.54652812e+04   4.23485039e+04   6.85380957e+03   4.98294678e+03
   1.36669897e+03   1.32397051e+04   3.92997188e+04   1.57798657e+03
   8.96190796e+02   7.38076233e+02   1.53761932e+02   2.60111877e+02
   2.82270172e+02   1.59670781e+04   2.92051831e+03   4.90329313e+00
   3.97847695e+04   6.45368103e+02   9.10772217e+02   4.84275513e+01
   4.59890480e+01   3.01025723e+04   1.84853115e+01   5.32497192e+02
   4.66962451e+03   2.54516191e+04   3.34630688e+03   1.29451523e+01
   3.91823242e+02   5.47581139e+01   1.28519883e+04   2.21328831e+01
   1.65454178e+02   6.95369629e+02   9.67981250e+03   1.43834372e+01
   7.68419092e+03   7.65393066e+02   7.76245605e+03   5.05191758e+04
   2.24404312e+02   1.08701318e+03   9.83693516e+04   4.87975433e+02
   4.21243750e+04   7.36569092e+02   8.41089020e+01   2.54401094e+04
   2.54782090e+04   3.13154590e+04   2.23505859e+03   5.68747754e+03
   9.89412891e+03   1.08414062e+03   1.07916951e+00   4.55804443e+01
   3.05366855e+04   4.18258667e+02   5.09311055e+04   3.77451782e+02
   1.60139539e+03   1.30822412e+04   3.97708521e+03   4.21982861e+03
   3.55122930e+04   1.67239922e+04   8.04129639e+01   7.26506287e+02
   2.68009247e+02   4.02224316e+03   9.38718506e+02   8.55766113e+02
   4.62682383e+04   9.67203857e+02   3.62381805e+02   0.00000000e+00
   8.38050586e+03   3.84610312e+04   0.00000000e+00   2.62767432e+03
   3.52889557e+02   3.93789805e+04   5.53097916e+01   7.99283936e+02
   6.53962158e+02   2.75132422e+04   8.13153662e+03   9.43381226e+02
   1.46604553e+03   2.61513164e+04   8.71645325e+02   6.05815898e+04
   2.34049160e+04   9.21169357e+01   1.62991371e+01   2.52963669e+02
   9.27565625e+03   2.41146439e+02   3.62941315e+02   2.69668457e+03
   5.92738962e+00   6.61662646e+03   2.62888623e+03   9.72628113e+02
   8.81796484e+03   3.24864526e+03   1.73731504e+04   7.24845312e+04
   3.57923901e+03   6.05103340e+01   7.55736847e+01   5.13342930e+04
   9.91118652e+02   8.51619415e+01   6.58063354e+02   1.30560141e+01
   4.78736914e+03   2.96044331e+01   1.63540320e+03   3.70098438e+04
   1.18629675e+03   9.34147583e+02   5.90437812e+04   2.12169113e+02
   1.17019226e+02   2.44208965e+04   4.02734852e+00   7.88529219e+04
   4.00337617e+04   8.70064160e+03   1.48895691e+02   6.81850433e+01
   7.36880432e+02   2.89384888e+03   3.79846118e+03   4.40029883e+03
   1.89832556e+03   3.59631030e+03   0.00000000e+00   5.14015586e+04
   5.86576576e+01   4.66528564e+02   4.65585022e+02   7.19016254e-01
   1.34191074e+04   6.30937119e+01   4.90273952e+00   4.47416718e+02
   2.24953064e+02   1.79979919e+03   4.67198486e+03   1.42934844e+04
   4.14596826e+03   6.61858444e+01   2.31977344e+03   3.62279449e+02
   1.99042822e+03   1.53530391e+04   1.18179321e+03   2.97628027e+04
   2.12228101e+03   3.30745459e+03   3.51020325e+02   6.95656799e+02
   4.60462598e+03   4.75560333e+02   1.56813059e+01   1.21474350e+02
   2.10813159e+03   0.00000000e+00   2.37692780e+02   1.72716270e+04
   8.84198730e+02   1.65805759e+01   9.50232520e+03   0.00000000e+00
   1.14988232e+01   4.30420752e+03   1.39684892e+00   7.08418984e+04
   3.74235077e+02   2.39082611e+02   8.03625793e+01   4.01333325e+03
   5.95228516e+04   1.56047275e+04   7.34576123e+03   3.27410864e+03
   3.41926250e+04   4.16453476e+01   1.66196701e+02   4.91885803e+02
   1.23363101e+00   6.47616638e+02   2.67709980e+04   7.03627472e+01
   1.21119033e+04   1.58905645e+04   3.50252051e+03   6.76385234e+04
   1.64468689e+02   6.01982727e+01   2.57978115e+01   2.34401099e+03
   1.38762390e+03   1.29585815e+02   7.28686646e+02   3.06303253e+02
   8.28103906e+04   4.23555725e+02   1.05544724e+02   4.02528992e+02
   1.80196621e+04   1.67312170e+03   9.55469434e+03   9.95839648e+03
   5.20590703e+04   6.58407532e+02   2.60211108e+03   3.69383828e+04
   5.26360107e+02   1.50679693e+01   6.34058516e+04   1.15010342e+04
   3.18118286e+02   1.05774438e+03   4.23792070e+04   7.87176575e+02
   9.58442613e-02   8.44969543e+02   9.57234009e+02   7.42677124e+02
   2.29300898e+04   1.80492346e+03   2.56046777e+03   3.22994805e+04
   1.52172394e+01   2.71529541e+03   4.81799591e+02   4.35791055e+04
   5.65975156e+04   1.10044189e+02   5.70274854e+03   1.02110195e+04
   2.06110059e+03   2.16899199e+04   6.10960938e+04   2.06877676e+04
   1.95046606e+03   3.48581177e+02   1.07489832e+03   4.47494278e+01
   1.73593921e+03   4.15388977e+02   1.99395809e+01   1.17769775e+02
   9.74042773e+03   3.33717148e+04   1.84161880e+02   1.07497109e+04
   2.95106415e+02   4.76845977e+04   1.03903551e+01   7.32804749e+02
   3.27781567e+03   7.70503125e+04   1.44207166e+03   2.47362793e+03
   1.16083569e+03   3.61105225e+02   1.82065186e+03   1.16031221e+04
   1.07533008e+04   3.11275452e+02   5.19671745e+01   1.76068457e+03
   8.72392807e+01   3.86451758e+04   3.65582617e+04   8.79655371e+03
   9.39259922e+04   6.18351685e+02   2.60377235e+01   2.48340454e+01
   6.20112207e+03   2.06590898e+04   5.33588989e+02   1.09004404e+04
   1.73762537e+03   2.67491970e+01   1.14799232e+02   1.14171349e+02
   7.19527283e+01   5.13732080e+03   1.87890391e+04   6.35437402e+03
   1.06610815e+03   3.03898525e+01   3.02508828e+04   2.93041809e+02
   9.70256641e+03   2.54947281e+01   2.40531494e+03   1.66024643e+02
   1.39216855e+04   1.15290771e+04   1.27382727e+01   0.00000000e+00
   3.93764008e+02   2.94210449e+03   6.59521094e+03   2.09753448e+02
   1.60936072e+03   3.60277466e+03   1.35493384e+03   2.08942871e+03
   1.96073743e+03   2.55496230e+04   4.08843445e+02   1.27976763e+00
   4.38166064e+03   8.38703842e+01   4.14674072e+03   3.05862246e+04
   8.49188477e+03   2.28556854e+02   1.57780075e+02   4.00770435e+03
   6.04655029e+02   3.02016296e+02   8.76743125e+04   5.96557666e+03
   9.43639221e+02   2.84287384e+02   2.87113965e+03   2.98649976e+03
   6.02833557e+01   4.31877289e+02   2.92947021e+03   3.73603119e+02
   4.15160370e+01   4.02769348e+02   0.00000000e+00   4.84330322e+02
   7.40592623e+00   2.74969816e+00   2.03122891e+04   1.78860426e+00
   0.00000000e+00   3.33928223e+02   0.00000000e+00   1.86612244e+03
   4.83114404e+03   1.85117883e+03   7.19403027e+03   3.40216949e+02
   6.86794375e+04   2.59910898e+04   5.26823547e+02   1.12907275e+03
   1.19073889e+03   5.60996562e+04   6.24088438e+04   9.19797821e+01
   8.46769226e+02   1.75679684e+01   2.61759326e+03   5.12313916e+03
   1.30298999e+03   3.00443039e+01   1.60751526e+02   1.89768970e+00
   1.70360918e+04   1.19142217e+04   1.69421661e+02   4.50490173e+02
   3.57856628e+02   3.75749817e+02   6.70799219e+04   6.20388412e+00
   3.10543945e+03   5.86663513e+01   6.79582031e+04   8.44093457e+03
   4.78382263e+02   6.18382874e+02   8.22324634e-01   2.09607695e+04
   2.21412427e+03   6.34233627e+01   3.12941761e+01   4.15739307e+03
   1.84010217e+03   1.11299336e+04   1.83593353e+02   2.41502258e+02
   1.54386505e+02   5.84413398e+04   2.19344772e+02   4.08037384e+02
   0.00000000e+00   6.32145557e+03   7.85953564e+03   2.86466870e+03]
[  5.69082336e+01   2.17900156e+04   6.57057373e+02   1.31782898e+03
   1.61140649e+03   2.69771074e+04   1.87288635e+02   7.87085547e+03
   3.42069482e+03   2.39893789e+04   3.30268994e+03   2.39132660e+02
   2.59292896e+03   3.03112109e+04   1.39340259e+03   3.93492218e+02
   2.78157788e+03   7.28751953e+03   7.25813594e+04   7.16638062e+02
   3.91725302e+00   9.51966602e+03   1.06266541e+02   2.32713818e+03
   1.00604990e+04   1.22861996e+01   3.10182812e+04   1.15080040e+02
   6.53569214e+02   6.60367725e+03   2.43971704e+03   5.62886475e+03
   1.14998887e+04   1.12169313e+00   1.25128711e+03   1.01282303e+02
   1.41373792e+03   5.07903438e+04   5.51792085e-01   1.39928242e+04
   5.24886230e+03   1.14313705e+02   9.44262409e+00   1.55720886e+02
   1.36361621e+04   3.51194855e+02   4.48144336e+03   9.10468066e+03
   5.33740234e+02   3.27358459e+02   7.94592834e+02   1.68586349e+02
   1.18014107e+02   1.03999473e+04   1.62903164e+04   2.54210273e+04
   3.38558899e+02   3.93128491e+03   1.03411499e+02   2.32879810e+03
   5.43888062e+02   5.28168030e+02   3.84105621e+02   4.30920067e+01
   4.04018774e+03   3.97069336e+02   1.22862350e+02   1.10057449e+02
   2.36621719e+02   3.78124237e+01   4.75558197e+02   8.06306787e+03
   1.92763184e+04   4.80233040e+01   3.20088848e+04   1.31177006e+01
   1.29852341e+02   2.25219849e+02   3.60852441e+03   9.04155371e+03
   5.64072803e+03   3.24734707e+04   2.11441523e+04   1.94139395e+04
   7.11784531e+04   2.06647659e+02   1.73823682e+03   5.35298584e+03
   2.05379053e+03   2.61322188e+04   1.64058094e+01   9.31874207e+02
   4.32128143e+02   1.03707178e+04   1.68793762e+03   1.05561475e+04
   1.91411152e+04   0.00000000e+00   1.01920645e+04   3.75668579e+03
   4.60828514e+01   5.13731836e+03   1.87701630e+02   1.54116895e+03
   1.17672539e+00   9.26014252e+01   2.52477280e+02   3.69160977e+04
   1.32875910e+01   1.68434629e+04   3.93521362e+02   3.72709961e+04
   9.25582617e+03   3.06644135e+02   1.03624096e+01   4.91927887e+02
   4.90167389e+02   2.94289941e+04   1.79279022e+02   4.00326538e+00
   4.10209703e+00   8.99705933e+02   2.90689209e+03   6.97669678e+02
   3.86658875e+02   1.41592148e+04   8.98689651e+01   4.47842903e+01
   6.51945740e+02   7.52709656e+02   1.04588789e+04   5.60349121e+02
   2.44107628e+01   1.55568384e+03   1.12225867e+03   1.19029316e+04
   2.42772285e+04   0.00000000e+00   1.56142593e+02   2.84075050e+01
   0.00000000e+00   1.93141846e+02   1.75656006e+02   1.66121735e+02
   1.42376984e+02   8.44277051e+03   8.90157227e+02   0.00000000e+00
   9.11055054e+02   6.32062344e+04   1.79215576e+02   5.66175293e+03
   4.14199493e+02   7.21595020e+03   6.26036255e+02   8.35313184e+03
   6.97306366e+01   1.35730688e+03   4.34274658e+02   2.36155762e+03
   2.52978943e+02   1.00728784e+03   5.19333130e+02   2.10550652e+01
   3.28183281e+04   1.26616165e+02   2.57427216e+02   2.86156299e+03
   5.15340527e+03   1.57584609e+04   7.75790644e+00   3.05497772e+02
   4.62631689e+03   1.59317322e+02   4.00734253e+01   8.16507751e+02
   5.18995273e+04   7.36578796e+02   2.44609453e+04   6.09687744e+03
   3.81783281e+04   2.45545625e+04   4.02157745e+01   2.93447174e+02
   3.94108917e+02   2.31072426e+00   1.51087227e+04   8.65089453e+03
   2.58687248e+01   1.23109306e+02   1.42331116e+02   5.33036133e+02
   3.25914282e+03   2.32719092e+03   1.29659265e+03   1.15010850e+04
   9.30684204e+02   8.74827576e+02   7.60369720e+01   1.49644519e+03
   8.21262012e+03   1.53692200e+03   2.76910736e+02   0.00000000e+00
   1.92801880e+03   9.05564575e+01   9.37277588e+02   8.41978516e+02
   4.81180664e+03   4.25251172e+04   2.38030502e+02   3.42649384e+02
   9.59912659e+02   4.75076416e+02   1.86047897e+01   5.89543750e+03
   5.45634531e+04   8.27324142e+01   5.88646431e+01   7.89191406e+03
   1.75658594e+04   5.03630890e+02   2.47963211e+02   9.77234619e+02
   1.30983307e+02   4.16665993e+01   3.70126190e+02   4.35130653e+01
   2.90650439e+03   1.57558090e+02   4.26472870e+02   7.49973373e+01
   1.99547424e+03   2.46616974e+01   2.10297012e+01   5.59146500e+00
   6.42668274e+02   1.13389984e+02   4.54001123e+03   5.84873123e+01
   5.05124474e+01   5.74917717e+01   1.24787329e+03   2.12256855e+04
   1.11936729e+04   9.66365918e+03   2.70347168e+02   3.57472778e+03
   1.69047785e+00   1.51911362e+02   2.89301361e+02   1.05275208e+02
   4.04896436e+03   1.74746411e+03   1.24762983e+01   2.26336319e+02
   3.08063135e+03   1.70775974e+00   1.71230664e+03   1.07567596e+02
   5.00204742e+02   4.36843408e+03   7.88450562e+02   7.37170839e+00
   2.91450488e+04   6.39952148e+02   6.48292578e+04   1.70516150e+03
   9.68582227e+03   1.84096725e+02   1.09078850e+02   5.82983521e+02
   2.80999542e+02   3.71519928e+01   3.66630781e+04   1.64343231e+02
   2.99615234e+02   3.76073700e+02   3.34663379e+03   1.82394102e+04
   3.46633179e+02   1.57066086e+02   9.20889343e+02   5.98393555e+04
   5.66625366e+02   3.48650439e+03   1.43746465e+04   5.38218155e+01
   7.92302673e+02   1.96011035e+03   2.82383960e+03   4.51039307e+03
   2.60844653e+03   1.96617529e+03   2.03807678e+01   2.76746887e+02
   4.43916406e+03   4.53548492e+02   1.58800098e+04   4.56561737e+01
   3.61721649e+01   1.56147668e+03   1.79985664e+04   3.41833687e+01
   4.17818213e+03   4.43222812e+04   5.16471924e+02   2.14401709e+03
   1.86000623e+03   9.01516541e+02   6.42300987e+00   2.33220557e+03
   2.07197022e+00   1.64880332e+04   1.18788745e+03   1.98579551e+04
   1.02623657e+03   8.88806055e+03   5.54044434e+02   1.36135430e+04
   3.44355005e+03   4.44437734e+04   1.74648987e+03   1.35293848e+04
   1.06931055e+03   8.19851257e+02   9.63359009e+02   2.49903809e+02
   5.31972046e+02   7.72498596e+02   4.93598584e+03   2.94135059e+03
   7.99050450e-01   1.48403418e+03   1.13835365e+02   2.27814404e+03
   7.69264755e+01   7.08791553e+03   1.44268091e+03   5.53117578e+04
   3.98734141e+04   2.23455615e+03   1.48537018e+02   5.47305336e+01
   3.83726387e+01   1.75988907e+02   1.15915840e+04   4.15839691e+02
   1.43688096e+04   7.44366504e+03   5.52072656e+03   3.41602500e+04
   4.25618744e+02   2.36646509e+03   9.24598999e+02   3.96432404e+02
   1.31430039e+04   2.25888232e+03   1.50426094e+04   0.00000000e+00
   6.80938984e+04   3.00249878e+02   1.69542598e+04   7.45062683e+02
   5.63694482e+03   8.43482437e+01   1.67556534e+01   1.16968623e+04
   8.39326935e+01   4.62885449e+03   3.80853607e+02   5.03899994e+02
   2.02847809e+02   4.97514453e+03   7.49123901e+02   6.74175000e+04
   4.36330908e+03   5.53193665e+02   2.79467896e+03   1.69534351e+03
   7.35317078e+02   1.32084531e+05   1.78591577e+03   1.55702469e+02
   1.64437500e+02   4.40265234e+03   1.88004303e+02   2.18167191e+01
   1.33243738e+03   4.58318237e+02   3.57845820e+04   1.85947766e+03
   1.68043640e+03   4.75128359e+04   4.64271523e+04   8.17176758e+02
   2.65473969e+02   9.42483496e+03   3.16687451e+03   9.06611035e+03
   2.09083915e+00   1.35883057e+04   4.02836060e+03   1.89377979e+03
   2.89580231e+01   2.39980449e+04   5.73671150e+01   6.60252197e+02
   1.06465747e+03   2.51176807e+03   3.18696045e+02   1.47526963e+04
   8.45063965e+03   1.14333582e+03   1.15418579e+03   1.66597748e+01
   6.78351270e+03   5.22058691e+03   0.00000000e+00   1.24795143e+02
   4.13680511e+02   1.91664258e+04   2.45985083e+03   2.75332031e+02
   1.50193054e+03   1.52427256e+04   8.41202942e+02   3.55683174e+01
   5.08078552e+02   4.45033545e+03   5.59831797e+04   1.09810150e+02
   2.36298105e+04   1.34766968e+03   1.16927040e+02   4.73845795e+02
   7.95079346e+01   3.27715516e+00   1.73698770e+04   2.16069809e+02
   7.61486755e+02   8.35695190e+01   7.41025757e+02   0.00000000e+00
   2.83911686e+01   1.18066758e+04   3.47838745e+02   3.10877563e+02
   1.39762924e+02   1.66843281e+04   2.06690704e+02   1.75799866e+02
   4.55406113e+01   1.26405352e+05   4.12678477e+04   3.10379295e+01
   2.37642749e+03   3.59664355e+03   1.59235537e+04   4.00830029e+03
   2.05812793e+04   4.84135010e+03   7.93239746e+03   3.15476166e+02
   3.85638916e+03   6.22653857e+03   2.41532013e+02   2.52964840e+01
   9.60221558e+02   1.95710983e+01   1.26672729e+03   1.62725068e+04
   6.86961426e+03   1.10811689e+04   4.06980194e+02   2.61512756e+01
   5.64652405e+02   1.51535400e+03   1.07731628e+03   8.64478809e+03
   2.68534009e+03   1.38129272e+02   3.11986304e+03   1.06362190e+02
   7.37291336e+01   1.69991302e+00   8.70390820e+03   6.01747131e+02
   8.62067261e+02   2.14421924e+03   4.48808320e+04   3.14432500e+04
   9.11617090e+03   7.81223755e+02   1.35884888e+03   1.84134375e+03
   1.96901477e+03   4.62683487e+01   2.83196631e+03   1.04179126e+03
   1.08943408e+04   6.46572578e+04   7.20136523e-01   7.39608643e+02
   1.32782549e+04   1.68361133e+04   1.54755630e+02   8.51156330e+00
   8.94865967e+02   6.24370575e+01   5.69268341e+01   2.44406226e+03]
[  1.22005371e+02   1.26229820e+01   3.77441168e+00   4.50177539e+03
   8.97555389e+01   1.70179462e+01   1.41689360e+00   0.00000000e+00
   2.66081238e+02   1.36112350e+02   3.71088982e+01   1.40012787e+02
   1.39117422e+01   5.93709106e+01   2.54865780e+01   0.00000000e+00
   0.00000000e+00   6.01134911e+01   0.00000000e+00   0.00000000e+00
   3.00847412e+02   1.45230801e+04   1.83705212e+03   2.62341217e+02
   2.35545254e+00   0.00000000e+00   4.09318388e-01   3.71259979e+02
   6.38761559e+01   7.81640381e+02   1.19660986e+03   1.10120239e+02
   4.30782410e+02   8.26353989e+01   4.82601881e+00   1.51490259e+03
   8.44866028e+01   8.29484375e+03   2.09736938e+03   5.93132812e+02
   6.08197461e+03   2.73453388e+01   8.80187439e+02   1.32026318e+03
   0.00000000e+00   5.51304197e+00   1.31144128e+03   9.35070572e+01
   5.39301014e+00   1.06614807e+02   2.24076176e+01   6.96849365e+02
   2.33892751e+00   5.62094360e+02   7.59943848e+01   7.54832382e+01
   3.21697119e+03   4.23758301e+02   0.00000000e+00   2.10993614e+01
   4.43283478e+02   1.61668274e+02   2.69934025e+01   8.58820801e+02
   1.61598038e+02   1.58190247e+03   7.14382477e+01   1.69866532e-01
   5.49465332e+02   5.53760010e+02   5.76583801e+02   4.83632050e+01
   9.27266617e+01   4.54898033e+01   7.36097765e+00   2.72271667e+02
   2.68813210e+01   1.37733704e+03   7.49875963e-01   8.22661209e+01
   0.00000000e+00   3.25650635e+01   2.71081390e+02   1.96797546e+03
   4.80477333e+01   4.33191032e+01   1.19388604e+00   8.37245560e+00
   6.51818115e+03   1.68839981e+02   8.16465234e+03   1.72794449e+02
   1.38191172e+04   5.71652649e+02   1.69410801e+00   5.50533081e+02
   7.90645898e+03   4.79467659e+01   1.37690405e+03   6.17822151e+01
   3.98792847e+03   6.44286011e+02   6.62144470e+00   0.00000000e+00
   2.92252637e+03   1.27006567e+03   0.00000000e+00   1.06046646e+02
   4.05194435e+01   2.53363371e+00   2.44555068e+00   3.46246765e+02
   6.45536328e+03   6.78393555e+03   2.27140312e+01   6.27262354e+00
   1.74614551e+03   4.35596436e+02   3.58099198e+00   1.39456320e+01
   0.00000000e+00   1.40909622e+02   8.01729500e-01   8.61233711e+00
   3.50340629e+00   1.98194766e+00   2.76290150e+01   1.97594717e-01
   3.21841278e+01   4.40761133e+03   2.70659644e+03   2.44180023e+02
   1.47499359e+00   2.18476257e+01   1.79898926e+02   1.45513184e+02
   7.20626758e+03   3.02698883e+02   1.57107285e+02   5.02278442e+01
   2.28831543e+03   6.05182228e+01   7.32020035e+01   3.58072485e+03
   1.69290657e+01   2.20072412e+00   7.70383301e+01   1.04760408e+00
   1.87603245e+01   2.42762032e+01   1.60977912e+00   1.52307373e+02
   2.57752808e+02   1.43963385e+01   4.18017159e+01   3.48119593e+00
   8.97179565e+02   1.27419996e+01   4.59680824e+01   4.59768066e+01
   1.91422211e+02   1.92881317e+02   1.11404434e+04   1.11330115e+03
   1.50713696e+03   9.55599316e+03   0.00000000e+00   3.41435229e+03
   5.97775208e+02   5.18611816e+03   0.00000000e+00   2.44040308e+03
   1.51852036e+01   3.27122711e+02   1.04650784e+01   5.34732246e+00
   1.29685577e+02   1.85275879e+01   6.49969788e+01   0.00000000e+00
   2.02998619e+01   2.67288208e+03   0.00000000e+00   2.14052075e+03
   2.52160309e+02   4.57994385e+03   1.06025314e+02   5.80574179e+00
   4.46334326e+03   4.31622086e+01   4.51917419e+01   5.34970856e+00
   1.24474571e+02   1.96742737e+02   7.93380554e+02   1.43785629e+02
   3.62908020e+01   3.58614282e+03   4.83255322e+03   4.45504834e+03
   1.28130827e+01   8.56935059e+03   7.21339417e+01   7.26804638e+00
   1.81680374e+01   4.34295959e+01   1.93286438e+03   1.34121594e+03
   0.00000000e+00   1.91780334e+03   2.15463477e+03   8.12654785e+02
   7.94643760e-01   0.00000000e+00   1.46143295e+02   1.62574097e+03
   1.96803543e+02   2.15367661e+01   2.17804672e+02   5.95710754e+02
   9.88771152e+00   6.40211105e+01   1.27202782e+02   0.00000000e+00
   3.65798047e+03   6.65680664e+03   0.00000000e+00   5.05216408e+01
   7.95314932e+00   3.50091309e+02   7.35358658e+01   5.44475769e+02
   1.95399002e+02   1.62291113e+03   5.59444763e+02   3.66210060e+01
   2.70389679e+02   8.17338477e+03   3.08537513e-01   1.76451404e+03
   0.00000000e+00   1.54746162e+04   2.20345154e+02   3.28537035e+00
   0.00000000e+00   1.97206879e+02   9.12237988e+03   0.00000000e+00
   1.54519260e+00   2.67733812e+00   7.34953857e+03   1.36120453e+01
   7.18697739e+00   9.45174713e+01   7.11506653e+01   8.05328247e+02
   4.32018311e+02   8.07618141e+00   1.93922691e+01   8.02018506e+03
   7.59494247e+01   5.89568359e+02   0.00000000e+00   0.00000000e+00
   1.19526803e+00   0.00000000e+00   2.32787585e+00   1.16954456e+03
   8.59490723e+02   2.62417603e+00   0.00000000e+00   1.49843176e+03
   1.07885990e+01   1.24610020e+04   6.57725098e+03   7.22757492e+01
   4.21985986e+03   1.60304713e+00   1.47728624e+01   3.42200327e+00
   2.32398415e+00   1.25887108e+02   1.37604561e+04   7.11878723e+02
   5.43715553e+01   5.27791321e+02   1.30666528e+03   2.28457165e+01
   1.20495474e+00   4.60013580e+01   2.06968136e+01   1.68079419e+03
   2.96071558e+03   2.65974426e+02   0.00000000e+00   0.00000000e+00
   2.84348755e+02   4.53815613e+02   3.65135908e+00   2.25237298e+00
   3.27756592e+02   4.78548737e+02   1.17935400e+04   2.10666251e+00
   4.92354736e+02   0.00000000e+00   3.84624748e+01   1.27019240e-02
   8.47312891e+03   3.54295373e-02   7.57842529e+03   2.08574734e+01
   2.96096020e+01   0.00000000e+00   6.46613419e-01   5.71228906e+03
   1.91570605e+03   1.93727454e+03   2.36279984e+02   1.26736565e+01
   3.02888013e+03   6.60853577e+01   2.80828881e+00   9.66358490e+01
   4.51244211e+00   0.00000000e+00   1.33168383e+01   1.55112038e+01
   8.12764282e+02   2.87008953e+01   1.88683281e+01   2.57812939e+03
   8.01546860e+01   4.06770538e+02   2.61934387e+02   3.32153906e+03
   2.32380591e+03   6.30180359e+02   5.24272510e+03   1.49582397e+02
   1.60020459e+03   6.53886437e-01   2.23949493e+02   2.13233829e-01
   4.81040332e+03   3.68733823e-01   4.28452051e+03   9.66311798e+01
   5.61284790e+02   7.50908947e+00   2.14366188e+01   2.30698729e+00
   1.34300061e+03   6.53935623e+00   0.00000000e+00   2.93384495e+01
   5.73541992e+03   2.29151465e+03   2.13523999e+03   3.75756264e-01
   1.70734558e+02   9.88514066e-01   1.03912605e+02   7.98757782e+01
   6.28301926e+01   2.49952602e+01   0.00000000e+00   3.64412689e+02
   2.05227158e+02   0.00000000e+00   2.58916077e+02   5.02413867e+03
   4.09191475e+01   1.21069054e+02   1.14954042e+01   1.84555511e+02
   1.15094805e+01   0.00000000e+00   2.20739150e+00   7.58230057e+01
   7.42402649e+01   1.30786816e+04   6.15356064e+00   2.38504199e+03
   2.80660229e+03   1.82803516e+03   2.06912402e+03   4.40365105e+01
   3.53961523e+03   1.92926666e+02   8.55341614e+02   2.70783749e+01
   9.83916702e+01   1.29020309e+00   4.89858208e+01   1.97976761e+01
   0.00000000e+00   1.80060232e+00   4.34508667e+01   8.53740158e+01
   8.32895660e+01   8.90836792e+02   3.17721338e+03   4.72061777e+00
   1.44292393e+01   7.80714417e+00   1.55831238e+02   1.44480648e+01
   3.69208074e+00   6.33019629e+03   2.37011833e+01   6.77294006e+01
   8.31412125e+00   4.02675110e+02   3.63169556e+03   2.92536743e+02
   4.99148145e+03   4.69944878e+01   3.62329125e+00   0.00000000e+00
   1.56701191e+04   3.90199097e+02   2.14897247e+02   3.21009111e+00
   5.31126892e+02   1.94780121e+02   0.00000000e+00   5.04353237e+00
   1.99094982e+01   8.80002869e+02   4.75752783e+03   2.11114826e+01
   9.56070251e+01   2.17917944e+03   2.38762598e+03   1.22747658e+02
   2.60757427e+01   2.19923901e+03   9.84897168e+03   4.27517357e+01
   2.15851097e+01   6.47531128e+00   7.15741272e+01   6.77286499e+02
   1.64745193e+02   6.54327631e+00   3.32444336e+03   3.52739526e+03
   5.94472803e+03   0.00000000e+00   2.67216187e+02   2.49567917e+02
   1.40850208e+03   5.82661104e+00   4.22064484e+02   1.44892725e+03
   1.31050224e+01   7.25869971e+03   1.18246178e+02   2.45271533e+03
   1.08642924e+00   2.58246216e+02   8.12642899e+01   3.25320160e+02
   3.75146436e+03   6.74474955e+00   2.01065235e+01   1.39854252e+00
   0.00000000e+00   1.17271790e+03   2.23606628e+02   2.62767372e+01
   1.47783936e+02   4.14127344e+03   1.26445341e+00   9.28222290e+02
   2.81094910e+02   6.32966919e+02   4.83214502e+03   3.97009674e+02
   3.10195020e+03   9.54458374e+02   2.63611969e+02   9.91224289e+01
   4.82141991e+01   1.13965222e+03   9.10256500e+01   6.57774023e+03
   5.43970871e+00   6.57600069e+00   1.11413681e+02   4.91767139e+03
   9.01177368e+02   6.75248184e+01   5.13759041e+01   0.00000000e+00
   1.88870874e+03   2.92251343e+02   7.46368469e+02   6.48783789e+03
   2.07559036e+02   2.61539192e+01   2.66644312e+03   2.34258838e+03
   1.16512308e+01   2.43602637e+03   2.61904860e+00   2.26204193e+02
   0.00000000e+00   9.49182715e+03   6.38788080e+00   2.53013367e+02]
[  1.04973564e+01   9.98250977e+02   5.77835770e+01   3.08772827e+02
   7.31599960e+01   4.14942505e+02   5.03620758e+01   4.29102814e+02
   2.60902157e+01   5.93769035e+01   1.41211707e+03   9.02458862e+02
   1.75016919e+03   2.26835236e+02   2.56306104e+03   1.23497612e+02
   3.25135350e-01   2.65823944e+02   2.98094086e+02   2.58189453e+02
   1.27811607e+02   1.21488237e+01   1.97786377e+03   3.62129822e+01
   5.08614349e+01   3.72439537e+01   8.09340382e+00   2.06227589e+01
   2.98955273e+03   5.43041611e+00   1.24204979e+01   5.74739380e+01
   6.06376172e+03   1.03511429e+02   1.18903313e+01   3.82988220e+02
   4.21583008e+03   7.42107582e+00   3.49921703e+00   3.64427393e+03
   6.13480176e+03   4.11528503e+02   1.15149808e+00   1.93958521e+00
   8.21080923e-01   3.53019043e+02   4.33174805e+03   3.80272827e+01
   1.90952168e+01   1.49129181e+01   1.29952240e+02   7.48790283e+01
   2.52149261e+02   6.73227966e+02   2.35379791e+02   2.18978125e+03
   1.73796959e+01   5.93590975e+00   1.83687280e+03   6.13993506e+03
   5.19936157e+02   2.00322311e+02   6.88540723e+03   9.78285027e+00
   5.16482735e+00   1.75574051e+02   1.22377861e+00   5.57416267e+01
   2.13352909e+01   4.21615814e+02   2.11458667e+03   9.61156738e+02
   4.12817932e+02   9.84515572e+00   5.88965073e+01   4.93930847e+02
   4.26056595e+01   8.77028564e+02   3.08827515e+03   8.35955334e+00
   4.83541870e+00   4.24545135e+02   3.02413062e+03   7.19242706e+01
   3.98305542e+02   5.21840869e+03   2.09937172e+01   3.65071030e+01
   2.13173315e+03   2.23399551e+02   8.95470963e+01   3.24818726e+02
   0.00000000e+00   2.87499341e+03   4.89007425e+00   4.22417564e+01
   2.62523804e+02   1.97704431e+03   6.25839844e+01   7.00028763e+01
   1.00032787e+01   3.01031513e+01   2.79262268e+02   1.14898024e+01
   1.41564624e+03   0.00000000e+00   8.97661877e+00   4.01763428e+03
   2.39663306e+03   8.03154221e+01   2.08372269e+02   1.94776630e+01
   1.41874512e+03   9.01496033e+02   4.27162445e+02   7.38015890e-01
   7.05494995e+01   2.95893459e+01   2.64648267e+03   2.19033127e+01
   2.67612820e+01   2.23341162e+03   0.00000000e+00   2.13602829e+01
   8.76162720e+01   2.82741150e+02   7.76660080e+01   1.07107574e+02
   3.72463403e+03   4.08154726e+00   7.13164246e+02   2.41234082e+03
   1.81187659e+03   5.57975960e+00   9.36676758e+03   1.03067112e+01
   6.14361572e+01   5.12692383e+02   1.43985901e+02   2.44333382e+01
   2.80540479e+03   0.00000000e+00   1.21016394e+03   5.73796234e+01
   3.96403137e+02   9.82706189e-01   4.15864944e+00   1.89914894e+01
   6.51924491e-01   1.47356348e+01   0.00000000e+00   3.41337128e+02
   8.59879639e+02   3.01221045e+03   1.99595520e+02   4.60589752e+02
   5.98508911e+02   2.74959373e+00   1.64574341e+03   2.69779175e+02
   1.65372742e+03   4.09231006e+03   3.26809120e+00   1.24792068e+02
   2.64905835e+03   1.17297192e+03   2.13277695e+02   5.12091217e+01
   2.63853970e+01   9.89438293e+02   3.53894440e+02   2.57895589e-01
   3.02374573e+02   9.95034790e+00   4.88993530e+01   0.00000000e+00
   0.00000000e+00   3.61856689e+03   1.87716599e+02   1.08357697e+01
   1.68170990e+02   2.55357723e+01   2.18415127e+01   1.40521145e+01
   2.95730396e+03   0.00000000e+00   3.58387527e+01   3.81130427e-01
   1.30829277e+01   1.16303062e+01   7.12715387e+00   1.33911423e+02
   3.42983665e+01   1.58977768e+02   2.99242554e+02   9.05555649e+01
   3.30963531e+02   4.43051300e+01   4.73893433e+01   4.08379669e+01
   2.37482319e+01   1.20058899e+02   2.74601102e-01   3.28611779e+00
   4.98398209e+01   9.91711044e+00   3.96648331e+01   7.59344330e+01
   7.11957245e+01   4.67416954e+00   1.77223120e+03   6.73355530e+02
   2.70298302e-01   7.33828694e-02   9.81821213e+01   1.46643982e+02
   1.86524200e+02   1.24156641e+03   3.99293579e+02   8.68529816e+01
   2.09189987e+02   1.03419604e+03   7.89374161e+01   5.97177490e+02
   1.23959740e+02   6.50517082e+00   2.47607886e+03   9.48964157e+01
   2.44955249e+03   6.00171729e+03   2.81033691e+03   6.28989143e+01
   0.00000000e+00   1.49710266e+02   5.46882812e+02   4.04996069e+03
   1.06591040e+03   8.28540134e+00   2.30337256e+03   1.88744141e+02
   2.50241222e+01   4.79029808e+01   1.10128955e+03   0.00000000e+00
   3.69746826e+02   5.12650452e+02   1.56436951e+02   9.65935707e-01
   7.66192505e+02   5.11918211e+00   0.00000000e+00   2.79457031e+02
   1.98681433e+03   2.38912746e-01   1.98713684e+01   3.15800854e+03
   0.00000000e+00   2.36196274e+02   1.27693644e+01   6.91970921e+00
   2.59760352e+03   0.00000000e+00   6.85578857e+03   5.90578156e+01
   1.30342846e+01   6.54813385e+01   4.46392242e+02   1.45998145e+03
   2.68720608e+01   1.00446844e+03   1.23217819e+02   5.20348389e+02
   8.13466251e-01   2.24159384e+00   7.11619949e+01   6.21363869e+01
   2.38288164e+00   2.62650909e+02   6.56788330e+02   1.30175684e+03
   1.08649511e+01   7.37472820e+00   9.19746826e+02   0.00000000e+00
   1.41876149e+00   1.86718323e+03   2.08433319e+02   2.45528150e+00
   5.89419482e+03   2.07253246e+01   1.05251503e+01   1.40157318e+01
   3.89685211e+02   9.76583557e+02   4.75221143e+03   8.31006622e+01
   2.53113354e+03   1.14416199e+02   2.72316475e+01   1.86149036e+03
   3.13334546e+03   9.89515259e+02   3.47887635e+00   1.01336365e+01
   5.57422363e+03   1.45925354e+03   7.71024268e+03   6.64992554e+02
   1.13799369e+00   5.50886597e+02   1.85182327e+02   4.82553978e+01
   3.21440029e+00   1.14907516e+02   1.19609709e+01   1.64866541e+03
   1.77560266e+03   4.22296448e+01   1.20509875e+03   0.00000000e+00
   4.71577311e+00   3.43882349e+03   4.38587227e+01   3.80498706e+03
   1.70818680e+02   2.76948425e+02   6.27149925e+01   7.44832695e-01
   4.66201305e+00   5.16885796e+01   7.30584049e+00   3.65883899e+00
   3.57443161e+01   1.20892315e+01   2.72295959e+02   3.60632420e+00
   9.95065369e+02   1.07187164e+02   1.09249321e+02   3.22151636e+03
   2.09667871e+03   6.88498047e+02   5.37054138e+02   8.95252451e-02
   3.22781830e+02   8.74445374e+02   7.24497864e+02   1.33220688e+02
   1.12341751e+02   2.56755054e+03   6.44231272e+00   0.00000000e+00
   2.81981860e+03   3.99283638e+01   9.83672913e+02   1.92194347e+01
   2.68988428e+03   1.21024316e+03   5.07943459e+01   1.89924225e+02
   1.17093954e+01   1.61449833e+01   8.25972900e+01   2.01402185e+03
   1.97801929e+03   9.96106720e+00   4.61537361e+01   3.00403252e+01
   1.61950531e+01   6.84938240e+00   4.33769629e+03   1.83113337e+00
   4.82938904e+02   2.47822754e+03   0.00000000e+00   2.25049423e+02
   5.15725220e+02   4.34339258e+03   1.43154800e+02   2.29658997e+02
   3.38082397e+02   5.86726341e+01   1.04703835e+02   3.79265556e+01
   1.30920013e+02   4.46215057e+01   2.55190420e+00   2.56119385e+02
   2.79248047e+03   3.54711838e+01   5.66800537e+03   1.35731049e+02
   9.20397095e+02   1.13115969e+01   2.11740613e-01   1.21935883e+02
   1.49260294e+00   1.26880997e+02   2.80380219e+02   5.50649353e+02
   9.65473389e+02   2.13211029e+02   1.03211479e+01   1.90387500e+03
   2.55910791e+03   7.21466980e+01   4.44020660e+02   1.15852547e+00
   1.31122696e+02   7.10549902e+03   4.92203331e+01   3.51510040e+02
   1.76482269e+02   2.21793251e+01   9.22292423e+00   0.00000000e+00
   1.38070667e+03   3.60204810e+03   1.32456677e+03   2.20600757e+03
   5.99918022e+01   1.04280567e+01   5.37930725e+02   0.00000000e+00
   5.68450851e+01   4.54897118e+01   4.49854088e+01   2.17769043e+03
   4.11960358e+02   4.53630798e+02   5.63331006e+03   1.78854942e+01
   5.01786995e+01   1.84232434e+03   7.32480621e+01   1.34705322e+02
   1.81206335e+03   6.62818956e+00   5.95263489e+02   1.86023743e+02
   5.32421875e+00   7.68049927e+01   1.07437279e+02   1.63798767e+02
   1.80101070e+01   2.33762314e+02   2.01046021e+02   1.06306868e+01
   4.87231407e+01   3.27513428e+01   7.16352797e+00   8.52140686e+02
   7.97572217e+03   1.55369031e+03   1.94317493e+01   1.59312927e+03
   8.07105566e+03   5.29540291e+01   2.45358838e+03   2.39926071e+01
   4.92315765e+02   1.64695374e+02   4.25884285e+01   0.00000000e+00
   6.80188721e+02   4.68201385e+02   6.05947227e+01   2.93966113e+03
   6.57577832e+03   1.12601123e+03   2.14552784e+00   4.36913033e+01
   2.39494476e+02   4.35737396e+02   9.73210716e+00   5.02768768e+02
   1.21890335e+02   0.00000000e+00   1.05681213e+02   4.65443039e+00
   1.17289772e+02   6.96445740e+02   2.18994431e+02   1.13440991e+03
   8.72240295e+01   2.20745039e+00   2.66608238e+01   7.98687500e+03
   1.96281874e+00   2.49763992e+02   3.30569122e+02   1.00641205e+03
   0.00000000e+00   1.03713894e+00   1.56985809e+02   6.02507248e+01
   6.33209848e+00   4.34645569e+02   1.37519287e+03   4.01760767e+03
   1.97040039e+03   2.01414597e+02   3.28457245e+02   1.39683264e+03
   1.42754028e+02   0.00000000e+00   3.54730721e+01   5.20455127e+03
   1.28857605e+02   3.06645184e+01   6.10431252e+01   2.36423242e+03]
[  3.29931274e+02   1.68152714e+01   4.40399170e+00   1.35000658e+01
   1.06012087e+01   1.61514807e+03   3.16802807e+01   7.76068878e+00
   4.31084299e+00   5.32653687e+02   7.56706238e+01   1.04429235e+01
   6.54211731e+02   5.60188843e+02   2.09222260e+02   0.00000000e+00
   7.84406967e+01   2.67441467e+02   1.08499329e+02   1.37094069e+00
   1.25273809e+01   0.00000000e+00   5.58763008e+01   1.47367554e+03
   4.04844701e-01   1.53501487e+00   2.32076621e+00   4.96341934e+01
   1.44683714e+01   5.12601501e+02   3.36662827e+01   4.75136137e+00
   3.97581543e+02   2.29138908e+01   3.29363135e+03   2.42255151e+03
   3.37898159e+00   4.44922485e+02   8.94357681e+00   6.06307564e+01
   1.66674786e+01   3.15156155e+01   1.22695370e+01   9.39872055e+01
   1.67381306e+01   1.02122986e+02   7.64097961e+02   2.40597576e-01
   1.37749313e+02   3.79664230e+01   7.90869507e+02   0.00000000e+00
   4.99517288e+01   2.52321172e+00   0.00000000e+00   1.89517365e+01
   2.27222462e+01   2.15974731e+01   8.63598709e+01   1.73559570e+02
   1.67288971e+01   3.84177818e+01   1.57612782e+01   9.71214485e+00
   4.57941551e+01   2.51518688e+01   7.23423920e+01   8.86776352e+00
   1.23992128e+01   8.82963028e+01   4.69050446e+01   2.10347778e+03
   4.30977325e+01   9.89299316e+03   1.53623267e+03   4.01441917e+01
   8.04377174e+00   1.17656937e+01   1.81476669e+02   4.27451038e+00
   1.50718679e+01   5.09324951e+01   8.58193493e+00   1.02837286e+01
   7.27364349e+01   0.00000000e+00   1.10021594e+03   2.83715916e+00
   7.58676529e+01   5.72046089e+00   6.10317917e+01   2.61026306e+01
   5.87308073e+00   1.78495056e+02   1.91970184e+02   9.60372467e+01
   1.18447113e+01   6.09100037e+01   1.36812057e+02   3.57599411e+01
   3.00348496e+00   4.90209236e+01   6.22347641e+01   2.16141224e+01
   4.97275209e+00   3.11583728e-01   2.27859592e+00   2.21516943e+03
   1.44575977e+01   1.23868620e+00   3.67650940e+02   1.01874666e+01
   5.04074192e+00   2.31587906e+01   0.00000000e+00   1.11228257e-01
   1.25123806e+01   1.33411087e+02   1.66058179e+03   2.86061168e+00
   5.69471741e+02   4.39754486e+01   4.45660353e+00   6.39147186e+00
   3.91557626e-02   1.23408447e+04   2.47384048e+00   1.68371563e+01
   7.81352478e+02   4.36939392e+01   1.82211628e+01   1.85314194e+02
   1.77156555e+02   1.21404591e+01   4.30482129e+03   6.38965321e+00
   2.14442205e+00   3.75582409e+00   6.63675110e+02   6.49409790e+01
   2.55189800e+01   9.87610901e+02   1.04541898e+00   1.28079041e+03
   8.19445610e+00   7.96144867e+01   1.61524057e+00   1.02017036e+02
   9.40367126e+02   4.04176521e+01   1.19755344e+01   6.71349792e+02
   1.70193329e+01   7.86759338e+01   8.94106995e+02   3.03273277e+01
   4.84765968e+01   0.00000000e+00   2.90381265e+00   1.30648352e+03
   5.23894727e+03   2.87664380e+03   3.03328085e+00   5.36708832e+00
   1.42464390e+01   5.00788021e+00   5.50511093e+01   6.48416519e+01
   1.11424532e+01   3.26911469e+01   1.29345179e+01   1.61691463e+00
   1.09233606e+00   1.24229248e+03   3.59792709e+01   4.60688438e+01
   7.55673742e+00   1.45387211e+01   5.62515831e+01   5.06952881e+02
   1.34043243e+02   6.79210434e+01   3.78994904e+02   1.60134293e+02
   1.03104378e+02   8.63143539e+01   2.18203759e+00   1.35304010e+00
   1.93454300e+02   2.58567017e+02   6.49156799e+01   1.63210225e+00
   6.87578662e+03   2.30538620e+02   9.88980770e-01   7.26469498e+01
   1.41974564e+01   1.90561295e+01   4.83585663e+01   1.14670190e+03
   1.81892431e+00   8.97931039e-01   1.79777197e+03   2.19733963e+02
   2.90888876e-01   9.09984112e+00   1.91214917e+03   1.05210733e+01
   4.87190094e+01   2.35755417e+02   7.13257141e+01   1.13122427e+00
   3.87578339e+02   2.20049648e+01   7.38124161e+01   1.57325668e+02
   0.00000000e+00   1.99376968e+02   3.59640454e+03   4.29805786e+02
   0.00000000e+00   8.95026016e+00   5.82354546e+01   1.04353046e+01
   5.30895424e+01   1.32741943e+03   1.77957123e+02   1.02990471e+02
   3.50519824e+00   4.20758018e+01   3.62244606e+01   1.19629211e+03
   5.49757080e+02   4.23833832e+02   0.00000000e+00   3.86195719e-01
   6.13330650e+01   3.26523804e+03   2.45788818e+03   9.93704033e+00
   1.08996415e+00   5.91886101e+01   4.64062462e+01   0.00000000e+00
   3.34856009e+00   1.26723635e+00   7.54514526e+02   0.00000000e+00
   1.64714859e+02   1.11275345e+02   7.59014038e+02   7.70395994e-01
   1.27651997e+01   1.70656885e+03   8.05073364e+02   8.53128433e+00
   6.48462009e+00   4.27294693e+01   1.23452698e+03   8.99725647e+01
   1.06135010e+02   3.90774460e+01   9.34443054e+02   1.22981663e+01
   5.05013313e+01   0.00000000e+00   1.83221771e+02   1.22285271e+00
   1.39118403e-01   4.30030823e+01   1.77971765e+03   6.59278870e+02
   9.37677383e+01   0.00000000e+00   6.72655487e+01   3.41686630e+01
   4.62437866e+02   1.30637226e+01   1.09537020e+01   2.52574944e+00
   8.21840515e+02   1.12059402e+02   3.82558479e+01   1.58562744e+03
   1.15261164e+01   1.72136726e+01   7.44233751e+00   4.19801598e+01
   1.92744980e+02   2.74910641e+01   5.15358093e+02   5.95932236e+01
   1.26102943e+01   1.27027237e+02   7.90713043e+01   4.09185944e+02
   5.14283142e+01   1.22059729e+03   3.34726028e+01   4.93472363e+03
   1.10847145e+02   1.15169744e+01   2.01959485e+03   7.28038635e+02
   1.55953659e+02   8.93443222e+01   2.27298088e+01   6.81392212e+02
   4.32193985e+01   6.31892548e+01   6.49342597e-01   3.08063297e+01
   3.37384453e+01   1.18488258e+02   1.70679773e+03   1.30916452e+01
   1.76193359e+03   1.92251965e-01   1.35984924e+03   1.78133221e+01
   8.24336929e+01   2.82723293e+01   2.54058731e+02   2.64255096e+02
   7.83188934e+01   1.88343811e+01   7.06471395e+00   1.00342880e+02
   1.37095890e+01   1.28581247e+01   1.70668393e-01   6.06939030e+00
   0.00000000e+00   2.57380859e+02   3.58372402e+00   8.84770325e+02
   1.42530584e+01   1.91950897e+02   7.12961578e+01   1.06513074e+03
   9.62276306e+01   3.15843105e+00   8.30756683e+01   2.19041691e+01
   1.44983336e-01   6.48677588e+00   4.89168930e+01   3.30124474e+01
   4.92311573e+00   1.83071556e+01   3.26101875e+01   1.20368293e-02
   1.98737144e-01   5.38708420e+01   3.27664680e+01   5.83219971e+03
   9.73704071e+01   2.77415123e+01   1.41787109e+01   1.96217785e+01
   1.07855415e+00   2.98663147e+02   7.58938065e+01   1.28951935e+02
   1.80819739e+03   1.86768079e+00   4.42358322e+01   1.51740837e+01
   2.54237732e+02   4.23096199e+01   0.00000000e+00   2.46929077e+02
   1.54515457e+02   0.00000000e+00   1.08446674e+01   1.33256063e+01
   1.12719934e+03   0.00000000e+00   2.10603085e+01   4.39243698e+00
   4.30806961e+01   2.34153662e+03   9.53007568e+02   0.00000000e+00
   1.35782822e+02   6.63134232e+01   5.87127686e-01   1.12486720e+00
   2.96023216e+01   0.00000000e+00   2.91865942e+03   4.23084641e+01
   9.87667236e+01   1.00069084e+02   6.22007690e+02   5.13554321e+02
   8.36775494e+00   4.10510101e+01   2.10688065e+02   8.58024658e+02
   3.91339455e+01   4.76150055e+01   1.08964233e+01   8.26835573e-01
   5.51973152e+01   1.64825293e+03   5.50213528e+00   1.74309433e+02
   1.25918144e+02   8.39207382e+01   5.44876526e+02   8.34414917e+02
   4.30121088e+00   1.05145410e+03   8.29873169e+02   0.00000000e+00
   5.27778854e+01   1.01251030e+01   1.15340125e+03   1.18576326e+01
   6.54772583e+02   2.57413368e+01   3.36393585e+01   3.53033328e+00
   4.70714684e+01   5.45701660e+02   2.32031906e+02   1.45644770e+01
   9.24760840e+03   1.78240784e+02   1.06438416e+02   2.76055789e+00
   4.81417274e+01   1.28720215e+03   1.04538109e+02   2.38175903e+03
   9.35763855e+02   8.64931717e+01   4.22752533e+01   6.63405914e+01
   1.86182916e+00   1.01348785e+03   5.91371384e+01   6.41868515e+01
   2.48650208e+01   4.67090683e+01   9.51166078e-03   2.61273499e+02
   1.94408150e+01   5.12973452e+00   3.06325197e+00   6.47720718e+01
   4.63356495e+00   1.01830795e+02   5.00266838e+01   3.01964844e+03
   2.15809269e+01   1.35064417e+03   1.97039795e+02   1.88801422e+01
   1.68765427e+02   1.30557312e+03   2.90006566e+00   2.53513222e+01
   1.15789417e+03   1.66372645e+00   7.63195862e+02   1.18836823e+02
   1.30889750e+00   8.26626015e+00   1.50354050e+02   3.02687626e+01
   8.06334106e+02   1.64178088e+03   3.98804054e+01   2.49539185e+03
   3.88117909e-01   7.83665895e-01   1.70727844e+01   8.25613022e-01
   6.00091133e+01   8.27449989e+00   8.34681885e+02   0.00000000e+00
   1.04719498e+02   2.48387718e+01   7.26497574e+01   2.46932349e+03
   3.55344701e+00   5.08056618e-02   4.78834610e+01   9.71201553e+01
   8.57231426e+00   4.89695251e+02   4.34631104e+02   9.08583679e+02
   1.91354507e+02   2.50041885e+02   6.75297699e+01   3.02969341e+01
   3.74394849e+03   2.49656715e+01   1.27143037e+00   8.36627380e+02
   2.37089634e+01   1.43330765e+02   3.94461975e+01   2.12672089e+02
   3.49509521e+02   3.98083099e+02   7.08584290e+02   2.90746808e+00]
