bicycle
bus
car
motorbike
person
[ 18125930.    18812044.    42041324.    26173222.    44936848.    16548539.
  14351503.     5237866.    20861174.    17667610.    15478195.    24704214.
  12570793.    12604620.    15262548.    15258075.    15551044.    10743436.
  47546844.    14072588.    10019646.    18310780.     7843127.5   27778742.
   5926556.5   24209002.    17305566.    15305904.     6347599.5   16026782.
  28247846.    20473252.    47403860.     4088579.75  36508584.     6616257.
  18311398.     7315924.    19039554.     4464499.5   21283510.    11572294.
  45811264.    52845956.    22651946.    27932784.    15056323.    15102152.
   4658687.    41122200.    43631168.    11605498.    16873476.    14824008.
  12829844.    18736940.    30060664.     7516048.5   18619324.     8156738.5
  12928126.     6229786.5   20828518.     2749649.75]
[  3.97791880e+07   1.28900690e+07   3.11235700e+07   6.84457688e+05
   1.44550290e+07   4.90479550e+06   1.85415140e+07   2.70363340e+04
   1.37534480e+07   6.15730600e+06   3.65959760e+07   3.60779240e+07
   1.77383312e+05   3.85792500e+06   2.56565900e+07   1.56300520e+07
   1.03141990e+07   4.80682440e+07   3.21178540e+07   1.20152650e+07
   6.01813562e+05   4.64567920e+07   2.63151425e+06   3.49907720e+07
   1.08783200e+06   3.67534400e+07   6.84962200e+06   1.94638462e+06
   1.80517260e+07   8.43498281e+04   1.97777400e+07   1.97364359e+05
   3.60413225e+06   2.16399140e+07   1.98100340e+07   7.04315500e+06
   7.71768625e+05   7.99796700e+06   2.28039600e+07   2.50358600e+07
   8.41620300e+06   5.68669700e+06   8.94263400e+06   1.23056530e+07
   5.15282520e+07   2.56355720e+07   4.81779375e+05   3.96832880e+07
   2.21890700e+07   5.93228250e+06   3.05731200e+07   2.14811080e+07
   5.12354920e+07   2.02416900e+07   3.41111925e+06   2.39564960e+07
   1.73988900e+07   5.50796320e+07   6.00333200e+06   1.66874320e+07
   3.12091040e+07   9.43953418e+03   2.04538480e+07   5.50057320e+07]
[  3.00594300e+06   1.10127370e+07   6.30730664e+04   1.77310250e+05
   8.47709688e+04   6.27136016e+04   5.32365688e+05   5.15695700e+06
   1.13666289e+05   2.72797975e+06   7.30147250e+06   8.60281000e+05
   2.73751900e+06   2.40555575e+06   4.28450547e+04   2.13246891e+05
   3.75571150e+06   5.59983438e+05   1.25290775e+06   7.88539500e+06
   1.58470712e+06   4.01976016e+04   1.30840860e+07   1.37324970e+07
   9.31510000e+06   0.00000000e+00   1.67305638e+06   4.44598050e+06
   4.42692938e+05   7.37547300e+06   4.13782109e+04   1.20497680e+07
   2.03264775e+06   3.73643125e+06   4.02522875e+06   5.28286250e+06
   1.55620125e+06   2.12866100e+07   3.39594400e+06   1.39808066e+04
   6.07385500e+06   6.74418350e+06   3.54273050e+06   1.40459570e+07
   3.70628600e+06   2.84421906e+05   1.37949590e+07   6.78427578e+04
   1.99299262e+06   6.68436688e+05   1.33400738e+06   1.25159969e+05
   4.34077850e+06   1.13497225e+06   1.82536220e+07   1.06600950e+07
   1.77904088e+06   7.83321641e+04   2.73123938e+05   5.61980188e+05
   2.59841375e+06   1.68001140e+07   1.12437160e+07   4.47170800e+06
   2.20195400e+07   3.16570950e+06   1.55253700e+07   6.58036000e+06
   5.91717500e+05   2.65750475e+06   8.36513550e+06   1.32613570e+07
   1.83433050e+06   3.74859469e+05   0.00000000e+00   3.92263300e+06
   2.65635859e+04   7.91144550e+06   6.67332650e+06   5.23087906e+05
   2.91671875e+04   6.61189200e+06   4.59953000e+06   3.05330156e+04
   5.29493100e+06   8.33034200e+06   6.51379100e+06   5.63273682e+03
   6.04265450e+06   8.61960562e+05   9.08763100e+06   5.89916850e+06
   1.68142362e+06   6.47345750e+06   1.02329756e+06   9.80182100e+06
   5.19980371e+03   4.48158800e+06   1.79868700e+06   4.01219094e+05
   5.01861850e+06   8.86373500e+05   7.07679938e+05   2.97172100e+06
   5.46577539e+03   1.70241600e+06   1.43404859e+05   6.71727625e+05
   4.20886400e+06   3.88376938e+05   2.57799016e+05   8.32608600e+06
   1.52174738e+06   9.68773300e+06   8.48626800e+06   5.91226900e+06
   2.25159125e+06   1.01667631e+06   4.12036550e+06   2.36009275e+06
   3.59686425e+06   6.97938350e+06   4.99132562e+05   9.03492800e+06
   1.81530275e+06   4.14274219e+04   2.50636480e+07   2.44932666e+03]
[  5.19966950e+06   3.03687975e+06   2.59321922e+05   0.00000000e+00
   2.58905176e+04   4.41163150e+06   1.42687725e+06   1.46570662e+06
   1.69541920e+07   6.53977850e+06   1.18927190e+07   8.78776800e+06
   3.60100125e+06   1.38869800e+06   1.85599570e+04   2.29408275e+06
   3.62069275e+06   4.06128825e+06   3.71631025e+06   5.57357500e+04
   9.38756600e+06   5.23716350e+06   2.17886050e+06   1.06835539e+05
   1.21353400e+06   5.84708812e+05   1.23762912e+06   7.90707800e+06
   2.09450125e+05   6.21676600e+06   9.38412031e+04   1.74089900e+07
   5.51023700e+06   4.17116969e+05   2.14195600e+06   4.08115100e+06
   4.18538500e+06   1.48578310e+07   3.92132500e+05   1.37142938e+05
   1.71301875e+06   1.23216539e+05   9.37870078e+04   7.61807688e+05
   1.36891788e+06   9.88075900e+06   8.54158400e+06   7.37941400e+06
   3.50853275e+06   1.77812880e+07   3.03994825e+06   5.37022400e+06
   6.69756800e+06   2.65806925e+06   5.96616000e+05   4.74086094e+05
   6.69590850e+06   1.03056300e+06   4.50440216e+02   5.09171950e+06
   4.78592400e+06   7.88954250e+06   8.71165600e+06   4.12993550e+06
   7.58635062e+05   1.26638860e+07   4.31777688e+05   6.69126900e+06
   4.19207175e+06   1.11850230e+07   2.65144750e+06   1.61406800e+07
   1.03583080e+07   6.65723000e+06   2.04186140e+07   2.34005396e+03
   5.48648750e+06   2.32041925e+06   2.02126140e+07   4.57703700e+06
   4.54806800e+06   6.86553750e+04   1.19730470e+07   4.18289225e+06
   2.05024984e+05   7.89739200e+06   1.17835525e+06   4.05969175e+06
   1.61898531e+05   2.00491050e+06   1.22746453e+05   9.12849000e+06
   3.98460938e+05   1.30344100e+07   1.42741962e+06   5.10792250e+06
   7.50094250e+05   8.80547900e+06   1.06556288e+06   1.63931540e+07
   2.72143625e+05   3.13290250e+05   1.74685700e+07   6.37420654e+03
   1.98733297e+05   1.82903720e+07   4.31060700e+06   7.62582150e+06
   1.18076480e+07   7.98444600e+06   5.86696631e+03   5.30239500e+06
   6.23526125e+05   2.83270620e+07   6.02409250e+06   1.85719012e+06
   1.19678450e+06   4.74255550e+06   3.86292148e+04   1.59869422e+05
   1.51440130e+07   2.11915300e+06   3.73205664e+04   7.03500550e+06
   4.40119650e+06   2.56178175e+06   1.46148820e+07   8.62872900e+06]
[  0.00000000e+00   7.89032617e+03   1.43144038e+06   1.74050176e+04
   5.33805908e+03   2.31783276e+03   3.88285059e+03   3.12807961e+01
   3.34267825e+06   2.48237090e+04   4.51582916e+02   1.26818389e+04
   5.18900824e+00   1.23116094e+05   8.60717266e+04   6.90893750e+03
   4.51220195e+04   1.08173238e+06   9.86994336e+03   1.23598047e+05
   2.11692413e+02   1.55634854e+04   4.89459469e+05   2.32722148e+04
   2.10226914e+04   1.28480249e+03   2.68532375e+06   0.00000000e+00
   1.06132637e+04   7.07581172e+04   3.52751648e+02   2.36739038e+03
   1.23494781e+02   7.88615938e+05   6.44934375e+04   1.87213375e+06
   2.21781975e+06   1.43907148e+04   1.35797864e+03   8.07337988e+03
   4.99654541e+03   8.76836731e+02   6.56785742e+03   5.54048625e+05
   1.02939062e+04   1.55661902e+03   2.64973736e+01   2.32936798e+02
   1.77880719e+05   4.95382070e+04   2.54872422e+04   9.08255737e+02
   2.02742712e+06   3.33335781e+05   1.32158752e+02   7.03276562e+04
   8.32311812e+05   1.10761275e+06   6.77482324e+03   0.00000000e+00
   1.15197531e+05   7.13672578e+04   4.66541188e+05   1.75524906e+05
   3.00839233e+01   2.28683379e+04   6.46737305e+03   2.01036450e+03
   4.41116650e+03   2.17249891e+05   1.47461625e+06   2.71193550e+06
   0.00000000e+00   3.63439922e+04   1.52625806e+03   5.69100525e+02
   2.30965938e+04   5.74726562e+05   5.51171875e+05   3.14356469e+05
   2.70648094e+05   9.28356738e+03   1.42537979e+04   1.19707520e+04
   2.33924825e+06   3.52239125e+06   3.63805250e+05   2.06686462e+06
   1.18049172e+05   8.29068176e+02   7.05163770e+03   5.57622812e+04
   7.27693875e+05   2.07766328e+04   0.00000000e+00   2.58275586e+03
   2.00654121e+04   1.25292925e+06   5.93332324e+03   9.48957109e+04
   3.40417695e+04   4.36351562e+04   1.77772062e+06   1.80904938e+05
   1.39798271e+04   1.30688418e+04   3.01471899e+03   9.01503174e+02
   8.55435276e+00   3.62083281e+05   1.12153488e+06   2.66822852e+04
   0.00000000e+00   4.06957773e+04   3.77226328e+04   5.20708154e+03
   2.05570114e+02   3.56086406e+04   1.81829211e+03   3.03394650e+06
   6.86623438e+04   2.96386452e+01   1.28254756e+04   2.15119409e+03
   5.86180127e+03   1.00866562e+06   1.01237140e+03   0.00000000e+00
   7.48222000e+05   1.35143184e+04   1.28774160e+04   2.68484570e+04
   2.50261973e+04   1.92615750e+06   4.38216309e+02   2.83937183e+03
   3.82836600e+06   8.36892750e+05   3.57223555e+04   0.00000000e+00
   1.09001670e+04   1.30060156e+04   4.77432080e+03   1.19882025e+06
   2.91117871e+03   1.95573938e+06   3.55222803e+03   2.20942700e+03
   3.76319844e+05   6.24354897e+01   4.06428369e+03   9.31887402e+03
   1.28640344e+05   1.20143477e+05   1.19394275e+06   8.19513770e+03
   1.58915361e+04   3.18615000e+05   9.54533812e+05   5.75652312e+05
   6.09562793e+03   1.66433609e+05   1.25889200e+06   2.01552285e+04
   7.97746172e+04   3.76763925e+06   1.80745075e+06   5.35530438e+05
   3.27457000e+05   2.13243800e+06   2.01690075e+06   3.07665405e+02
   1.64500703e+04   5.29334812e+05   2.11593809e+04   1.06410537e+04
   1.74344125e+06   1.39012070e+04   2.91809025e+06   1.40950078e+05
   8.65268250e+05   2.07877875e+05   2.98137125e+05   1.60458750e+04
   2.34484844e+04   1.89379434e+04   1.78249297e+05   2.98259805e+04
   1.12515775e+06   2.05369805e+04   1.38071367e+04   2.41080300e+06
   8.34851170e+00   1.32061988e+06   0.00000000e+00   2.70159250e+06
   2.99725059e+04   5.65237438e+05   2.32001950e+06   1.27707762e+06
   1.81313403e+03   1.52827125e+06   2.10763900e+06   4.65392181e+02
   9.21751875e+04   9.72767700e+02   9.61316406e+02   1.74653066e+04
   2.43839038e+03   6.52255375e+05   1.08360788e+06   1.81273412e+06
   4.02669458e+03   3.90798242e+04   9.63440781e+01   3.40335508e+04
   2.00992944e+03   1.61802588e+06   6.06191055e+04   2.67137402e+03
   1.53812048e+03   8.04720703e+03   1.30678760e+03   3.44035344e+05
   1.08731525e+06   0.00000000e+00   1.01271149e+02   2.40568406e+05
   8.03743347e+02   1.15526025e+06   7.05359062e+04   3.30517975e+02
   1.01640556e+06   2.80104932e+03   1.36337688e+06   1.08480359e+03
   1.09046936e+03   1.89930578e+05   1.13892700e+06   8.17408997e+02
   8.97652062e+05   1.58205012e+06   4.77050635e+03   8.16666260e+02
   8.40452891e+04   1.00247803e+04   2.61291699e+03   9.54737695e+03
   1.00641367e+04   2.98634656e+05   1.88770156e+04   5.04213574e+03
   3.62531885e+03   1.92465073e+02   3.24808423e+03   5.53483125e+05]
[  2.21218750e+06   1.26037529e+04   1.28220056e+03   3.73256274e+03
   1.94288138e+06   1.80614425e+06   3.44440469e+05   4.23686768e+03
   4.57634766e+04   1.73945007e+03   1.35869971e+03   2.89610098e+04
   3.36340845e+03   3.98208984e+04   9.23541992e+03   5.83809277e+03
   1.83487305e+02   3.79660645e+02   1.65120338e+06   9.19855625e+04
   0.00000000e+00   3.49511261e+02   8.42895691e+02   4.13845812e+05
   1.15097328e+02   1.05328535e+04   1.59338522e+00   3.60679594e+05
   3.44145820e+04   1.95902042e+01   9.92466406e+04   1.66669141e+04
   1.49169990e+04   1.49620125e+05   2.24970977e+04   1.04022484e+05
   1.54662441e+04   1.35494965e+02   7.37832568e+03   0.00000000e+00
   1.92044359e+05   6.39644062e+04   1.68757520e+04   9.50885645e+03
   1.35708418e+04   1.91941504e+04   5.16504156e+05   7.38544922e+04
   2.12547547e+05   1.38026282e+03   2.09135371e+04   2.65150317e+03
   9.79550903e+02   2.34853301e+04   4.09821062e+05   4.51843906e+05
   1.41112156e+05   3.85767781e+05   5.32110508e+04   1.07227954e+03
   8.01892822e+03   9.69122969e+04   0.00000000e+00   2.66582092e+02
   8.40529978e-01   3.60771289e+04   1.80125172e+05   9.92429932e+02
   1.03320056e+03   2.90406230e+04   9.34902688e+05   1.42564661e+03
   4.88276445e+04   2.17573242e+04   5.85267266e+04   1.27600391e+05
   8.44321562e+04   1.50651357e+04   1.20477164e+05   5.39851625e+05
   3.33185364e+02   2.54218574e+04   3.52962923e+00   7.00190547e+04
   2.36405762e+03   5.86455117e+04   1.09855957e+03   3.22600215e+04
   2.53843379e+04   3.64458438e+04   1.88888867e+04   1.60270801e+04
   9.30797500e+04   4.35689375e+05   2.53462671e+03   5.62251434e+01
   1.40522484e+05   1.64241653e+02   1.85135957e+04   2.29865219e+05
   5.92689453e+03   4.53837070e+04   9.83189562e+05   3.07054443e+02
   2.30198779e+03   7.51643047e+04   1.18036148e+05   8.89443828e+04
   4.08891875e+04   1.92146862e+06   1.75776416e+03   1.30690012e+06
   1.95000626e+02   1.10492041e+03   1.00812266e+04   4.36423594e+04
   2.02459009e+03   1.78295078e+04   6.03205117e+04   1.32233359e+05
   2.67951719e+04   1.15222351e+03   2.05477285e+04   5.65710812e+05
   3.98437305e+03   5.14970947e+03   3.45548439e+01   4.34960430e+04
   5.85768127e+02   1.85366025e+06   6.42031953e+04   8.06825012e+02
   9.97525781e+03   1.73505888e+06   2.92717603e+03   2.83082324e+04
   5.05643906e+04   1.07958338e+06   3.33928833e+03   2.51662083e+01
   1.06919203e+01   2.79200195e+03   9.80777734e+03   5.09413438e+04
   7.98726702e+00   7.22739648e+03   2.25980200e+03   0.00000000e+00
   0.00000000e+00   2.19193359e+03   1.32995557e+03   1.74320352e+04
   9.58528750e+05   1.34623141e+05   7.75114807e+02   3.52073375e+05
   2.04871899e+03   6.10216293e+01   3.25894023e+04   1.68820812e+06
   5.38024072e+03   1.08137012e+04   3.77631348e+03   1.10420048e+00
   4.78611312e+05   0.00000000e+00   3.43105656e+05   1.02572520e+04
   3.93806531e+05   2.12030975e+06   3.65552399e+02   1.82750416e+01
   9.85622559e+03   3.51201156e+05   8.71639062e+05   4.78651807e+03
   7.79175293e+03   4.99386523e+03   1.51114756e+04   1.02515984e+02
   1.30618564e+04   1.52406670e+04   2.74497894e+02   2.25101406e+04
   9.94734466e-02   1.94843079e+03   1.26546555e+05   1.74870273e+04
   4.31228271e+03   7.77363892e+02   6.77692500e+05   4.76586182e+03
   3.88272888e+02   1.41960371e+04   5.79462578e+04   6.63088281e+03
   1.02501086e+05   2.00440039e+04   7.27818250e+05   4.34974937e+01
   1.25858192e+02   4.13512611e+00   8.68199875e+05   4.55160586e+04
   3.78998125e+04   1.11672508e+02   2.74581074e+04   1.41095238e+06
   2.08565656e+05   1.63431162e+06   6.21849442e+00   5.24181494e+03
   1.77285391e+04   5.89555312e+04   2.09466138e+03   2.09981781e+05
   3.40762062e+05   1.84497754e+04   1.65473301e+04   1.28785850e+04
   1.02975977e+04   3.17488301e+04   2.90278760e+03   4.90645410e+03
   0.00000000e+00   8.14541328e+04   1.75506078e+05   1.12485322e+04
   1.40446191e+03   4.71669388e+01   7.56607361e+02   7.31269336e+03
   1.96008828e+05   3.09597559e+03   1.19381675e+06   1.52915332e+04
   8.53284180e+03   1.21117925e+06   0.00000000e+00   5.10570240e+00
   6.85515723e+03   2.24693312e+05   5.61120529e+01   0.00000000e+00
   1.39312549e+03   2.32385986e+02   3.12255645e+04   3.42496948e+03
   6.97569500e+05   1.84455250e+05   3.85395469e+04   9.58403203e+04
   1.35778213e+04   9.50075250e+05   2.55099492e+04   3.86883008e+04]
[  3.12512406e+05   6.06660156e+04   1.90818237e+03   2.51988159e+03
   5.60907875e+05   1.72445371e+04   9.57053359e+04   5.64172705e+03
   1.83936011e+03   1.03551369e+06   3.49612539e+04   1.11755008e+05
   1.98289336e+04   2.73591846e+03   3.66482861e+03   5.48470459e+02
   6.55756807e+00   1.14044453e+04   1.12051575e+02   3.08438306e+03
   3.32520391e+04   1.45054281e+05   2.91880840e+04   1.56792100e+04
   1.30219165e+03   2.14260625e+04   6.24037744e+03   1.24829922e+05
   3.72837031e+04   5.06418656e+05   8.72174622e+02   3.55327266e+04
   1.05463344e+05   1.15680180e+05   4.28180762e+03   1.56418359e+04
   4.73960969e+05   1.50396925e+06   4.25848730e+03   1.65849838e+06
   3.75885101e+02   3.44827661e+03   1.45219531e+04   1.25851695e+05
   3.46560273e+04   2.29201738e+04   2.37943970e+03   5.14220586e+04
   4.78483359e+04   5.22816895e+03   1.18383328e+05   1.16625588e+06
   6.65063599e+02   2.64020672e+01   1.41456409e+03   4.80981641e+03
   7.14029590e+03   1.41721812e+05   4.72356892e+00   2.35592090e+04
   4.02663477e+03   8.77404297e+04   4.54408203e+03   1.13511895e+04
   1.95746387e+04   4.86546094e+04   1.42800879e+04   8.91441602e+03
   1.68815344e+05   5.30534844e+04   9.60612891e+04   8.58623535e+03
   2.28931734e+05   2.85717812e+04   4.67345719e+05   2.06605141e+05
   3.15036750e+05   6.58533281e+04   2.20134062e+04   7.31706592e+03
   1.04050195e+03   1.06760925e+03   1.29741820e+05   8.12804993e+02
   1.25750086e+05   3.61929565e+02   1.38111953e+05   7.45600037e+02
   4.30510559e+01   1.31154724e+03   3.58766510e+02   7.75211548e+02
   1.70485801e+04   1.21697437e+03   2.01619031e+05   1.87478809e+03
   2.76443329e+02   3.13510281e+05   6.87842312e+05   1.46836484e+05
   1.85351641e+05   1.10913594e+05   1.56064343e+03   3.57669287e+03
   6.79700234e+04   3.63258691e+03   4.88093844e+05   4.21007305e+04
   9.22763977e+02   8.56395801e+03   4.61197695e+04   1.24369463e+04
   4.97344062e+04   1.20941748e+04   3.48279761e+03   1.54313234e+05
   1.17124980e+04   9.77497188e+04   1.34720250e+05   1.39745703e+05
   5.00173874e+01   6.86836812e+05   1.08670438e+05   2.92402562e+05
   1.28519398e+05   5.94603271e+03   2.30782246e+04   8.78714905e+01
   6.99342163e+02   6.15666626e+02   3.54997412e+03   6.88291172e+04
   1.40977646e+04   8.12357178e+03   1.94061016e+04   1.47884717e+04
   3.41924062e+04   1.31192547e+05   3.42130469e+04   1.20529590e+03
   1.62846054e+02   8.27934766e+04   3.25948193e+03   7.62296484e+04
   1.60471924e+04   4.78702539e+04   7.93425625e+04   1.45822464e+02
   1.77289500e+05   9.21449902e+03   1.83862617e+04   1.30532242e+05
   1.56347034e+03   3.53120812e+05   2.03215302e+02   1.07883428e+04
   1.21788297e+05   7.41286230e+03   2.98407938e+05   2.17139160e+03
   1.11327917e+03   9.36933777e+02   2.78125117e+04   5.81904004e+03
   6.93414258e+03   6.57725684e+03   4.81328242e+04   2.45660578e+05
   2.07889453e+03   5.65929805e+04   8.99704666e+01   9.74228809e+03
   6.11853076e+03   4.37105029e+03   3.35273867e+04   7.42649756e+03
   1.09932453e+05   5.90454639e+03   2.21413078e+05   5.21437500e+04
   4.57146454e+02   9.28428828e+04   7.10077891e+04   3.24229199e+04
   1.36748594e+05   8.73901733e+02   1.51899047e+05   1.10601160e+03
   1.56741377e+04   7.72243375e+05   8.41293203e+04   7.64851465e+03
   1.31156177e+03   1.74040000e+05   1.49530869e+02   1.09588574e+03
   7.30333281e+04   2.36716211e+04   5.24391211e+04   6.47387773e+04
   2.03397891e+04   7.19611633e+02   4.99717109e+04   3.57355531e+05
   1.56012125e+05   5.97842957e+02   2.26819824e+04   2.00923477e+04
   2.32075984e+05   1.70432110e+01   4.30328027e+03   7.43638672e+03
   5.68391914e+04   3.32995000e+04   1.96397156e+05   4.13153076e+01
   2.05593320e+04   3.50653164e+04   5.66288757e+02   2.99682031e+05
   2.34444160e+04   6.49149316e+03   4.74395654e+03   1.43882773e+04
   3.57535547e+04   8.41573715e+00   4.78788643e+01   2.21073887e+04
   6.05331836e+03   6.66714297e+04   2.02900957e+04   4.19659297e+04
   2.76962451e+03   5.07527578e+04   1.34848388e+06   2.21982090e+04
   3.46533032e+03   8.42554004e+03   1.30534462e+06   8.53915039e+03
   1.70282385e+03   1.15356970e+03   3.59630542e+03   8.58454041e+02
   1.02504391e+05   5.87587625e+05   6.83694077e+01   1.50150818e+02
   2.51452750e+05   2.63341309e+04   4.13745701e-01   1.03695195e+05
   1.08077568e+04   3.02891162e+03   1.23251660e+03   1.07084434e+04]
[  5.15794250e+02   1.11866475e+04   4.29941094e+04   3.59989336e+04
   1.80929285e+03   5.62463594e+04   6.25835754e+02   2.18144800e+03
   1.09812180e+02   1.72550232e+02   9.22181250e+04   1.03083359e+04
   6.42180225e+03   1.23995049e+04   8.08582617e+03   9.57501282e+02
   1.29361777e+04   3.46806445e+04   4.44200781e+04   5.84167773e+03
   1.31245081e+03   1.18928453e+05   6.26061621e+03   4.47538574e+02
   1.18261375e+05   2.73722207e+04   1.02689391e+05   4.04871436e+03
   6.88661562e+04   9.30741797e+03   1.57194180e+04   1.73613266e+05
   1.30030742e+04   4.39358164e+04   3.93685273e+04   1.07790484e+05
   7.56202109e+04   5.45927490e+03   2.32171494e+02   4.23863086e+04
   1.34816727e+02   1.19554836e+05   6.47208164e+04   4.92772891e+04
   3.47766174e+02   5.48026074e+03   1.27066318e+04   2.37968457e+04
   0.00000000e+00   3.98438867e+04   1.40266766e+05   1.25580444e+03
   7.50221443e+00   4.87651641e+04   2.01027441e+04   1.28980059e+04
   3.59762390e+02   4.95063477e+03   2.91874847e+02   1.80274536e+03
   3.15194482e+03   1.42377078e+05   1.86796641e+04   2.84283936e+03
   8.66058398e+03   2.36801035e+04   1.53296924e+03   1.96028030e+02
   1.43749365e+04   2.44484985e+03   3.52823477e+04   3.33223218e+03
   9.71292266e+04   2.29828296e+03   1.92610912e+01   4.66768036e+02
   3.92820282e+02   3.08966208e+00   1.44122844e+05   4.61495430e+04
   6.92279892e+01   1.58020645e+04   2.27742266e+04   1.24103109e+05
   6.76755176e+03   4.37306352e-02   1.67739648e+03   1.03429736e+03
   8.71023672e+04   6.71387188e+04   1.04815527e+04   1.56789658e+02
   1.12259734e+05   1.67903164e+04   7.60162266e+04   3.58651836e+04
   3.02530684e+04   5.76895264e+02   3.55798633e+04   5.50548320e+04
   1.08013105e+04   3.97228912e+02   1.19543484e+05   5.26356689e+03
   2.66816895e+04   4.53465820e+04   2.01000098e+03   1.47610688e+05
   4.86755977e+04   2.16476050e+03   1.98491367e+04   8.25037842e+02
   1.53973564e+04   4.01261024e+01   1.87302954e+03   3.08475332e+04
   0.00000000e+00   6.90928594e+04   2.99938232e+02   4.00805703e+04
   6.73764954e+02   1.21177727e+05   4.25568906e+04   4.54820508e+03
   6.33000732e+03   5.83063867e+04   4.83424756e+03   1.95857773e+04
   2.99450254e+04   1.15541455e+04   1.02267725e+03   2.25420410e+04
   3.54710586e+04   5.29564180e+04   3.83277500e+04   3.82024040e+01
   1.34324404e+04   0.00000000e+00   5.07519196e+02   2.46613998e+01
   3.74663945e+04   1.07053748e+03   2.25285703e+04   2.14992466e+01
   3.71366528e+03   1.43290393e+03   2.68262207e+03   8.59205371e+03
   5.50794373e+02   1.23533613e+04   7.72410469e+04   1.13127949e+04
   1.44726404e+03   8.03057471e+03   1.64691742e+02   0.00000000e+00
   2.78377594e+02   1.56163647e+03   9.31474182e+02   8.85772188e+04
   1.61695186e+04   6.70686914e+03   2.52170703e+04   2.65794716e+01
   6.18356523e+04   3.24155225e+03   9.83677656e+04   3.19320862e+02
   6.99071484e+04   1.16246406e+05   1.69992371e+03   1.11021836e+04
   2.68085664e+04   1.66055835e+03   1.21973031e+05   4.45178477e+04
   5.38471250e+04   4.66543311e+03   7.83387939e+03   8.53271118e+02
   3.14476934e+04   5.60620605e+02   2.04694492e+04   4.62682070e+04
   1.23425430e+04   7.23942578e+04   7.38641953e+04   1.61422061e+04
   3.19076465e+03   2.82115234e+03   1.78221838e+03   1.87326973e+04
   1.74976934e+04   1.93171250e+05   1.38561266e+05   6.39587617e+04
   1.62113945e+04   3.29182695e+04   1.17212744e+04   3.17835889e+03
   1.21364812e+05   1.56117051e+04   2.56211639e+02   1.10268156e+05
   1.28004938e+05   1.90510941e+02   5.33142305e+04   2.50901621e+04
   3.58950500e+01   8.33141861e+01   1.51263098e+03   3.99731842e+02
   7.39390182e+01   7.46098206e+02   3.98598477e+04   4.67545068e+03
   8.14182861e+03   2.00115156e+04   3.11092109e+04   3.23908867e+04
   1.86225645e+04   7.25309844e+04   1.91340469e+02   8.62614822e+00
   3.01020039e+04   2.48426538e+03   1.67272449e+03   9.73875618e+00
   6.59309326e+02   5.76621094e+03   3.11624817e+02   2.05932373e+02
   4.12912852e+04   4.51937109e+04   1.06683656e+05   3.54971191e+03
   6.94552344e+04   4.01569580e+03   2.53915547e+04   1.82502402e+04
   1.46616562e+04   6.83347422e+04   1.29969199e+04   9.13519453e+04
   1.05329810e+03   1.53968922e+05   1.92080293e+04   4.69685936e+01
   1.12374609e+04   2.15829902e+04   2.53488770e+04   1.15295328e+05
   1.23624971e+04   1.63953844e+05   4.40847930e+04   7.26019453e+04
   1.21494578e+05   2.02283252e+03   8.97485046e+01   7.81783906e+04
   6.87002500e+04   1.11524754e+01   1.55185605e+04   3.00444800e+03
   3.05123615e+01   2.00319180e+04   1.72356677e+03   1.31010922e+05
   4.30565430e+04   6.08508301e+02   4.33017693e+01   1.04053320e+03
   5.69235693e+03   6.61702295e+03   1.44402781e+05   3.96690234e+04
   0.00000000e+00   5.99874039e+01   7.26119375e+04   5.62512305e+03
   2.61900768e+01   8.55997803e+02   1.76007637e+04   1.34741141e+05
   2.39105981e+03   8.24485352e+03   6.30497551e+01   1.89129456e+03
   1.62111890e+03   1.75942246e+04   2.23875488e+04   1.46780137e+04
   8.18583984e+04   5.61544062e+04   3.43053164e+04   2.32030591e+03
   7.23349609e+01   1.89033020e+02   5.02846289e+04   5.13663047e+04
   3.33456604e+02   2.83884546e+03   3.00370859e+04   3.03422028e+02
   2.13767749e+03   5.63214141e+04   4.84987988e+03   7.37695190e+02
   7.48345703e+04   6.60461304e+02   1.24236282e+02   7.79246777e+03
   6.49897766e+02   7.99426880e+02   1.02152281e+05   9.13829922e+04
   1.03690941e+02   6.59793594e+04   1.87916758e+04   3.25286572e+03
   9.38819336e+02   1.21723545e+04   1.22158117e+05   5.96926367e+03
   1.28043062e+05   1.21415289e+05   1.70674484e+05   6.62861094e+04
   3.43886797e+04   7.54755432e+02   5.33821250e+04   2.35720723e+04
   9.58325312e+04   2.19342725e+03   6.14936401e+02   3.48988281e+04
   2.41943893e+02   5.41029805e+04   4.48605225e+03   2.58318047e+04
   1.15641938e+05   4.43509229e+03   1.24269512e+04   4.55283783e+02
   3.92250610e+02   1.95791250e+04   3.24587363e+04   2.00907983e+03
   3.02249658e+03   1.34486169e+03   4.01590742e+04   2.23139175e+02
   1.01729614e+03   5.78280586e+04   1.13359902e+04   2.51718823e+03
   1.47547344e+05   2.59711670e+03   5.59182812e+04   3.22422324e+04
   7.86409062e+04   4.16069492e+04   1.80934662e+02   1.14489697e+03
   9.16782910e+03   1.05525073e+03   1.20164898e+05   4.15010498e+03
   9.24272969e+04   7.40608350e+03   6.01590088e+03   2.47912402e+03
   2.74606270e+04   5.20332275e+03   7.44117031e+04   6.30003320e+03
   1.65633887e+03   5.85829590e+03   1.40169727e+03   1.81977859e+02
   5.65538711e+04   2.12213965e+04   6.34199829e+02   4.33253945e+04
   1.13451094e+04   3.88579248e+03   3.52773291e+03   8.64508691e+03
   2.21632568e+03   3.45522736e+02   7.29397070e+03   1.87080969e+03
   4.15907959e+03   1.81202266e+04   2.80892441e+04   1.10604281e+05
   1.26090576e+03   1.13442615e+03   2.70839697e+03   1.59619666e+03
   6.87996140e+01   1.69082188e+04   3.24251250e+04   6.96080391e+04
   4.01268359e+04   1.56785703e+04   8.57058301e+03   2.79308472e+02
   1.33546209e+01   1.34811902e+00   2.03732559e+04   2.16629199e+04
   2.99452222e+03   3.81567352e+02   2.26246328e+04   4.06341133e+04
   2.02628674e+03   2.86269883e+04   3.42201133e+04   1.25703008e+04
   8.87894336e+03   1.10245859e+04   5.43412500e+03   7.52734609e+04
   1.25010039e+05   1.01046230e+04   2.92772871e+04   1.34707922e+03
   1.20997180e+05   2.00961279e+03   1.57912683e+03   1.48208555e+04
   8.13159766e+04   6.92874688e+04   2.30822617e+04   2.47097192e+03
   1.30697546e+03   1.31099902e+03   2.88931699e+04   6.65679102e+03
   1.68638496e+04   5.56507568e+03   1.13229951e+04   5.03493404e+00
   0.00000000e+00   6.08168555e+04   1.82179977e+02   9.97737402e+03
   6.06496387e+03   8.44814766e+04   4.48849561e+03   1.72236062e+05
   2.08950664e+04   0.00000000e+00   6.10668164e+03   3.55727267e+00
   2.13141382e+03   1.66500664e+04   6.41320038e+01   3.24329590e+03
   8.06231018e+02   2.11079531e+04   2.63581970e+02   4.47581592e+03
   3.52557695e+04   8.05887188e+04   2.43176733e+03   5.58275757e+01
   3.40325708e+03   9.47149121e+03   5.39171944e+01   2.01182507e+03
   1.20006885e+04   3.88042542e+02   3.31865479e+03   2.54418555e+03
   7.33682324e+03   8.06057471e+03   3.79201055e+04   0.00000000e+00
   3.88405853e+02   8.12699609e+03   6.72328672e+04   1.71865215e+04
   5.06908516e+04   1.62571915e+02   3.22693530e+03   1.87224674e+01
   3.28084883e+04   8.95625610e+02   1.11916742e+05   7.36429871e+02
   1.35355352e+04   6.92520654e+03   3.44567163e+03   6.87859766e+03
   4.31429199e+03   1.19262492e+05   1.51214551e+03   3.41290234e+04
   1.02288291e+04   1.62153809e+02   1.72946663e+01   2.40920137e+04
   6.30461572e+03   7.37872891e+04   5.16576611e+03   1.03941793e+01
   3.44955039e+04   1.16939771e+03   6.60677734e+02   1.68118891e+05]
[  5.15700488e+03   1.34079043e+04   2.18934863e+03   1.24448723e+02
   5.31174258e+04   3.34782829e+01   4.41230078e+04   4.25522305e+04
   5.58945312e+04   6.04105408e+02   1.15014929e+03   5.30357715e+03
   2.28062592e+01   6.46466875e+04   1.33247236e+04   5.98784103e+01
   5.31961475e+03   4.11677246e+03   1.96156372e+03   1.15851318e+03
   8.64921777e+03   8.63062793e+03   2.06068384e+03   2.53333206e+02
   1.06453394e+03   1.86156816e+04   3.89909619e+03   2.17660195e+04
   6.50410986e+03   8.11426514e+02   1.44691376e+02   4.40724823e+02
   1.55016260e+03   2.64395452e+00   9.19622925e+02   1.06156348e+03
   2.93260864e+03   7.79268341e+01   1.89492656e+04   1.29939014e+03
   2.69143535e+04   7.08771436e+03   9.67765961e+01   3.19078320e+04
   7.65559229e+03   1.15382617e+03   8.56912012e+03   5.31592346e+02
   7.54402405e+02   1.94272046e+03   1.46742340e+02   5.42258339e+01
   0.00000000e+00   1.20048193e+04   2.45543066e+03   9.47292236e+02
   1.57749385e+04   9.11700195e+02   6.11217407e+02   3.54180902e-01
   0.00000000e+00   1.04973108e+03   7.70162659e+02   1.34333203e+03
   8.90562500e+02   3.76411163e+02   8.64196387e+03   3.78428271e+03
   7.17473984e+04   3.03609924e+02   9.10385132e+01   3.75801680e+04
   3.01367035e+01   8.98750977e+02   3.59644580e+03   2.79740698e+03
   0.00000000e+00   9.59913965e+03   8.41206665e+02   3.22727539e+02
   1.70164050e+03   8.14887031e+04   4.94642930e+04   3.81938047e+04
   2.70818555e+03   3.14961147e+01   2.23944102e+04   1.86513599e+03
   1.00276086e+03   1.76743945e+03   4.96018164e+04   9.82788672e+03
   4.23288428e+03   2.68614674e+00   8.16544922e+03   6.05142593e+01
   7.79685669e+02   3.34840938e+04   4.14946240e+03   1.17711191e+04
   1.02099762e+03   4.17611279e+03   3.30540356e+03   3.81734252e+00
   8.19525391e+02   4.17602734e+03   7.30681348e+03   6.03163643e+01
   6.56343828e+04   1.06269633e+05   3.85617798e+03   2.73320850e+03
   6.49496338e+02   1.03080762e+04   9.51273906e+04   3.34662524e+03
   1.44551831e+03   1.83918079e+03   9.97452011e+01   9.67954041e+02
   4.89202545e+02   1.28358457e+04   1.97506006e+03   2.29965954e+01
   5.22465508e+04   6.53299255e+02   2.49150317e+03   2.81774506e+02
   3.69623451e+01   3.57037109e+04   2.24384899e+01   6.96201111e+02
   3.49969312e+03   1.60354102e+04   3.34366914e+04   3.16833229e+01
   2.32766037e+02   4.11332642e+02   2.36340117e+04   1.91465740e+01
   1.65594849e+02   8.36264099e+02   2.12485527e+04   1.81816422e+02
   7.04384766e+03   1.75133667e+03   1.35128350e+04   4.76055117e+04
   2.02797229e+03   1.56070251e+03   6.69503047e+04   7.58187451e+03
   2.71095703e+04   6.90209412e+02   3.51284973e+02   8.30148828e+04
   1.21236006e+04   3.23163027e+04   6.37539111e+03   1.10244189e+04
   8.03426270e+03   5.65319971e+03   1.07196355e+00   5.91172974e+02
   6.73794844e+04   2.68024316e+03   1.17149789e+05   5.18572044e+01
   1.07580576e+04   1.91413906e+04   3.42497498e+02   4.49273340e+03
   7.61749531e+04   2.10376113e+04   5.38408432e+01   2.57091357e+03
   2.20001782e+03   4.20998486e+03   1.48225940e+03   2.57797192e+03
   6.72934688e+04   1.23014795e+03   1.40028650e+03   1.98029466e-02
   1.17028408e+04   7.81788516e+04   4.98398638e+00   2.18000879e+03
   6.25592651e+02   4.00428125e+04   3.12603729e+02   7.76316223e+02
   3.29990349e+01   4.05414141e+04   9.20800488e+03   1.02621562e+04
   6.68307495e+02   3.15918262e+04   1.76859802e+03   7.95890000e+04
   2.60303594e+04   2.84842102e+02   1.24804520e+02   5.23295349e+02
   1.54720049e+04   6.63102112e+02   5.67678909e+01   5.32557715e+03
   1.76514709e+02   4.68314551e+03   2.33794751e+03   3.37650787e+02
   9.06427148e+03   1.88792090e+04   2.35878457e+04   7.23099922e+04
   1.63564414e+04   5.87425720e+02   2.45764404e+02   3.47502812e+04
   2.70244482e+03   9.70417328e+01   5.70512598e+03   9.90878448e+01
   5.69582275e+03   2.27298489e+01   1.26416904e+04   4.88796055e+04
   4.35418359e+03   4.49982666e+03   8.26567812e+04   5.14715332e+02
   1.60104248e+02   1.60941680e+04   5.35521889e+00   1.17417336e+05
   9.39135547e+04   7.24115186e+03   2.53141373e+02   9.92286301e+01
   8.33734766e+03   4.63095166e+03   2.37781519e+03   8.06308496e+03
   1.18280029e+04   9.80854395e+03   0.00000000e+00   4.53655938e+04
   2.96336395e+02   6.47423828e+02   5.04854309e+02   1.14873581e+01
   1.80119258e+04   1.06014656e+02   6.07066307e+01   6.55858459e+02
   6.42852539e+02   3.31186548e+03   3.36992603e+03   2.42625488e+04
   3.29060815e+03   3.65759058e+03   1.00046240e+03   1.65596887e+03
   1.30417712e+03   2.90631875e+04   7.95083923e+02   4.99318203e+04
   9.79636230e+03   1.00831875e+04   1.54625488e+03   1.05331104e+03
   1.38185498e+03   2.41785172e+02   1.21804667e+00   1.31892838e+02
   1.22084277e+04   0.00000000e+00   2.74808618e+03   5.50127588e+03
   3.03493262e+03   5.11391876e+02   3.80923242e+04   0.00000000e+00
   1.23295189e+02   1.07730996e+04   1.84404049e+01   3.47422773e+04
   1.03453870e+03   2.09273535e+03   2.92699371e+02   9.70615820e+03
   1.21696062e+05   2.52970566e+04   6.62726465e+03   7.66972803e+03
   3.56807695e+04   1.02095935e+03   5.81291565e+02   1.07444653e+03
   1.39662838e+00   5.00512305e+03   4.03799102e+04   3.43754947e-01
   1.17175928e+04   2.32250840e+04   1.26237927e+03   1.27960422e+05
   1.37966400e+02   8.47900208e+02   2.75464844e+02   5.52204102e+03
   2.29865918e+04   1.89390976e+02   3.10958496e+03   3.37583160e+02
   1.01408477e+05   6.11635551e+01   1.00593628e+02   6.39109375e+02
   4.60342578e+03   4.30798389e+03   8.81153613e+03   2.23130566e+04
   8.02091094e+04   1.90086975e+02   4.74288281e+03   3.65687969e+04
   2.99393726e+03   2.78849831e+01   9.80790000e+04   1.40244805e+04
   2.65848370e+01   6.84148633e+03   1.92051699e+04   2.85611108e+03
   7.83903226e-02   5.16372852e+03   3.28785400e+02   3.24379425e+02
   3.02462012e+04   1.93049434e+04   4.80589404e+03   4.02599648e+04
   5.91106071e+01   4.86967871e+03   1.01147052e+03   3.26157363e+04
   7.39982344e+04   5.63723022e+02   9.12463745e+02   7.66432666e+03
   1.22900476e+03   1.50218945e+04   1.08311930e+05   6.61304062e+04
   3.95666577e+03   1.16479041e+03   5.72266846e+03   6.64172897e+01
   2.52975928e+03   2.85867432e+03   2.00352631e+01   4.39925171e+02
   1.60806104e+04   4.99048438e+04   1.23544543e+03   1.71651289e+04
   7.18514099e+02   5.96156523e+04   7.93195581e+00   6.00110449e+03
   4.30234326e+03   1.19811750e+05   1.18652429e+03   5.66560010e+03
   6.29410034e+02   1.14613745e+03   5.60623975e+03   1.66397031e+04
   1.98962852e+04   5.53390674e+03   4.83886681e+01   6.68559937e+02
   8.75142273e+02   3.44042227e+04   5.22940430e+04   1.04359385e+04
   1.21019719e+05   7.39109424e+03   1.88239598e+00   6.01081390e+01
   1.17726924e+04   1.56472861e+04   2.49157227e+03   1.28735176e+04
   7.65061035e+03   2.53259583e+01   5.58356384e+02   3.48937451e+03
   5.38902222e+02   8.24369922e+03   4.59173477e+04   1.88810840e+04
   4.21849463e+03   1.32686195e+01   8.94663359e+04   8.01815125e+02
   1.36060029e+04   9.11107330e+01   6.56669727e+03   2.69121643e+02
   8.81407227e+03   2.51284316e+04   1.54947586e+02   0.00000000e+00
   8.40048340e+02   1.74249573e+03   1.27900059e+04   1.32798508e+02
   3.06246411e+03   1.55942065e+03   9.78007751e+02   4.54414844e+03
   1.45444263e+03   4.45921914e+04   4.09808044e+02   3.74860001e+00
   6.38176953e+03   3.32520142e+02   5.58710400e+03   5.45459883e+04
   1.98638379e+03   5.73769653e+02   1.18371948e+03   7.29134180e+03
   1.27285632e+03   1.08629297e+03   6.10409453e+04   1.13863555e+04
   1.01700459e+04   1.81176135e+03   4.80884229e+03   5.04077295e+03
   2.11218994e+02   5.53344849e+02   6.76385303e+03   1.03305408e+03
   3.44443237e+02   8.49027222e+02   0.00000000e+00   3.83190155e+02
   1.20392790e+01   0.00000000e+00   2.89133145e+04   0.00000000e+00
   1.90693545e+00   1.37937756e+03   0.00000000e+00   1.03923914e+03
   9.68353711e+03   3.88280884e+03   7.79855957e+03   1.82025610e+03
   1.04835016e+05   4.74537891e+04   1.21330298e+03   4.87232715e+03
   1.13727087e+03   3.16054590e+04   4.72620078e+04   3.19487946e+02
   4.81113708e+02   5.53169518e+01   2.53989673e+03   1.50406533e+04
   8.36495996e+03   2.33254730e+02   7.70205933e+02   0.00000000e+00
   1.64276895e+04   1.53452842e+04   3.18563867e+03   9.16190857e+02
   5.74269714e+02   5.18890686e+02   6.32391602e+04   1.63914704e+00
   3.36587134e+03   7.74673767e+01   1.35698359e+05   8.42549219e+03
   1.25522217e+03   1.12447510e+03   1.98094511e+00   1.31842207e+04
   1.21192456e+03   4.10888367e+02   1.62544226e+03   5.58723877e+03
   3.16332983e+03   8.81917578e+03   8.09199677e+01   7.39006836e+02
   2.22941431e+03   1.23813281e+05   2.56888794e+02   2.14040454e+03
   0.00000000e+00   2.75608340e+04   1.55191250e+04   8.43513965e+03]
[  4.17609161e+02   1.02803408e+04   5.92299500e+02   2.44577686e+03
   1.73960388e+03   3.09925195e+04   3.92343842e+02   2.53895000e+04
   5.80935645e+03   5.55619570e+04   2.72977319e+03   2.56308716e+02
   1.09529121e+04   4.38919258e+04   7.04290527e+03   1.24564136e+03
   3.00625635e+03   4.65544531e+03   6.79592500e+04   1.16411719e+03
   3.45180178e+00   6.79190967e+03   6.61100769e+02   3.49665698e+03
   1.23779678e+04   2.13794022e+02   1.38385010e+04   1.00072479e+02
   1.10825684e+03   5.24899316e+03   5.12397705e+03   5.90608203e+03
   3.80353857e+03   5.35618424e-01   1.12016650e+04   3.46426727e+02
   9.56805603e+02   9.24692266e+04   3.89507227e-02   1.01778262e+04
   1.57813047e+04   4.86907082e+01   7.25158262e+00   3.23187653e+02
   1.71115586e+04   7.59168396e+02   5.53923877e+03   2.29049199e+04
   1.16674341e+03   1.49438553e+02   1.49193066e+03   4.15554138e+02
   4.18568726e+02   2.51168184e+04   1.82932871e+04   3.11047402e+04
   2.18056909e+03   1.02811611e+04   1.10793274e+02   3.93883496e+03
   2.99512061e+03   2.22782129e+03   1.18643274e+03   3.06128876e+02
   4.01303613e+03   1.12323657e+03   3.09671570e+02   4.75112244e+02
   3.47459625e+02   8.02663193e+01   9.73193542e+02   2.89951367e+04
   3.03905684e+04   5.14434998e+02   2.50115293e+04   6.03905373e+01
   3.39562225e+02   1.86152573e+02   1.68082532e+03   1.83979082e+04
   3.52095068e+03   4.86796289e+04   2.01631543e+04   1.86273730e+04
   8.72851016e+04   2.05661880e+02   4.02219116e+03   2.56890879e+04
   1.85175215e+04   3.95308828e+04   1.29534130e+01   3.75605835e+03
   4.71748566e+02   2.01535742e+04   2.49242236e+03   1.98054199e+04
   2.11798418e+04   6.94689465e+00   1.74257871e+04   2.73246704e+03
   1.16732986e+02   2.54788647e+03   5.99285049e+01   9.13064941e+03
   2.46633863e+00   5.67838326e+01   3.11899805e+03   3.14576914e+04
   2.66928082e+01   3.09798633e+04   9.22456055e+02   6.54652422e+04
   1.08799512e+04   1.98480911e+02   7.42610550e+01   8.50742920e+02
   1.79580432e+03   4.05792891e+04   1.43639343e+03   1.64360794e+02
   2.58902016e+01   8.53662048e+02   2.28206719e+04   4.68461975e+02
   9.52158386e+02   1.83106426e+04   8.88995850e+02   9.29051590e+01
   1.70520239e+03   1.11607031e+03   2.01140703e+04   1.40299182e+03
   2.29013626e+02   2.91437793e+03   1.88892737e+03   1.67329258e+04
   3.89703789e+04   3.62833571e+00   1.20297356e+02   2.29639206e+02
   7.76406154e-02   1.58486893e+02   5.16341919e+02   4.18022827e+02
   1.30436874e+02   7.61129492e+03   3.05399805e+03   0.00000000e+00
   7.72955872e+02   5.95582070e+04   2.78386047e+02   5.00492493e+02
   1.14484668e+03   2.77251953e+03   1.27425464e+03   3.85721797e+04
   4.07401314e+01   1.38574072e+03   3.76286774e+02   2.16614453e+04
   1.11391614e+03   2.62461548e+02   1.10816223e+03   1.48393204e+02
   5.38139453e+04   5.93713074e+01   2.32658966e+02   2.26585669e+03
   1.25532773e+04   2.10058750e+04   1.43014202e+01   3.10467102e+02
   9.88895898e+03   1.78550293e+03   9.66242218e+01   8.56508496e+03
   5.74494570e+04   1.25602893e+03   5.79078789e+04   4.85850488e+03
   5.08073164e+04   5.32198047e+04   9.31887970e+01   8.34987598e+03
   2.12031641e+03   1.09056652e+00   8.73379785e+03   7.34472803e+03
   2.44620838e+01   8.31235291e+02   5.31131348e+02   8.77258606e+02
   4.77365430e+03   1.54452139e+04   2.21883691e+03   2.62337168e+04
   2.64017871e+03   6.87111938e+02   2.31746948e+02   6.52696387e+03
   4.91124121e+03   1.44337158e+03   2.41025708e+03   5.33869457e+00
   4.62815771e+03   2.77866150e+02   4.30267480e+03   2.01815234e+03
   1.41721191e+04   6.55693203e+04   6.08170715e+02   1.50435352e+03
   9.49104785e+03   1.86116418e+03   3.27560272e+02   1.30096758e+04
   8.59574141e+04   2.59483459e+02   3.83544800e+02   7.26450488e+03
   2.41475781e+04   8.35346191e+02   1.56764893e+02   1.19658032e+03
   4.24140106e+02   1.10348618e+02   2.01896133e+02   1.58312073e+02
   1.71971997e+03   4.42113892e+02   1.68211349e+02   3.72307281e+02
   1.25514124e+03   1.04947701e+02   1.68972855e+01   1.29767471e+02
   4.15832672e+02   6.19040405e+02   2.79933154e+03   4.77082733e+02
   1.44696136e+02   6.00965538e+01   2.03441858e+03   5.06544648e+04
   3.48740820e+04   1.19789043e+04   4.85858154e+02   4.08692578e+03
   1.02312080e+02   5.43353821e+02   3.21613556e+02   2.58779205e+02
   1.49712354e+04   2.02285608e+03   3.47993135e+00   2.46124680e+02
   6.42594824e+03   8.71411819e+01   9.90519775e+02   1.46406921e+02
   1.63217017e+03   2.18953320e+03   5.25491394e+02   6.76199112e+01
   4.95160352e+04   3.03228442e+03   4.79755234e+04   4.13953662e+03
   7.37945459e+03   3.12907867e+01   2.38941315e+02   1.54344360e+03
   7.27192505e+02   6.23593178e+01   4.94837500e+04   5.52176270e+02
   1.76094104e+03   8.68179260e+02   1.42570117e+04   2.15840918e+04
   4.76178040e+02   1.36668472e+02   1.65625525e+03   8.22569844e+04
   2.46786426e+03   4.13996338e+03   1.04231416e+04   5.36367493e+02
   6.85879944e+02   2.74256445e+04   2.92372656e+03   2.54785254e+03
   2.00934180e+04   4.01885596e+03   3.18809235e+02   1.00455664e+03
   3.88625342e+03   2.22938647e+03   9.72429980e+03   1.75305977e+01
   6.76496582e+01   1.48612927e+03   1.83468926e+04   9.61999969e+01
   2.20317656e+04   7.23869375e+04   1.28440796e+03   2.15284375e+03
   4.40538281e+03   5.66940137e+03   1.65042019e+01   8.69435840e+03
   1.60267365e+00   1.09315918e+04   2.77222095e+03   2.26338457e+04
   1.07045715e+03   9.31074707e+03   2.03498901e+02   1.55096104e+04
   1.93076113e+04   3.29866445e+04   3.80759937e+03   2.59510996e+04
   9.40517212e+02   8.76361755e+02   4.27948438e+03   8.85836304e+02
   1.99319336e+03   3.40148926e+02   1.67642988e+04   8.49525586e+03
   1.09623203e+01   3.19804541e+03   3.78247803e+02   9.37040649e+02
   1.72750381e+02   2.08621504e+04   2.87168628e+03   3.70900781e+04
   6.85517188e+04   3.28902905e+03   3.89924774e+02   7.48970032e+02
   5.07356682e+01   4.47573517e+02   6.11732734e+04   1.45577783e+03
   1.10298877e+04   9.17358887e+03   5.53531836e+03   6.12405781e+04
   5.45076416e+02   3.19299902e+03   8.42967712e+02   7.70546387e+02
   1.36553174e+04   3.09226318e+03   2.17520547e+04   7.43848419e+01
   8.86581719e+04   9.32164978e+02   4.59243750e+04   8.43392029e+02
   1.82609531e+04   4.44470886e+02   2.94059418e+02   1.20921621e+04
   3.71510620e+02   7.25006201e+03   1.02246906e+03   1.49920483e+03
   2.09175537e+02   1.64348398e+04   6.52427917e+02   1.15000945e+05
   2.18333633e+04   3.04334888e+03   6.25421777e+03   3.27881030e+03
   2.22478226e+02   1.55211969e+05   1.06806484e+04   1.13734058e+03
   9.61119629e+02   9.28405469e+03   1.43840286e+02   5.24007835e+01
   4.04677759e+03   1.13453796e+03   6.83088281e+04   3.61767505e+03
   2.92836987e+03   6.15460859e+04   8.92017969e+04   5.69919006e+02
   2.74734528e+02   1.64180059e+04   6.38790576e+03   1.78968984e+04
   2.40201508e+02   2.06689238e+04   4.05241431e+03   4.50330957e+03
   2.08459892e+01   5.14330664e+04   1.59267639e+02   1.19328943e+03
   1.35001282e+03   2.86847485e+03   2.80223438e+03   2.13695859e+04
   2.32719707e+04   2.01325464e+03   1.63788318e+03   7.42560339e+00
   4.70095947e+03   1.89758630e+03   0.00000000e+00   8.28939087e+02
   6.80046875e+02   2.71257988e+04   1.00618037e+04   1.47101974e+02
   9.17258301e+02   1.00301816e+04   1.10864868e+03   1.26297104e+02
   2.83664819e+03   9.49170996e+03   7.10375312e+04   1.91486191e+02
   1.52148506e+04   1.75859363e+03   1.01199333e+02   1.21545959e+03
   3.32611176e+02   2.59360561e+01   2.09020352e+04   4.30019531e+01
   4.94518158e+02   1.47962540e+02   3.39049286e+02   1.13087387e+01
   5.59977875e+01   2.58972637e+04   9.20425659e+02   6.91897522e+02
   2.72272192e+03   3.72625977e+04   4.76265930e+02   2.03757996e+03
   1.32579300e+02   1.45538781e+05   5.14112617e+04   5.31485939e+01
   3.45400684e+03   5.60035400e+03   3.48807852e+04   1.67292012e+04
   2.84048125e+04   6.58449512e+03   2.14408320e+04   4.37290527e+02
   1.29484951e+04   6.50462256e+03   6.94050964e+02   7.95829346e+02
   4.10955322e+02   4.78447380e+01   1.99582578e+04   2.26024531e+04
   1.85822734e+04   2.33727207e+04   2.06714307e+03   2.11487823e+02
   1.25697290e+03   1.77685413e+03   6.09974243e+02   3.63823711e+04
   1.11925459e+04   1.06680504e+02   1.31511689e+04   1.64251831e+02
   6.29405928e+00   0.00000000e+00   4.68648389e+03   1.14170227e+03
   3.31402881e+03   4.96897705e+03   3.55170078e+04   4.27511680e+04
   1.89080625e+04   2.02197461e+03   5.62513794e+02   1.48626978e+03
   1.28362280e+03   1.41419601e+02   4.04546265e+03   1.15300986e+04
   2.46398281e+04   2.62736777e+04   3.89186516e+01   1.57260083e+03
   2.60758438e+04   2.23086016e+04   5.26025818e+02   6.11690483e+01
   1.23080969e+03   5.78076591e+01   7.15198288e+01   1.73331270e+04]
[  4.11337402e+02   6.60330534e+00   3.58377266e+00   2.59771387e+03
   1.51413834e+02   8.29320908e+01   3.82727528e+00   1.61550598e+01
   3.10788513e+02   2.99022003e+02   3.49880142e+01   1.07794751e+03
   4.04078979e+01   1.33358200e+02   3.28348160e+01   4.09302139e+00
   5.67613125e-01   2.83232391e+02   0.00000000e+00   0.00000000e+00
   2.42854599e+02   1.43990977e+04   3.93327393e+03   6.39186462e+02
   2.51663227e+01   0.00000000e+00   5.66176414e-01   2.47343530e+03
   1.60169067e+02   2.20111450e+03   5.88676660e+03   1.09498093e+02
   8.76018188e+02   2.65368652e+02   1.36429863e+01   2.84574268e+03
   3.67343445e+01   1.46224688e+04   1.05544971e+03   1.89736938e+03
   9.18205957e+03   7.80587082e+01   3.15775342e+03   1.17337268e+03
   1.18285698e+02   6.32841229e-01   2.98832690e+03   6.91210861e+01
   3.49759026e+01   5.47458191e+01   4.26790237e+01   2.13421289e+03
   2.36979038e-01   2.11891495e+02   2.39701584e+02   6.92437057e+01
   6.08780908e+03   3.20069611e+02   0.00000000e+00   5.72461548e+02
   5.51568542e+02   2.74870892e+01   6.49534845e+00   1.07217517e+03
   1.48528107e+02   5.38426465e+03   5.69463120e+01   1.36041808e+00
   2.99998657e+02   3.45867889e+02   1.18100476e+03   2.20297508e+01
   4.61886711e+01   6.41407242e+01   9.07769871e+00   3.22386902e+02
   9.19315910e+00   1.37614600e+03   2.29216957e+00   1.26198387e+02
   0.00000000e+00   1.42735519e+02   1.01125507e+03   1.38181726e+03
   6.28929062e+01   1.05274458e+01   3.73902817e+01   9.41939640e+00
   1.43110186e+04   2.84582123e+02   1.35493408e+04   3.49852386e+02
   1.65201602e+04   1.07795886e+03   0.00000000e+00   8.01482849e+02
   2.11743145e+04   2.51021481e+00   3.00201489e+03   1.50801208e+02
   2.32687646e+03   3.98860092e+01   2.81853924e+01   2.37180710e+00
   2.24540479e+03   2.01822803e+03   0.00000000e+00   4.48905426e+02
   2.14055424e+01   0.00000000e+00   3.87014294e+00   2.41509674e+02
   3.87555347e+03   4.76307910e+03   2.91861115e+01   3.13855624e+00
   3.35024072e+03   7.41624573e+02   1.38666620e+01   1.27912483e+02
   0.00000000e+00   7.26386658e+02   2.08311215e-01   1.01730871e+01
   4.96240921e+01   3.92014170e+00   1.37353811e+01   9.77744162e-01
   9.61719589e+01   1.68992419e+03   1.89084363e+03   1.95153271e+03
   0.00000000e+00   7.93527679e+01   3.97364929e+02   1.05241455e+02
   2.15933828e+04   3.52427246e+02   2.46436951e+02   4.36848969e+02
   4.83411475e+03   2.07328110e+02   3.70321579e+01   2.57752490e+03
   2.69794064e+01   5.11184406e+00   3.92374268e+01   3.03435135e+00
   2.72292690e+01   1.05545635e+01   4.11144447e+00   5.19486694e+01
   1.09735603e+02   1.24221239e+01   9.46376419e+00   1.92018566e+01
   8.50302856e+02   2.30485630e+01   2.35229168e+01   2.90254841e+01
   3.19824158e+02   1.34864761e+02   1.87184160e+04   1.33262012e+03
   2.13085986e+03   1.39468828e+04   0.00000000e+00   4.57059424e+03
   6.55170532e+02   8.98731348e+03   1.92379439e+00   2.28280078e+03
   1.39741623e+02   7.41710266e+02   4.48239326e+00   2.84015617e+01
   1.60472656e+02   3.38710213e+00   2.69512756e+02   0.00000000e+00
   3.13200531e+01   2.37989526e+03   0.00000000e+00   2.70124097e+03
   2.88696198e+02   1.00329443e+04   8.64466476e+01   1.93085270e+01
   9.01849805e+03   4.97081085e+02   2.92770157e+01   2.49911118e+01
   5.81046082e+02   1.68695679e+02   8.04904846e+02   3.43274658e+02
   2.51671619e+01   1.51560388e+03   1.30939990e+03   6.21745703e+03
   6.63832245e+01   1.84824805e+04   3.81578178e+01   4.72743607e+01
   6.68395538e+01   1.30481445e+02   2.49716748e+03   1.18621057e+03
   0.00000000e+00   5.41866406e+03   5.54048242e+03   9.97655518e+02
   0.00000000e+00   1.42001057e+00   1.15529251e+02   3.80144312e+03
   2.60816376e+02   4.59594727e+01   1.81009731e+01   3.75455292e+02
   8.59415283e+01   2.54617523e+02   9.79696167e+02   1.06871128e+01
   6.43754590e+03   7.31236182e+03   1.75120163e+00   2.26637058e+01
   3.39861488e+00   1.67229102e+03   4.20699692e+01   9.52436096e+02
   1.85773102e+02   1.44380322e+03   3.98173999e+03   2.05841293e+02
   1.26252060e+02   1.44858057e+04   5.07688165e-01   1.19266956e+03
   0.00000000e+00   1.73639609e+04   1.68537781e+02   4.45724916e+00
   0.00000000e+00   5.40327698e+02   1.14577461e+04   0.00000000e+00
   4.30856657e+00   2.68431988e+01   2.76391504e+03   4.25997782e+00
   1.52498064e+01   1.36635376e+02   1.17540077e+02   1.26416882e+03
   1.90690076e+03   4.89322510e+01   1.56303291e+01   1.86229219e+04
   1.94844990e+01   1.32147766e+02   0.00000000e+00   0.00000000e+00
   0.00000000e+00   0.00000000e+00   1.21611233e+01   7.46553284e+02
   7.26501404e+02   2.06304817e+01   7.17921114e+00   9.98710632e+02
   6.59988117e+00   1.29478291e+04   2.60564087e+03   5.13031197e+01
   7.58183496e+03   7.98625717e+01   8.44396210e+01   1.96210885e+00
   3.60067177e+01   1.36288049e+03   1.50116406e+04   2.88920990e+02
   2.18491173e+01   3.22750793e+02   3.32709448e+03   3.70554695e+01
   0.00000000e+00   2.48802090e+00   1.06924553e+02   8.86469055e+02
   1.87662048e+03   5.25219116e+02   0.00000000e+00   0.00000000e+00
   3.40107269e+02   2.93235046e+02   3.16606259e+00   6.14640951e+00
   1.27546802e+03   4.55514130e+02   1.59081963e+04   2.65771866e+00
   5.01936493e+02   1.67286742e+00   2.27948837e+02   0.00000000e+00
   1.42345225e+04   0.00000000e+00   1.82030645e+04   4.88783112e+01
   5.47963028e+01   0.00000000e+00   8.90942383e+00   5.58851904e+03
   4.50215771e+03   3.13292310e+03   1.71581421e+02   1.01611732e+02
   5.52332422e+03   9.57487259e+01   5.97567606e+00   4.46469536e+01
   1.66607864e+02   1.94737577e+00   7.50107956e+01   2.37788757e+02
   1.39632614e+02   1.58071640e+02   2.04583626e+01   9.46772656e+03
   3.98571854e+01   1.19754065e+03   4.14068085e+02   2.18258862e+03
   1.85522571e+03   1.01634656e+03   6.59711426e+03   2.19808670e+02
   2.61144971e+03   1.14635515e+00   1.96557251e+02   2.00327435e+01
   4.28232227e+03   5.05078077e+00   6.26290332e+03   1.51840317e+02
   5.92323914e+02   7.52877808e+01   4.46289215e+01   2.12874413e-01
   4.49659326e+03   4.42568054e+01   1.17502415e+00   6.32570724e+01
   1.04574180e+04   5.66731836e+03   1.06862314e+04   1.27722534e+02
   1.11828613e+02   2.79305553e+00   5.81758156e+01   2.65810120e+02
   7.39119873e+02   4.31070633e+01   0.00000000e+00   4.22750824e+02
   2.92796753e+02   0.00000000e+00   1.33548691e+02   2.65122119e+03
   2.14371395e+01   3.51934021e+02   4.26313820e+01   1.02583717e+02
   6.38032579e+00   1.00501404e+01   4.01227608e+01   1.53513290e+02
   1.35948776e+02   1.56773740e+04   2.15603523e+01   1.22575469e+04
   2.04340100e+03   1.37038281e+03   1.93931140e+03   1.17352562e+02
   2.19204932e+03   7.87979553e+02   9.54165588e+02   3.21714973e+01
   3.14440216e+02   3.71083117e+00   3.09801880e+02   1.01238747e+01
   0.00000000e+00   6.73454189e+00   1.47680038e+02   2.63679169e+02
   2.26129654e+02   2.88364502e+03   1.21149014e+04   3.64259644e+01
   1.04143906e+02   9.58750763e+01   5.34258911e+02   6.88269329e+00
   3.05958977e+01   1.38188965e+04   4.00982933e+01   1.09521378e+02
   6.75585327e+01   6.76336670e+02   4.21119678e+03   1.94047409e+02
   3.51464990e+03   1.20647911e+02   1.48483257e+01   5.97122955e+00
   2.14798867e+04   1.41263354e+03   1.31438889e+02   1.19063702e+01
   9.09848206e+02   3.35321625e+02   3.67048287e+00   3.28913918e+01
   1.93905811e+01   1.36743494e+03   6.08736865e+03   4.56390991e+01
   2.41922363e+02   1.41321179e+03   1.10154004e+03   7.32417297e+01
   3.12013626e+01   1.88091943e+03   1.27019297e+04   1.11012115e+02
   2.04339528e+00   7.56009293e+01   8.39697037e+01   4.71061432e+02
   1.27434067e+02   1.75187850e+00   9.47993555e+03   6.67951758e+03
   1.24880352e+04   1.88308251e+00   6.75653381e+02   4.79004486e+02
   7.30381042e+02   4.23208809e+00   9.87575256e+02   9.82129150e+02
   1.87912750e+01   1.34855830e+04   1.67951828e+02   2.73023267e+03
   0.00000000e+00   1.32971094e+03   2.76527405e+01   2.25820023e+02
   1.58049980e+04   3.42989120e+01   8.29470215e+01   6.47061110e+00
   2.21155596e+00   6.28008728e+02   3.44899017e+02   4.13501282e+01
   2.46979538e+02   6.09299512e+03   0.00000000e+00   4.26769775e+03
   5.39496948e+02   6.41011230e+02   3.79412622e+03   2.49429871e+02
   5.14489355e+03   1.78119141e+02   4.56777924e+02   1.07631622e+02
   1.11482468e+02   3.11675220e+03   1.29340958e+02   2.48854932e+03
   7.05653369e-01   1.75422211e+01   1.86002426e+01   2.85750757e+03
   3.64435425e+02   3.09364834e+01   9.06664581e+01   0.00000000e+00
   2.62234155e+03   7.47282654e+02   8.21205566e+02   9.00627734e+03
   2.33057159e+02   8.05741043e+01   1.76461963e+03   3.67004395e+03
   1.69815731e+00   1.04832344e+04   1.78249855e+01   3.37195740e+02
   0.00000000e+00   1.52004219e+04   1.41065083e+01   2.66023895e+02]
[  6.25158195e+01   6.36190735e+02   2.80949280e+02   5.92751404e+02
   1.31137436e+02   5.17474365e+02   9.64830704e+01   2.97107422e+02
   9.27702866e+01   5.65078964e+01   1.92223242e+03   6.26129517e+02
   3.41299512e+03   2.14163666e+02   3.83644678e+03   2.09445129e+02
   9.97987270e-01   2.83574554e+02   7.69773743e+02   2.25162415e+02
   1.45605087e+02   7.89685440e+01   5.87086914e+03   1.29537766e+02
   5.64492607e+01   5.79748573e+01   7.41333008e+01   6.43955917e+01
   8.10070996e+03   2.83440857e+01   1.76116028e+01   4.71504822e+01
   5.29177441e+03   2.20150253e+02   7.68708954e+01   8.02610657e+02
   9.64246875e+03   6.10489130e+00   2.83882856e+00   2.18158374e+03
   4.12611426e+03   1.20278052e+03   2.19924998e+00   8.28754783e-01
   3.96798372e+00   4.23216766e+02   1.53022913e+03   9.28182907e+01
   3.56719475e+01   1.73752884e+02   5.83559418e+01   2.28161057e+02
   9.62840454e+02   5.52356812e+02   7.12142639e+02   5.97826904e+03
   3.69121628e+01   3.77732658e+01   3.76584741e+03   5.37725488e+03
   2.85248120e+03   3.13880035e+02   6.23324365e+03   3.19631600e+00
   6.01181221e+00   6.78407715e+02   1.65409374e+01   5.24385498e+02
   1.28945518e+00   2.84714111e+02   8.66460449e+02   1.00803290e+03
   2.48152161e+02   4.00146408e+01   1.84300110e+02   1.21814880e+03
   6.89129410e+01   3.79188599e+02   4.32102930e+03   6.87125349e+00
   6.02537727e+00   4.49478790e+02   2.64415332e+03   5.06133308e+01
   2.53766602e+03   7.54594189e+03   1.37900803e+02   9.03383484e+01
   3.15706812e+03   2.60378601e+02   5.94767334e+02   6.85304871e+02
   0.00000000e+00   3.48548145e+03   2.55958271e+01   2.91509953e+01
   4.65470062e+02   4.90543848e+03   1.02819199e+02   1.35882111e+02
   3.24306297e+00   4.12967415e+01   7.28159637e+01   7.93678617e+00
   1.22683557e+03   0.00000000e+00   5.87257881e+01   6.92698926e+03
   5.26429004e+03   2.42897263e+02   6.23657837e+02   7.29242630e+01
   1.80923193e+03   1.21067676e+03   7.39008606e+02   1.87096858e+00
   8.11582336e+01   1.01941788e+02   1.60297241e+03   8.45495377e+01
   1.03142609e+02   1.78331848e+03   2.17371631e+00   3.58948898e+01
   1.82076054e+01   9.39209778e+02   1.24649902e+02   1.12315109e+02
   8.00406982e+03   3.82463551e+00   5.78063293e+02   3.33878760e+03
   8.39945679e+02   2.97008476e+01   1.20180596e+04   2.96854424e+00
   1.22729740e+01   2.05681137e+02   1.35735458e+02   3.20839071e+00
   6.12083984e+03   0.00000000e+00   7.44076416e+02   3.59619659e+02
   5.04051758e+02   1.52515221e+01   3.10374826e-01   1.50676260e+01
   2.78126448e-01   5.20563812e+01   8.63359749e-01   4.42314636e+02
   2.50534958e+02   4.11383594e+03   2.07958313e+02   1.34961523e+03
   5.87505005e+02   9.39914322e+00   1.55070679e+03   5.30466431e+02
   1.60608105e+03   5.19740430e+03   3.19262934e+00   4.45584167e+02
   5.74319385e+03   1.94922095e+03   6.37706482e+02   1.56725769e+02
   2.29710541e+02   2.59137012e+03   1.23852075e+03   2.32481599e+00
   6.84076843e+02   1.64530983e+01   4.37695847e+01   5.68775415e+00
   4.02710581e+00   4.93495459e+03   1.37603714e+02   7.49780731e+01
   9.69592590e+01   6.52632675e+01   1.29250050e+01   5.21355667e+01
   3.73310889e+03   1.96119741e-01   2.75721710e+02   1.30752420e+00
   6.72777891e+00   9.70808640e+01   1.81293793e+01   6.92887497e+01
   3.64284821e+01   2.37154785e+02   4.94173553e+02   1.26050331e+02
   1.87342880e+02   3.18219128e+01   8.90368271e+01   6.09628258e+01
   3.55449951e+02   5.85604553e+02   8.39513397e+00   1.33031197e+01
   3.68773155e+01   4.81562500e+01   8.40728104e-01   2.22660156e+02
   2.53402138e+01   5.64835739e+01   1.54126355e+03   1.82299988e+02
   0.00000000e+00   1.54540837e+00   7.07881393e+01   1.89004837e+02
   1.39441483e+02   1.55797363e+03   2.22138168e+02   2.04847992e+02
   7.30126831e+02   1.74153772e+03   1.35475601e+02   8.32767029e+02
   1.60980927e+02   1.50033283e+01   2.03542688e+03   4.94631653e+01
   3.93119873e+03   3.90795337e+03   3.85309326e+03   1.58876465e+02
   0.00000000e+00   1.22177109e+02   4.64712097e+02   1.35479675e+03
   1.16672412e+03   4.50131226e+01   3.77125171e+03   4.67818604e+02
   1.98341846e+01   6.77567825e+01   1.24931543e+03   0.00000000e+00
   6.24884705e+02   1.62506506e+03   7.43349854e+02   1.39253247e+00
   1.19829431e+03   6.22296333e+00   4.75285016e-03   5.94204224e+02
   1.24478381e+03   1.07163610e+01   2.77638149e+01   1.16261045e+04
   2.33185172e+00   2.64328827e+02   1.75655075e+02   1.08903786e+02
   5.57232227e+03   0.00000000e+00   8.48017969e+03   1.60294666e+01
   2.49247341e+01   1.60672226e+02   4.87064728e+02   1.01061963e+03
   1.48564560e+02   1.38659949e+03   1.10970459e+02   7.01337830e+02
   5.22737622e-01   1.12185967e+00   7.43356094e+01   6.91521606e+01
   4.77106705e+01   4.56509323e+01   1.10396765e+03   7.50862793e+02
   2.02928715e+01   2.78408546e+01   5.95833008e+03   2.92190266e+01
   2.12678719e+00   3.10096313e+03   4.82143372e+02   9.41123962e-01
   5.26377588e+03   1.47660568e+02   1.78338890e+01   2.15252042e+00
   5.25049866e+02   4.47907166e+02   5.89992529e+03   1.00122185e+02
   3.97334155e+03   4.46359863e+02   9.48375320e+01   1.04237622e+03
   2.45070483e+03   1.96537732e+03   4.51906586e+00   4.04205608e+00
   5.35461523e+03   6.36060449e+03   9.61037695e+03   6.20330566e+02
   3.57121325e+00   8.14838867e+02   2.69004700e+02   2.59365292e+01
   1.69478965e+00   2.89160492e+02   8.34436798e+01   1.06316565e+03
   2.14719336e+03   1.94159958e+02   6.18645874e+02   1.37871981e+00
   1.18407555e+01   1.45830872e+03   3.25638161e+01   4.63457715e+03
   2.98633003e+01   2.61920288e+02   2.06980343e+01   6.86232209e-01
   3.76134338e+01   1.46976837e+02   9.40605450e+00   2.09813957e+01
   1.96180984e+02   1.58750137e+02   2.58471619e+02   6.66521072e+01
   3.44682648e+02   7.55232849e+01   6.98276062e+01   3.26090503e+03
   1.42161169e+03   2.28791284e+03   2.77414648e+03   1.56791391e+01
   4.31959473e+02   6.00333862e+02   3.33669385e+03   1.18786461e+02
   1.81399872e+02   3.33562817e+03   1.52927494e+01   0.00000000e+00
   7.31858447e+03   4.15754204e+01   8.53512695e+02   6.33936167e+00
   2.18936987e+03   5.04001495e+02   8.32108841e+01   2.45605347e+02
   1.09492989e+02   3.75779057e+00   1.80905563e+02   1.61609937e+03
   2.65231274e+03   1.71994839e+01   6.14944115e+01   5.64923401e+01
   8.82208786e+01   8.32181740e+00   5.54628955e+03   0.00000000e+00
   1.12534290e+03   3.08185986e+03   0.00000000e+00   5.23577209e+02
   1.47427161e+03   9.00746191e+03   1.68826645e+02   3.20880768e+02
   7.68880798e+02   1.44056030e+02   3.34459839e+02   1.64822693e+01
   1.65419556e+02   1.07549675e+02   9.91846313e+01   9.28174744e+01
   1.54104529e+03   2.61709194e+01   3.91763599e+03   1.20143585e+02
   4.98666321e+02   8.28525009e+01   3.62732124e+00   1.60536621e+02
   2.18283310e+01   2.81103424e+02   1.02462227e+02   2.02461624e+02
   6.33601709e+03   2.38674515e+02   2.61440155e+02   4.42708447e+03
   7.37662109e+03   2.56435333e+02   1.49360693e+03   1.64001293e+01
   1.21707687e+02   1.17479482e+04   1.08775597e+02   1.08077014e+03
   2.58327911e+02   1.42986166e+00   6.72069321e+01   0.00000000e+00
   1.06655701e+03   4.54737793e+03   1.74275476e+03   2.79588159e+03
   2.44714279e+02   5.08270569e+01   6.08932739e+02   6.90494239e-01
   7.38437347e+01   6.72459412e+01   1.83720413e+02   3.63773169e+03
   1.25555505e+03   4.29867310e+02   1.17464336e+04   3.13889828e+01
   2.17183105e+02   3.71442383e+03   7.16738739e+01   4.64711945e+02
   3.89679199e+03   4.98791161e+01   4.14094147e+02   2.77270386e+02
   2.18854618e+01   1.48664131e+01   1.05477341e+02   1.57067337e+02
   3.06403259e+02   3.35297455e+02   1.29633286e+02   2.05070353e+00
   5.84000778e+01   5.00513344e+01   1.58516765e+00   1.41704834e+03
   1.22144102e+04   1.62079834e+03   6.56655197e+01   7.28881958e+02
   6.83848926e+03   5.39980103e+02   1.79317041e+03   1.50421906e+00
   7.04420044e+02   2.03810486e+02   3.51724205e+01   0.00000000e+00
   3.14781567e+03   9.02566772e+02   1.97645706e+02   8.12562109e+03
   1.31847168e+04   2.16663721e+03   2.66669750e+00   5.95676079e+01
   1.02765665e+01   4.18719940e+02   1.81013470e+01   5.16282166e+02
   4.16238678e+02   1.65406132e+00   6.45045395e+01   1.84422314e+00
   2.84359863e+02   2.25978101e+03   2.37096573e+02   1.66307764e+03
   1.11657967e+02   1.58179307e+00   4.00143509e+01   5.52133008e+03
   3.35264254e+00   1.00140961e+02   9.84893921e+02   1.34410828e+03
   8.45274448e-01   1.09341070e-01   3.88143311e+02   6.19939079e+01
   3.70175133e+01   1.08149487e+03   2.31079639e+03   5.40315137e+03
   3.72460205e+03   2.60160351e+01   8.88807312e+02   4.91602295e+03
   6.47654724e+01   0.00000000e+00   3.76222626e+02   4.91088281e+03
   1.86686829e+02   7.29431946e+02   1.75369476e+02   3.74994580e+03]
[  1.02488501e+03   4.77425270e+01   3.10639000e+00   2.73546429e+01
   3.81378708e+01   1.98980359e+03   5.83231468e+01   4.71502991e+01
   9.60862732e+00   5.94259827e+02   2.36287479e+01   5.82337456e+01
   6.46617493e+02   3.41691382e+03   1.59629700e+02   1.07613550e-02
   8.11826935e+01   7.71263916e+02   1.77489990e+02   4.30375338e+00
   4.41283655e+00   0.00000000e+00   1.15254196e+02   1.31864465e+03
   4.25093651e+00   1.61483841e+01   3.70331526e+00   2.33423767e+01
   3.68395920e+01   2.55780151e+02   4.52836227e+01   1.28088284e+00
   1.11935501e+02   5.00547867e+01   2.09571411e+03   2.96926147e+03
   1.84654427e+01   4.01036621e+03   8.86986351e+00   1.67874695e+02
   1.27626915e+01   3.19888897e+01   1.40720530e+01   9.02209244e+01
   1.44120407e+01   2.50138077e+02   5.28849854e+02   1.03861868e+00
   1.54756638e+02   3.76812592e+01   8.92688171e+02   0.00000000e+00
   3.05086803e+01   9.76394577e+01   3.58947784e-01   2.00788383e+01
   1.68421383e+01   4.32761841e+01   9.96353378e+01   2.35174484e+02
   4.16133614e+01   5.14293747e+01   1.71469975e+01   4.02352295e+01
   1.93339710e+01   2.47512894e+01   9.54289932e+01   1.25998697e+01
   4.91003990e+00   6.86648407e+01   4.65984392e+00   2.01559106e+03
   9.04261703e+01   1.60551611e+04   1.30186975e+03   1.22927332e+01
   2.48420582e+01   3.47958298e+01   5.57456207e+01   3.21204910e+01
   1.14132137e+01   4.13228188e+01   2.67144375e+01   1.47667570e+01
   5.10369415e+01   0.00000000e+00   2.11954272e+03   7.95283203e+01
   1.47706894e+02   2.03651524e+01   8.53059998e+01   1.73566322e+01
   1.43418064e+01   6.90268188e+02   2.42026718e+02   5.31718330e+01
   5.45404167e+01   9.64031601e+01   1.60497833e+02   1.14632301e+02
   3.62322062e-01   6.62106400e+01   7.79663315e+01   6.67560196e+01
   4.29900932e+00   6.41946945e+01   1.34211111e+01   2.80167993e+03
   3.01379471e+01   1.59292066e+00   3.96909302e+02   2.80396862e+01
   1.65450096e+01   1.21163918e+02   8.28084230e-01   4.88840342e-01
   2.20840034e+01   8.78399963e+01   3.04554102e+03   1.29705429e+00
   3.59073273e+02   4.49917297e+01   6.60982208e+01   4.91745234e+00
   6.71152925e+00   1.77462305e+04   7.25243998e+00   2.42411633e+01
   1.33157959e+03   7.33097076e+01   1.61003132e+01   2.07599869e+02
   4.49864716e+02   3.85289726e+01   2.79773340e+03   1.92227669e+01
   4.88838387e+00   2.40464725e+01   4.24785791e+03   5.04308815e+01
   1.66881294e+01   2.30074438e+03   2.18831205e+00   1.15033167e+03
   2.99143505e+01   1.96427429e+02   1.07846966e+01   3.13051544e+02
   3.33418274e+02   7.82570953e+01   6.91905441e+01   6.21249939e+02
   3.63593597e+01   8.94835205e+01   1.18533057e+03   8.51144104e+01
   4.97566452e+01   0.00000000e+00   1.96298962e+01   1.61743970e+03
   6.03712646e+03   4.12893994e+03   1.33247776e+01   3.57523918e+01
   6.76113815e+01   3.29668961e+01   6.19223785e+01   3.29956474e+01
   3.02863731e+01   2.65995560e+01   1.12104942e+02   1.17423677e+00
   6.36007881e+00   1.19132117e+03   1.63371525e+01   4.52874222e+01
   6.93726635e+00   2.47325706e+01   1.04605476e+02   1.10719092e+03
   2.45292618e+02   2.27403374e+01   9.73392761e+02   1.19817772e+02
   1.40166153e+02   1.41608521e+02   7.82307482e+00   3.03407955e+00
   9.75554810e+01   2.04414108e+02   2.52908478e+02   8.45429993e+00
   4.98334473e+03   8.36932755e+01   1.35708892e+00   5.94529610e+01
   1.74955559e+01   1.31261749e+02   1.14187546e+02   2.42321460e+03
   3.35125122e+01   6.47461951e-01   2.34300049e+03   2.91276379e+01
   7.67897272e+00   1.89538651e+01   1.94669543e+03   1.21694860e+01
   1.38484985e+02   5.52398682e+02   2.08917465e+02   7.17890024e+00
   5.20592224e+02   9.87799454e+01   1.44451447e+02   2.43444778e+02
   0.00000000e+00   1.73143036e+02   1.79868665e+03   5.04085663e+02
   1.12673096e-01   1.42917223e+01   1.76758900e+01   2.47720966e+01
   8.94749222e+01   1.35259741e+03   1.14930771e+02   7.36738205e+01
   1.24996195e+01   1.08288712e+02   3.42699814e+01   1.89258887e+03
   7.33105835e+02   1.89281787e+03   0.00000000e+00   0.00000000e+00
   1.98257599e+02   2.94320264e+03   3.04211768e+03   1.55866976e+01
   5.51248589e+01   9.75029526e+01   7.30477219e+01   0.00000000e+00
   1.63434601e+01   6.65221095e-01   2.57173413e+03   2.68932772e+00
   1.74968048e+02   5.67378616e+01   1.37034741e+03   1.57359100e+02
   2.29973850e+01   1.36007288e+03   6.55813049e+02   8.91787148e+00
   1.83295502e+02   8.09629135e+01   2.59238135e+03   1.40737503e+02
   6.57459564e+01   2.11550941e+01   3.29399017e+02   4.00117416e+01
   4.69728699e+01   2.10383475e-01   4.85143311e+02   1.58077641e+01
   1.29090157e+01   5.25960770e+01   2.77353979e+03   1.24386377e+03
   4.51447868e+01   7.38363409e+00   2.82685944e+02   8.51881104e+01
   4.68054596e+02   7.86332321e+01   5.01073990e+01   5.54630470e+00
   1.30579175e+03   2.26617310e+02   1.84874554e+01   3.00452734e+03
   1.37447357e+02   8.74692001e+01   6.22016525e+00   5.27030029e+01
   9.90746765e+01   7.67871857e+01   2.22934985e+03   1.23717651e+02
   3.63921890e+01   3.36585922e+01   4.95669785e+01   1.85534912e+02
   3.42348442e+01   1.81719250e+03   5.09858322e+01   4.54384424e+03
   4.21616180e+02   2.00448990e+01   2.53852808e+03   4.76205750e+02
   3.78908966e+02   4.27538239e+02   4.49980507e+01   6.87846008e+02
   7.05270233e+01   1.42920364e+02   0.00000000e+00   6.05111580e+01
   5.16770821e+01   6.60195618e+01   2.41169897e+03   6.47629242e+01
   2.96070264e+03   4.51815993e-01   8.12895813e+02   7.69082794e+01
   3.14036041e+02   5.02744713e+01   7.22894745e+01   3.63352081e+02
   1.07041328e+02   2.29594971e+02   3.61474729e+00   5.92344666e+01
   3.20371704e+01   6.45244598e+01   1.45795226e-01   3.88412514e+01
   0.00000000e+00   1.21660728e+02   1.04637699e+01   5.06585480e+02
   1.91059628e+01   1.90225433e+02   1.78973419e+02   2.53453934e+02
   9.95861130e+01   3.93318206e-01   3.73773651e+02   2.65889359e+01
   6.76983774e-01   2.89536333e+00   1.34833313e+02   6.09519434e+00
   1.95664577e+01   6.52467270e+01   3.35591125e+01   8.45289898e+00
   2.06909478e-01   8.39352112e+01   7.96796799e+01   6.04058252e+03
   8.95222168e+01   9.65944443e+01   1.35157547e+02   1.80017681e+01
   4.91454601e+00   1.06746941e+02   3.22639122e+01   3.13960819e+01
   9.99204956e+02   4.31723624e-01   4.78767586e+01   1.05579252e+01
   1.27286598e+02   2.12800426e+01   6.67073846e-01   3.12632996e+02
   3.76256180e+01   0.00000000e+00   3.01986675e+01   1.05209055e+01
   4.68044434e+03   1.69778748e+01   3.86253433e+01   3.92666435e+01
   2.52270546e+01   4.16294629e+03   2.18235425e+03   0.00000000e+00
   2.18605392e+02   5.20142746e+01   2.83008308e+01   2.41419584e-01
   5.40096893e+01   0.00000000e+00   1.68282520e+03   2.85457058e+01
   1.17012863e+02   1.13030884e+02   3.15790308e+03   1.33407153e+03
   4.21297455e+02   8.80810013e+01   8.01105423e+01   2.52417456e+03
   4.98686371e+01   4.97487526e+01   1.34302711e+01   5.77500916e+00
   2.02128662e+02   2.03771338e+03   5.12604752e+01   1.35335983e+02
   9.45810699e+01   2.07145203e+02   6.73275146e+02   1.66037341e+03
   3.65090013e+00   4.56279022e+02   6.28309021e+02   0.00000000e+00
   6.79156265e+01   1.43601131e+01   1.45217871e+03   6.00445671e+01
   7.28704163e+02   3.54730415e+01   8.12749176e+01   2.68875694e+01
   6.38966293e+01   2.14473315e+03   1.08959435e+02   1.53705017e+02
   1.48233994e+04   5.92748474e+02   7.78511658e+01   1.62634335e+01
   1.40263138e+02   1.92690503e+03   8.54914322e+01   2.52639258e+03
   1.50540796e+03   1.65078659e+02   5.03131371e+01   3.56914177e+01
   2.33893752e+00   7.14259460e+02   5.51863831e+02   8.04980087e+01
   7.61071243e+01   7.14769592e+01   8.20740938e-01   6.73467865e+01
   4.71922417e+01   1.84285393e+01   1.94057407e+01   2.27995491e+01
   3.23438492e+01   2.60037933e+02   1.10419220e+02   4.22765625e+03
   6.87822800e+01   5.25587500e+03   1.79476410e+02   1.05620529e+02
   1.04564735e+02   4.40420227e+02   1.30136169e+02   1.46883974e+01
   8.73670349e+02   1.49200220e+01   1.92646484e+03   3.49911102e+02
   2.54364052e+01   3.77742920e+01   1.10702019e+02   2.29712555e+02
   1.01096063e+03   2.94566089e+03   1.24482826e+02   1.25223096e+03
   7.35893548e-01   1.37558416e-01   2.43241768e+01   3.00635862e+00
   3.34373550e+01   1.07164894e+02   2.35602588e+03   1.87832117e+00
   1.38074768e+02   3.97759514e+01   9.05913467e+01   3.14526538e+03
   2.13186283e+01   1.04953296e-01   3.78235474e+01   1.25189072e+02
   2.65326347e+01   2.32471997e+03   1.29136499e+03   1.73108252e+03
   3.77599658e+03   2.52855255e+02   1.78904205e+02   4.83366241e+01
   2.47982397e+03   2.71654472e+01   2.15980530e+01   1.47185388e+03
   3.78053436e+01   2.01765579e+02   1.44677324e+01   2.33172852e+02
   1.92926819e+03   4.59486267e+02   4.19483691e+03   3.03188872e+00]
