bicycle
bus
car
motorbike
person
[ 14869480.    11850124.    46605216.    19873634.    49210844.    10674194.
  15014960.     5058439.5   19476860.    12214979.    13783686.    27603576.
  10754048.    14155656.    12839616.    11958459.    11738105.     7551166.5
  53045360.    16001318.     7515389.    16812966.     9935240.    30891230.
   4316789.    17665714.    12151195.    11561244.     6208864.5   17797682.
  32136002.    19973064.    56068380.     3875317.75  28660384.     5275598.
  18660464.     6667373.5   14504829.     2872838.25  14736305.    10158740.
  37036836.    60760120.    17686272.    31957692.    12580659.    12653924.
   4031421.5   43387152.    33313950.    11842290.    18584470.    15897480.
  15780164.    18362250.    33350252.     6048505.    14735578.     4583268.5
   7123956.5    5497071.    22918200.     2980922.25]
[  3.41315320e+07   1.45741850e+07   2.65093980e+07   6.42075562e+05
   1.24004310e+07   5.32876800e+06   1.46253340e+07   1.66643340e+04
   1.19039140e+07   7.29960100e+06   3.53959400e+07   3.83918520e+07
   1.26015633e+05   2.92178400e+06   2.72153540e+07   1.81649460e+07
   5.89470100e+06   4.25803400e+07   2.26244040e+07   1.13476450e+07
   3.69270594e+05   4.28758840e+07   2.03335638e+06   3.81734680e+07
   7.94537000e+05   4.06214680e+07   5.83115350e+06   2.01025425e+06
   2.10517280e+07   1.12842141e+05   1.77730760e+07   1.15740742e+05
   1.90323338e+06   1.74841140e+07   1.32446300e+07   5.92668100e+06
   4.92592969e+05   7.42294250e+06   1.95422780e+07   1.78648660e+07
   4.12532900e+06   5.76464850e+06   4.59528750e+06   1.21285010e+07
   4.27496040e+07   2.02778820e+07   2.43184734e+05   3.38306680e+07
   2.25644220e+07   3.44919050e+06   3.63085800e+07   1.80772460e+07
   4.54434040e+07   1.70018840e+07   1.97391462e+06   1.81159940e+07
   2.03799120e+07   5.37025520e+07   5.11958700e+06   1.81752880e+07
   2.38917320e+07   7.82423975e+03   2.08854500e+07   5.08290760e+07]
[  2.77712650e+06   1.05799570e+07   2.81529551e+04   2.06410109e+05
   6.99015078e+04   5.20384297e+04   3.03606125e+05   5.38370100e+06
   7.84257578e+04   2.48001100e+06   6.07847500e+06   1.20069450e+06
   1.72581212e+06   1.94226012e+06   4.92674727e+04   1.43600781e+05
   2.52820375e+06   3.73606094e+05   7.73392438e+05   7.85346600e+06
   1.17889888e+06   1.56615264e+04   1.03593120e+07   1.34673690e+07
   8.01723050e+06   0.00000000e+00   9.70221125e+05   4.82879800e+06
   3.60237375e+05   5.46257800e+06   3.25088242e+04   1.37376150e+07
   1.19901500e+06   3.81330575e+06   2.80948075e+06   4.38334850e+06
   6.71506625e+05   2.03286040e+07   3.15502100e+06   3.09113984e+04
   5.43656450e+06   6.58225850e+06   3.16345650e+06   1.25147050e+07
   3.45190150e+06   3.43484812e+05   1.08026190e+07   5.23645820e+04
   1.69936025e+06   6.23750062e+05   1.48082412e+06   7.82737891e+04
   3.56889225e+06   8.34583375e+05   1.69284100e+07   9.41804300e+06
   2.22193950e+06   4.53446953e+04   1.56714375e+05   7.49461062e+05
   3.26925850e+06   1.52078730e+07   9.18520900e+06   3.07804775e+06
   1.86424640e+07   3.00460975e+06   1.27541050e+07   5.24575750e+06
   4.91074531e+05   1.67990625e+06   7.24468450e+06   1.18264810e+07
   1.51046625e+06   1.38895297e+05   0.00000000e+00   3.10790300e+06
   1.08479812e+05   6.60051300e+06   6.02516700e+06   2.50195734e+05
   3.74290156e+04   7.46285050e+06   3.87573650e+06   3.14202695e+04
   3.92987675e+06   9.19528600e+06   6.28738750e+06   2.37629160e+04
   4.77068900e+06   8.26159875e+05   7.50783050e+06   6.33185900e+06
   1.07260012e+06   6.68599650e+06   7.54048375e+05   8.87743200e+06
   1.71419355e+04   4.14872675e+06   1.36145238e+06   1.87404750e+05
   3.69032675e+06   8.26469938e+05   5.60427625e+05   1.72903175e+06
   6.88676660e+03   9.60829750e+05   8.13208516e+04   8.18108625e+05
   3.97291425e+06   3.35934594e+05   1.80845875e+05   7.01860900e+06
   8.36183500e+05   1.00103220e+07   6.72970850e+06   5.24185450e+06
   2.60638725e+06   8.22191750e+05   3.12769800e+06   1.56332950e+06
   4.32311450e+06   6.91577500e+06   2.21200672e+05   8.83846200e+06
   1.50219675e+06   5.20446055e+04   2.29461500e+07   5.19502295e+03]
[  4.76342950e+06   3.16119500e+06   2.55499172e+05   0.00000000e+00
   1.98823672e+04   3.94272750e+06   8.24755562e+05   1.29737300e+06
   1.62421120e+07   4.82151400e+06   1.16942340e+07   9.50707000e+06
   3.47084725e+06   8.85034812e+05   1.40064844e+04   2.17490725e+06
   2.86007650e+06   3.43518900e+06   3.57470300e+06   3.23661465e+04
   8.18357350e+06   3.65295250e+06   2.86470500e+06   1.20613047e+05
   1.20190025e+06   2.57601594e+05   1.18046962e+06   6.00602750e+06
   2.24332141e+05   4.93868300e+06   1.22230852e+05   1.50756960e+07
   5.29812800e+06   2.62861719e+05   2.39841350e+06   3.23557375e+06
   4.80247750e+06   1.35664100e+07   3.20495438e+05   1.30846469e+05
   2.26806900e+06   1.29578953e+05   3.60604805e+04   8.51171500e+05
   1.05647738e+06   8.49784700e+06   8.98613000e+06   6.65062650e+06
   2.88149325e+06   1.47426840e+07   3.50453425e+06   4.77741250e+06
   8.09300100e+06   1.81317175e+06   3.43219156e+05   2.89144594e+05
   5.27683750e+06   7.06696438e+05   1.01294171e+03   4.83324150e+06
   3.64354075e+06   8.85944200e+06   7.15795400e+06   3.00743775e+06
   4.59956719e+05   1.21799900e+07   3.33683719e+05   4.49218700e+06
   4.27361250e+06   1.08083890e+07   2.92055375e+06   1.52291860e+07
   8.18127550e+06   7.78431000e+06   1.80516460e+07   3.73546753e+03
   4.39607100e+06   2.94324000e+06   1.69065340e+07   5.36047250e+06
   4.49016900e+06   5.83295820e+04   9.69226300e+06   3.90076100e+06
   9.13364844e+04   6.81107150e+06   7.29503625e+05   4.50032500e+06
   1.43084562e+05   1.37200350e+06   1.01054945e+05   8.81808400e+06
   4.50338781e+05   1.12549460e+07   1.49713888e+06   3.65719700e+06
   5.45584875e+05   7.64654800e+06   9.39141000e+05   1.49414660e+07
   2.20333281e+05   2.19958281e+05   1.67582010e+07   9.03086523e+03
   2.17977531e+05   1.59222590e+07   3.35247650e+06   8.02570000e+06
   9.16824700e+06   8.41931600e+06   8.48730859e+03   4.52145550e+06
   4.84844500e+05   2.48766700e+07   6.54689250e+06   1.30552925e+06
   9.47629000e+05   4.08114175e+06   5.01494141e+04   1.09525992e+05
   1.50713810e+07   1.94625088e+06   3.22774199e+04   6.94851000e+06
   3.85162075e+06   2.54381600e+06   1.48714400e+07   9.07910000e+06]
[  0.00000000e+00   7.99877441e+03   1.39608000e+06   1.33988936e+04
   1.31654297e+03   9.22314331e+02   2.07744653e+03   3.54528656e+01
   2.73049875e+06   3.11370723e+04   4.66181122e+02   1.65582168e+04
   2.41384125e+01   1.03340398e+05   1.06013562e+05   7.30749219e+03
   4.76508242e+04   1.20552738e+06   4.66880811e+03   8.89043516e+04
   7.43849640e+01   1.34190742e+04   6.32943062e+05   1.12451992e+04
   1.63408789e+04   1.22712158e+03   2.43645875e+06   0.00000000e+00
   3.75730225e+03   4.33161445e+04   7.21500427e+02   5.23566101e+02
   1.61971798e+01   6.16471688e+05   5.65822461e+04   1.85831250e+06
   1.84895562e+06   1.39851396e+04   1.74485132e+03   7.52687646e+03
   5.93107324e+03   9.16194336e+02   5.33050488e+03   6.27693688e+05
   6.65548438e+03   1.16779028e+03   1.64724976e+02   2.76269684e+02
   1.22334742e+05   3.34084141e+04   1.71250117e+04   3.50257568e+02
   1.79145925e+06   4.85346500e+05   1.49939758e+02   4.76899570e+04
   6.99333188e+05   1.23505712e+06   5.38300098e+03   1.24926126e+00
   8.37024141e+04   4.40914492e+04   5.74841688e+05   1.38281922e+05
   1.85648930e+00   1.19451963e+04   2.57223828e+03   2.13888574e+03
   6.13798242e+03   2.49505797e+05   1.64027038e+06   2.34552175e+06
   2.82966194e+01   2.24402344e+04   7.30666885e+01   3.95223511e+02
   1.79969062e+04   5.05230719e+05   4.64097000e+05   1.82885078e+05
   2.06594266e+05   5.33967725e+03   1.37604492e+04   2.41547363e+03
   2.48163850e+06   3.07525500e+06   3.75802812e+05   1.91844475e+06
   1.25326594e+05   5.54396912e+02   5.94330859e+03   5.83129180e+04
   4.52608781e+05   1.40881592e+04   0.00000000e+00   4.71474170e+03
   7.10342041e+03   1.20714962e+06   4.62876758e+03   5.40501797e+04
   1.79829238e+04   2.64871797e+04   1.43051238e+06   1.27720297e+05
   5.21888477e+03   1.24193105e+04   5.56454248e+03   3.16227661e+03
   3.93706856e+01   2.23883969e+05   9.67891188e+05   2.26846133e+04
   0.00000000e+00   2.57068555e+04   3.16358887e+04   5.86226367e+03
   2.73802891e+01   1.48583105e+04   2.52178857e+03   2.95881375e+06
   3.12102656e+04   7.64052429e+01   1.71513379e+04   3.61568164e+03
   3.53018188e+03   1.11145088e+06   8.08612793e+02   5.40948033e-01
   6.86316062e+05   2.09515469e+04   1.41455752e+04   1.86336973e+04
   1.62066924e+04   2.11400600e+06   3.18393494e+02   3.59282739e+03
   3.44669550e+06   8.50108438e+05   3.03492637e+04   2.40170212e+01
   1.40997666e+04   3.19866919e+03   1.02518320e+04   1.13109575e+06
   1.26434192e+03   1.80852200e+06   3.68746118e+03   1.23487878e+03
   2.76450031e+05   4.64820038e+02   5.63529590e+03   8.18241504e+03
   1.26811922e+05   9.48860234e+04   1.13931525e+06   8.97113867e+03
   9.90016113e+03   3.81840625e+05   8.88953500e+05   3.91380344e+05
   4.05806250e+03   1.34736984e+05   1.39945000e+06   1.45351064e+04
   5.21168984e+04   3.39090425e+06   1.83088112e+06   3.68873594e+05
   1.49016578e+05   1.93722712e+06   1.91567200e+06   1.30276428e+03
   1.64637500e+04   5.19422156e+05   1.89775781e+04   1.90310430e+04
   1.60996900e+06   1.46532598e+04   2.93078750e+06   1.00472672e+05
   6.44472625e+05   1.64872281e+05   3.28977188e+05   1.28161465e+04
   2.30117871e+04   1.00515303e+04   1.53400859e+05   4.96944922e+04
   1.13346675e+06   1.60113730e+04   7.82414795e+03   2.07227150e+06
   2.09602337e+01   1.02185925e+06   5.55679989e+00   2.21491225e+06
   1.64787930e+04   4.47184312e+05   2.18809225e+06   1.12931088e+06
   1.08849512e+03   1.29326338e+06   1.53439025e+06   9.68024780e+02
   1.13964016e+05   6.20290771e+02   1.30710669e+03   1.19452373e+04
   4.47777246e+03   6.51409688e+05   6.99053062e+05   1.87035050e+06
   5.16991992e+03   1.84440645e+04   1.06274757e+01   3.71695195e+04
   2.16714014e+03   1.28195588e+06   4.66624297e+04   2.22306000e+02
   1.75980298e+03   6.59259082e+03   3.21193756e+02   3.27704438e+05
   7.15776688e+05   0.00000000e+00   3.24817078e+02   1.77996656e+05
   5.61171021e+02   9.37775125e+05   5.17788867e+04   3.71393738e+02
   1.03133588e+06   4.53249219e+03   1.53461350e+06   6.27755249e+02
   1.25814661e+03   1.26843820e+05   1.06510662e+06   1.04522021e+03
   8.35946312e+05   1.36302212e+06   3.52110303e+03   1.62921143e+03
   6.72969062e+04   1.69524141e+04   5.86535547e+03   7.91633838e+03
   1.09889541e+04   4.38865688e+05   9.66469824e+03   2.16115845e+03
   2.63224927e+03   1.34729614e+02   9.26067285e+03   7.48596250e+05]
[  2.25826625e+06   1.21625723e+04   5.10137024e+02   3.18095215e+03
   1.87127212e+06   1.84626988e+06   2.47667812e+05   1.54905151e+03
   3.05212031e+04   1.46818652e+03   2.05158081e+03   2.05730508e+04
   5.59527734e+03   3.63943867e+04   5.19025732e+03   5.20795898e+03
   2.28038315e+02   4.65235657e+02   1.65609525e+06   7.02253203e+04
   2.23756943e+01   2.46887466e+02   6.91336975e+02   5.12817562e+05
   1.24591850e+02   9.70742578e+03   0.00000000e+00   5.31356188e+05
   2.34841523e+04   5.20896683e+01   6.18487031e+04   2.55549043e+04
   8.08216016e+03   1.01959000e+05   1.00435137e+04   3.92511172e+04
   1.33870117e+04   4.35061066e+02   4.79300684e+03   1.87796593e-01
   1.55025000e+05   5.08720742e+04   1.47192100e+04   7.08705127e+03
   1.29104092e+04   1.43179111e+04   4.54812969e+05   4.45971445e+04
   1.70229672e+05   5.81685242e+02   2.37259355e+04   5.48470215e+03
   1.83825708e+03   2.04974395e+04   2.89278719e+05   3.49220750e+05
   7.81701172e+04   2.54537922e+05   6.30894102e+04   9.82943542e+02
   7.71404590e+03   1.04699625e+05   5.67146912e+01   1.06785355e+02
   0.00000000e+00   3.43223320e+04   1.77820484e+05   1.40789038e+03
   1.23403760e+03   3.92048672e+04   8.18407938e+05   3.53765076e+02
   3.35387812e+04   1.24667578e+04   4.64265391e+04   1.23180977e+05
   9.92455625e+04   1.35586299e+04   8.11212734e+04   5.60520750e+05
   1.03241508e+02   1.48499385e+04   2.50372734e+01   6.28443281e+04
   1.35219495e+03   2.91817617e+04   7.91244324e+02   2.07719375e+04
   1.65889277e+04   1.84420820e+04   1.73302637e+04   1.16489971e+04
   1.03468547e+05   5.59783062e+05   1.30902100e+03   2.79642487e+01
   1.76107984e+05   2.41508446e+01   2.64815918e+04   1.06332562e+05
   4.59220703e+03   4.76761367e+04   8.85669500e+05   6.22051010e+01
   2.56895239e+03   5.25268047e+04   8.30228906e+04   6.86557031e+04
   3.37637031e+04   1.73024575e+06   1.14442236e+03   1.13156825e+06
   1.45598755e+02   7.29223022e+02   3.04529688e+03   2.24119297e+04
   3.47666382e+03   1.59125381e+04   5.81240312e+04   8.66248984e+04
   8.38264746e+03   7.48855957e+02   9.48087109e+03   6.39198312e+05
   2.93739014e+03   2.16397070e+03   1.41199894e+01   3.84833633e+04
   8.02977234e+02   1.64517125e+06   6.01104961e+04   6.58815369e+02
   1.02658115e+04   1.72268050e+06   1.49708850e+03   2.00637734e+04
   3.91485039e+04   9.18064250e+05   1.85167725e+03   4.80002632e+01
   2.08460178e+01   2.67822168e+03   1.52391104e+04   2.63790488e+04
   1.14354122e+00   5.00806689e+03   1.69077551e+03   0.00000000e+00
   0.00000000e+00   1.32329797e+03   7.35082642e+02   7.59844482e+03
   1.03282100e+06   2.05126453e+05   1.44727356e+03   3.56535312e+05
   1.67518860e+03   1.02981567e+02   3.96238945e+04   1.33644000e+06
   8.35478027e+02   8.87992969e+03   4.44451123e+03   2.09631290e+01
   2.70412188e+05   0.00000000e+00   4.17366000e+05   7.82802197e+03
   2.94493781e+05   1.95885412e+06   1.82019928e+02   1.10908785e+01
   1.95153555e+04   2.74195688e+05   9.73829812e+05   2.94158130e+03
   4.29340283e+03   4.05674561e+03   1.19606299e+04   2.96191833e+02
   5.42228955e+03   1.63578398e+04   1.58035324e+02   1.86588848e+04
   2.14357605e+01   3.38671729e+03   1.18003305e+05   1.53724111e+04
   2.95615186e+03   2.45681564e+02   5.12561406e+05   4.61941992e+03
   2.55909470e+02   1.08578779e+04   4.94753320e+04   5.30260010e+03
   1.08846562e+05   3.18920195e+04   7.44249688e+05   4.51686935e+01
   1.13241119e+02   0.00000000e+00   8.57604312e+05   3.57724453e+04
   4.21180547e+04   1.50953323e+02   2.24046797e+04   1.48371225e+06
   2.00421344e+05   1.24800300e+06   3.62540398e+01   5.69630811e+03
   1.10092168e+04   4.58009531e+04   1.77929626e+03   1.99939688e+05
   3.67389125e+05   5.80573828e+03   1.46831729e+04   1.16840049e+04
   1.12323975e+04   3.24325605e+04   1.81454382e+03   2.41669678e+03
   5.68327217e+01   8.13852578e+04   2.61396781e+05   8.58217578e+03
   1.33117395e+03   3.93586502e+01   1.66338120e+02   5.39452295e+03
   1.61319578e+05   2.75418384e+03   1.31835638e+06   7.66645068e+03
   6.13127148e+03   1.01704550e+06   0.00000000e+00   1.24009647e+01
   4.57884375e+03   2.97425375e+05   1.42035217e+01   0.00000000e+00
   2.69621277e+02   1.47431351e+02   1.73338555e+04   3.62915576e+03
   7.62361438e+05   2.08495500e+05   1.68933008e+04   6.57183984e+04
   8.45393066e+03   9.70124625e+05   1.45774805e+04   2.47531738e+04]
[  2.25438516e+05   4.73458203e+04   1.44616345e+03   1.32271667e+03
   5.77867750e+05   7.44763379e+03   1.07814523e+05   4.01699463e+03
   7.50701477e+02   7.29539938e+05   2.50804473e+04   7.69267266e+04
   1.04791143e+04   3.82766211e+03   3.65183081e+03   1.02087927e+03
   7.81623268e+00   7.30617041e+03   2.63599777e+01   2.98055469e+03
   6.91134453e+04   1.39139438e+05   2.73956641e+04   1.67459824e+04
   6.55249878e+02   1.15322324e+04   4.98596631e+03   1.32306203e+05
   3.53000000e+04   5.28411375e+05   6.47030762e+02   3.27205723e+04
   6.65500312e+04   1.30839797e+05   5.89815137e+03   3.53078828e+04
   3.84490250e+05   1.44906400e+06   1.83864978e+03   1.64680850e+06
   1.03831128e+03   2.66570459e+03   1.02353604e+04   1.04838453e+05
   3.81892266e+04   1.31934443e+04   2.75524829e+03   5.21751133e+04
   5.20543945e+04   4.29958447e+03   1.72433844e+05   1.28566500e+06
   3.77143311e+02   1.14919495e+02   1.73070056e+03   3.63374585e+03
   4.88273877e+03   1.29466844e+05   6.24402905e+00   1.45995889e+04
   3.19972046e+03   7.16236328e+04   3.22293579e+03   1.33785244e+04
   1.57489561e+04   4.18638945e+04   1.12682754e+04   9.48822363e+03
   1.30794266e+05   5.12880977e+04   4.18641250e+04   4.86770166e+03
   3.21077031e+05   1.70079434e+04   5.58228938e+05   3.37603688e+05
   3.26416125e+05   5.17983398e+04   7.79410107e+03   3.22385767e+03
   1.56644739e+03   7.63361755e+02   8.95956875e+04   3.34744781e+02
   1.03280523e+05   4.56262939e+02   1.18256711e+05   8.79369446e+02
   1.01674660e+02   1.25556213e+03   2.17095261e+02   1.20395007e+03
   1.47893018e+04   1.17241589e+03   1.63744109e+05   1.94380957e+03
   1.58834778e+02   3.35002938e+05   5.27841938e+05   9.87915781e+04
   2.36280750e+05   8.49143047e+04   1.57225916e+03   2.12954395e+03
   6.42194648e+04   4.00243140e+03   5.70069688e+05   3.34633438e+04
   8.35672607e+02   4.68032373e+03   2.68613848e+04   7.02164209e+03
   3.31430586e+04   7.93723975e+03   2.35391089e+03   1.12323195e+05
   6.82018506e+03   8.22864844e+04   8.43244375e+04   9.71808281e+04
   1.57540045e+01   6.82285188e+05   7.70327969e+04   3.06551688e+05
   1.16189406e+05   3.03259570e+03   2.36270020e+04   1.20509964e+02
   6.29347290e+02   3.68366577e+02   3.40676221e+03   5.07105820e+04
   1.24041738e+04   7.26794727e+03   3.58027734e+04   7.29351074e+03
   2.68487832e+04   1.08544625e+05   2.37528809e+04   1.17628943e+03
   1.24921043e+02   6.98929844e+04   2.48700171e+03   6.07906680e+04
   1.28541641e+04   1.57576299e+04   5.40195742e+04   1.25963417e+02
   1.00307023e+05   7.32025391e+03   1.53304619e+04   8.99255000e+04
   1.25299475e+03   3.08103656e+05   2.97252106e+02   7.84759131e+03
   7.91473438e+04   2.12987637e+04   2.83183375e+05   2.01173511e+03
   1.27858398e+03   1.47260425e+03   1.36624912e+04   3.73452222e+03
   3.32016772e+03   1.11136475e+04   4.38558555e+04   2.01555094e+05
   1.51155920e+03   3.58468359e+04   1.88601166e+02   1.16824766e+04
   5.49171094e+03   3.26973877e+03   3.16997520e+04   5.84594727e+03
   9.20206797e+04   5.49277393e+03   1.27532375e+05   7.17602500e+04
   8.66790100e+02   9.30615703e+04   2.69050176e+04   1.85934336e+04
   1.38656562e+05   6.85383423e+02   1.51146609e+05   1.19717883e+03
   7.91908105e+03   7.03291125e+05   7.02098672e+04   5.87710693e+03
   7.04636475e+02   1.55222359e+05   3.82044792e+01   1.33103271e+03
   5.59859883e+04   2.43712910e+04   2.30226406e+04   1.19262531e+05
   1.38639443e+04   7.03635681e+02   4.80247305e+04   3.11738812e+05
   1.52838812e+05   3.59158173e+02   3.99290547e+04   1.56925049e+04
   2.46505609e+05   1.07232332e+01   3.03790332e+03   1.02806172e+04
   4.98964023e+04   2.54918047e+04   1.56862281e+05   1.17187431e+02
   2.48969238e+04   2.87592988e+04   6.58602661e+02   3.47747875e+05
   1.72276758e+04   5.09544189e+03   6.29833057e+03   9.44931836e+03
   3.75326250e+04   1.68688107e+01   4.44702911e+01   1.38283330e+04
   5.31611963e+03   5.07987773e+04   1.60258584e+04   3.83391367e+04
   1.67231055e+03   3.37075977e+04   1.28083050e+06   7.35478516e+03
   3.99946680e+03   9.25492773e+03   1.27229112e+06   6.54900098e+03
   2.34940283e+03   5.87583679e+02   3.20183179e+03   1.24512183e+03
   1.41654734e+05   5.42739188e+05   2.48430954e+02   7.07492981e+01
   1.77688125e+05   2.97589453e+04   7.98751020e+00   7.42876406e+04
   1.39602197e+04   2.25754712e+03   6.87999451e+02   4.52546484e+03]
[  5.80181824e+02   1.07570254e+04   5.40573203e+04   3.87351328e+04
   3.87715186e+03   5.25120977e+04   9.38677917e+02   8.40731262e+02
   1.93973190e+02   3.63660164e+01   7.90355391e+04   1.30109941e+04
   4.26928125e+03   7.35811182e+03   6.45712256e+03   1.27473950e+03
   1.13893369e+04   2.87078047e+04   2.51619941e+04   4.20252490e+03
   3.52900299e+02   1.22211617e+05   6.35789795e+03   7.74255676e+02
   9.75490078e+04   2.15102188e+04   7.90172734e+04   2.12593115e+03
   6.07317891e+04   1.36412803e+04   1.40526289e+04   1.51617719e+05
   1.08582051e+04   3.36286602e+04   4.73215938e+04   8.66608594e+04
   7.62322422e+04   5.55110107e+03   2.75442841e+02   2.89457520e+04
   9.80575485e+01   1.00074328e+05   5.87246055e+04   3.73120078e+04
   3.38044891e+02   3.98789453e+03   1.51660098e+04   2.48643770e+04
   2.21855283e+00   2.78859668e+04   1.44669094e+05   1.84529810e+03
   1.63592982e+00   3.36345508e+04   1.64695059e+04   1.19855508e+04
   4.66888466e+01   3.52744360e+03   5.17328308e+02   3.19823413e+03
   3.43557861e+03   1.27875609e+05   2.39781230e+04   2.07887305e+03
   1.36362852e+04   1.98266289e+04   1.54358691e+03   8.56702805e+01
   8.64782031e+03   1.34865735e+03   3.36003008e+04   3.42060229e+03
   9.49141484e+04   1.34772473e+03   8.51882172e+00   3.55138794e+02
   3.33696991e+02   7.70781612e+00   1.46899484e+05   3.72663359e+04
   7.68301773e+01   1.93350137e+04   3.84912969e+04   1.18769617e+05
   3.29277466e+03   9.27536428e-01   2.24256250e+03   1.01344330e+03
   7.88021406e+04   8.21845391e+04   7.37532324e+03   1.39949265e+02
   8.49429688e+04   2.41753281e+04   7.48857188e+04   4.16378008e+04
   1.63652002e+04   3.70517731e+02   3.82291523e+04   7.40756719e+04
   6.38340723e+03   4.83542908e+02   1.35788234e+05   3.56870825e+03
   2.39280137e+04   5.54688867e+04   1.26662000e+03   1.21171664e+05
   5.34987734e+04   2.52475000e+03   1.84707949e+04   6.88662231e+02
   1.22276025e+04   2.14342480e+01   2.57966479e+03   2.39249219e+04
   0.00000000e+00   6.15814844e+04   1.42557709e+02   3.25425547e+04
   7.06208801e+02   1.21417453e+05   2.75967754e+04   4.05248267e+03
   5.58966895e+03   5.88924805e+04   5.59237744e+03   1.73329238e+04
   4.24241992e+04   7.73220947e+03   9.28214905e+02   2.23940371e+04
   3.12811309e+04   7.44765078e+04   3.54532734e+04   4.38078880e+01
   9.48249805e+03   0.00000000e+00   3.77855652e+02   1.14626751e+01
   4.08830078e+04   4.83855194e+02   2.66218457e+04   1.45202827e+01
   3.02591943e+03   2.13767773e+03   1.41741150e+03   5.78679785e+03
   4.75837799e+02   1.26096396e+04   8.00205859e+04   1.16044180e+04
   8.37786499e+02   4.90313916e+03   2.45554398e+02   0.00000000e+00
   2.07310623e+02   1.03398145e+03   6.59040222e+02   8.45295859e+04
   1.21526826e+04   3.77001025e+03   2.01539062e+04   8.00276756e+00
   4.32256797e+04   1.06490125e+03   8.41056016e+04   6.01377869e+02
   1.01491922e+05   1.04548438e+05   1.06764185e+03   8.20458008e+03
   2.14625801e+04   1.73874487e+03   1.17967633e+05   5.16073594e+04
   4.74180352e+04   2.93071558e+03   7.01304443e+03   2.97387866e+03
   3.47559375e+04   4.30357513e+02   1.79282168e+04   3.59220469e+04
   5.00413818e+03   7.61271719e+04   8.58929375e+04   1.45102881e+04
   2.37374390e+03   1.74613391e+03   2.79782715e+03   1.60129385e+04
   1.75582500e+04   1.63818938e+05   1.54313203e+05   5.13250898e+04
   1.75114902e+04   2.52790801e+04   1.98762988e+04   1.36946692e+03
   1.05719195e+05   1.61722148e+04   4.04039551e+02   9.78204141e+04
   1.38819797e+05   2.91709869e+02   5.24091328e+04   3.31691211e+04
   7.94619675e+01   1.36595612e+01   2.76403662e+03   3.57699310e+02
   9.39481583e+01   6.08040161e+02   4.51782305e+04   4.52564648e+03
   4.20441455e+03   2.75498555e+04   3.01779727e+04   3.32611055e+04
   2.05001406e+04   8.06384062e+04   6.20293762e+02   2.26184597e+01
   3.28715195e+04   2.58109155e+03   1.76318286e+03   5.82026877e-02
   5.68280334e+02   3.96551514e+03   2.56526428e+02   1.36663452e+02
   3.66637812e+04   3.51715664e+04   1.29045633e+05   2.15540308e+03
   5.91235742e+04   2.04208813e+03   1.88481074e+04   1.06148584e+04
   1.11392393e+04   5.04504922e+04   1.26805781e+04   8.45915000e+04
   6.24250549e+02   1.52532188e+05   2.19382559e+04   2.64107208e+01
   8.41046582e+03   3.12548496e+04   2.16856230e+04   1.19164492e+05
   8.31907520e+03   1.83137688e+05   3.40818945e+04   5.89821523e+04
   9.35940078e+04   1.59448157e+03   5.36668701e+01   5.31903281e+04
   5.48991016e+04   6.80729342e+00   1.21540010e+04   2.97204004e+03
   2.93184910e+01   1.56624600e+04   1.95307227e+03   1.40424172e+05
   4.79866055e+04   4.29395416e+02   2.16761494e+01   6.25616089e+02
   6.89519189e+03   3.67177612e+03   1.18675180e+05   3.39290859e+04
   0.00000000e+00   2.10216484e+01   6.88653281e+04   6.79930615e+03
   0.00000000e+00   4.71897064e+02   2.72878301e+04   1.06057828e+05
   1.59752075e+03   8.44489746e+03   2.11628094e+01   1.39350098e+03
   1.53625830e+03   1.27556426e+04   1.61800615e+04   1.55792090e+04
   1.07058812e+05   5.93100586e+04   3.01711582e+04   2.03818457e+03
   1.15524979e+02   4.23562195e+02   5.05126719e+04   5.19444062e+04
   1.65465679e+01   2.90036621e+03   3.61417305e+04   5.85393250e+02
   1.48157520e+03   5.17757148e+04   4.69933594e+03   4.96742737e+02
   7.71313281e+04   5.27760071e+02   1.83642487e+02   1.08017109e+04
   3.43670258e+02   7.06610901e+02   9.12437656e+04   7.23343516e+04
   5.75534019e+01   7.81050234e+04   1.44402451e+04   3.20032788e+03
   6.78023926e+02   9.52090527e+03   1.20204836e+05   3.45475366e+03
   1.20786344e+05   1.00833945e+05   1.63900250e+05   6.95240703e+04
   2.71401309e+04   4.88206085e+02   5.00059141e+04   2.81593086e+04
   8.76898438e+04   1.13736353e+03   7.55833984e+02   3.11635879e+04
   2.54090408e+02   8.80928047e+04   4.52627441e+03   2.16797441e+04
   1.13884555e+05   1.21374634e+03   1.58326094e+04   3.70506042e+02
   2.32710571e+03   2.03976602e+04   2.88280527e+04   1.17989795e+03
   4.51059375e+03   1.07910620e+03   3.01224766e+04   4.82892883e+02
   1.26377478e+03   4.33032578e+04   6.72874902e+03   2.51224121e+03
   1.27158266e+05   2.11549072e+03   5.90476172e+04   3.42175195e+04
   7.46484688e+04   3.07406621e+04   1.68438400e+02   1.85759900e+03
   1.36468311e+04   8.89133179e+02   1.01896102e+05   4.09590308e+03
   8.75635000e+04   5.56703809e+03   4.57107080e+03   1.36890637e+03
   2.25964922e+04   3.11302344e+03   8.78837031e+04   5.39583057e+03
   9.20106506e+02   4.44512793e+03   9.28422852e+02   1.73081543e+02
   3.76472305e+04   2.11023672e+04   4.67119385e+02   4.28820430e+04
   4.28742969e+03   3.17348120e+03   3.04799341e+03   1.03578633e+04
   1.30782874e+03   2.26994537e+02   3.28693384e+03   8.43061279e+02
   4.46697998e+03   1.00504678e+04   2.49915078e+04   8.60412656e+04
   3.88038599e+03   9.44719849e+02   2.05259131e+03   2.92645068e+03
   1.38358749e+02   1.12808438e+04   3.86410234e+04   5.36896445e+04
   4.40499961e+04   1.15391670e+04   8.43144922e+03   1.28298996e+02
   3.44837570e+01   2.83119164e+01   2.20294570e+04   1.66906074e+04
   2.82458984e+03   4.35306488e+02   2.61520215e+04   2.46501777e+04
   2.03052283e+03   2.90399766e+04   3.59021523e+04   9.33347559e+03
   7.21274658e+03   1.19688506e+04   3.68053760e+03   8.89155859e+04
   1.23663805e+05   8.74752832e+03   3.34151328e+04   1.10471973e+03
   1.03199672e+05   2.29538965e+03   1.60616248e+03   1.39654121e+04
   7.48700703e+04   7.36119609e+04   2.64702461e+04   1.88592261e+03
   6.15062866e+02   9.70471497e+02   1.99350195e+04   7.48911621e+03
   1.59126514e+04   3.30610620e+03   2.08275195e+04   1.24802053e+00
   0.00000000e+00   4.17378086e+04   1.90076004e+02   6.80827783e+03
   8.81704883e+03   6.84336875e+04   2.84739307e+03   1.53941500e+05
   1.41590176e+04   0.00000000e+00   4.80342188e+03   0.00000000e+00
   1.70584937e+03   1.25088809e+04   7.43164749e+01   2.64394287e+03
   4.95959564e+02   1.49201133e+04   1.73311218e+02   3.61465601e+03
   4.07773320e+04   6.30400781e+04   3.63501074e+03   1.07335945e+02
   2.73002612e+03   8.17659033e+03   1.58457355e+01   4.94391998e+02
   1.39964512e+04   8.19344604e+02   2.01732104e+03   1.74987439e+03
   8.37572363e+03   4.92620850e+03   2.79324902e+04   0.00000000e+00
   1.42868103e+02   3.26232104e+03   6.54884492e+04   2.42066797e+04
   5.98095742e+04   1.26888596e+02   2.47755908e+03   9.03222942e+00
   2.74387812e+04   8.63715820e+02   1.07123805e+05   4.24676514e+02
   1.20574609e+04   2.28880054e+03   2.05763306e+03   5.21849365e+03
   3.16885205e+03   1.14562062e+05   1.28831238e+03   3.17360996e+04
   1.43122334e+04   1.49596680e+02   5.43294296e+01   2.87941406e+04
   1.08567998e+04   6.54225078e+04   4.66322119e+03   3.19082886e+02
   3.05564316e+04   9.20709045e+02   5.22026062e+02   1.53965578e+05]
[  3.59829395e+03   1.07190342e+04   2.12734351e+03   8.10083160e+01
   3.42871055e+04   1.21404076e+01   3.88793516e+04   4.79811523e+04
   4.89378828e+04   3.56860931e+02   9.81646240e+02   6.10891064e+03
   1.46865692e+02   7.04997656e+04   1.11482891e+04   7.20197144e+01
   2.82360425e+03   4.96196387e+03   1.09710754e+03   1.06472424e+03
   5.72635693e+03   5.56219141e+03   1.98272070e+03   2.32580063e+02
   4.13073029e+02   1.20962197e+04   2.58590039e+03   1.88220098e+04
   9.64874902e+03   1.10372168e+03   1.15867943e+02   2.24566803e+02
   2.18705249e+03   2.74466801e+00   5.06289581e+02   7.85102661e+02
   2.21014795e+03   6.84822845e+01   1.49896641e+04   1.10566589e+03
   2.34507988e+04   1.03463574e+04   1.19727806e+02   3.28854102e+04
   4.54811670e+03   7.56049683e+02   6.61751709e+03   5.83654236e+02
   7.59424744e+02   2.71891260e+03   4.53846558e+02   9.44059944e+00
   0.00000000e+00   2.48629980e+04   1.65554651e+03   6.66987366e+02
   7.73893115e+03   1.15965942e+03   3.37174774e+02   2.19078064e+00
   7.46188927e+00   7.98671814e+02   5.15698303e+02   9.40079773e+02
   6.76579529e+02   1.44227234e+02   6.70116748e+03   3.36123511e+03
   8.15191641e+04   1.59790344e+02   2.26644382e+01   4.60841055e+04
   1.27953081e+01   1.41863684e+03   8.08706689e+03   4.81857031e+03
   0.00000000e+00   1.03652207e+04   1.42319055e+03   3.61562286e+02
   2.35254028e+03   8.52623828e+04   3.77686445e+04   2.99275449e+04
   2.91199487e+03   3.03364582e+01   2.47025996e+04   1.70336023e+03
   1.34475562e+03   9.69787292e+02   3.51251680e+04   6.11171875e+03
   3.99181152e+03   0.00000000e+00   6.80558740e+03   1.14179745e+01
   3.85047974e+02   3.09720781e+04   5.38828711e+03   1.10329150e+04
   1.08633154e+03   4.31617871e+03   2.49556934e+03   6.41367865e+00
   6.26810120e+02   3.15049536e+03   9.43890820e+03   1.18260696e+02
   6.48298672e+04   8.36022109e+04   2.45606421e+03   1.67238794e+03
   5.80631592e+02   7.11606201e+03   8.95386875e+04   3.01914331e+03
   2.55619165e+03   1.85644983e+03   8.06803589e+01   8.10224243e+02
   3.48070374e+02   1.62784463e+04   1.94768567e+03   3.82952156e+01
   5.37566719e+04   9.34936279e+02   2.00620642e+03   3.40630585e+02
   5.34857101e+01   2.98944023e+04   9.09797192e+00   8.93994019e+02
   1.02440881e+03   1.18555967e+04   2.11885215e+04   2.93096638e+01
   1.72104187e+02   4.96501068e+02   1.78137754e+04   2.83844280e+00
   1.12865891e+02   7.56180298e+02   3.01056484e+04   1.30068802e+02
   9.63811816e+03   3.68390210e+03   2.41614883e+04   4.39072891e+04
   1.91860376e+03   1.44617798e+03   7.03363281e+04   5.39639111e+03
   2.48718633e+04   4.76025177e+02   2.86785156e+02   7.99377969e+04
   1.44329580e+04   3.24523066e+04   4.82761279e+03   7.28436475e+03
   1.39584150e+04   3.71418066e+03   1.09291768e+00   2.96567657e+02
   5.81703516e+04   1.96642859e+03   1.06772289e+05   1.23063377e+02
   6.10467139e+03   2.19268145e+04   3.84582825e+02   5.58710693e+03
   6.02858750e+04   2.09103750e+04   3.14937458e+01   3.50212109e+03
   1.79016650e+03   5.72755469e+03   8.95415222e+02   2.85986182e+03
   6.08871484e+04   5.72804102e+03   8.22495361e+02   0.00000000e+00
   9.18164062e+03   7.68167891e+04   2.16202021e+00   7.57959778e+02
   2.18636328e+03   4.12815234e+04   2.93399445e+02   1.35462622e+03
   5.60089397e+00   3.72559844e+04   5.54467383e+03   1.23363945e+04
   5.94828918e+02   3.41438906e+04   1.00523608e+03   8.44096406e+04
   2.29074473e+04   2.32860413e+02   1.55104111e+02   5.16857117e+02
   1.22929658e+04   1.08302979e+03   1.99486725e+02   5.14350195e+03
   4.77169762e+01   3.79060083e+03   2.10917383e+03   3.42777588e+02
   7.37322314e+03   1.15195879e+04   2.18210352e+04   6.98913203e+04
   1.71318828e+04   3.52510468e+02   1.59659027e+02   2.80842969e+04
   3.55554712e+03   8.43618088e+01   4.06057690e+03   1.64954849e+02
   7.01085596e+03   2.06957264e+01   8.08387354e+03   4.47001719e+04
   3.65220190e+03   3.29981128e+03   6.62866172e+04   5.48808777e+02
   7.30630188e+01   3.20337402e+04   4.34108391e+01   1.37243812e+05
   8.81582344e+04   1.27370068e+04   7.44895447e+02   1.17406502e+02
   4.86415186e+03   7.54454590e+03   4.74777832e+03   7.21722021e+03
   9.97657812e+03   1.01469473e+04   0.00000000e+00   5.15545391e+04
   7.18682632e+01   3.38188141e+02   7.20663269e+02   1.47615280e+01
   1.67610977e+04   1.30231888e+02   6.02224121e+01   8.68455872e+02
   2.60790497e+02   2.96134497e+03   5.43832666e+03   3.00437051e+04
   2.98408667e+03   1.67663171e+03   9.02721191e+02   1.87241614e+03
   8.74840820e+02   2.14724824e+04   2.58956451e+02   5.03206758e+04
   6.87422852e+03   7.18224414e+03   4.66173218e+02   1.31496204e+03
   2.22512549e+03   1.77637238e+02   4.80202055e+00   3.00551929e+01
   1.04826377e+04   0.00000000e+00   2.82568164e+03   7.58115674e+03
   2.22720215e+03   2.87293762e+02   3.63177695e+04   0.00000000e+00
   9.00302505e+01   8.26989648e+03   0.00000000e+00   2.79115098e+04
   5.14385620e+02   9.55833008e+02   3.33821045e+02   6.64104785e+03
   1.18181797e+05   2.31370840e+04   6.28198535e+03   6.88694580e+03
   4.02002031e+04   8.34773193e+02   1.58381836e+03   9.67772095e+02
   1.41084042e+01   3.17712720e+03   2.87950938e+04   7.53921175e+00
   9.82561523e+03   1.73194824e+04   1.18655151e+03   1.29859398e+05
   1.27678253e+02   5.34190369e+02   8.12179718e+01   4.00107886e+03
   1.93367715e+04   1.13419296e+02   3.98921826e+03   1.30470840e+02
   9.89218047e+04   4.44083366e+01   1.08947182e+02   7.01616516e+02
   3.66852173e+03   6.92424170e+03   1.16568945e+04   1.97632930e+04
   9.98932578e+04   4.17765625e+02   4.69150439e+03   2.71245918e+04
   3.28536304e+03   1.39611969e+01   7.94518125e+04   1.32182070e+04
   5.26729202e+01   1.30145469e+04   2.93805312e+04   1.34024255e+03
   3.33010745e+00   5.13812842e+03   2.40233566e+02   2.83008148e+02
   2.83549199e+04   2.82048965e+04   3.44795093e+03   3.90600508e+04
   2.38816681e+01   4.42774023e+03   3.55706006e+03   4.53181914e+04
   9.26924062e+04   7.32100464e+02   9.03855713e+02   5.13882520e+03
   1.77501257e+03   7.97584326e+03   9.83777344e+04   5.58237344e+04
   5.44148779e+03   6.14644836e+02   3.71719531e+03   5.91511574e+01
   2.10193384e+03   3.53161377e+03   4.82462358e+00   3.40044281e+02
   1.59740762e+04   6.30047773e+04   1.00605701e+03   1.39627314e+04
   4.21721680e+02   4.38718203e+04   9.45333385e+00   4.95413818e+03
   2.78842456e+03   1.14792883e+05   1.22879663e+03   6.70671582e+03
   4.23552124e+02   1.50967517e+03   4.71482031e+03   1.25720068e+04
   2.59238672e+04   2.96539575e+03   7.46478958e+01   1.14138293e+03
   3.92361633e+02   2.43598809e+04   4.61187148e+04   7.93490234e+03
   9.98220859e+04   5.15951660e+03   4.77784681e+00   7.02777100e+00
   2.21839766e+04   1.63645859e+04   2.33229980e+03   1.10381182e+04
   5.12620654e+03   1.91187172e+01   3.93238708e+02   2.26489673e+03
   4.77223846e+02   4.48806250e+03   3.04066309e+04   1.66641465e+04
   2.51379126e+03   2.82649956e+01   7.56739844e+04   7.39277466e+02
   1.64775352e+04   6.08804588e+01   3.54941040e+03   5.83306519e+02
   7.44060742e+03   2.03803555e+04   1.66383636e+02   7.71417499e-01
   7.06057251e+02   2.21685376e+03   1.09322793e+04   1.22286888e+02
   2.37935010e+03   1.45086499e+03   1.79112500e+03   5.79226123e+03
   2.99654517e+03   3.50147422e+04   9.54375305e+02   0.00000000e+00
   4.22820020e+03   2.26149612e+02   6.01674951e+03   3.97272891e+04
   1.79409705e+03   4.38513062e+02   9.69849915e+02   7.09186279e+03
   1.30941052e+03   9.46820557e+02   6.38232695e+04   1.68115234e+04
   7.51232568e+03   1.36228870e+03   3.97847046e+03   7.60776514e+03
   4.29598389e+01   7.67695374e+02   5.53048633e+03   5.81390808e+02
   2.74309723e+02   1.25251660e+03   0.00000000e+00   3.92481537e+02
   8.89059067e+00   4.84776926e+00   4.01154453e+04   0.00000000e+00
   0.00000000e+00   7.12116760e+02   0.00000000e+00   6.27157959e+02
   6.94637988e+03   3.18787915e+03   9.18646680e+03   1.44899597e+03
   8.60200859e+04   4.39009102e+04   2.52918848e+03   4.43463330e+03
   5.32458191e+02   5.22254570e+04   4.08583008e+04   3.14655548e+02
   4.54735657e+02   2.46170597e+01   2.29827612e+03   1.34702090e+04
   6.26158252e+03   1.53313080e+02   6.81985474e+02   1.42620573e+01
   1.32747178e+04   9.03769043e+03   2.48589404e+03   9.14577026e+02
   4.77033325e+02   4.29065308e+02   7.08086250e+04   1.70811450e+00
   2.04766309e+03   9.42894974e+01   1.13820156e+05   5.87378809e+03
   9.06503723e+02   1.32392249e+03   5.54333782e+00   9.24173047e+03
   3.71970306e+02   2.13207062e+02   7.36784729e+02   4.21393652e+03
   2.81231250e+03   4.58486084e+03   1.49686523e+02   5.45809448e+02
   2.52281055e+03   1.16459297e+05   3.09046844e+02   9.98753113e+02
   0.00000000e+00   1.86791641e+04   9.31731250e+03   8.77640820e+03]
[  3.12534424e+02   8.74425684e+03   1.27304993e+03   1.64423450e+03
   1.74175378e+03   3.12848223e+04   3.87044678e+02   2.08918516e+04
   4.52902441e+03   4.99385977e+04   4.02796436e+03   1.97518692e+02
   7.32108838e+03   3.43546992e+04   7.31837305e+03   1.44390161e+03
   3.14277197e+03   3.10808276e+03   5.79811172e+04   7.68437744e+02
   8.66034126e+00   5.48213330e+03   3.87157318e+02   1.59121069e+03
   1.87812754e+04   1.71646896e+02   1.50118955e+04   3.85487633e+01
   9.00884338e+02   4.27634180e+03   5.38111475e+03   5.23600391e+03
   1.02536904e+04   0.00000000e+00   7.32901514e+03   2.09319794e+02
   1.72101147e+03   7.43511250e+04   0.00000000e+00   7.78504443e+03
   9.25488477e+03   1.21165451e+02   1.35761986e+01   2.26069000e+02
   2.02164648e+04   9.74591736e+02   3.96125562e+03   1.65466055e+04
   8.30486755e+02   8.96311798e+01   1.55493225e+03   8.88452881e+02
   1.50675888e+02   1.92588418e+04   1.32758809e+04   2.72403887e+04
   2.07927490e+03   1.05502051e+04   4.74027710e+01   3.60478223e+03
   1.88204541e+03   1.36167688e+03   1.71561646e+03   1.66640366e+02
   3.45037085e+03   1.11394629e+03   2.73240784e+02   3.04502197e+02
   4.83325653e+02   5.86196747e+01   6.88391724e+02   2.17722969e+04
   2.45942188e+04   4.64523163e+02   2.26269258e+04   8.27004242e+01
   2.12661514e+02   1.44749390e+02   1.14594275e+03   1.61443896e+04
   1.54753406e+03   5.83344219e+04   2.86765625e+04   2.24313867e+04
   9.30062109e+04   3.87963104e+02   3.91866797e+03   1.93624434e+04
   1.21995420e+04   4.09026602e+04   9.39298439e+00   3.31319775e+03
   5.48817688e+02   2.05528652e+04   3.75886011e+03   2.30834219e+04
   3.54576484e+04   7.60124111e+00   1.28883379e+04   2.40211060e+03
   1.08492256e+02   1.64727002e+03   1.28123718e+02   7.59811719e+03
   6.32322168e+00   2.27581711e+01   2.08973096e+03   2.57079883e+04
   9.38446712e+00   2.56091621e+04   5.10835815e+02   6.67842578e+04
   1.29868574e+04   6.33708649e+01   3.37327805e+01   1.05019165e+03
   6.75804932e+02   3.86967344e+04   1.21879431e+03   1.16629227e+02
   2.30863800e+01   8.76599548e+02   1.38015039e+04   3.36581146e+02
   6.55861450e+02   1.21151465e+04   6.02826172e+02   7.73162003e+01
   1.26567444e+03   3.01924561e+02   2.57309258e+04   1.17019299e+03
   1.21061409e+02   4.64483496e+03   2.07115137e+03   1.20100771e+04
   3.21580547e+04   5.66109705e+00   1.14016541e+02   2.93721588e+02
   3.23674709e-01   1.24142563e+02   3.77271698e+02   4.59899719e+02
   1.36226929e+02   1.15774785e+04   2.57633911e+03   2.05203921e-01
   1.22422363e+03   5.77545000e+04   2.17440948e+02   1.33321423e+03
   1.36764697e+03   2.17580542e+03   9.80939209e+02   2.45729844e+04
   6.19045563e+01   7.38100769e+02   4.51274445e+02   1.82066270e+04
   5.34747437e+02   4.63892975e+02   7.35806335e+02   3.59548569e+01
   5.25748164e+04   1.29997055e+02   2.37521729e+02   3.08999243e+03
   1.08670049e+04   2.51146504e+04   2.86414051e+00   2.53451706e+02
   6.99744385e+03   1.30817041e+03   1.39605759e+02   6.49866797e+03
   5.29970000e+04   1.29492371e+03   5.33666289e+04   8.04110352e+03
   4.40138125e+04   4.69459219e+04   5.78781319e+01   8.24702246e+03
   2.57217090e+03   2.21710205e+00   8.09774365e+03   5.88752686e+03
   2.96063786e+01   7.03091797e+02   4.35787018e+02   3.81782990e+02
   2.78505859e+03   1.45894082e+04   1.23948743e+03   2.14241777e+04
   2.38053735e+03   6.69011230e+02   2.12488907e+02   6.85150293e+03
   4.88103613e+03   1.26719678e+03   1.99640808e+03   1.55450506e-02
   4.60965625e+03   3.03615112e+02   2.66850781e+03   2.40071851e+03
   1.14603242e+04   5.37904297e+04   3.09450470e+02   1.40203467e+03
   6.64875830e+03   2.09365649e+03   9.05800018e+01   9.78122168e+03
   9.19522266e+04   2.19064697e+02   5.09442474e+02   7.30151611e+03
   2.07842852e+04   6.06984619e+02   1.74907089e+02   1.14309875e+03
   3.34414307e+02   4.11243896e+01   3.33051056e+02   1.23206848e+02
   1.00384106e+03   2.96850616e+02   1.89036560e+02   2.05342834e+02
   1.37059656e+03   1.34885712e+02   4.38564491e+00   9.44962997e+01
   3.54776001e+02   4.58390381e+02   1.16317908e+03   2.40803314e+02
   5.31130028e+01   1.23800209e+02   1.57350781e+03   3.69328242e+04
   3.90497227e+04   1.10703896e+04   3.18134949e+02   3.86593506e+03
   3.81054764e+01   3.76387665e+02   3.12190277e+02   1.04629913e+02
   1.07530312e+04   2.07579956e+03   3.11897349e+00   2.62328186e+02
   6.35518115e+03   1.54794540e+02   1.04864331e+03   6.01728249e+01
   1.31281067e+03   2.83758203e+03   7.51161804e+02   3.12392063e+01
   4.68178477e+04   3.11811816e+03   4.17244688e+04   8.48273926e+03
   4.38597363e+03   2.58214512e+01   2.04328232e+02   1.75864294e+03
   5.27687134e+02   9.63591919e+01   4.23691641e+04   5.71824890e+02
   2.09627026e+03   7.22951233e+02   1.11487900e+04   1.35454326e+04
   5.27379395e+02   1.07161888e+02   1.61596851e+03   9.05236875e+04
   1.70866553e+03   5.32332324e+03   8.45853320e+03   2.94719849e+02
   5.72495605e+02   1.59908838e+04   1.31178113e+03   1.94429590e+03
   1.41180049e+04   3.24035522e+03   2.46708954e+02   9.16680664e+02
   2.57192261e+03   2.69035449e+03   7.92766748e+03   9.40357742e+01
   3.32783051e+01   1.04230200e+03   1.28080654e+04   1.67107239e+02
   2.19038242e+04   6.81997266e+04   9.10377441e+02   1.98272559e+03
   3.01830713e+03   3.83800342e+03   1.04830866e+01   1.15949805e+04
   4.08410025e+00   8.94850879e+03   3.02690625e+03   2.76643789e+04
   9.84299988e+02   9.41552930e+03   4.36796051e+02   1.42128457e+04
   1.93872871e+04   3.15051191e+04   4.11179785e+03   2.23432539e+04
   4.15879822e+02   7.10857544e+02   1.93455701e+03   1.85930786e+03
   2.19862134e+03   2.95802338e+02   1.49535928e+04   7.16221533e+03
   1.09054356e+01   4.11432129e+03   2.68966156e+02   1.00988641e+03
   1.20440407e+02   2.26338262e+04   1.88283704e+03   4.22162461e+04
   5.91177188e+04   2.88187646e+03   2.00080246e+02   4.48774994e+02
   1.64552536e+01   4.80953033e+02   5.02830664e+04   6.67866760e+02
   7.76136865e+03   5.55188916e+03   5.78271582e+03   5.78920078e+04
   5.92193237e+02   2.99866602e+03   8.07020508e+02   3.90866516e+02
   1.39190117e+04   2.39322437e+03   2.39963711e+04   1.73894367e+01
   7.08069531e+04   6.66789673e+02   3.21411270e+04   8.19711182e+02
   2.01390957e+04   3.96971924e+02   2.19493973e+02   1.00433838e+04
   2.45534302e+02   6.00654590e+03   1.31816223e+03   1.48097266e+03
   2.38447525e+02   1.20388770e+04   7.28979797e+02   1.10049914e+05
   1.94330566e+04   2.68414722e+03   6.45611230e+03   3.19424292e+03
   2.81273071e+02   1.64040500e+05   1.05169932e+04   9.67748474e+02
   6.48062683e+02   6.05262354e+03   1.95882019e+02   2.95821037e+01
   2.11763306e+03   1.39468018e+03   6.31380352e+04   4.09368457e+03
   2.30751123e+03   5.46698750e+04   8.32135078e+04   3.48156464e+02
   1.43579941e+02   1.85847480e+04   4.74770850e+03   1.12696475e+04
   1.09337639e+02   2.21539141e+04   3.69901660e+03   5.02450439e+03
   2.13838177e+01   5.90665000e+04   2.00855743e+02   1.05243823e+03
   1.40344287e+03   2.66944751e+03   2.52685449e+03   1.96175332e+04
   1.44237305e+04   5.40237939e+03   1.53287683e+03   2.14941216e+00
   5.68432031e+03   8.62749451e+02   0.00000000e+00   2.63899261e+02
   6.46225464e+02   2.35535059e+04   7.46950488e+03   6.75491104e+01
   5.35885803e+02   7.33732520e+03   9.17087830e+02   7.85755768e+01
   2.60561963e+03   6.31471777e+03   6.29121016e+04   1.98184433e+02
   1.64850039e+04   6.51834656e+02   1.06448959e+02   4.26289185e+02
   1.28801636e+02   2.07511597e+01   1.88804473e+04   3.89884491e+01
   1.46670181e+02   1.48283707e+02   2.49725769e+02   6.13470459e+00
   4.01106720e+01   1.62161143e+04   7.17196350e+02   8.09836304e+02
   2.38395239e+03   4.65970938e+04   5.49207336e+02   1.03777808e+03
   2.78529510e+02   1.57271438e+05   3.81971211e+04   1.42246437e+01
   8.81429102e+03   4.44210107e+03   3.87784023e+04   1.69718535e+04
   3.74756562e+04   8.59667383e+03   1.74085703e+04   6.51564758e+02
   1.22697051e+04   6.70262793e+03   5.95733887e+02   4.02432892e+02
   3.73605011e+02   1.29544189e+02   1.37950430e+04   1.62783037e+04
   1.57644375e+04   1.80802949e+04   2.04778491e+03   1.76539597e+02
   7.70872253e+02   1.47173816e+03   7.31517151e+02   3.39659414e+04
   7.16991064e+03   1.17436340e+02   8.49515625e+03   1.22097198e+02
   3.20285702e+00   4.24722791e-01   5.17323779e+03   1.53137720e+03
   3.57556714e+03   5.76687744e+03   3.15262070e+04   3.30835898e+04
   1.14253535e+04   3.45617651e+03   3.13590332e+02   1.73578418e+03
   1.93558557e+03   2.24774139e+02   2.89582715e+03   1.09506504e+04
   1.80494238e+04   3.35221445e+04   3.46377945e+01   1.36643359e+03
   2.38543789e+04   1.83826758e+04   3.44216736e+02   1.87276592e+01
   1.95362158e+03   2.27424301e+02   1.22412399e+02   1.31624717e+04]
[  3.09710541e+02   4.07182503e+00   0.00000000e+00   3.61450586e+03
   2.15912643e+02   6.39887161e+01   0.00000000e+00   9.81470108e+00
   3.70625824e+02   1.40442841e+02   3.62416115e+01   6.34467346e+02
   2.23757877e+01   9.16033096e+01   1.24291258e+01   6.97883987e+00
   0.00000000e+00   2.04231659e+02   0.00000000e+00   0.00000000e+00
   2.51305634e+02   1.69513438e+04   3.86965430e+03   3.37617981e+02
   6.42048645e+00   0.00000000e+00   5.92597686e-02   1.63456482e+03
   7.78528671e+01   2.24299097e+03   7.10257520e+03   7.56566544e+01
   1.01573425e+03   2.02745178e+02   6.42578936e+00   4.00001709e+03
   2.30557938e+01   1.32501611e+04   1.50021643e+03   1.45028027e+03
   8.87427441e+03   3.67148018e+01   1.79076843e+03   1.07942358e+03
   2.73940849e+01   2.08636951e+00   2.49355737e+03   3.76720825e+02
   4.33005638e+01   1.10587196e+01   3.47801094e+01   1.74440991e+03
   8.12834740e-01   1.75093719e+02   1.33803085e+02   7.08741608e+01
   5.50933154e+03   1.88823517e+02   0.00000000e+00   5.06046356e+02
   3.37983765e+02   1.88199067e+00   2.31651344e+01   7.19247192e+02
   1.40481903e+02   3.02054346e+03   2.81208344e+01   1.69774629e-02
   2.58965546e+02   4.77259552e+02   1.25550195e+03   5.70603104e+01
   7.96644821e+01   1.23905731e+02   1.37216206e+01   3.48692902e+02
   8.59263802e+00   1.42203918e+03   3.69525528e+00   9.80555649e+01
   0.00000000e+00   1.15102859e+02   8.73651672e+02   9.65846375e+02
   4.52106857e+01   4.99221802e+00   6.71125412e+00   4.26145601e+00
   1.27891543e+04   2.44623169e+02   1.27889277e+04   3.54541748e+02
   1.39892520e+04   7.89037170e+02   0.00000000e+00   7.19286255e+02
   1.48106250e+04   1.78980315e+00   4.11902393e+03   2.01506622e+02
   2.52564673e+03   7.14226913e+01   2.00394726e+01   5.98951340e+00
   2.18279199e+03   1.75628455e+03   0.00000000e+00   5.01032837e+02
   9.09798908e+00   0.00000000e+00   3.12742281e+00   2.14604172e+02
   5.03396777e+03   5.51265967e+03   2.95005779e+01   0.00000000e+00
   2.72944165e+03   9.85175232e+02   1.08520756e+01   3.62612801e+01
   0.00000000e+00   3.08915985e+02   2.64736700e+00   9.57534027e+00
   2.81067181e+01   1.40517557e+00   6.40446281e+00   0.00000000e+00
   4.60102425e+01   1.19898975e+03   1.84446448e+03   1.21782947e+03
   3.82930249e-01   4.49881172e+01   1.90973267e+02   1.43940948e+02
   1.87234141e+04   1.14133398e+03   1.10464203e+02   2.83524475e+02
   4.84120264e+03   2.40694275e+02   3.02881565e+01   4.12834521e+03
   2.54264297e+01   4.12422752e+00   1.15367527e+01   0.00000000e+00
   6.72518730e+00   1.89950466e+01   8.93517375e-01   5.57557487e+01
   5.56616249e+01   1.93961525e+00   1.26996559e+02   2.64663048e+01
   4.20814911e+02   2.28717289e+01   2.30759010e+01   7.40137711e+01
   2.58557953e+02   9.47215424e+01   1.91617422e+04   2.62175024e+03
   3.19870874e+03   1.30668965e+04   0.00000000e+00   4.46321045e+03
   4.83126160e+02   7.78118994e+03   1.94164133e+00   1.90648950e+03
   3.34122375e+02   4.95527405e+02   7.45172930e+00   1.17914133e+01
   2.49546814e+02   6.19742298e+00   1.76988068e+02   0.00000000e+00
   3.54857330e+01   2.04720239e+03   0.00000000e+00   2.11355420e+03
   1.46968292e+02   6.95444678e+03   6.75025711e+01   1.55583382e+00
   6.32109619e+03   4.68495880e+02   4.73959846e+01   1.32524147e+01
   3.42707123e+02   1.67277740e+02   7.32482849e+02   1.09138855e+02
   1.07543669e+01   1.89807446e+03   1.14857532e+03   7.34543848e+03
   3.63350029e+01   1.70643730e+04   1.94232197e+01   4.84097519e+01
   2.51867390e+01   2.01208649e+02   1.31512708e+03   1.30809436e+03
   0.00000000e+00   4.83593604e+03   3.69805566e+03   1.01961151e+03
   0.00000000e+00   0.00000000e+00   1.14289108e+02   3.89825977e+03
   1.89169800e+02   1.20222641e+02   2.11726646e+01   5.86316650e+02
   6.25343132e+01   2.20880829e+02   5.79283752e+02   2.17236671e+01
   5.97799609e+03   6.89055859e+03   1.02182782e+00   1.62771759e+01
   8.36530018e+00   1.32038232e+03   3.52998886e+01   9.51691895e+02
   1.80702484e+02   7.10617920e+02   2.07277637e+03   1.40981674e+02
   4.25563393e+01   1.40507158e+04   9.63576317e-01   1.09566455e+03
   0.00000000e+00   1.82416523e+04   9.74127808e+01   3.06293583e+00
   0.00000000e+00   4.66736542e+02   1.02869043e+04   0.00000000e+00
   5.10640430e+00   1.11806393e+01   2.68482495e+03   1.56293774e+01
   3.19957485e+01   2.56572021e+02   3.92158813e+01   1.27931055e+03
   2.11972705e+03   9.94442062e+01   4.33951712e+00   1.82145508e+04
   2.36018276e+01   1.84104828e+02   0.00000000e+00   0.00000000e+00
   0.00000000e+00   0.00000000e+00   1.14577494e+01   9.17643250e+02
   7.44341125e+02   2.57958584e+01   1.46824522e+01   7.93418579e+02
   1.55273638e+01   1.18050215e+04   4.10152441e+03   4.42860031e+01
   7.95869971e+03   9.77429123e+01   9.52985764e+01   3.80319500e+00
   5.11000776e+00   2.29867285e+03   1.30152969e+04   2.81138855e+02
   9.46515560e+00   5.10460754e+02   2.30961597e+03   7.97138367e+01
   5.47825158e-01   5.64463854e+00   1.21266083e+02   8.85306641e+02
   1.57743958e+03   4.63758667e+02   0.00000000e+00   0.00000000e+00
   2.17370758e+02   2.09084930e+02   5.17856312e+00   2.88680077e+00
   8.06200012e+02   2.49142365e+02   1.23401143e+04   0.00000000e+00
   3.02373322e+02   3.10880232e+00   1.45513489e+02   0.00000000e+00
   1.10709746e+04   0.00000000e+00   1.39489883e+04   4.36192093e+01
   6.03123817e+01   0.00000000e+00   0.00000000e+00   5.73372998e+03
   2.92863843e+03   4.43711084e+03   1.92543381e+02   1.00268112e+02
   6.94191357e+03   3.16565369e+02   1.50191393e+01   3.59564209e+01
   8.94900742e+01   1.65726388e+00   3.37195206e+01   5.90381927e+01
   3.19754333e+02   1.48051620e+02   4.67599297e+01   7.80619775e+03
   6.00209923e+01   8.08604126e+02   2.86548370e+02   2.30601587e+03
   1.72786047e+03   1.59694421e+03   6.24164062e+03   1.23310631e+02
   2.78063721e+03   0.00000000e+00   9.49543533e+01   5.10514200e-01
   3.38024463e+03   4.18530083e+00   5.28794727e+03   1.93806122e+02
   6.75020874e+02   9.34762650e+01   2.11456242e+01   0.00000000e+00
   3.59860938e+03   1.80987949e+01   0.00000000e+00   7.93317642e+01
   1.23578770e+04   4.31301367e+03   7.87640088e+03   6.44522095e+00
   7.10999069e+01   1.36703920e+00   1.01689148e+01   1.41791885e+02
   5.78908752e+02   4.77989922e+01   0.00000000e+00   4.41485748e+02
   2.85069031e+02   0.00000000e+00   1.07520073e+02   3.13967017e+03
   3.59608536e+01   3.02783234e+02   2.36642265e+01   9.20500717e+01
   1.71757088e+01   1.04658499e+01   6.60514450e+01   1.50327881e+02
   1.32429184e+02   1.51378164e+04   1.04143867e+01   7.72754688e+03
   3.25135205e+03   8.99022217e+02   2.10199219e+03   2.64898285e+02
   1.96463391e+03   6.91467651e+02   4.70480957e+02   2.43100929e+01
   3.66970551e+02   0.00000000e+00   1.25639671e+02   7.23205614e+00
   0.00000000e+00   3.14028883e+00   9.99834747e+01   1.68534149e+02
   1.12780746e+02   2.29533154e+03   9.87992969e+03   1.95680885e+01
   7.59122009e+01   2.56475220e+01   3.40438110e+02   9.09377956e+00
   2.06812191e+01   1.11201719e+04   4.45926247e+01   4.77236366e+01
   7.18416595e+01   7.44975220e+02   5.26953174e+03   1.75598740e+02
   3.67289258e+03   3.42119141e+01   1.16455212e+01   1.00805961e-01
   1.80429805e+04   8.27460938e+02   1.00748344e+02   2.96015358e+01
   5.05067291e+02   1.89056564e+02   3.27950597e-01   1.91762333e+01
   1.05620918e+01   2.23977319e+03   4.98960889e+03   3.15910759e+01
   6.06911194e+02   1.17974170e+03   8.74529907e+02   1.19728737e+01
   2.12912750e+01   2.49341626e+03   1.27094268e+04   7.46692276e+01
   1.91279621e+01   5.25279522e+00   3.71154175e+01   1.90170090e+02
   6.41773376e+01   0.00000000e+00   6.65428076e+03   6.70362207e+03
   9.84410059e+03   3.70951414e+00   3.00573395e+02   2.79394623e+02
   7.65764832e+02   1.51347899e+00   5.63540466e+02   1.48036523e+03
   6.05341244e+00   1.03891484e+04   1.25476624e+02   2.04181091e+03
   2.37112808e+00   7.93299927e+02   1.65371628e+01   7.62528687e+01
   1.22346426e+04   8.51003170e+00   1.16931976e+02   2.07024589e-01
   2.98517376e-01   5.57945801e+02   3.34211761e+02   7.98063898e+00
   2.20799469e+02   4.86694385e+03   0.00000000e+00   3.44995679e+03
   4.37738678e+02   1.34381250e+03   3.18658301e+03   9.06764069e+01
   5.01386768e+03   1.57484573e+02   3.20368103e+02   1.32826675e+02
   5.87049789e+01   2.80965088e+03   6.50702820e+01   2.48908276e+03
   3.78421330e+00   1.08664417e+01   8.38946438e+00   2.31604199e+03
   2.07275330e+02   2.46741562e+01   6.73642426e+01   0.00000000e+00
   2.83916406e+03   5.35939575e+02   4.37291534e+02   1.18685986e+04
   2.20756516e+02   2.89215832e+01   3.85323364e+03   5.22934131e+03
   3.09113741e+00   7.19964062e+03   2.38239784e+01   2.73609619e+02
   0.00000000e+00   1.42742070e+04   2.27651062e+01   1.46721893e+02]
[  2.12136326e+01   6.99665527e+02   1.72828110e+02   3.42772400e+02
   2.19642014e+02   4.04153839e+02   9.00109253e+01   3.80015717e+02
   1.76122055e+02   3.46630173e+01   1.91347974e+03   8.67161316e+02
   3.41463037e+03   1.38865845e+02   4.86918555e+03   1.94308685e+02
   4.19483995e+00   1.60023087e+02   5.50355347e+02   1.89657883e+02
   1.46601715e+02   6.79938278e+01   4.29815234e+03   5.20338440e+01
   3.40153160e+01   4.56264305e+01   2.24625969e+01   1.35209259e+02
   6.61893604e+03   3.96026611e+01   5.51345634e+00   2.56151428e+01
   6.00959229e+03   1.69774368e+02   3.73241501e+01   1.15428271e+03
   9.03837109e+03   1.90453422e+00   9.34822679e-01   2.47925171e+03
   3.48876660e+03   1.09805029e+03   0.00000000e+00   0.00000000e+00
   5.29537487e+00   2.84832672e+02   1.54800488e+03   9.90711670e+01
   2.86660557e+01   9.96273346e+01   8.80258255e+01   1.66047287e+02
   5.70908752e+02   9.35540833e+02   6.45208252e+02   5.25218896e+03
   2.51662369e+01   2.43217411e+01   3.22377954e+03   5.08225146e+03
   1.85049353e+03   2.63360077e+02   7.41910303e+03   4.16380405e+00
   2.09237518e+01   4.74041321e+02   1.90265007e+01   3.43626312e+02
   3.66981816e+00   3.10686798e+02   1.17798474e+03   7.62338745e+02
   2.25132797e+02   5.44031219e+01   1.52251648e+02   1.06816333e+03
   1.24658363e+02   2.43532700e+02   4.67284326e+03   5.40567303e+00
   1.27704973e+01   4.05443695e+02   2.13254785e+03   3.65336723e+01
   1.32964514e+03   6.36226514e+03   1.23505730e+02   6.56326675e+01
   2.42868115e+03   3.06254272e+02   4.12008942e+02   6.31283875e+02
   0.00000000e+00   4.10823975e+03   8.66336536e+00   2.79085999e+01
   3.32583954e+02   3.70866724e+03   9.68312225e+01   1.37978195e+02
   3.71282411e+00   1.00702164e+02   9.43261032e+01   1.38904591e+01
   1.16179419e+03   0.00000000e+00   6.35294685e+01   5.45326074e+03
   3.53319751e+03   2.53017700e+02   5.84939941e+02   2.71971817e+01
   1.38539038e+03   1.00057422e+03   9.86156555e+02   1.26098835e+00
   1.52135406e+02   9.39905701e+01   2.11275073e+03   8.39773407e+01
   8.66500626e+01   1.80269470e+03   5.83778739e-01   2.13855515e+01
   3.38970337e+01   6.73885498e+02   1.67608246e+02   1.65159241e+02
   5.69785498e+03   1.35557663e+00   4.13576813e+02   3.40540845e+03
   1.09589380e+03   4.54841957e+01   1.02453232e+04   4.59679604e+00
   5.32296181e+00   2.69416748e+02   1.55684738e+02   6.70583069e-01
   4.71372900e+03   0.00000000e+00   7.59074951e+02   2.17463852e+02
   4.95950958e+02   2.94504356e+00   1.98638105e+00   8.04757595e+00
   7.08610177e-01   1.73871479e+01   1.92379069e+00   3.31508911e+02
   1.85371506e+02   3.78714111e+03   1.46278046e+02   1.44264551e+03
   5.48900085e+02   9.43220234e+00   1.68946301e+03   4.23386444e+02
   1.13012903e+03   3.33641187e+03   6.84047365e+00   2.84611786e+02
   4.73336084e+03   1.72114197e+03   4.21239624e+02   1.45518707e+02
   3.97189270e+02   1.94538452e+03   6.53044128e+02   7.93753386e-01
   6.31052551e+02   4.44993114e+00   6.12078400e+01   5.62389970e-01
   8.14157128e-01   6.59849561e+03   7.33175430e+01   6.14314384e+01
   1.28672409e+02   6.88569870e+01   1.87539711e+01   3.00644417e+01
   3.12773389e+03   5.64376824e-02   1.26613678e+02   1.61539629e-01
   1.81638107e+01   1.35670944e+02   1.29450893e+01   1.23846207e+02
   2.85653610e+01   2.33959854e+02   3.69637390e+02   5.21189308e+01
   1.34730713e+02   1.03922777e+01   1.01228722e+02   3.06332626e+01
   3.66850891e+02   6.34811035e+02   3.80531406e+00   1.16791887e+01
   2.28065853e+01   2.96824303e+01   1.55320048e+00   1.53540741e+02
   3.60918808e+01   2.47284927e+01   1.61988184e+03   1.90202408e+02
   0.00000000e+00   5.99580050e+00   4.41676826e+01   4.24779694e+02
   1.40094879e+02   1.08835193e+03   2.12394043e+02   9.45756836e+01
   5.22761292e+02   1.11996375e+03   1.00337814e+02   6.20121338e+02
   1.89023956e+02   5.48821449e+00   2.41447510e+03   2.01297264e+01
   4.77566455e+03   4.69848486e+03   4.53954053e+03   9.89371109e+01
   0.00000000e+00   1.04115234e+02   5.01450897e+02   2.11140869e+03
   1.01962189e+03   6.46019363e+01   4.08004590e+03   2.44210617e+02
   8.19163971e+01   6.44783936e+01   1.44205798e+03   0.00000000e+00
   4.12529419e+02   1.70303308e+03   5.20994263e+02   1.53321517e+00
   1.70537036e+03   4.16590834e+00   0.00000000e+00   3.94025299e+02
   1.32722009e+03   0.00000000e+00   1.80602512e+01   8.14644043e+03
   3.26317191e+00   1.40615509e+02   8.96722183e+01   4.99323273e+01
   4.82791260e+03   0.00000000e+00   8.06950391e+03   2.68873272e+01
   1.10490122e+01   3.10337677e+02   5.14400024e+02   1.11096021e+03
   1.88445129e+02   1.05422131e+03   1.81004776e+02   5.59799744e+02
   0.00000000e+00   4.57877100e-01   1.03099678e+02   6.26540833e+01
   9.11133194e+00   4.15791893e+01   8.11356079e+02   8.18531311e+02
   1.55889473e+01   3.30368500e+01   4.63479297e+03   1.94463863e+01
   2.66122985e+00   2.01464856e+03   3.18226288e+02   1.77279961e+00
   4.73011816e+03   1.53443481e+02   1.22641459e+01   5.46557665e-01
   7.92502625e+02   3.62895569e+02   5.91859961e+03   1.25083664e+02
   2.54109961e+03   3.99389130e+02   5.94935188e+01   1.28015955e+03
   2.76805420e+03   2.48313623e+03   1.09467278e+01   2.15547442e+00
   5.82395703e+03   4.12615186e+03   8.78514746e+03   6.92663757e+02
   2.73059106e+00   1.31974695e+03   2.54704559e+02   4.53769417e+01
   2.11719489e+00   1.29746506e+02   7.40173645e+01   8.80435547e+02
   2.64262158e+03   1.88542297e+02   5.85525085e+02   2.05574006e-01
   1.05492430e+01   1.79871387e+03   1.21346672e+02   4.11262500e+03
   2.28666935e+01   2.86143372e+02   2.25377045e+01   0.00000000e+00
   2.86755028e+01   8.64636993e+01   6.49504328e+00   8.41181946e+00
   1.24222046e+02   5.72475853e+01   2.16548630e+02   1.96839943e+01
   3.18717438e+02   7.37886124e+01   7.54145737e+01   3.15634399e+03
   1.63471216e+03   2.60155444e+03   1.43237695e+03   7.07369995e+00
   3.07993439e+02   7.61051453e+02   2.74158447e+03   6.87248459e+01
   9.61227570e+01   2.79432178e+03   2.19655724e+01   0.00000000e+00
   7.74773877e+03   4.88073540e+01   7.38873291e+02   9.15044689e+00
   2.39921216e+03   6.64636597e+02   1.68281693e+02   2.90805664e+02
   5.04916649e+01   5.18411446e+00   1.92030258e+02   1.02941077e+03
   2.36922144e+03   2.24075508e+00   2.07001820e+01   5.43203201e+01
   5.22631035e+01   1.17815027e+01   5.25722949e+03   1.00160897e+00
   1.29628076e+03   2.45393604e+03   0.00000000e+00   2.52436707e+02
   9.93533203e+02   6.59034619e+03   1.63192566e+02   2.72672302e+02
   5.88353943e+02   2.98986053e+02   2.49477463e+02   6.71028185e+00
   1.46913223e+02   7.15739975e+01   2.20882244e+01   1.17325218e+02
   1.37076196e+03   2.20269547e+01   5.18003027e+03   6.73348236e+01
   4.73055023e+02   5.90956802e+01   3.05729413e+00   1.36863754e+02
   1.75866947e+01   1.39998093e+02   1.01468918e+02   2.21243835e+02
   4.61739258e+03   2.68033936e+02   2.52351486e+02   3.48670215e+03
   6.17118311e+03   2.04067871e+02   8.68608093e+02   7.05281210e+00
   7.71847076e+01   1.09781426e+04   7.51765213e+01   7.12215759e+02
   2.69803650e+02   1.20970643e+00   5.37965698e+01   0.00000000e+00
   5.03513306e+02   4.40860645e+03   1.49046619e+03   3.35300098e+03
   2.55117233e+02   3.45065765e+01   3.38084015e+02   4.84245002e-01
   5.44192810e+01   6.72250748e+01   1.45260818e+02   3.09169482e+03
   9.47273315e+02   5.11405579e+02   9.81082812e+03   1.96789684e+01
   1.05916374e+02   3.24712891e+03   5.41748199e+01   8.74473022e+02
   3.54878564e+03   3.08261490e+01   3.83673553e+02   3.53512939e+02
   2.42059975e+01   4.25528812e+00   1.06821327e+02   1.36388397e+02
   2.57666138e+02   3.87610443e+02   1.32370361e+02   9.97934699e-01
   1.95163460e+01   5.33921623e+01   1.43312969e+01   9.97265320e+02
   1.06273096e+04   1.35465308e+03   7.97272339e+01   1.00076575e+03
   6.92331152e+03   3.88387756e+02   1.57977100e+03   2.31947756e+00
   6.03752563e+02   1.22672485e+02   8.58232040e+01   8.46815109e-01
   3.43976025e+03   5.36667664e+02   1.20342468e+02   6.05898682e+03
   1.16468594e+04   2.39760693e+03   7.58585072e+00   6.61279526e+01
   2.22505894e+01   4.07342682e+02   1.61381588e+01   4.44893616e+02
   5.33208679e+02   1.34105599e+00   4.29505348e+01   0.00000000e+00
   5.34764526e+02   1.90083716e+03   1.61263443e+02   1.35112402e+03
   1.54249527e+02   0.00000000e+00   2.51687469e+01   5.57883789e+03
   3.12404633e+00   1.70552277e+02   1.07900964e+03   1.78232410e+03
   0.00000000e+00   3.17296362e+00   2.87557190e+02   3.99174538e+01
   7.17780304e+00   7.39579163e+02   1.52112231e+03   5.97538623e+03
   4.43869873e+03   4.56028862e+01   6.99072754e+02   3.31639209e+03
   6.72773590e+01   0.00000000e+00   1.18008926e+02   4.86948047e+03
   1.71346268e+02   3.88770538e+02   1.11788269e+02   3.88919800e+03]
[  7.82626709e+02   1.54081249e+01   2.59364796e+00   3.90528946e+01
   3.93383522e+01   1.68886560e+03   3.92712059e+01   5.69801636e+01
   5.88519526e+00   5.15494141e+02   1.34617262e+01   1.57368717e+01
   6.60573059e+02   2.49617432e+03   2.24686844e+02   1.25755346e+00
   7.29808273e+01   4.98069519e+02   2.61310974e+02   4.56603670e+00
   7.96030855e+00   5.14727712e-01   7.93715820e+01   1.15361084e+03
   8.45527232e-01   1.07674179e+01   3.09374857e+00   2.75318546e+01
   3.67488899e+01   2.32282410e+02   5.75437775e+01   3.25981236e+00
   1.34996536e+02   3.30392036e+01   2.54546191e+03   2.42821460e+03
   2.53278756e+00   2.48239233e+03   2.93976116e+00   1.24336205e+02
   2.32968559e+01   3.80269928e+01   9.12842846e+00   7.64489517e+01
   2.80136299e+01   1.76991699e+02   6.43961426e+02   1.10896003e+00
   9.50957108e+01   2.30150509e+01   5.97294250e+02   0.00000000e+00
   3.07822781e+01   3.00684586e+01   0.00000000e+00   2.99632502e+00
   2.23197041e+01   3.43917236e+01   3.56818237e+01   1.67895096e+02
   2.88927174e+01   6.54081726e+01   1.06522970e+01   3.37498131e+01
   1.27574530e+01   1.02783384e+01   1.54652328e+02   1.98976116e+01
   9.53244305e+00   1.14986511e+02   1.68122139e+01   2.11314502e+03
   1.31742508e+02   1.36297197e+04   1.43438330e+03   5.34955120e+00
   2.44984245e+01   3.41032410e+01   7.65178528e+01   1.17003002e+01
   5.19507980e+00   4.92899475e+01   3.66192818e+01   1.55470848e+01
   6.06414566e+01   0.00000000e+00   1.76668848e+03   3.15000248e+01
   1.86411072e+02   3.06512127e+01   6.23002701e+01   2.36355572e+01
   9.90716648e+00   4.44445251e+02   3.68086578e+02   1.34101395e+02
   4.53747940e+01   9.19121246e+01   2.24009430e+02   8.46159668e+01
   1.00570953e+00   4.70587463e+01   8.73663025e+01   6.39397736e+01
   1.50296001e+01   3.41340904e+01   1.15853815e+01   1.97273022e+03
   2.83113480e+01   8.57989550e-01   3.86602478e+02   1.87677269e+01
   1.82842140e+01   8.52088776e+01   2.04511344e-01   3.44028902e+00
   2.85531445e+01   9.32100372e+01   2.09356250e+03   3.37499356e+00
   4.91533844e+02   4.26961632e+01   1.32914362e+01   1.38582230e+01
   1.58888912e+00   1.54319980e+04   4.70575285e+00   1.16332407e+01
   1.05963452e+03   5.75906792e+01   2.89454727e+01   1.26841835e+02
   3.71566498e+02   5.94628983e+01   3.30677759e+03   1.59989185e+01
   2.06906796e+01   7.91192579e+00   2.91959497e+03   4.96391525e+01
   2.65298691e+01   1.57782874e+03   4.23477054e-01   1.31044800e+03
   3.66033974e+01   1.79859955e+02   4.43917894e+00   2.75886627e+02
   3.35172119e+02   7.20203400e+01   5.51563339e+01   4.16538116e+02
   3.77178345e+01   3.27554665e+01   1.01686298e+03   5.27892952e+01
   6.06500359e+01   0.00000000e+00   5.84451962e+00   1.23438757e+03
   6.27960791e+03   3.17109277e+03   6.01348305e+00   3.41414413e+01
   8.49558487e+01   1.77317543e+01   3.97010841e+01   6.57854843e+01
   2.85609112e+01   1.42876740e+01   8.59104691e+01   1.17760658e+00
   1.28537798e+01   1.32185486e+03   6.54952383e+00   7.68099442e+01
   1.62956104e+01   1.82204323e+01   1.07776894e+02   9.12703857e+02
   1.73387833e+02   4.28410301e+01   9.23085144e+02   1.49463593e+02
   1.54424774e+02   1.21916748e+02   5.83979559e+00   4.84238243e+00
   1.07697395e+02   1.85755295e+02   1.67021759e+02   1.20420847e+01
   5.48968994e+03   1.22966957e+02   1.88734078e+00   9.06235046e+01
   1.83248253e+01   7.52998581e+01   8.90669327e+01   2.10173242e+03
   9.24958611e+00   5.28616333e+00   2.14490308e+03   1.37310200e+01
   1.80613160e+00   1.50189037e+01   1.24232544e+03   1.01062965e+01
   2.64959839e+02   7.57986206e+02   2.49794373e+02   7.98111153e+00
   5.05491241e+02   5.89415283e+01   1.56781769e+02   1.14643127e+02
   0.00000000e+00   8.35117569e+01   2.53339795e+03   4.29773346e+02
   0.00000000e+00   1.06137238e+01   3.49330559e+01   1.08167334e+01
   9.45242538e+01   1.21199036e+03   1.34385727e+02   9.74150848e+01
   1.49413133e+00   9.86207047e+01   3.12089367e+01   1.57634912e+03
   4.09028381e+02   1.19413965e+03   0.00000000e+00   0.00000000e+00
   1.47498215e+02   2.85280054e+03   2.62733936e+03   3.42351418e+01
   4.31744499e+01   7.19645309e+01   1.41831482e+02   0.00000000e+00
   2.34634190e+01   1.79034150e+00   2.14768652e+03   0.00000000e+00
   2.81873077e+02   6.53902130e+01   1.48688867e+03   8.77620697e+01
   4.77158394e+01   1.16003943e+03   6.58331482e+02   3.79443145e+00
   1.20868385e+02   7.13239822e+01   2.67566919e+03   1.36899811e+02
   1.01675652e+02   1.23588619e+01   3.36535309e+02   4.06150551e+01
   4.36998749e+01   0.00000000e+00   3.42297943e+02   3.71241021e+00
   9.59070683e+00   6.08821297e+01   2.61889990e+03   8.01385071e+02
   8.06707382e+01   4.06188011e+00   2.23968628e+02   4.81184082e+01
   5.59062012e+02   7.64362030e+01   2.82776890e+01   2.00084229e+01
   9.89764709e+02   8.00688782e+01   4.34765892e+01   2.16105542e+03
   1.85800095e+02   8.28282776e+01   1.34825478e+01   6.21626320e+01
   5.55592690e+01   9.14656906e+01   1.33761951e+03   1.31223724e+02
   6.95833740e+01   3.28805199e+01   3.97874336e+01   1.39169373e+02
   5.14978218e+01   1.18731079e+03   1.20081015e+01   4.54686279e+03
   2.49976746e+02   9.23740196e+00   2.57387573e+03   4.30401001e+02
   2.92789764e+02   4.22663513e+02   3.61187859e+01   7.58309570e+02
   5.87191925e+01   1.39833206e+02   7.33023286e-01   5.32686157e+01
   4.50690231e+01   3.46778259e+01   2.07482886e+03   4.28730049e+01
   3.31131616e+03   1.36802137e+00   7.79954834e+02   7.08139038e+01
   2.50468124e+02   4.93824005e+01   1.15520294e+02   2.68540222e+02
   1.13899017e+02   2.05164886e+02   5.68828249e+00   7.20307617e+01
   5.66840897e+01   6.58549652e+01   1.49883723e+00   3.18246994e+01
   0.00000000e+00   1.15835022e+02   1.15378227e+01   4.77397797e+02
   2.73876381e+00   1.59882645e+02   2.62889618e+02   4.00571289e+02
   8.93701477e+01   0.00000000e+00   7.08387878e+02   3.87500496e+01
   0.00000000e+00   6.82397604e+00   1.08252541e+02   4.97787333e+00
   1.45060930e+01   5.30369644e+01   1.57080259e+01   3.34497333e+00
   1.08532354e-01   6.87641220e+01   3.49253654e+01   5.61562549e+03
   6.64520874e+01   6.50791092e+01   2.45688324e+02   2.30730381e+01
   2.20285916e+00   1.40373413e+02   3.71304207e+01   4.81768532e+01
   8.25101196e+02   1.87698472e+00   5.02472649e+01   2.20449238e+01
   2.61412170e+02   2.44642048e+01   0.00000000e+00   2.54773499e+02
   5.07012482e+01   0.00000000e+00   3.30100212e+01   1.55543623e+01
   3.38860132e+03   1.02400045e+01   5.80971794e+01   1.03098640e+01
   1.79054489e+01   3.35344922e+03   2.35722119e+03   0.00000000e+00
   4.29843231e+02   5.62908478e+01   2.87543621e+01   0.00000000e+00
   6.63387222e+01   0.00000000e+00   1.75861804e+03   2.97197552e+01
   1.30589340e+02   1.49231415e+02   1.86238867e+03   1.12769324e+03
   1.64565247e+02   9.04554749e+01   1.64057205e+02   1.74135522e+03
   2.91099052e+01   3.24554596e+01   1.35533571e+01   1.83256984e+00
   1.50797882e+02   2.71916479e+03   4.47537575e+01   3.16414062e+02
   9.33957367e+01   1.26484833e+02   6.79265747e+02   1.92384363e+03
   3.29693294e+00   4.69145630e+02   7.61962952e+02   5.39643429e-02
   9.53043289e+01   2.72950149e+00   1.09905334e+03   4.38705711e+01
   8.68813660e+02   2.48500137e+01   6.35561333e+01   1.74731026e+01
   1.91730820e+02   1.24633496e+03   2.14966400e+02   6.16294594e+01
   1.27179287e+04   9.43190674e+02   1.74714233e+02   2.04983864e+01
   1.36535385e+02   1.72273083e+03   8.85390854e+01   2.29142065e+03
   1.66412781e+03   9.68720932e+01   4.39356956e+01   2.77125683e+01
   3.13417888e+00   5.66635376e+02   2.66167480e+02   5.81233788e+01
   4.07130928e+01   6.45777130e+01   0.00000000e+00   8.85695572e+01
   2.46004162e+01   9.70210361e+00   9.70274258e+00   1.32942762e+01
   2.79327393e+01   3.08165558e+02   7.09159927e+01   3.98021045e+03
   3.01637383e+01   3.74897437e+03   1.65837463e+02   7.15106583e+01
   1.64683960e+02   7.32988525e+02   4.05552254e+01   1.39073353e+01
   8.15381653e+02   2.27670212e+01   2.06181714e+03   2.21238708e+02
   9.41880417e+00   6.23540840e+01   6.83568420e+01   1.64301758e+02
   8.87160217e+02   2.54915308e+03   1.37377060e+02   1.69839197e+03
   1.55429110e-01   0.00000000e+00   3.96494675e+01   8.28052580e-01
   5.74169312e+01   4.95454445e+01   1.61052222e+03   5.35827041e-01
   1.76834961e+02   9.89968262e+01   5.20165977e+01   1.89713403e+03
   7.84594803e+01   0.00000000e+00   5.67270622e+01   1.85017944e+02
   2.23060093e+01   1.65208496e+03   9.74713806e+02   1.56519434e+03
   2.40000024e+03   3.22490967e+02   1.32322281e+02   5.60064087e+01
   2.59361475e+03   3.44652786e+01   1.25600367e+01   1.47414832e+03
   4.04553337e+01   1.40374847e+02   1.89450665e+01   2.45010376e+02
   9.16394348e+02   6.06630798e+02   2.64069019e+03   1.91893625e+00]
