bicycle
bus
car
motorbike
person
[ 10674982.      12126177.      20880572.      17610216.      22743134.
  10019570.       5138989.       1595368.      11174646.      10068719.
   7910460.      11053539.       1726596.5      4379992.       8241893.
   9840704.       6873601.       3037661.      25645882.       5988975.
   6712510.       9485686.       4045774.       9926734.        928615.0625
  15206785.      10363640.       9264055.       1573200.5      6919243.
  13055142.      11074159.      22282470.        817838.3125  24427320.
   3922726.75     4686764.5      1817793.875   13058537.       1139151.5
  12869834.       3970981.75    30316660.      25943750.      16123708.
  13834851.       8805255.       6248339.        727401.4375  13999274.
  29671848.       3515075.25     7248080.       6144358.5      5188558.
   9104950.      15466804.        618956.375    9479728.       2358914.
   7552103.       2777099.25    11685407.        898789.3125]
[  2.35828660e+07   6.23790550e+06   1.11030080e+07   1.32890812e+05
   7.68469550e+06   4.13149700e+06   1.22012130e+07   4.32805029e+03
   9.48704600e+06   5.81913450e+06   1.67721790e+07   1.72224580e+07
   9.24692773e+03   3.77588844e+05   1.00321330e+07   8.48043100e+06
   2.55648475e+06   2.15827940e+07   2.18539200e+07   1.73225300e+06
   5.13253555e+04   2.62064620e+07   1.63849953e+05   1.81723280e+07
   1.65255031e+05   1.63285680e+07   4.94295850e+06   3.84153438e+05
   1.16386500e+07   2.80304707e+04   8.51827200e+06   1.45160264e+04
   2.77239125e+05   1.30907350e+07   1.30291220e+07   8.28141438e+05
   7.58523906e+04   3.53362925e+06   1.35387730e+07   1.66692470e+07
   9.64908938e+05   4.89176344e+05   6.86399450e+06   5.96222300e+06
   3.21918800e+07   1.73995240e+07   3.00774473e+04   1.95254900e+07
   1.09273210e+07   5.20079719e+05   1.28691640e+07   1.35242210e+07
   2.67052500e+07   9.53917900e+06   3.51490219e+05   1.54413070e+07
   9.86011000e+06   2.98366320e+07   9.75370688e+05   8.91569200e+06
   1.78186060e+07   8.92315234e+03   9.05354700e+06   2.97793140e+07]
[  1.61906300e+06   5.56621550e+06   6.21284102e+04   1.43040328e+05
   1.63251523e+04   1.99909141e+04   8.90797812e+04   1.81459962e+06
   2.29608848e+04   7.85657062e+05   5.11829200e+06   5.74286312e+05
   1.58326750e+06   1.73762962e+06   1.48281025e+04   4.53932656e+04
   1.73749600e+06   1.09847438e+05   3.48267594e+05   3.96679750e+06
   1.12850453e+05   1.62025070e+02   5.78758100e+06   7.57591700e+06
   3.69725925e+06   1.30513489e-01   6.91831312e+05   1.92874638e+06
   1.12808727e+05   4.06359400e+06   1.02444795e+04   6.00528800e+06
   1.63919738e+06   2.22681900e+06   2.63413125e+06   3.19060950e+06
   1.28459038e+06   9.75344000e+06   4.46994156e+05   3.07549492e+04
   3.45950575e+06   3.38030875e+06   1.51231275e+06   6.42272050e+06
   3.12630900e+06   1.87746656e+05   7.67431000e+06   3.11510176e+04
   2.78318438e+05   1.67448609e+05   2.92585969e+05   8.92043750e+03
   2.77740825e+06   4.71194375e+05   8.51188900e+06   4.79100200e+06
   3.98894250e+05   1.74689238e+04   4.23042344e+04   4.89218031e+05
   9.19473938e+05   7.86508400e+06   5.84348850e+06   3.22496925e+06
   1.00516300e+07   8.79787562e+05   7.78627850e+06   3.69001825e+06
   1.98107609e+05   1.69756588e+06   4.31181950e+06   5.53869650e+06
   6.64422312e+05   9.77438184e+03   0.00000000e+00   8.52538062e+05
   1.91455625e+04   4.49222100e+06   3.10165200e+06   2.80618750e+05
   5.51883838e+03   2.83341125e+06   1.76078462e+06   1.24968965e+04
   3.49569300e+06   3.71752900e+06   2.42853250e+06   2.40196230e+04
   3.93567500e+06   3.92928312e+05   4.77527450e+06   2.92763425e+06
   5.49609938e+05   3.00296975e+06   1.48036750e+05   4.69258950e+06
   6.64545850e+03   1.05732112e+06   1.36867328e+05   4.50006875e+04
   2.57987175e+06   4.95808398e+04   6.27230188e+05   1.33172188e+06
   8.25261780e+02   1.06740275e+06   1.23162607e+04   1.94580406e+05
   1.71695200e+06   2.70867406e+05   4.09375977e+04   4.52598950e+06
   2.85158656e+05   3.63013775e+06   4.28006100e+06   3.06988925e+06
   1.59370650e+06   4.42273531e+05   2.63531550e+06   1.89902200e+06
   2.20047200e+06   3.78200450e+06   9.68991953e+04   4.54847300e+06
   3.52068062e+05   2.01765723e+04   1.20665290e+07   2.60637891e+03]
[  1.77456962e+06   1.00210019e+06   1.17651680e+05   0.00000000e+00
   5.96179248e+03   2.56345150e+06   4.24409625e+05   4.14414531e+05
   8.12428250e+06   2.61563300e+06   6.16942250e+06   4.02701725e+06
   1.63457012e+06   3.87962438e+05   8.03791309e+03   7.77745688e+05
   2.31667775e+06   1.67597975e+06   1.01586006e+06   1.04190488e+04
   4.48432750e+06   2.42868850e+06   8.94028750e+05   2.15653809e+04
   8.09330250e+05   2.87206625e+05   5.01477406e+05   4.41182850e+06
   1.45150375e+05   2.91929450e+06   3.47283672e+04   9.06043200e+06
   3.03328700e+06   5.35685000e+05   9.34248750e+05   2.53991675e+06
   2.23941575e+06   7.38787100e+06   1.29600953e+05   3.07665820e+04
   7.28052375e+05   3.94513281e+04   3.31052578e+04   1.99826562e+05
   5.70045875e+05   3.75968000e+06   3.64579175e+06   4.52789800e+06
   1.35456312e+06   9.50305600e+06   1.39016775e+06   2.88026300e+06
   3.47007275e+06   1.87321412e+06   4.33108844e+05   8.27476328e+04
   4.42472400e+06   1.05040789e+05   1.10198279e+03   2.73939825e+06
   2.13978950e+06   3.51326975e+06   5.09120400e+06   2.18691875e+06
   1.72610375e+05   6.10854700e+06   1.06363625e+05   3.72517550e+06
   2.50470125e+06   4.47380850e+06   7.13275375e+05   7.65384250e+06
   5.88248200e+06   3.32832200e+06   9.34289600e+06   4.01987402e+03
   2.67606825e+06   1.76976350e+06   1.03206630e+07   2.23016225e+06
   2.16301025e+06   2.47542402e+04   6.31409700e+06   1.86432450e+06
   5.76430938e+04   3.10791150e+06   8.59178047e+04   2.10383550e+06
   1.53144521e+04   7.00234750e+05   1.36738926e+04   4.81096900e+06
   2.27195078e+05   6.16191100e+06   2.84172719e+05   2.82858800e+06
   1.16234547e+05   3.16834650e+06   2.16259750e+05   8.19797850e+06
   2.21496660e+04   6.23133750e+04   7.51972400e+06   3.01856592e+03
   5.48386367e+04   8.48645200e+06   2.00063438e+06   3.27321125e+06
   6.22540550e+06   3.49432725e+06   2.87389990e+03   3.12605900e+06
   1.15865523e+05   1.42400040e+07   2.93525300e+06   8.47682562e+05
   7.06457188e+05   2.38850975e+06   7.39960059e+03   5.00058828e+04
   7.64152550e+06   6.73842250e+05   9.43087500e+03   3.16796875e+06
   1.92371612e+06   6.94704750e+05   6.68081200e+06   3.11009700e+06]
[  1.99785522e+03   1.73477344e+04   6.92200812e+05   1.29592080e+04
   7.88589417e+02   4.48269482e+03   2.25409570e+03   5.17867327e-01
   1.57841600e+06   1.71784883e+04   3.14806226e+03   1.18708076e+04
   2.35339975e+00   4.14252734e+04   2.64795215e+04   1.22405107e+04
   4.36509922e+04   6.20587562e+05   2.02528101e+03   1.82146719e+05
   3.23960907e+02   1.16893545e+04   2.46101141e+05   1.94025312e+04
   1.29361016e+04   2.92066748e+03   1.17023338e+06   0.00000000e+00
   1.10492178e+04   4.94864023e+04   2.03661401e+03   4.42289673e+02
   2.10887790e-01   2.28488594e+05   5.88694453e+04   8.44308625e+05
   1.08326312e+06   5.93035693e+03   7.73914612e+02   1.90448523e+03
   2.95219507e+03   5.20075488e+03   4.63425684e+03   2.37079453e+05
   6.36485205e+03   2.78897339e+03   1.06899742e+02   3.43518896e+03
   3.60962812e+04   2.15965020e+04   1.13330566e+04   3.28815826e+02
   8.07422250e+05   1.71933234e+05   8.76068497e+01   9.21399316e+03
   3.74830562e+05   5.32851500e+05   5.76886914e+03   1.79732437e+01
   1.56054406e+05   2.04524082e+04   3.89879969e+05   4.79716484e+04
   2.50148463e+00   7.28705420e+03   1.08332251e+03   6.54392188e+03
   6.60744971e+03   9.65371562e+04   7.87001438e+05   1.05944900e+06
   6.97419922e+02   2.91681465e+04   2.47473486e+03   1.79444360e+03
   9.22382422e+03   2.53452719e+05   3.60183812e+05   2.94410250e+05
   1.69154094e+05   2.18620825e+03   1.69102305e+04   2.94500391e+03
   1.03606119e+06   1.54428150e+06   9.88578906e+04   1.20352362e+06
   8.01442891e+04   1.32267700e+02   2.00480151e+03   3.11576328e+04
   3.94648875e+05   7.85827881e+03   0.00000000e+00   1.31019238e+03
   1.30978301e+04   8.44188500e+05   4.98304297e+03   2.37679492e+04
   2.72283750e+04   3.40266328e+04   7.37541688e+05   1.15523023e+05
   2.88521069e+03   7.93730127e+03   1.68594421e+03   4.26287939e+03
   8.87286987e+01   2.05524141e+05   4.17171062e+05   1.71141504e+04
   1.84085968e+02   1.48573506e+04   1.79808398e+04   4.97216455e+03
   1.18021107e+01   1.01227959e+04   2.05781570e+02   1.49323238e+06
   2.17977129e+04   2.18880310e+01   1.34635166e+04   3.45938904e+02
   6.90583936e+03   3.74276312e+05   2.50586792e+02   3.62721992e+00
   3.50847406e+05   1.12556641e+04   6.51920508e+03   7.94122021e+03
   2.20014102e+04   7.84741000e+05   2.11300708e+03   1.39244983e+03
   2.01558100e+06   2.25881875e+05   1.93212344e+04   0.00000000e+00
   1.64053496e+04   1.69397424e+03   4.82657324e+03   4.90045469e+05
   3.87250366e+03   1.12379488e+06   5.25620410e+03   1.44496777e+03
   1.57430031e+05   1.27815271e+03   2.07862622e+03   1.34466631e+04
   2.63689570e+04   2.78294863e+04   3.74226000e+05   3.18781885e+03
   9.70876758e+03   2.11533141e+05   3.29388969e+05   3.50618625e+05
   1.03114014e+03   7.46705547e+04   4.35290875e+05   1.24146504e+04
   7.70818516e+04   1.96770762e+06   7.36637000e+05   1.54989359e+05
   2.67281750e+05   1.03066600e+06   9.17718062e+05   1.48971977e+01
   4.79979102e+03   2.68178250e+05   1.70562969e+04   8.16618359e+03
   8.30833938e+05   9.82776465e+03   1.06579662e+06   4.64757109e+04
   2.46602141e+05   5.35245000e+04   2.26574703e+05   1.93268145e+04
   1.56669951e+04   1.57258418e+04   5.76536328e+04   2.69892227e+04
   3.37871188e+05   4.61250439e+03   1.12116064e+04   1.18092888e+06
   2.02037735e+01   4.54889000e+05   1.54525916e+03   1.39072612e+06
   7.49470361e+03   3.98512531e+05   9.79996250e+05   5.21150438e+05
   1.47990039e+03   9.02703750e+05   1.45743525e+06   2.72578955e+03
   3.03044863e+04   1.31206738e+03   7.64981592e+03   4.48852051e+03
   1.91921643e+03   4.10825875e+05   3.78642125e+05   4.85849969e+05
   1.29929211e+03   1.70126113e+04   1.03102283e+01   1.44181787e+04
   1.72356470e+03   8.11181812e+05   1.69654824e+04   3.21907990e+02
   3.15688403e+03   3.33336914e+03   9.46094360e+01   1.28312680e+05
   5.97233875e+05   7.73770264e+02   1.04147469e+02   3.96598281e+04
   2.36206299e+02   5.67865688e+05   3.21371504e+04   2.11834717e+01
   2.18818469e+05   1.65480786e+03   6.45540312e+05   6.38444580e+02
   1.19037952e+03   5.13536602e+04   4.05529938e+05   3.70137482e+02
   1.90013000e+05   9.06864250e+05   1.71272559e+03   8.27402344e+02
   2.14227695e+04   5.19325146e+03   3.20076904e+03   6.51335596e+03
   5.93263135e+03   2.26973016e+05   2.19497812e+04   1.28673499e+03
   6.01531641e+03   1.35217255e+02   3.73128101e+03   3.79571562e+05]
[  8.52461438e+05   6.82856494e+03   2.85062329e+03   9.94087036e+02
   1.21667112e+06   8.52961750e+05   2.08980484e+05   5.47932031e+03
   2.64772539e+04   8.61208252e+02   2.81666577e+03   1.22501221e+04
   1.54843176e+03   1.27006182e+04   5.17195020e+03   2.18821899e+03
   5.57585487e+01   2.38971533e+03   8.40476688e+05   5.54376484e+04
   0.00000000e+00   6.44012085e+02   5.35237732e+02   2.23818688e+05
   5.65937767e+01   1.70380530e+03   7.81989917e-02   2.56945672e+05
   8.34920312e+03   8.85671997e+01   5.01505703e+04   1.24501250e+04
   7.03944727e+03   1.25717297e+05   5.04675049e+03   5.51010664e+04
   5.22510352e+03   1.42751941e+03   3.79068896e+03   1.30152261e+00
   2.10426953e+05   1.84054258e+04   1.01466992e+04   2.76442896e+03
   8.32208105e+03   6.58535107e+03   2.63605812e+05   3.16720488e+04
   7.58865781e+04   3.37719727e+02   8.96328809e+03   9.03321533e+02
   1.24419531e+03   9.97554688e+03   1.65553047e+05   3.57915344e+05
   2.98052227e+04   5.15357695e+04   1.13031436e+04   2.50304291e+02
   3.50051270e+03   2.18269180e+04   5.86907806e+01   2.79845215e+02
   0.00000000e+00   3.44556680e+04   6.69096484e+04   3.51083801e+02
   3.51855444e+03   1.04658008e+04   5.43787188e+05   3.44161670e+03
   4.81887266e+04   5.16553906e+03   1.68502773e+04   5.57251328e+04
   5.27030859e+04   5.20702344e+03   4.26232773e+04   2.88748906e+05
   4.55071381e+02   8.25280273e+03   3.10746431e+00   2.91273613e+04
   1.36821838e+03   9.48156152e+03   3.26533813e+02   1.07772529e+04
   5.96802979e+03   2.51131914e+04   1.25274600e+04   5.39309180e+03
   3.76391484e+04   2.45996438e+05   6.87190979e+02   0.00000000e+00
   9.33743438e+04   5.03347588e+00   1.70807852e+04   2.81019250e+05
   1.60477185e+03   2.24666816e+04   2.77800594e+05   3.68480949e+01
   6.14523535e+03   3.86229297e+04   2.04848750e+04   3.41019531e+04
   4.26049336e+04   7.81000438e+05   2.35258032e+03   6.81991562e+05
   8.74077301e+01   4.26876025e+03   2.46043872e+03   5.43328809e+03
   8.46796448e+02   5.12559082e+03   3.75935547e+04   1.01820773e+05
   1.07378955e+04   2.03936340e+03   5.21659766e+03   2.97835906e+05
   2.29858691e+03   6.58647156e+02   4.40026617e+00   5.49540039e+03
   1.03936108e+03   9.99159312e+05   3.30841289e+04   2.12687158e+03
   5.27539307e+03   8.80551750e+05   9.94703918e+02   1.10616904e+04
   1.18409150e+04   3.08617031e+05   4.53417480e+03   1.48620407e+02
   0.00000000e+00   2.12881445e+03   6.29415771e+03   1.84111367e+04
   0.00000000e+00   1.31156616e+03   2.51945190e+02   0.00000000e+00
   1.41595955e+01   4.92704248e+03   3.37520561e+01   6.66654736e+03
   4.29914562e+05   9.16144844e+04   1.61367126e+03   1.14436008e+05
   1.22355664e+03   1.58407898e+02   5.11724414e+04   6.64199750e+05
   2.12577563e+03   3.54854102e+03   2.53830688e+03   5.57033501e+01
   4.10985938e+05   0.00000000e+00   7.51243281e+04   2.30230688e+03
   3.00504562e+05   9.77541062e+05   3.41490974e+01   0.00000000e+00
   8.19773340e+03   1.93338297e+05   3.99427656e+05   2.09419897e+03
   2.63855664e+03   9.60289001e+02   4.89612207e+03   4.35341775e-01
   6.41965088e+03   4.36971777e+03   1.63566116e+02   9.94005273e+03
   3.63703632e+00   3.86817725e+03   4.93856797e+04   9.72243066e+03
   3.25340112e+03   1.49311829e+02   3.04603188e+05   1.40187183e+03
   1.22260986e+03   8.90566602e+03   1.72495508e+04   1.44495801e+03
   2.20145723e+04   7.82684082e+03   3.73206281e+05   3.05078186e+02
   3.37604675e+02   1.12749147e+00   5.18049938e+05   3.04461035e+04
   2.35288535e+04   4.18888733e+02   7.28182031e+03   5.67662938e+05
   7.27338984e+04   1.10747300e+06   4.11263561e+00   2.61968042e+03
   1.46958711e+04   2.34214531e+04   1.93223499e+03   1.85106062e+05
   1.13877820e+05   5.80998438e+03   4.25417383e+03   9.91051855e+03
   9.47405566e+03   1.30263320e+04   8.14704980e+03   1.48950964e+03
   1.82071121e+02   3.39409609e+04   1.07609406e+05   1.69805547e+04
   1.02365735e+03   2.21453552e+01   2.96863766e+01   4.57070947e+03
   2.35944562e+05   3.25904565e+03   6.86719062e+05   6.00443945e+03
   9.30615625e+03   4.05464844e+05   6.29236526e+01   1.40299271e+02
   4.51311182e+03   2.18380562e+05   1.29364410e+02   1.72614746e+01
   1.93731641e+03   1.22216080e+02   7.03609521e+03   2.14900000e+03
   2.72063000e+05   1.26843984e+05   9.66249023e+03   2.85801797e+04
   7.58357031e+03   4.09941219e+05   3.44947681e+03   4.78662695e+04]
[  4.62252344e+04   1.02881123e+04   1.37166553e+03   1.22937695e+03
   2.18794016e+05   7.94910547e+03   5.95904180e+04   1.66189734e+03
   4.74234772e+02   5.81507562e+05   2.05685801e+04   1.99221504e+04
   3.52384546e+03   1.64517542e+03   3.09828711e+03   6.34910461e+02
   3.42931610e+02   8.13974243e+02   7.65712891e+01   2.37482129e+03
   4.70022383e+04   4.18005547e+04   1.30289072e+04   1.11101074e+04
   2.95034729e+02   1.98407246e+04   8.09430713e+03   4.52502969e+04
   1.69035566e+04   3.79488906e+05   7.11994385e+02   1.77141895e+04
   4.88547070e+04   6.20246406e+04   4.77278223e+03   1.86801914e+04
   2.65496188e+05   7.43952750e+05   5.50825806e+02   9.23762812e+05
   1.09842700e+03   9.81481018e+02   7.67949805e+03   8.50301562e+04
   3.15570898e+04   6.80031689e+03   5.48424255e+02   9.55262012e+03
   3.65986758e+04   6.43740234e+03   5.61739883e+04   5.42947000e+05
   2.46168286e+03   7.13154125e+00   1.95117932e+03   1.94956860e+03
   2.17663501e+03   5.77880977e+04   3.11805487e+00   1.17674521e+04
   2.26769995e+03   3.38102383e+04   2.40526465e+03   1.18642959e+04
   1.55646670e+04   1.62858232e+04   7.60017041e+03   9.54395117e+03
   1.88215000e+05   2.52575742e+04   6.02968711e+04   4.04245850e+03
   9.97048125e+04   6.88588574e+03   2.07143266e+05   1.50067578e+05
   8.70866172e+04   3.32300469e+04   1.41806934e+04   6.07795044e+02
   1.71270300e+03   1.78458313e+02   3.37532422e+04   9.16793701e+02
   3.42161055e+04   1.51659897e+02   2.28394902e+04   1.76429932e+02
   4.80971947e+01   6.14105530e+02   9.62664032e+01   2.55574365e+03
   6.01519434e+03   1.44694214e+03   8.06425859e+04   3.96314575e+02
   2.52969116e+02   1.46930969e+05   3.45698406e+05   1.57309953e+05
   1.47708250e+05   7.09443125e+04   1.46258264e+03   1.92330103e+03
   3.88574883e+04   4.66830908e+03   2.80688500e+05   2.37282402e+04
   2.28667920e+03   2.52282104e+03   3.31472930e+04   3.10422803e+03
   2.20827949e+04   2.26850732e+03   2.30757617e+03   1.08130906e+05
   8.71428125e+03   4.58791094e+04   1.16948242e+05   7.05138750e+04
   4.34598970e+00   3.62539188e+05   4.04552070e+04   6.39872188e+04
   1.16665508e+05   1.11260242e+03   2.54421953e+04   5.76448669e+01
   5.41496338e+02   2.13191727e+02   5.39681689e+03   2.89100430e+04
   9.01168848e+03   4.88414111e+03   2.21520645e+04   2.87347998e+03
   9.03459277e+03   7.34867266e+04   1.18953154e+04   1.91369165e+03
   6.65389967e+00   3.49905312e+04   3.24123932e+02   5.12621055e+04
   8.98564941e+03   3.71106133e+04   3.92789453e+04   3.04741993e+01
   1.82122078e+05   6.50091895e+03   1.01755195e+04   2.73178398e+04
   3.53108917e+02   1.88722859e+05   7.38183136e+01   6.49852393e+03
   6.76400547e+04   1.52572881e+04   1.82206078e+05   1.07251379e+03
   2.13943726e+03   3.86439270e+02   1.55586006e+04   5.62109375e+03
   8.77002930e+03   9.12601758e+03   2.42365254e+04   6.46028086e+04
   4.44564404e+03   1.17950664e+04   2.26519730e+02   6.74569971e+03
   1.61820642e+03   1.04077380e+03   3.02488750e+04   4.78818018e+03
   2.54598477e+04   2.80978955e+03   1.35167875e+05   3.19760742e+04
   1.25004053e+03   3.05178867e+04   5.67503047e+04   2.69400820e+04
   7.57897188e+04   3.42064667e+02   8.60670000e+04   5.39857712e+01
   7.15795020e+03   3.60797125e+05   2.84503320e+04   1.93867188e+03
   3.08651245e+02   6.27285781e+04   7.66965332e+01   1.31690161e+03
   2.92553652e+04   8.91780078e+03   2.41002559e+04   9.64766328e+04
   4.45190039e+03   3.89720062e+02   2.73440840e+04   1.07065734e+05
   6.81278047e+04   4.52429053e+03   2.11538613e+04   1.56148789e+04
   5.34054023e+04   3.74993801e-01   4.25622754e+03   4.94962256e+03
   2.39560312e+04   1.34295029e+04   5.30282773e+04   5.07489227e+02
   1.26453916e+04   2.96602539e+04   1.09108223e+02   1.35959344e+05
   3.36837891e+04   8.03106885e+03   4.75615186e+03   1.54545566e+04
   3.58594922e+04   2.15248623e+01   9.53769779e+00   1.05789648e+04
   1.31403162e+03   2.18782656e+04   2.09707441e+04   1.30025732e+04
   1.02510754e+03   2.02049785e+04   6.39342250e+05   2.12128574e+04
   3.06604517e+03   2.38749341e+03   5.42410062e+05   2.26554102e+03
   6.35867798e+02   4.31779785e+01   1.23294714e+03   6.97839737e+01
   2.06141113e+04   3.61955688e+05   3.72381706e+01   3.16141109e+01
   6.87051094e+04   1.80470391e+04   5.29547393e-01   4.55248477e+04
   8.75637988e+03   2.71523877e+03   2.52416656e+02   2.78443555e+04]
[  3.94606598e+02   4.79118359e+03   1.74804980e+04   2.54886543e+04
   1.05642444e+03   4.92240898e+04   6.25293274e+02   2.59476270e+03
   8.62670288e+02   9.77748291e+02   2.71116797e+04   6.99285156e+03
   4.29473877e+03   9.85901562e+03   6.28459180e+03   1.84896460e+03
   8.84757715e+03   1.78794258e+04   3.33100195e+04   4.37652734e+03
   9.43126221e+02   6.66971484e+04   4.65337842e+03   9.77758728e+02
   4.06827930e+04   7.40615479e+03   3.68148125e+04   1.97491785e+03
   5.00157969e+04   1.20832529e+04   1.01296826e+04   8.07448906e+04
   7.82149219e+03   1.31355059e+04   2.11960371e+04   7.12457500e+04
   3.02406992e+04   3.76924927e+03   1.57966492e+03   1.95739219e+04
   3.43946304e+01   4.31896523e+04   2.66069629e+04   3.87761523e+04
   7.44121704e+02   1.03347009e+03   9.95455859e+03   1.32349922e+04
   5.32212067e+01   2.31416445e+04   5.40523594e+04   9.56498779e+02
   1.02182865e+01   2.00370566e+04   7.53692773e+03   1.28239141e+04
   1.57211960e+02   3.41833105e+03   4.89845215e+02   2.56735010e+03
   5.06635596e+03   7.77797266e+04   1.72871211e+04   1.44750586e+03
   8.26652734e+03   9.60758984e+03   1.29661328e+03   1.53573349e+02
   2.01670410e+04   1.39188672e+03   2.52671855e+04   4.14037256e+03
   5.86483359e+04   2.65146582e+03   3.73512955e+01   7.67274353e+02
   1.37451941e+03   3.58309631e+01   5.71427383e+04   2.37075176e+04
   1.13500130e+02   7.39720459e+03   2.75955547e+04   6.25214219e+04
   7.06078516e+03   0.00000000e+00   5.39476318e+03   1.39503174e+03
   5.46516445e+04   4.45918867e+04   2.47182715e+03   2.42803391e+02
   5.84956914e+04   9.65928711e+03   5.39956055e+04   1.78185215e+04
   2.97592285e+04   1.03621667e+03   3.63447539e+04   3.61274492e+04
   1.16731953e+04   4.29866638e+02   8.14564688e+04   6.26626270e+03
   1.25490195e+04   2.00670312e+04   4.19460602e+02   6.53916758e+04
   3.51900742e+04   1.66942029e+03   1.16242588e+04   7.28477722e+02
   2.02240601e+03   3.39883789e+02   1.09216382e+03   3.06378027e+04
   0.00000000e+00   3.68417734e+04   4.89764648e+02   1.61071006e+04
   7.86065979e+02   3.92667227e+04   1.95586133e+04   2.29449805e+03
   5.40273242e+03   3.48486562e+04   3.50232153e+03   1.04137627e+04
   2.64884512e+04   7.43014355e+03   6.79859192e+02   6.79614160e+03
   1.44140801e+04   3.45062539e+04   2.11555137e+04   3.41405731e+02
   7.03493555e+03   0.00000000e+00   2.15326508e+02   1.07527370e+01
   1.77809824e+04   4.61432312e+02   1.52321182e+04   1.33064468e+02
   3.70125928e+03   2.31851392e+03   7.30492432e+02   6.57390088e+03
   6.46016235e+02   6.10370361e+03   5.18041094e+04   5.68025879e+03
   1.63355396e+03   4.63457471e+03   4.00588348e+02   1.44499004e+00
   8.09388275e+01   9.60667175e+02   7.33277832e+02   6.34567539e+04
   9.51830957e+03   2.18019629e+03   6.60390918e+03   1.82374664e+02
   2.76530762e+04   9.29265234e+03   5.22837930e+04   4.50553711e+02
   4.37651875e+04   5.95199297e+04   2.79064209e+02   3.61188281e+03
   9.37079785e+03   8.73212524e+02   4.54402148e+04   2.57416328e+04
   1.95596348e+04   6.19889795e+03   4.32996826e+03   1.85865015e+03
   2.29644121e+04   1.07482556e+03   2.67871875e+04   1.69174902e+04
   7.35689941e+03   4.57676641e+04   5.87318789e+04   6.66134521e+03
   3.14551074e+03   2.51451172e+03   7.79570435e+02   1.40933818e+04
   1.04610342e+04   8.55613359e+04   7.18462656e+04   4.41542617e+04
   2.30893438e+04   8.96687891e+03   1.35987734e+04   2.74483105e+03
   4.70459648e+04   8.05551514e+03   5.82745422e+02   4.89731836e+04
   5.29631602e+04   7.55661987e+02   2.42469355e+04   2.15389609e+04
   3.36246552e+02   1.17826912e+02   2.41579907e+03   2.35893433e+02
   1.58816086e+02   5.44848938e+02   2.28153320e+04   2.85150488e+03
   4.33192529e+03   1.59565049e+04   2.45103379e+04   1.52441611e+04
   1.39355771e+04   4.17302070e+04   6.21378357e+02   9.30083370e+00
   1.33087109e+04   5.64983765e+02   1.28074121e+03   6.31132460e+00
   3.18237091e+02   3.75906738e+03   3.34940033e+02   2.14537201e+02
   2.34762539e+04   1.36393701e+04   4.70316914e+04   7.67522314e+03
   3.54920078e+04   9.58735962e+02   1.19275986e+04   1.98129316e+04
   8.17204639e+03   1.72830684e+04   6.35688037e+03   3.27475566e+04
   5.25298035e+02   5.57636719e+04   7.45769971e+03   9.11851379e+02
   1.40402783e+04   1.13245693e+04   9.73327832e+03   6.20887227e+04
   8.52554004e+03   7.40963438e+04   2.25928223e+04   1.84767461e+04
   5.92107031e+04   1.62337354e+03   1.02429333e+03   5.16884297e+04
   4.08807305e+04   6.10999146e+02   8.19546777e+03   2.89613525e+03
   1.10876846e+02   1.40172656e+04   2.37426709e+03   7.68314609e+04
   2.37299316e+04   5.70993591e+02   2.04868271e+02   1.68895508e+03
   4.98767578e+03   1.95480164e+03   6.39693320e+04   1.61557070e+04
   9.16045570e+00   3.83814583e+01   4.50396055e+04   6.62609473e+03
   1.25053129e+01   1.77756396e+03   1.60781260e+04   4.36358086e+04
   1.54544312e+03   4.56343604e+03   2.87782917e+01   1.25097827e+03
   2.61990161e+03   1.51410859e+04   1.03057764e+04   6.63153223e+03
   3.51976875e+04   3.28409102e+04   2.05382344e+04   2.80777271e+03
   3.27280243e+02   6.97553528e+02   1.02958887e+04   2.34645332e+04
   1.35651520e+02   1.18731799e+03   1.61401836e+04   4.93099640e+02
   2.27318921e+03   1.63840078e+04   3.05672803e+03   9.57512573e+02
   3.90776289e+04   6.63246155e+02   2.49200745e+01   7.34973486e+03
   4.95330841e+02   1.33083594e+03   5.23098633e+04   3.52228438e+04
   7.74063568e+01   3.67054180e+04   1.08068076e+04   3.98133447e+03
   1.05222412e+03   1.28314014e+04   6.79549844e+04   9.27009033e+02
   6.82763906e+04   5.63899492e+04   6.69666250e+04   2.67949980e+04
   8.07712988e+03   9.44842651e+02   3.49256875e+04   1.23358574e+04
   4.03468516e+04   1.62582922e+03   1.16317886e+02   2.14586465e+04
   2.53894577e+02   2.24442832e+04   4.05220435e+03   1.33803320e+04
   6.30029375e+04   1.97189392e+03   1.23107236e+04   1.34421533e+03
   1.03767303e+02   1.33084717e+04   1.65029258e+04   2.92756274e+03
   2.69130200e+03   1.60726001e+03   3.36527734e+04   7.05251221e+02
   5.26494202e+02   2.42478320e+04   5.52730322e+03   3.92733472e+03
   3.99920469e+04   1.21881201e+03   3.59836953e+04   1.38934014e+04
   2.93456328e+04   1.64880781e+04   3.85197113e+02   1.50192908e+03
   4.61932129e+03   1.37007397e+03   6.05097109e+04   6.88517969e+03
   3.07714473e+04   1.02222773e+04   1.02615791e+04   2.32183496e+03
   1.10039268e+04   5.71344043e+03   4.28614648e+04   5.76662988e+03
   3.41369232e+02   6.40301953e+03   2.41885696e+02   1.64220428e+02
   2.00566191e+04   8.71855078e+03   1.00335564e+02   3.40259766e+04
   1.20403877e+04   2.77054126e+03   1.61218481e+03   5.09246582e+03
   3.61360626e+02   1.15130417e+02   5.29020850e+03   2.91701343e+03
   3.17652393e+03   9.56491406e+03   1.84574570e+04   3.54839727e+04
   6.41383838e+03   3.55457129e+03   2.34745801e+03   6.72952454e+02
   5.29718689e+02   1.26556279e+04   3.10229277e+04   3.69619375e+04
   1.41532686e+04   1.07979512e+04   7.49510352e+03   1.18930676e+03
   3.55918701e+02   1.36813156e+02   1.51675078e+04   9.32050488e+03
   5.29518213e+03   4.68202362e+02   1.52856025e+04   2.41833750e+04
   2.10740430e+03   1.74141504e+04   1.91565996e+04   3.67553516e+03
   4.53793408e+03   8.40515820e+03   3.00847925e+03   4.75853477e+04
   5.74780742e+04   7.42480127e+03   2.45847422e+04   1.69178467e+03
   5.35100664e+04   2.80004663e+03   1.59907104e+03   5.16463916e+03
   2.75728965e+04   3.57851562e+04   1.42176914e+04   1.74416602e+03
   1.18320422e+03   1.12078821e+03   1.64881094e+04   5.67933154e+03
   1.62429648e+04   4.34553906e+03   1.10777422e+04   7.66150513e+01
   0.00000000e+00   3.91132734e+04   1.01396362e+02   1.21353887e+04
   3.82084106e+03   4.83552383e+04   3.36044238e+03   7.13114531e+04
   1.46027822e+04   0.00000000e+00   4.04944458e+03   3.56520325e+02
   1.76943921e+03   1.05022129e+04   8.85287323e+01   2.23850122e+03
   9.79745605e+02   7.21060254e+03   1.02604439e+02   5.07160498e+03
   2.37005664e+04   4.12398438e+04   4.22267529e+03   1.86408722e+02
   1.70780688e+03   4.11460840e+03   3.64600754e+01   6.39092090e+03
   8.25145215e+03   3.45190125e+02   2.59921265e+03   2.54914502e+03
   2.47659521e+03   3.44028076e+03   3.61015078e+04   0.00000000e+00
   3.25844330e+02   1.28767764e+04   3.51946992e+04   1.69663750e+04
   2.77371855e+04   3.35822388e+02   1.09573535e+03   5.51150757e+02
   1.77906855e+04   7.77179138e+02   7.59694297e+04   1.88778748e+03
   1.04827744e+04   1.03905146e+04   3.85908228e+03   2.89072168e+03
   2.38086035e+03   6.50012773e+04   3.77456372e+03   1.99840977e+04
   6.15648926e+03   6.21497459e+01   1.31519257e+02   1.42475469e+04
   8.22353516e+03   5.13823750e+04   3.13807031e+03   3.07470276e+02
   2.88343730e+04   1.87765259e+03   1.03816260e+03   8.11416484e+04]
[  3.03860889e+03   7.26917041e+03   1.91059497e+03   1.23155281e+02
   3.36630664e+04   3.39930847e+02   4.99598750e+04   3.14312188e+04
   3.93101133e+04   4.03447266e+02   6.10041382e+02   2.11675098e+03
   1.58377502e+02   4.57239453e+04   5.41297998e+03   1.30685028e+02
   4.12631299e+03   4.79256104e+03   2.00839294e+03   4.16702295e+03
   3.21216089e+03   6.41720166e+03   1.94756396e+03   6.76990814e+01
   5.82506287e+02   1.62568428e+04   2.32067578e+03   1.04858916e+04
   1.93451392e+03   1.03868689e+03   7.32764587e+02   2.17312302e+02
   5.26146729e+03   1.05397511e+01   6.99088745e+02   8.71381287e+02
   2.61295312e+03   1.53528223e+01   1.20006133e+04   2.70973053e+02
   7.48194580e+03   9.72534180e+03   1.67082947e+02   2.38170664e+04
   3.24808716e+03   3.45969727e+02   3.04865796e+03   8.76986755e+02
   7.50501709e+02   8.76734619e+02   2.09381927e+02   2.27001419e+01
   3.52660120e-02   1.74953203e+04   3.30198584e+03   3.01161157e+03
   1.71701426e+04   5.05247498e+02   7.70643982e+02   2.94444704e+00
   2.55692577e+00   4.44508820e+02   1.04399255e+03   7.86701233e+02
   4.80283081e+02   2.30562424e+02   3.91005347e+03   3.35638159e+03
   5.80146875e+04   3.50167786e+02   4.34528008e+01   3.11075449e+04
   1.20623299e+02   4.14975281e+02   2.08856006e+03   1.48456165e+03
   0.00000000e+00   5.98592383e+03   1.21756226e+03   1.40242859e+02
   3.12788550e+03   6.10892070e+04   2.99000996e+04   9.76482520e+03
   2.28005078e+03   3.31873474e+02   1.90738926e+04   1.65095801e+03
   9.87550903e+02   2.70019019e+03   1.61251895e+04   1.08557979e+04
   3.70931763e+03   9.40614319e+01   2.55015210e+03   4.22046661e+01
   2.05755295e+02   1.07584551e+04   5.60452441e+03   6.03239453e+03
   7.47139587e+02   2.65840234e+03   2.97075610e+03   2.14215431e+01
   1.96086853e+03   2.64575415e+03   4.77773828e+03   1.63027939e+02
   3.24301680e+04   4.49040820e+04   4.45735742e+03   2.16296167e+03
   3.90405670e+02   3.79003784e+03   3.02069922e+04   1.53366162e+03
   7.09684265e+02   7.16396790e+02   2.83129303e+02   1.49124573e+03
   4.32358154e+02   1.01679824e+04   2.34856592e+03   1.38250229e+02
   2.78681504e+04   1.75417029e+03   3.54780933e+03   1.48754654e+02
   1.65151119e+01   2.06505879e+04   7.68212128e+01   6.04807129e+02
   1.30011304e+03   1.49114023e+04   7.22611865e+03   2.53818455e+01
   3.68339600e+02   3.90094757e+01   1.27823516e+04   1.85182056e+01
   8.08101990e+02   4.98398895e+02   1.06896641e+04   5.97704956e+02
   7.09464014e+03   3.04624420e+02   6.79841650e+03   2.29152285e+04
   1.71961194e+03   6.85258911e+02   6.05122461e+04   8.82495361e+02
   1.88821914e+04   8.33797424e+02   7.65940399e+01   3.73505000e+04
   1.20197031e+04   2.41134922e+04   2.51613403e+03   6.26429004e+03
   6.77230420e+03   1.08048169e+03   0.00000000e+00   3.79745972e+02
   2.90274434e+04   1.57648499e+03   5.20452461e+04   1.86728058e+02
   2.66362915e+03   1.28702197e+04   1.43007593e+03   4.00713110e+03
   3.58656289e+04   1.25661367e+04   1.16629883e+02   1.06046875e+03
   6.51622559e+02   3.07392310e+03   1.79151953e+03   1.73629541e+03
   3.94176445e+04   8.83277039e+02   1.38153088e+03   0.00000000e+00
   7.37295020e+03   5.10781133e+04   6.33584738e-01   1.27303381e+03
   4.14017487e+02   2.70420137e+04   2.85731659e+02   1.38710925e+03
   8.52037964e+01   4.38833672e+04   9.62918066e+03   3.49743311e+03
   1.76517120e+02   1.75126602e+04   1.49001758e+03   4.32765430e+04
   2.30782266e+04   4.04644714e+02   1.88881264e+01   4.80664429e+02
   9.25251270e+03   3.23196716e+02   4.10271179e+02   4.70957715e+03
   1.60338898e+02   2.73780249e+03   3.33228369e+03   5.59599548e+02
   5.44117334e+03   7.07734033e+03   1.60512930e+04   5.35747344e+04
   9.82772266e+03   2.90777008e+02   1.33974136e+02   3.02099180e+04
   1.96614539e+03   4.89679146e+01   1.60316589e+03   4.10774017e+02
   3.53694946e+03   8.46082687e+01   6.31638770e+03   2.88407930e+04
   2.58655127e+03   1.47066479e+03   4.15695938e+04   6.41325439e+02
   8.36601791e+01   1.59874180e+04   2.00195923e+02   7.05297422e+04
   4.59518242e+04   4.69692969e+03   2.87910126e+02   2.85480011e+02
   2.41789722e+03   5.40849365e+03   2.48863232e+03   3.90627319e+03
   4.69751465e+03   7.49549561e+03   0.00000000e+00   4.76460156e+04
   5.79188354e+02   4.43592407e+02   5.11346069e+02   5.93740845e+00
   1.24166475e+04   3.68175293e+02   3.53489923e+00   2.99349487e+03
   4.26501495e+02   1.62039502e+03   2.40650537e+03   1.42603438e+04
   3.06383691e+03   1.92372949e+03   1.01799548e+03   5.29677734e+02
   1.08539624e+03   1.69020488e+04   5.70881348e+02   2.73062305e+04
   3.69726660e+03   4.37927051e+03   1.08428748e+03   3.52328064e+02
   2.95274268e+03   9.45798950e+01   1.68104572e+01   5.07814255e+01
   1.04815977e+04   0.00000000e+00   3.20854834e+03   3.96987061e+03
   6.60543152e+02   5.00631317e+02   1.86595840e+04   0.00000000e+00
   7.07837830e+01   8.06622949e+03   4.67994547e+00   3.75057734e+04
   6.71029053e+02   1.06154736e+03   1.40523132e+02   2.93128638e+03
   4.91249492e+04   1.40629336e+04   6.86404590e+03   6.42294385e+03
   3.42415234e+04   1.48280688e+03   9.76459961e+02   1.11127307e+03
   4.13567924e+01   1.43847815e+03   1.67967188e+04   7.11539936e+00
   1.36754795e+04   9.02840527e+03   7.99855591e+02   5.49729883e+04
   4.22168121e+02   5.29637451e+02   1.54480877e+01   3.01940527e+03
   8.71874707e+03   6.30179688e+02   7.19045776e+02   3.33567200e+02
   5.65244727e+04   6.78852921e+01   9.06075974e+01   4.71561432e+02
   9.02515527e+03   3.87237524e+03   6.46999756e+03   1.36171270e+04
   4.84034609e+04   9.52302307e+02   1.66479504e+03   1.62532520e+04
   4.06703217e+02   4.29314766e+01   4.43022656e+04   1.37163799e+04
   2.52579895e+02   2.66363403e+03   1.85020234e+04   1.56887817e+03
   1.32171516e+01   2.73817065e+03   5.10279205e+02   1.26014087e+03
   1.39136973e+04   5.98809863e+03   3.11307056e+03   2.33280352e+04
   2.19495907e+01   4.36463330e+03   1.06472168e+03   2.09505703e+04
   4.15740625e+04   6.90964355e+02   3.38287769e+03   1.03973330e+04
   2.26237207e+03   1.12457549e+04   4.77703594e+04   2.14893906e+04
   3.05979565e+03   9.30933777e+02   5.14498535e+03   7.45414810e+01
   2.03810303e+03   2.15476562e+03   1.79786739e+01   1.10686243e+03
   1.30400850e+04   2.70561582e+04   2.52828659e+02   8.82318848e+03
   3.21814240e+02   3.50240039e+04   2.45631676e+01   1.93194202e+03
   6.22214258e+03   5.67679688e+04   1.32501477e+03   2.58436108e+03
   7.56716370e+02   2.24575293e+03   2.45074780e+03   1.23616689e+04
   7.49162891e+03   2.17920483e+03   1.30437103e+02   1.15333545e+03
   1.78941162e+02   2.01903945e+04   3.02795488e+04   5.28573535e+03
   6.43449648e+04   2.40059692e+03   6.41170959e+01   7.03553772e+01
   6.90262988e+03   1.44427725e+04   3.32784863e+03   9.70552051e+03
   3.92879468e+03   4.26672029e+00   2.20702484e+02   4.12604431e+02
   3.19385651e+02   4.83933838e+03   1.59464062e+04   1.28004316e+04
   6.51930762e+03   4.49771233e+01   3.22340273e+04   1.09608240e+03
   7.39777588e+03   3.30716934e+01   1.03594775e+04   1.92174210e+02
   8.91057520e+03   6.60639307e+03   7.25224609e+01   0.00000000e+00
   1.17731775e+03   1.75854871e+03   6.23959033e+03   7.56361313e+01
   9.59035645e+02   1.92524963e+03   1.12119141e+03   4.83772168e+03
   1.88450952e+03   2.62732891e+04   3.60877228e+02   4.47952080e+00
   5.85026270e+03   9.33568649e+01   3.57521362e+03   3.05952227e+04
   6.48420752e+03   7.56447449e+02   2.93739899e+02   4.72193848e+03
   1.88654407e+03   1.00893250e+03   6.00682734e+04   7.47113037e+03
   8.69954590e+03   1.31404163e+03   2.73640918e+03   3.97175586e+03
   1.08970924e+02   4.27836548e+02   4.71931738e+03   6.60018738e+02
   2.81742340e+02   1.04163257e+03   0.00000000e+00   6.36161133e+02
   2.83696079e+01   0.00000000e+00   2.02054668e+04   9.06509972e+00
   8.79906368e+00   1.30854749e+03   2.42331952e-01   9.86052429e+02
   3.08756958e+03   2.08118848e+03   7.28324268e+03   1.09276270e+03
   6.05396523e+04   2.45068457e+04   1.54708679e+03   2.45857520e+03
   2.33584854e+02   3.00532812e+04   3.77097617e+04   6.03249207e+02
   9.96996384e+01   2.09958572e+02   2.30103125e+03   1.18279062e+04
   2.77607812e+03   8.10247574e+01   7.01400452e+02   2.24325848e+01
   1.43386270e+04   3.81056323e+03   2.55516309e+03   8.60339783e+02
   3.79882050e+02   7.27947266e+02   3.97080703e+04   2.03106880e+01
   3.70468970e+03   4.13642487e+02   5.50200156e+04   1.08420381e+04
   1.29112354e+03   1.03874426e+03   3.42054634e+01   9.54839453e+03
   9.08353455e+02   2.49063049e+02   1.67228638e+02   3.15091846e+03
   4.21558301e+03   7.35236084e+03   8.79694748e+01   3.70964325e+02
   4.90402618e+02   6.38494961e+04   3.82125122e+02   7.62711609e+02
   0.00000000e+00   1.21094375e+04   1.55325039e+04   4.46465820e+03]
[  6.25636292e+02   1.02164443e+04   1.85744910e+03   1.76221497e+03
   1.48554016e+03   2.40322500e+04   5.36631592e+02   1.09446104e+04
   4.35911621e+03   2.46038789e+04   3.13315015e+03   3.51100891e+02
   5.74022705e+03   2.77839121e+04   3.10042920e+03   7.56205811e+02
   2.64294946e+03   5.78019092e+03   5.71554727e+04   7.94964172e+02
   6.66057348e+00   4.81052002e+03   2.42484238e+02   1.75652380e+03
   9.98955273e+03   8.16599731e+01   1.38317666e+04   2.47266891e+02
   1.04204211e+03   2.81198901e+03   2.97034521e+03   6.05863037e+03
   5.40761621e+03   2.76863980e+00   2.80077661e+03   3.28574158e+02
   8.14621277e+02   4.22629688e+04   7.50066161e-01   5.68188232e+03
   4.10849854e+03   1.42151840e+02   3.60035133e+00   9.57042236e+01
   1.32586895e+04   8.03974487e+02   5.43318213e+03   5.10888770e+03
   1.20413098e+03   6.27250214e+01   1.32238672e+03   1.62669434e+02
   4.19997803e+02   1.07820020e+04   1.61543311e+04   1.54608223e+04
   6.34292358e+02   1.31678125e+04   1.37083084e+02   2.00531921e+03
   2.07183691e+03   5.56871033e+02   1.12745288e+03   2.42172527e+01
   3.05980737e+03   7.34140015e+02   4.07380859e+02   4.34304626e+02
   2.55011871e+02   1.09844002e+02   1.25821753e+03   6.60836182e+03
   2.35667715e+04   2.42611511e+02   1.56812754e+04   1.40208374e+02
   8.06819031e+02   1.79942474e+02   2.37136865e+03   1.36859883e+04
   1.57779102e+03   2.84376680e+04   1.70838027e+04   1.51891279e+04
   4.95657422e+04   1.07463417e+02   1.45410376e+03   7.74844141e+03
   3.49464795e+03   1.56435371e+04   1.51772559e+00   2.00594824e+03
   4.87430542e+02   1.42001953e+04   2.13352148e+03   1.00204727e+04
   1.24083408e+04   6.60232902e-01   1.07715176e+04   3.27623438e+03
   1.19256447e+02   3.58146484e+03   1.01457191e+02   3.84996338e+03
   6.94730461e-01   6.54153748e+01   1.35603625e+03   2.30177246e+04
   2.65259018e+01   1.10509902e+04   7.57644409e+02   4.22243477e+04
   8.58758301e+03   2.42287338e+02   2.52467871e+00   6.57455505e+02
   1.97653491e+03   2.36711035e+04   4.81715210e+02   1.03895073e+02
   2.53596439e+01   6.88523071e+02   3.51776733e+03   6.87990234e+02
   5.58239319e+02   6.36514746e+03   4.50542603e+02   3.57832718e+01
   2.05361499e+03   1.87868713e+02   1.26236641e+04   5.79934570e+02
   3.86563446e+02   1.89783337e+03   1.00727820e+03   1.07952539e+04
   2.29169277e+04   0.00000000e+00   9.86842117e+01   1.55663239e+02
   2.26378846e+00   5.71105728e+01   5.03829193e+02   3.52773407e+02
   1.18777649e+02   6.90756055e+03   2.66847778e+03   0.00000000e+00
   1.42268127e+03   4.81684766e+04   1.16373878e+02   9.73984375e+02
   7.91654602e+02   2.99229077e+03   9.93208435e+02   1.06582451e+04
   4.20761292e+02   5.04616699e+02   4.47959381e+02   5.15545215e+03
   5.15241638e+02   1.06255188e+03   6.53638245e+02   1.58863373e+02
   3.41027305e+04   2.84219856e+01   1.35389740e+02   2.11085522e+03
   7.71484863e+03   1.46425576e+04   6.80204391e-01   1.80520264e+02
   3.82789380e+03   8.53559021e+02   4.07082581e+02   1.12486755e+03
   3.80798594e+04   6.57973022e+02   2.99958672e+04   4.23602979e+03
   3.01827109e+04   2.71557559e+04   7.35876160e+01   1.36674927e+03
   1.17420288e+03   0.00000000e+00   8.48298340e+03   4.07501367e+03
   4.14750099e+01   2.53109161e+02   2.89663635e+02   1.24446887e+03
   4.24055859e+03   2.69882153e+03   8.52653809e+02   9.66575488e+03
   1.49965894e+03   1.49388538e+03   6.47847900e+01   4.86985156e+03
   4.72029541e+03   8.46051331e+02   9.00445984e+02   0.00000000e+00
   4.81592871e+03   3.64920013e+02   2.35205811e+03   1.12418921e+03
   5.63322119e+03   4.46980273e+04   1.60768539e+02   4.28838196e+02
   1.87655005e+03   2.67861182e+03   1.18587746e+02   6.36374658e+03
   4.69403594e+04   2.27586014e+02   1.78662720e+02   9.92492773e+03
   1.32924053e+04   5.72454102e+02   2.81113281e+02   1.20534045e+03
   6.30680176e+02   2.52327023e+01   4.91351868e+02   1.43840942e+02
   1.09813269e+03   8.51762390e+01   2.26780945e+02   6.05589233e+02
   2.25376660e+03   4.64679222e+01   7.06104612e+00   1.11889297e+02
   1.62073718e+03   3.46958832e+02   1.42572400e+03   3.45040649e+02
   1.65598831e+02   7.30548248e+01   9.33280701e+02   2.04801875e+04
   1.32138008e+04   7.97377295e+03   1.82428970e+02   2.77086353e+03
   1.09675873e+02   1.10072412e+03   5.59261780e+02   1.82829575e+02
   5.67635791e+03   2.38447852e+03   6.99398613e+00   1.67675568e+02
   3.89967480e+03   4.65464096e+01   1.19407019e+03   5.19052505e+01
   7.89680664e+02   2.43420581e+03   7.69376831e+02   4.15334358e+01
   3.14552402e+04   1.70400452e+03   4.08658828e+04   2.53562231e+03
   3.87453711e+03   3.10740295e+02   1.06991119e+02   5.36608398e+02
   1.80406067e+02   3.87150078e+01   2.67239141e+04   2.59264130e+02
   8.76266174e+02   1.98616013e+02   5.42407520e+03   1.21662695e+04
   5.09548370e+02   1.73719208e+02   7.94312805e+02   5.36411641e+04
   2.32524487e+03   4.66777490e+03   1.07324121e+04   5.00400879e+02
   5.11895294e+02   4.93867578e+03   3.18375879e+03   3.44007373e+03
   4.29325488e+03   3.26596094e+03   2.10865479e+01   9.33709900e+02
   5.76669678e+03   9.85719116e+02   6.14348193e+03   6.38758125e+01
   3.84558105e+01   1.86403064e+03   1.38666953e+04   1.36503250e+02
   6.92741016e+03   4.08608516e+04   6.11868408e+02   1.25261609e+03
   3.07494580e+03   2.30902466e+03   5.62345505e+00   5.71231055e+03
   2.92500916e+01   7.18502197e+03   2.76321460e+03   1.76455840e+04
   5.01153259e+02   7.01668164e+03   5.98951233e+02   1.11634463e+04
   4.23951904e+03   2.69475527e+04   3.79760034e+03   1.52565625e+04
   3.97833466e+02   5.36426758e+02   1.03785083e+03   7.54699524e+02
   2.40694580e+03   4.85787079e+02   7.85569580e+03   4.80080078e+03
   3.45251579e+01   1.53586780e+03   3.21678741e+02   1.17468750e+03
   1.01543674e+01   9.61848047e+03   2.02144055e+03   3.21129727e+04
   3.23388945e+04   1.34907617e+03   1.70006500e+02   1.85227859e+02
   5.95080805e+00   1.18550507e+02   1.28063525e+04   3.07042969e+03
   9.42960352e+03   1.35095000e+04   3.27165552e+03   3.45410898e+04
   4.88468506e+02   2.94995483e+03   1.34138489e+03   7.52088013e+02
   1.35060312e+04   2.25075732e+03   1.50840508e+04   2.03075180e+01
   5.45059531e+04   5.42650269e+02   1.94759414e+04   1.18716052e+03
   8.60431445e+03   1.28305206e+02   2.54805813e+01   6.28593457e+03
   2.09214584e+02   6.75505371e+03   5.00015533e+02   1.15517285e+03
   4.70427704e+02   8.56755664e+03   8.42833008e+02   5.78072891e+04
   7.69951318e+03   2.91835767e+03   3.76501953e+03   1.17658142e+03
   9.88836670e+01   1.03498492e+05   3.89775562e+03   8.99965271e+02
   2.60936981e+02   4.28290186e+03   2.33549347e+02   2.21179657e+01
   2.20296606e+03   6.50943604e+02   3.10204941e+04   4.74480811e+03
   1.41750256e+03   3.43800195e+04   4.40006523e+04   8.34030640e+02
   1.80518448e+02   7.61207764e+03   2.73514478e+03   6.96401514e+03
   3.74315567e+01   1.27701455e+04   2.74422217e+03   3.83181079e+03
   1.03455780e+02   2.55508184e+04   3.78140961e+02   1.52166187e+03
   1.30680762e+03   4.24687744e+03   1.72211829e+03   1.50745439e+04
   1.00873857e+04   9.64894470e+02   1.15226331e+03   1.49772358e+01
   3.62399707e+03   1.09299158e+03   0.00000000e+00   1.35488037e+03
   4.69690704e+02   1.30003242e+04   6.69397363e+03   8.35223618e+01
   3.02599243e+02   1.24163213e+04   8.55862671e+02   2.31821243e+02
   1.04234375e+03   3.29044995e+03   3.16041055e+04   4.62055397e+01
   1.33636416e+04   7.45195740e+02   2.63535805e+01   4.23798096e+02
   1.55181900e+02   3.11224499e+01   1.50577910e+04   2.81914825e+01
   1.06576385e+02   1.54917328e+02   2.24765747e+02   1.96737543e-01
   6.96945572e+01   1.46706748e+04   4.14022583e+02   4.01842560e+02
   6.97299072e+02   1.99294316e+04   2.94581818e+02   6.68933289e+02
   1.18077400e+02   9.89102031e+04   3.24946152e+04   3.81006622e+01
   3.76060547e+03   6.06057666e+03   1.60882715e+04   7.37974072e+03
   2.02531035e+04   7.84108252e+03   8.19871973e+03   7.25328186e+02
   9.25951855e+03   6.74517480e+03   6.07614441e+02   2.96660126e+02
   3.69046967e+02   9.73659744e+01   1.96466309e+03   1.17242217e+04
   8.47041992e+03   1.10446465e+04   1.82344250e+03   1.87343811e+02
   6.04029419e+02   7.75154907e+02   1.59291125e+03   1.46724316e+04
   4.86868848e+03   3.00024902e+02   4.84346289e+03   1.40472946e+02
   6.02009583e+01   8.73695660e+00   4.59986963e+03   9.46833801e+02
   1.29063867e+03   6.03024951e+03   3.25128828e+04   2.05145273e+04
   6.56843066e+03   1.64285229e+03   8.22084290e+02   1.86009314e+03
   1.97404443e+03   1.23848862e+02   2.97935840e+03   2.64712354e+03
   1.20400947e+04   2.98278730e+04   7.15228882e+01   1.17341345e+03
   1.45075078e+04   1.59693066e+04   1.91469086e+02   1.36121855e+01
   1.44175696e+03   1.72189087e+02   2.22815056e+01   7.35487305e+03]
[  3.10446686e+02   1.83715463e+00   7.96989560e-01   3.73254468e+03
   1.57577576e+02   4.12081909e+01   1.26192403e+00   1.07190025e+00
   4.60601685e+02   4.96765778e+02   2.46437130e+01   3.76850067e+02
   1.43147774e+01   1.23844635e+02   3.31595078e+01   3.44277496e+01
   2.43439868e-01   1.16956032e+02   0.00000000e+00   0.00000000e+00
   3.56044617e+02   1.29369014e+04   2.54719092e+03   4.89331726e+02
   2.91552277e+01   0.00000000e+00   0.00000000e+00   8.86955688e+02
   2.18756683e+02   1.35213159e+03   2.22168677e+03   9.95943146e+01
   7.89787537e+02   4.45215576e+02   1.31794822e+00   1.88775684e+03
   1.46786606e+02   6.58772168e+03   1.41652930e+03   1.61212061e+03
   6.11507324e+03   1.70660645e+02   8.37730652e+02   1.00924744e+03
   1.49327917e+01   1.74423909e+00   2.88842139e+03   9.94066467e+01
   2.09033031e+01   1.38052261e+02   3.06445942e+01   1.31008716e+03
   0.00000000e+00   3.71385498e+02   1.15300972e+02   9.43038940e+00
   3.79016553e+03   3.99223419e+02   0.00000000e+00   1.19587616e+02
   3.17628723e+02   5.01695251e+01   7.13810503e-01   5.81549194e+02
   3.13422333e+02   1.18093311e+03   6.77076263e+01   1.52255452e+00
   2.01209930e+02   3.65837952e+02   7.59761414e+02   6.25340919e+01
   3.95684471e+01   4.58739090e+01   1.33604650e+01   3.32689392e+02
   8.41670704e+00   1.44633484e+03   5.12672758e+00   1.80474915e+02
   0.00000000e+00   4.09220390e+01   5.81715881e+02   2.10362744e+03
   5.91008949e+01   5.60360680e+01   4.07170963e+00   8.16385269e+00
   7.14059570e+03   5.79697113e+01   7.79769678e+03   2.29495605e+02
   1.12527148e+04   8.87282471e+02   0.00000000e+00   5.90325684e+02
   7.26759766e+03   0.00000000e+00   2.10217383e+03   8.17050705e+01
   1.96357715e+03   1.85437210e+02   1.97992573e+01   1.81194458e+01
   2.86858594e+03   1.26256543e+03   0.00000000e+00   3.15962639e+01
   1.73635178e+01   0.00000000e+00   6.93318844e+00   1.34938126e+02
   4.09947803e+03   3.84190967e+03   3.45557518e+01   1.12316608e+01
   2.41602612e+03   6.66300171e+02   1.66659531e+02   4.03533974e+01
   0.00000000e+00   7.53322525e+01   6.96858025e+00   6.19234428e+01
   3.95338011e+00   1.02908535e+01   6.20162964e+01   5.72900343e+00
   4.08201180e+01   3.08021582e+03   2.35717627e+03   6.59501282e+02
   0.00000000e+00   5.03638420e+01   5.42318542e+02   1.54998077e+02
   7.58357422e+03   4.75388275e+02   1.33770966e+02   1.27476456e+02
   2.87949048e+03   1.83821259e+02   4.03324547e+01   3.98353369e+03
   1.57388353e+01   1.00846148e+01   1.07674618e+01   1.01555121e+00
   1.07642670e+01   6.00085411e+01   1.02792478e+00   2.57945786e+01
   1.30310043e+02   1.17495213e+01   4.87575378e+01   6.38610458e+00
   5.50851501e+02   1.30566055e+02   9.08467255e+01   9.81834259e+01
   3.14059937e+02   7.71907501e+01   1.11542773e+04   1.09478503e+03
   1.62819714e+03   8.71859668e+03   0.00000000e+00   2.90051221e+03
   5.48488586e+02   5.26987354e+03   1.20758724e+00   1.70176172e+03
   3.84838753e+01   5.07375000e+02   3.14805737e+01   3.61256485e+01
   1.40652359e+02   2.52314434e+01   8.22994385e+01   0.00000000e+00
   1.82846756e+01   1.85737024e+03   0.00000000e+00   1.91041052e+03
   8.88238831e+01   4.80580859e+03   9.76780090e+01   1.23444700e+01
   4.22316211e+03   1.62207977e+02   1.21909500e+02   1.56283655e+01
   7.39532593e+02   2.91670837e+02   1.09888904e+03   2.72278015e+02
   1.15231201e+02   2.16259253e+03   2.25354712e+03   4.34064307e+03
   2.88167152e+01   8.69700879e+03   6.00685616e+01   3.46851692e+01
   2.39702969e+01   5.88409538e+01   1.81785071e+03   1.83824817e+03
   0.00000000e+00   2.16887085e+03   2.61680078e+03   1.61456482e+03
   0.00000000e+00   1.64080429e+00   1.07462357e+02   2.49934766e+03
   4.52074493e+02   7.88822556e+01   1.60307510e+02   3.57806702e+02
   8.81390572e+00   1.45905472e+02   3.16771336e+01   1.07912254e+01
   3.07437549e+03   6.24665576e+03   3.44906777e-01   4.71582413e+01
   5.06696224e+00   1.18965527e+03   3.15165424e+01   3.86224182e+02
   2.19128357e+02   5.99740112e+02   2.03004968e+03   1.45093369e+02
   1.45357666e+02   9.86243359e+03   4.79823732e+00   1.52859766e+03
   3.30094934e-01   1.23259141e+04   6.15046143e+02   6.69540346e-01
   0.00000000e+00   1.17792610e+02   6.13355908e+03   0.00000000e+00
   4.25144768e+00   6.06193686e+00   4.02035840e+03   1.35909820e+00
   3.99832547e-01   1.74565048e+02   2.30273376e+02   1.05678149e+03
   8.34905884e+02   2.19909630e+01   4.86632156e+01   9.73750391e+03
   1.26807709e+01   3.72485748e+02   0.00000000e+00   0.00000000e+00
   1.53555393e+00   1.19751673e+01   1.57023716e+01   7.78999634e+02
   5.63554810e+02   2.17873325e+01   3.58350754e+00   1.36304382e+03
   1.47520227e+01   9.72713672e+03   4.96586816e+03   1.02031456e+02
   5.37100830e+03   2.73973484e+01   6.51203766e+01   1.51881087e+00
   1.72960625e+01   1.18013855e+02   1.09448584e+04   2.89493286e+02
   9.18479843e+01   3.53884796e+02   1.45146765e+03   4.54863777e+01
   5.88586211e-01   2.48463655e+00   6.91897049e+01   1.41111487e+03
   2.25003760e+03   4.29071259e+02   0.00000000e+00   0.00000000e+00
   2.11352890e+02   1.46634430e+02   1.89450666e-01   2.53977585e+00
   8.68620117e+02   4.71381927e+02   1.01954072e+04   1.39981806e-01
   2.63173157e+02   0.00000000e+00   8.71817169e+01   1.77081645e-01
   7.12333252e+03   1.62202731e-01   7.08384619e+03   1.05694141e+01
   2.12743778e+01   0.00000000e+00   2.41615963e+00   4.14669336e+03
   1.86855933e+03   3.42149756e+03   4.51867737e+02   3.49163132e+01
   3.26208667e+03   1.42683899e+02   1.05950455e+02   5.62404289e+01
   6.58179398e+01   0.00000000e+00   1.98154602e+01   1.43528309e+01
   4.25186432e+02   1.11275177e+02   4.14572754e+01   3.13720483e+03
   8.82193680e+01   6.04736389e+02   3.03273010e+02   2.42233813e+03
   1.42605334e+03   1.11845605e+03   6.41866309e+03   1.73533630e+02
   2.04502356e+03   5.50721397e+01   4.56645966e+01   5.91296482e+00
   3.40793286e+03   7.39501047e+00   4.01585229e+03   7.41523743e+01
   7.53664246e+02   6.01811447e+01   4.13097687e+01   4.07371856e-03
   1.64107251e+03   9.60650444e+00   4.65482235e+00   1.22636566e+02
   5.68306592e+03   2.67042114e+03   3.90996680e+03   0.00000000e+00
   5.42783432e+01   2.11804211e-01   1.44131775e+02   1.78572250e+02
   1.47102127e+02   4.52148666e+01   0.00000000e+00   2.70975555e+02
   4.01846100e+02   0.00000000e+00   2.97381134e+02   3.49390869e+03
   9.77621078e+01   2.91471313e+02   2.51027355e+01   5.61818085e+01
   2.79070072e+01   4.99316263e+00   4.80861626e+01   1.56384079e+02
   6.98893356e+01   1.09097861e+04   2.51064358e+01   3.00768457e+03
   1.43138574e+03   5.94460571e+02   1.94513135e+03   8.08033676e+01
   2.68473706e+03   3.14293793e+02   6.83971191e+02   1.01419153e+01
   1.89260437e+02   5.03959370e+00   1.34782318e+02   4.40115852e+01
   0.00000000e+00   5.08603382e+00   5.37708588e+01   1.89886292e+02
   2.61044006e+02   1.20546204e+03   4.62186865e+03   3.68698311e+01
   5.36602707e+01   7.24089737e+01   3.15373291e+02   8.40303802e+00
   1.37608452e+01   6.18590137e+03   4.95373688e+01   1.76160110e+02
   4.68395309e+01   1.02738208e+03   3.80178687e+03   2.58822205e+02
   3.88603882e+03   2.54898911e+02   1.40814991e+01   1.01644192e+01
   1.30768086e+04   1.09863501e+03   2.14296799e+02   2.66902313e+01
   9.34260376e+02   2.22938995e+02   3.10595012e+00   1.40579672e+01
   3.37714233e+01   1.62128137e+03   5.33349707e+03   7.48501129e+01
   8.90825043e+01   1.12245068e+03   1.06530908e+03   9.06873016e+01
   9.62851639e+01   1.48936389e+03   8.92578223e+03   1.01085808e+02
   1.29411488e+01   4.89452438e+01   2.68648682e+02   2.86853668e+02
   1.00129585e+02   2.16515326e+00   5.00210742e+03   3.24524512e+03
   5.66417871e+03   2.79951382e+00   4.92898987e+02   3.15709381e+02
   1.20472180e+03   8.66751373e-01   2.98535187e+02   1.16906750e+03
   1.55955210e+01   6.10251367e+03   1.15588104e+02   1.54666467e+03
   7.97246933e-01   4.68838654e+02   3.51437454e+01   2.80126007e+02
   5.97227783e+03   1.34379644e+01   7.66321945e+01   1.19268923e+01
   1.52359796e+00   6.84837158e+02   3.70012421e+02   4.42180023e+01
   2.62634430e+02   3.82542700e+03   0.00000000e+00   1.23798755e+03
   3.36083282e+02   8.97048218e+02   3.61265479e+03   3.46483307e+02
   2.90579883e+03   3.71911438e+02   1.78989792e+02   1.20515167e+02
   2.77137665e+02   1.62437024e+03   2.12903488e+02   4.63837598e+03
   2.89292645e+00   3.17499599e+01   4.30025902e+01   2.47429761e+03
   4.23627960e+02   2.90386887e+01   9.20038757e+01   0.00000000e+00
   1.77665466e+03   3.81575684e+02   5.83383789e+02   7.18991309e+03
   1.37611481e+02   1.30513275e+02   2.80142480e+03   3.06156299e+03
   2.53693819e+00   3.25038110e+03   1.81086521e+01   4.13512482e+02
   0.00000000e+00   8.87313184e+03   6.96112595e+01   1.51278198e+02]
[  2.61943359e+01   3.92475006e+02   5.46288605e+01   3.77812714e+02
   1.40064163e+02   3.66098083e+02   4.71615829e+01   5.44738525e+02
   3.37459641e+01   1.84504059e+02   1.50623792e+03   3.43968811e+02
   2.02130115e+03   2.53491959e+02   2.99824536e+03   2.60888519e+02
   2.07717443e+00   3.90403137e+02   2.98677887e+02   4.08804443e+02
   1.20793541e+02   1.01014166e+01   2.93603540e+03   5.03880157e+01
   4.44068375e+01   2.81365261e+01   4.64602699e+01   5.88408203e+01
   4.36972656e+03   6.96111345e+00   3.97338176e+00   5.67126160e+01
   6.15384814e+03   1.87316528e+02   2.83275127e+01   7.23529846e+02
   4.99318213e+03   1.91972542e+00   1.35498810e+00   2.57416724e+03
   4.03498340e+03   5.84101562e+02   5.35560274e+00   2.15480351e+00
   2.81571651e+00   4.68584869e+02   3.15219897e+03   6.79335251e+01
   3.51731491e+01   8.15659637e+01   3.81603012e+01   9.69953766e+01
   4.71840576e+02   7.32678406e+02   5.36315552e+02   2.17071753e+03
   3.63967590e+01   1.03875628e+01   2.08554810e+03   4.89189551e+03
   8.51930847e+02   2.55858383e+02   6.03580176e+03   1.40304413e+01
   7.10101128e+00   1.81488876e+02   8.45112228e+00   1.50962265e+02
   4.91936111e+00   2.06298950e+02   1.63295544e+03   8.51847595e+02
   2.67645630e+02   2.33573074e+01   1.68791031e+02   7.42417175e+02
   1.48773560e+02   7.38744751e+02   3.16428174e+03   1.42399206e+01
   4.06713295e+00   6.85547485e+02   2.01653003e+03   3.41651421e+01
   5.94464478e+02   4.25039014e+03   1.99439354e+01   5.68571205e+01
   2.90831396e+03   2.42787262e+02   2.94678070e+02   6.02935486e+02
   0.00000000e+00   3.34038574e+03   2.39044342e+01   2.33717003e+01
   2.64867035e+02   2.38300610e+03   1.47911087e+02   4.54127426e+01
   1.79840016e+00   1.44043137e+02   1.89569473e+02   1.49999380e+01
   1.58080200e+03   0.00000000e+00   5.79342346e+01   3.86835767e+03
   2.02657104e+03   8.45754547e+01   3.97332458e+02   3.41569443e+01
   1.93053699e+03   1.23601477e+03   4.87670074e+02   0.00000000e+00
   6.09806404e+01   8.04940948e+01   1.87749146e+03   1.38593178e+01
   3.02238655e+01   1.76109473e+03   0.00000000e+00   3.41994629e+01
   1.02043266e+02   2.83991364e+02   2.44809006e+02   1.06149994e+02
   3.46922314e+03   0.00000000e+00   2.11050827e+02   2.24203760e+03
   1.33197473e+03   3.69493675e+00   8.09442090e+03   2.04840422e+00
   2.31016846e+01   7.28530640e+02   1.18763893e+02   1.04522104e+01
   2.74867896e+03   0.00000000e+00   1.15085474e+03   1.31863739e+02
   3.44884552e+02   3.12002325e+00   3.43410921e+00   6.98576641e+00
   7.16650724e-01   4.66724892e+01   1.23056631e+01   3.23766479e+02
   3.16835022e+02   2.67351416e+03   1.76592102e+02   8.71305115e+02
   6.77765320e+02   4.62328291e+00   2.12383398e+03   4.16343018e+02
   1.51827039e+03   2.75782715e+03   1.08018482e+00   2.35409241e+02
   2.56794238e+03   1.88079248e+03   3.63053955e+02   1.67258408e+02
   4.72047043e+01   1.39175696e+03   7.72195190e+02   5.02753162e+00
   6.11399292e+02   1.41549091e+01   4.00144882e+01   1.83380680e+01
   0.00000000e+00   4.08512158e+03   1.59447006e+02   1.73428974e+01
   9.12500534e+01   3.88813057e+01   1.05241480e+01   1.23903894e+01
   2.74587891e+03   1.84903431e+00   3.53180580e+01   0.00000000e+00
   2.34372005e+01   1.25812393e+02   1.80825539e+01   1.85720215e+02
   2.08144913e+01   1.35984207e+02   5.88911804e+02   8.24690552e+01
   3.82399628e+02   3.35251274e+01   1.02450134e+02   2.40687790e+01
   1.42188019e+02   3.16389862e+02   1.89212494e+01   1.81007874e+00
   5.96210365e+01   2.51059284e+01   7.03487873e-01   1.10063339e+02
   4.47892647e+01   4.69218597e+01   1.92660767e+03   5.52389832e+02
   7.79941902e-02   5.35561514e+00   1.48398285e+02   1.07205307e+02
   1.40803986e+02   1.17086926e+03   4.17943573e+02   2.68813110e+02
   2.54648056e+02   1.01533698e+03   1.24801323e+02   5.91925049e+02
   1.74188202e+02   1.14421978e+01   2.03074963e+03   1.86392792e+02
   3.63028613e+03   4.89323486e+03   3.29013110e+03   4.85191231e+01
   0.00000000e+00   1.44310074e+02   3.43915283e+02   2.36170557e+03
   8.06098755e+02   7.81386414e+01   2.68666431e+03   1.85077469e+02
   7.29769745e+01   1.10552788e+02   1.06257617e+03   0.00000000e+00
   4.28794128e+02   7.81306824e+02   2.13216537e+02   0.00000000e+00
   7.08713196e+02   4.22116184e+00   0.00000000e+00   2.98261475e+02
   1.23160461e+03   5.47312200e-01   8.15159988e+01   3.92352832e+03
   1.46342897e+00   1.58360046e+02   5.81252718e+00   2.68872471e+01
   2.48114404e+03   0.00000000e+00   6.00105420e+03   1.06628967e+02
   5.69467049e+01   1.64681976e+02   4.06727570e+02   1.37337244e+03
   1.50966431e+02   1.22069397e+03   2.84446014e+02   4.33285858e+02
   4.23365593e+00   2.41271704e-01   6.87471008e+01   6.84410019e+01
   2.17183876e+01   6.16855240e+01   7.53572144e+02   1.48166125e+03
   1.50666971e+01   1.31726036e+01   1.60460852e+03   1.76360154e+00
   6.34666824e+00   1.67594250e+03   2.69037781e+02   2.28170872e+00
   4.98276953e+03   1.05660530e+02   1.59592381e+01   3.36537647e+00
   7.87481812e+02   1.07936414e+03   3.96210571e+03   8.94167480e+01
   2.77440771e+03   4.18020721e+02   4.54814987e+01   1.14674341e+03
   2.55397388e+03   1.79610010e+03   8.39062977e+00   7.52146196e+00
   4.77212939e+03   1.94472705e+03   6.85222852e+03   8.58382080e+02
   1.01697426e+01   6.55697144e+02   2.01898727e+02   1.59937735e+01
   1.90023327e+00   7.82045364e+01   2.36935406e+01   1.49007080e+03
   2.33114258e+03   1.25931046e+02   6.52663879e+02   0.00000000e+00
   1.54692230e+01   2.24707446e+03   7.14653168e+01   1.98899548e+03
   8.17833176e+01   2.26835068e+02   8.96543732e+01   0.00000000e+00
   3.78855276e+00   1.59523529e+02   3.44475245e+00   3.71615934e+00
   4.48756676e+01   5.97422867e+01   2.75906067e+02   8.27103271e+01
   8.58915955e+02   1.05668198e+02   1.17345657e+02   2.12212378e+03
   1.95059619e+03   1.38400244e+03   9.37840332e+02   8.82479191e-01
   5.45422180e+02   9.36367126e+02   1.33165576e+03   1.25787773e+02
   8.48927002e+01   2.95995703e+03   1.31831312e+01   4.70807195e-01
   3.73498462e+03   6.59401932e+01   1.23542932e+03   8.29386139e+00
   2.63285864e+03   7.31848145e+02   1.28460693e+02   2.08291031e+02
   5.66412392e+01   5.00868797e+00   1.79099792e+02   1.81654761e+03
   1.54007825e+03   2.55274658e+01   1.18945131e+01   6.72075653e+01
   6.40184593e+00   9.79964352e+00   3.11496387e+03   2.10006022e+00
   8.30618591e+02   1.97255212e+03   0.00000000e+00   1.80930161e+02
   4.25840851e+02   4.08258545e+03   7.51328049e+01   3.14395233e+02
   4.31040131e+02   6.48251572e+01   2.98358337e+02   5.69595604e+01
   2.81784210e+02   1.29790207e+02   9.61231613e+00   2.48438309e+02
   1.98447681e+03   3.95522165e+00   4.78337354e+03   1.94220123e+02
   7.06951416e+02   5.44880981e+01   0.00000000e+00   4.05120506e+01
   1.48397102e+01   1.75420914e+02   1.59051453e+02   3.44585144e+02
   1.86177380e+03   2.45689133e+02   7.64347992e+01   1.90519116e+03
   2.56553638e+03   2.75580231e+02   6.34476868e+02   9.05570030e+00
   1.43014450e+02   7.17823193e+03   5.95721817e+01   4.51839325e+02
   1.98202271e+02   1.69749298e+01   1.78106632e+01   0.00000000e+00
   1.13361462e+03   2.87173047e+03   1.28204443e+03   2.47066284e+03
   4.70540695e+01   4.47392464e+01   6.07532776e+02   0.00000000e+00
   2.57677917e+01   1.14651123e+02   1.77824478e+02   1.69855383e+03
   6.82277100e+02   5.42330566e+02   5.51381787e+03   1.63006153e+01
   9.74206924e+01   2.27739160e+03   1.46675215e+01   4.23478455e+02
   2.09466309e+03   1.24243879e+01   7.36206970e+02   1.62999649e+02
   1.57639847e+01   7.44239426e+01   2.07159683e+02   2.11909363e+02
   4.23962517e+01   2.94072449e+02   1.38989655e+02   2.37964535e+00
   4.87541695e+01   3.76386948e+01   8.21727753e+00   1.61855762e+03
   7.58943213e+03   1.32595947e+03   5.39044685e+01   9.19388184e+02
   7.06633398e+03   1.30200943e+02   1.83374988e+03   3.06873913e+01
   7.99607910e+02   1.67476730e+02   3.05984077e+01   2.30160981e-01
   1.36147656e+03   4.53072876e+02   1.20440880e+02   3.36305151e+03
   7.51918164e+03   1.64071594e+03   4.13258696e+00   6.58280258e+01
   5.61801720e+01   4.88755371e+02   1.09113016e+01   9.38559021e+02
   2.19421280e+02   8.91827568e-02   6.19250298e+01   2.92657447e+00
   2.22549377e+02   1.29399512e+03   2.77855286e+02   1.40715771e+03
   1.44860840e+02   1.68974197e+00   4.18864136e+01   6.14194287e+03
   7.07969379e+00   2.07838974e+02   6.03706848e+02   1.12051575e+03
   4.85372353e+00   0.00000000e+00   2.17891617e+02   1.67188293e+02
   2.00580921e+01   6.33900330e+02   1.16991235e+03   3.89712036e+03
   2.01386633e+03   7.61996689e+01   2.94338470e+02   1.72440991e+03
   1.17634468e+02   0.00000000e+00   4.13925323e+01   4.44058447e+03
   1.98767197e+02   6.03570442e+01   2.01389343e+02   2.35585205e+03]
[  4.93256165e+02   2.07478809e+01   9.66726303e-01   1.55444107e+01
   2.73985710e+01   1.45194336e+03   3.87206497e+01   1.52653341e+01
   2.03084326e+00   6.69812988e+02   1.05168968e+02   2.80442848e+01
   7.14594116e+02   6.88256714e+02   2.91062622e+02   4.01706159e-01
   7.13204651e+01   3.11589752e+02   1.81981033e+02   8.47231674e+00
   7.99412107e+00   8.85067642e-01   9.21412354e+01   8.74809265e+02
   0.00000000e+00   7.63361835e+00   1.43956623e+01   9.91939697e+01
   1.54168520e+01   3.25276215e+02   3.80526199e+01   2.67628717e+00
   2.92608978e+02   1.51106310e+01   2.72692578e+03   2.09049170e+03
   2.91847725e+01   9.06830933e+02   8.83195591e+00   5.74909096e+01
   1.43416767e+01   3.05326805e+01   8.46780872e+00   1.57548935e+02
   1.90734749e+01   1.62581284e+02   3.91369720e+02   1.37228274e+00
   1.34811569e+02   1.96712875e+01   8.64328430e+02   0.00000000e+00
   5.65761375e+01   6.20116949e+00   0.00000000e+00   3.44904213e+01
   1.27076263e+01   5.45164566e+01   7.82723465e+01   3.07551056e+02
   5.91100502e+01   7.59257965e+01   1.27446966e+01   1.10713129e+01
   5.79640083e+01   2.66500511e+01   2.23649689e+02   3.58415222e+01
   5.18083906e+00   8.69056320e+01   4.75100784e+01   1.94689954e+03
   9.96796722e+01   9.75327734e+03   1.69732922e+03   8.16808548e+01
   2.19299641e+01   1.75371380e+01   1.81376297e+02   9.01062393e+00
   1.31488667e+01   3.41089020e+01   9.32917786e+00   5.70605421e+00
   3.79881706e+01   7.18226377e-03   1.47622375e+03   1.86842098e+01
   7.50807037e+01   3.24906273e+01   9.34803009e+01   1.53658628e+01
   5.01037025e+00   3.69370453e+02   2.12338516e+02   1.45251083e+02
   3.79234924e+01   6.53743820e+01   1.77501709e+02   1.02391037e+02
   2.72622824e-01   1.47175865e+01   6.60242920e+01   6.60312881e+01
   1.65343170e+01   7.64874268e+00   1.68603630e+01   1.26040125e+03
   2.92510242e+01   1.79989502e-01   3.25950592e+02   2.92960911e+01
   1.19411430e+01   4.57620811e+01   9.98796821e-02   2.51593590e+00
   5.00052643e+01   5.54747543e+01   1.13787231e+03   0.00000000e+00
   3.06675262e+02   5.34691391e+01   1.18893027e+00   3.62142253e+00
   1.31406164e+00   1.15935908e+04   3.34011221e+00   1.54091549e+01
   1.15155273e+03   5.70631294e+01   2.39433956e+01   1.99071457e+02
   2.68626160e+02   4.77081490e+01   3.60049219e+03   6.00806236e+00
   3.04907799e+00   1.15089884e+01   1.12752271e+03   9.97511520e+01
   1.12784481e+01   1.22835034e+03   1.34805298e+00   1.27886035e+03
   1.55356445e+01   5.36718559e+01   1.65767422e+01   2.42103989e+02
   6.41553406e+02   1.06799118e+02   1.64055119e+01   3.90313538e+02
   5.35270996e+01   8.00942307e+01   6.52882080e+02   1.96602859e+01
   7.31987152e+01   2.40191203e-02   1.43115587e+01   1.39448328e+03
   5.17408887e+03   2.48682861e+03   8.66721058e+00   7.05319595e+00
   2.19090424e+01   3.07015762e+01   4.39809380e+01   3.28722801e+01
   1.27143164e+01   3.63431320e+01   7.58171082e+01   3.00468636e+00
   7.61814296e-01   9.47743469e+02   2.25066490e+01   2.88608532e+01
   1.51997786e+01   3.22378960e+01   3.66809998e+01   7.09682922e+02
   2.97452972e+02   3.38340454e+01   6.71617554e+02   1.91933456e+02
   1.44043655e+02   1.06868118e+02   1.68133426e+00   1.97111094e+00
   2.67785736e+02   1.51692566e+02   4.18219299e+01   6.57607746e+00
   5.98386670e+03   1.84079880e+02   4.75560397e-01   5.70943718e+01
   2.08649845e+01   3.18706226e+01   7.10913773e+01   1.51984473e+03
   2.69138508e+01   4.36538315e+00   1.70602637e+03   8.95162430e+01
   6.34836960e+00   2.81177807e+01   1.04815686e+03   1.21983557e+01
   1.85960938e+02   3.68837463e+02   1.59746399e+02   4.26016474e+00
   5.46394287e+02   8.70738697e+00   1.20571533e+02   1.62658600e+02
   0.00000000e+00   1.63644150e+02   3.64435815e+03   6.53266602e+02
   0.00000000e+00   9.52549171e+00   4.90746155e+01   1.94794521e+01
   5.50594711e+01   9.53900452e+02   1.06641350e+02   9.16909256e+01
   2.31219912e+00   1.26504776e+02   4.97218990e+00   1.11540552e+03
   4.86446167e+02   4.78205200e+02   0.00000000e+00   0.00000000e+00
   1.12363449e+02   2.55143701e+03   2.26167358e+03   2.75722847e+01
   2.59832191e+00   6.27720642e+01   7.89110641e+01   0.00000000e+00
   8.58548164e+00   2.35690522e+00   9.02713074e+02   2.09807500e-01
   1.85196228e+02   9.44913940e+01   1.15398914e+03   7.97712402e+01
   5.95236206e+01   1.55204944e+03   8.91088928e+02   5.41697598e+00
   6.81260147e+01   3.30842552e+01   1.85336279e+03   8.43788376e+01
   1.83191177e+02   1.25231123e+01   9.40002258e+02   1.89582729e+01
   8.70439072e+01   5.23103356e-01   1.73867676e+02   8.41970348e+00
   5.60401738e-01   5.82025528e+01   2.16634180e+03   5.06317047e+02
   9.14275360e+01   1.32529184e-01   1.22374283e+02   1.37453327e+01
   3.44338318e+02   9.61596146e+01   5.69672966e+00   2.21746778e+00
   1.05236218e+03   4.31246986e+01   7.19808149e+00   1.40691895e+03
   5.28858986e+01   3.11169701e+01   2.43552709e+00   7.41396027e+01
   1.27490250e+02   9.16418991e+01   6.15959106e+02   9.85898972e+01
   5.88547287e+01   8.01196976e+01   3.47888718e+01   3.13880249e+02
   1.83102283e+01   1.07036755e+03   5.93689651e+01   4.55077002e+03
   2.06041702e+02   1.77702465e+01   2.20965503e+03   5.09615997e+02
   2.50916107e+02   2.27974823e+02   1.34835072e+01   8.55031433e+02
   3.25543137e+01   1.03317741e+02   2.72405863e-01   6.57714996e+01
   6.39902687e+01   6.13116837e+01   1.94058557e+03   4.15400925e+01
   2.30641919e+03   2.40027213e+00   7.45854736e+02   5.54468918e+01
   5.40736847e+01   5.31393127e+01   1.75794662e+02   4.22213043e+02
   5.34529686e+01   2.14911594e+01   2.64208496e-01   1.08718102e+02
   3.31145248e+01   2.59502048e+01   1.49751520e+00   2.09575825e+01
   0.00000000e+00   2.28174286e+02   4.31533957e+00   7.04419434e+02
   2.44932652e+00   1.42679993e+02   1.07050018e+02   6.82546692e+02
   1.14077911e+02   0.00000000e+00   2.52726807e+02   1.54477530e+01
   0.00000000e+00   1.50942459e+01   5.72959709e+01   1.32526655e+01
   2.44247208e+01   5.35815086e+01   3.07976360e+01   0.00000000e+00
   7.15880916e-02   6.52848740e+01   5.68833542e+01   5.81338672e+03
   6.29513588e+01   5.05152054e+01   4.43843575e+01   3.09927082e+01
   1.91157317e+00   1.87747559e+02   8.28682861e+01   9.47418518e+01
   1.68276831e+03   4.36496639e+00   3.79531174e+01   9.97240925e+00
   2.31765076e+02   2.94143181e+01   4.99618769e-01   3.03868988e+02
   7.73320999e+01   0.00000000e+00   1.72528076e+01   1.77321301e+01
   1.87195679e+03   2.27775335e+00   2.15326328e+01   1.47148848e+01
   4.23684654e+01   2.45531128e+03   1.17962366e+03   0.00000000e+00
   2.68585114e+02   6.16378632e+01   5.39640141e+00   3.57065773e+00
   2.82680454e+01   0.00000000e+00   2.52516943e+03   4.86516533e+01
   2.58021278e+01   6.97412796e+01   8.76063232e+02   7.06422913e+02
   5.66123352e+01   8.88091507e+01   1.71679733e+02   1.04658240e+03
   8.33895950e+01   1.35092911e+02   1.30673990e+01   1.79503274e+00
   2.26370193e+02   1.29810339e+03   6.66323423e+00   1.27837585e+02
   1.42551666e+02   1.50877747e+02   5.19569092e+02   9.21249939e+02
   3.60485101e+00   7.71453674e+02   5.61212524e+02   1.21980675e-01
   3.87501678e+01   2.39968085e+00   6.29352722e+02   4.31242714e+01
   7.06239075e+02   1.18553133e+01   5.57840538e+01   1.60700874e+01
   2.35725136e+01   6.66980042e+02   1.73793762e+02   3.53269386e+01
   9.00651953e+03   3.73399139e+02   1.28057983e+02   1.38578806e+01
   7.93723068e+01   9.93441162e+02   4.98642044e+01   2.30902026e+03
   1.29245288e+03   1.29516663e+02   5.92422104e+01   3.47547569e+01
   5.31631470e-01   8.27169678e+02   7.40525970e+01   3.69056892e+01
   3.90172157e+01   7.59980698e+01   2.40215898e+00   1.57033066e+02
   5.56680641e+01   2.81460304e+01   3.13877416e+00   1.85390320e+01
   1.16968479e+01   9.92094421e+01   4.92307205e+01   3.50421484e+03
   2.29312420e+01   1.41444690e+03   2.20435135e+02   5.14340019e+01
   1.10367638e+02   1.02729932e+03   6.12845755e+00   2.19348316e+01
   9.76155823e+02   4.03582668e+00   1.32090479e+03   1.12183632e+02
   5.46006203e+00   7.26956024e+01   1.02365349e+02   3.49021492e+01
   1.08405493e+03   1.25183179e+03   1.08146400e+02   2.20162744e+03
   3.40022519e-02   2.50936151e+00   1.49030342e+01   5.61962605e-01
   4.15472794e+01   6.19326496e+00   9.07304688e+02   0.00000000e+00
   1.78106094e+02   2.34159794e+01   5.10395699e+01   1.42588354e+03
   1.81808529e+01   0.00000000e+00   1.83974800e+01   1.53194336e+02
   7.03742828e+01   7.69980713e+02   5.67940674e+02   1.35399243e+03
   5.78017639e+02   3.34184479e+02   7.08426590e+01   3.70691071e+01
   2.40991992e+03   4.39032631e+01   2.54285598e+00   1.15321228e+03
   2.46506767e+01   8.09187012e+01   1.47416534e+01   1.68189453e+02
   6.01960266e+02   5.08033112e+02   6.72921997e+02   9.76471138e+00]
