bicycle
bus
car
motorbike
person
[ 27207186.     2384792.75  38568548.    12806344.    39180532.
   3978781.25  19106992.     7741805.5   11198518.     4756933.     8531662.
  25138282.    41068460.    14808171.    26649604.    12037999.    29436582.
  25828032.    39264936.    15225033.     3054633.    24099972.     8237664.5
  36868672.    16923054.     9317235.     4847537.     9249683.     9296395.
  16887142.    28439950.    43836580.    48300520.     6500265.5   26649940.
   3034420.25  33033968.     9036159.     8173359.5    2592302.75
   4282148.    31986150.    44295360.    51033544.    11564280.    26936280.
  17615586.    34753408.     7465899.5   61353452.    21539236.    19613182.
  17559552.    15474134.    14071747.    14123877.    26250962.    32091176.
   7491574.     2373259.75   1806493.75   4368525.    15175764.     6797246.5 ]
[  2.86208240e+07   1.09228710e+07   6.03198080e+07   1.15939625e+06
   9.14421000e+06   3.94549150e+06   6.68454700e+06   5.73153320e+03
   4.76273450e+06   3.81744150e+06   4.18457160e+07   3.32717900e+07
   1.53328844e+05   6.04805000e+06   3.50026080e+07   1.34625700e+07
   2.87285325e+06   5.63051520e+07   7.30590650e+06   1.85637000e+07
   8.57023188e+05   2.78774020e+07   4.26378050e+06   3.37175600e+07
   1.36462312e+06   3.54580800e+07   4.57522950e+06   1.96450950e+06
   1.38918210e+07   6.63521875e+04   5.04690040e+07   9.82276172e+04
   4.95502650e+06   1.63705390e+07   3.33885025e+06   9.34226900e+06
   8.36887375e+05   1.34527710e+07   2.86635280e+07   2.27774360e+07
   3.87620120e+07   5.93246450e+06   9.20562188e+05   9.65801200e+06
   2.85468340e+07   2.21668620e+07   2.05368725e+06   5.43415800e+07
   3.20667160e+07   1.68694560e+07   3.15490300e+07   2.97084580e+07
   4.98186080e+07   3.54901400e+07   2.84381725e+06   2.60057480e+07
   1.50771670e+07   7.28700560e+07   9.68705100e+06   1.14521100e+07
   4.86994160e+07   6.53291406e+03   1.59522980e+07   4.59866400e+07]
[  6.32727150e+06   1.41459730e+07   9.56006934e+03   1.77640062e+05
   3.73004336e+04   4.93373008e+04   1.11425297e+05   7.89167300e+06
   1.09091633e+05   2.25073275e+06   3.32491250e+06   7.40622000e+05
   1.98342600e+06   1.38846925e+06   3.82100547e+04   2.31976062e+05
   5.78893550e+06   1.86725788e+06   2.81896800e+06   5.57933750e+06
   4.24699100e+06   6.71583438e+04   1.47795720e+07   1.48301780e+07
   1.63705500e+07   0.00000000e+00   6.69525438e+05   3.64522925e+06
   4.10404525e+06   9.43051800e+06   4.49841016e+04   1.11315750e+07
   3.05096812e+05   2.73357750e+06   1.82646650e+06   4.80995400e+06
   5.91446438e+05   2.41533480e+07   6.47771100e+06   1.84520654e+03
   9.82364800e+06   4.05887850e+06   6.83224650e+06   2.01213940e+07
   1.21119838e+06   1.96710375e+05   1.24688980e+07   6.77097500e+04
   5.99762100e+06   4.74324938e+05   2.58293700e+06   3.13023656e+05
   3.07629250e+06   2.86788425e+06   2.06248140e+07   1.72679180e+07
   1.79133350e+06   1.26923398e+05   1.40737641e+05   4.98381531e+05
   2.72564025e+06   2.13159960e+07   1.24946510e+07   2.84995425e+06
   2.25950520e+07   3.67678775e+06   1.65095910e+07   7.57201400e+06
   3.04336062e+05   1.16940762e+06   1.00679350e+07   1.50009030e+07
   2.64731650e+06   3.62708350e+06   0.00000000e+00   9.30309900e+06
   1.20814797e+05   5.57748100e+06   6.21575800e+06   1.10019656e+05
   1.68395215e+04   6.20980700e+06   5.64885900e+06   1.29390498e+04
   7.19884188e+05   8.30634900e+06   5.80556050e+06   3.40461914e+03
   6.26549700e+06   1.79523938e+06   8.76380500e+06   7.41710350e+06
   3.86214312e+05   5.92259150e+06   1.80484338e+06   9.62583100e+06
   6.50103662e+03   6.48192650e+06   2.34213625e+06   6.03389375e+05
   2.71895500e+06   9.19997688e+05   1.46672875e+05   1.11506350e+06
   8.91841504e+03   1.90857328e+05   1.50694488e+06   5.95883750e+05
   3.66975500e+06   1.37784125e+05   2.54503031e+05   6.94558650e+06
   3.78846469e+05   9.26729200e+06   6.46947250e+06   9.06843000e+06
   1.64502462e+06   1.23044338e+06   3.25883675e+06   3.41432781e+05
   2.70775650e+06   5.27248250e+06   1.91275332e+04   7.85436950e+06
   4.40130600e+06   8.34187266e+04   2.70892840e+07   8.11043945e+03]
[  5.92723650e+06   2.67533975e+06   2.11085297e+05   0.00000000e+00
   3.12899082e+04   4.62858650e+06   3.57526075e+06   1.35481762e+06
   1.87237120e+07   8.69852800e+06   1.04167510e+07   9.38606900e+06
   3.13065650e+06   6.94144562e+05   8.07298096e+03   3.43508850e+06
   1.61848275e+06   4.56883600e+06   4.20372450e+06   4.84737578e+04
   1.50929110e+07   2.39318225e+06   2.20456325e+06   1.05531875e+05
   7.32724750e+05   7.81317688e+05   1.48064738e+06   5.80764800e+06
   1.97176812e+05   9.48670700e+06   1.20404211e+05   1.70200240e+07
   4.23104100e+06   1.80392156e+05   2.21625100e+06   2.48994000e+06
   3.30587100e+06   1.37195800e+07   2.61133922e+05   2.19965031e+05
   1.70925750e+06   1.46474172e+05   6.35236914e+04   1.07576975e+06
   8.69068688e+05   1.23591040e+07   7.69856250e+06   4.05365000e+06
   6.67301950e+06   1.95886620e+07   2.48397475e+06   6.05360600e+06
   6.20376750e+06   2.81306562e+05   2.06199719e+05   5.54002188e+05
   3.31937650e+06   3.32180350e+06   7.09224014e+01   3.85450400e+06
   5.74125550e+06   7.60476050e+06   7.53025150e+06   4.64926350e+06
   7.77148125e+05   1.63431200e+07   5.88836188e+05   3.56234325e+06
   2.39887175e+06   9.90344300e+06   2.66967450e+06   1.83607280e+07
   1.34448970e+07   6.11132200e+06   2.64570740e+07   4.32284082e+03
   6.46489000e+06   1.97998912e+06   1.73679600e+07   3.98638325e+06
   3.51595975e+06   9.73733281e+04   1.10493690e+07   3.28876100e+06
   3.92322539e+04   9.79608700e+06   4.43645500e+06   3.70868975e+06
   1.98642969e+05   1.87600388e+06   2.55465516e+05   8.32102550e+06
   5.39305938e+05   1.59638220e+07   1.64823975e+06   3.21307550e+06
   9.06095875e+05   1.29307110e+07   1.67258850e+06   1.57456890e+07
   5.08751125e+05   3.37574844e+05   2.24452220e+07   5.94540430e+03
   2.73626438e+05   1.86134460e+07   3.99917225e+06   1.08010960e+07
   1.05736010e+07   7.27832000e+06   5.77614062e+03   5.48211600e+06
   6.06745688e+05   2.65107860e+07   5.23563650e+06   7.72319688e+05
   6.12259688e+05   6.59410000e+06   1.42744734e+05   3.25078496e+04
   1.86333640e+07   3.93529100e+06   3.58185391e+04   1.06737260e+07
   8.90011000e+06   3.03705600e+06   1.82507280e+07   1.25005080e+07]
[  0.00000000e+00   7.50170459e+03   1.64100275e+06   8.04573730e+03
   0.00000000e+00   9.41421204e+01   8.55455566e+02   4.53431854e+01
   3.74386175e+06   2.62548945e+04   3.41322899e+01   1.82771934e+04
   8.07840347e+01   2.18893719e+05   7.74101875e+04   5.77573120e+02
   2.56260859e+04   6.75475062e+05   1.39555352e+04   3.25954863e+04
   7.05941849e+01   3.50247461e+03   4.59075156e+05   3.84815747e+03
   1.88370234e+04   1.04549500e+03   3.02263450e+06   0.00000000e+00
   3.93063135e+03   1.78103699e+03   1.33531631e+02   8.26781799e+02
   3.38376129e+02   1.43657588e+06   7.68643984e+04   2.12263800e+06
   3.05691200e+06   9.93058789e+03   2.26616650e+03   3.44911084e+03
   7.70831641e+03   2.66199414e+03   2.89366660e+04   5.91666250e+05
   3.17952578e+04   1.97149573e+03   5.64358635e+01   5.91478424e+01
   2.14704906e+05   1.43094023e+04   1.22729719e+05   8.72370056e+02
   2.48017975e+06   2.73811625e+05   1.70671570e+02   2.80832750e+05
   7.37882188e+05   9.13319438e+05   6.17665332e+03   0.00000000e+00
   7.73742109e+04   6.54696172e+04   3.10626406e+05   1.09319414e+05
   9.42406158e+01   5.19525195e+04   4.37159570e+03   1.35609790e+03
   8.22749512e+03   2.43081938e+05   1.47793188e+06   2.82094275e+06
   0.00000000e+00   2.16963809e+04   1.00543716e+02   1.22734177e+02
   6.84841250e+04   5.46380438e+05   5.91348438e+05   1.09759531e+04
   1.01666453e+05   1.90662539e+04   1.30309102e+04   1.45336365e+03
   2.18945900e+06   3.86567400e+06   8.02417625e+05   1.46120000e+06
   8.87448750e+04   6.86090881e+02   7.31770557e+03   9.89833828e+04
   5.43687312e+05   1.66851211e+04   0.00000000e+00   5.01973926e+03
   4.26224658e+03   5.22406625e+05   3.96667920e+03   4.06688984e+04
   9.36749531e+04   1.24827158e+04   2.86335225e+06   1.22155703e+05
   5.87949805e+03   6.75955127e+03   8.57446484e+03   3.59623389e+03
   2.65745659e+01   9.05019141e+04   1.83639700e+06   1.41836211e+04
   0.00000000e+00   4.07101641e+04   1.92652910e+04   6.06326270e+03
   1.43510473e+00   1.64727097e+02   4.21534668e+03   3.00324100e+06
   5.65283438e+04   6.97831192e+01   1.40128535e+04   3.83032446e+03
   8.41003320e+03   1.20498512e+06   3.63235260e+02   0.00000000e+00
   1.44451238e+06   4.80160469e+04   2.58035391e+04   5.64275146e+03
   9.17896973e+03   2.15152350e+06   2.22759399e+01   5.06184619e+03
   4.50407850e+06   8.58547938e+05   1.12139854e+04   0.00000000e+00
   1.20683662e+04   1.63975677e+01   1.94630383e+03   1.33494400e+06
   1.06640649e+03   2.39586450e+06   3.99146558e+03   2.12715967e+03
   1.47342484e+05   1.28311920e+01   7.37813965e+03   6.20293945e+03
   1.72922484e+05   1.34477672e+05   1.22775412e+06   5.19887390e+02
   9.85770410e+03   2.13916109e+05   2.50063000e+06   7.74730547e+04
   5.41394385e+03   4.71878469e+05   1.59327250e+06   2.03440371e+04
   1.18123896e+04   3.32764450e+06   1.34804162e+06   2.33986078e+05
   3.86482070e+04   2.02556288e+06   2.10437275e+06   1.81476334e+02
   1.02235020e+04   6.73703000e+05   1.11511602e+04   8.52694043e+03
   2.38549175e+06   3.86143774e+03   4.51294600e+06   4.65412852e+04
   7.23872812e+05   2.26051031e+05   2.65860250e+05   6.86601758e+03
   1.51206826e+04   2.39349082e+04   1.74393531e+05   3.93180391e+04
   1.48792775e+06   4.38684922e+04   4.57854053e+03   2.76494675e+06
   1.41732979e+01   7.88145562e+05   3.66644526e+00   1.94135612e+06
   1.10728232e+04   6.32879562e+05   3.31468525e+06   1.30346912e+06
   5.69908752e+02   2.26494050e+06   8.97424000e+05   1.09577087e+03
   2.00196547e+05   1.51968689e+03   6.71745239e+02   2.62545957e+04
   5.13003613e+03   9.90956500e+05   6.87033062e+05   2.97289450e+06
   4.75307764e+03   3.23326426e+04   5.54048195e+01   3.37581172e+04
   2.41948022e+03   1.01938881e+06   5.96995078e+04   1.27144966e+01
   1.25542542e+03   5.41501904e+03   7.13617554e+02   1.98600891e+05
   7.45771312e+05   0.00000000e+00   1.26145487e+01   2.04813953e+05
   3.51220917e+02   1.11658275e+06   2.72548125e+04   2.35957336e+02
   1.85133038e+06   4.59564404e+03   1.35286125e+06   5.51010986e+02
   2.04890674e+03   2.71896855e+04   1.26007075e+06   1.06095016e+02
   1.16666338e+06   1.18798188e+06   1.28422021e+03   2.06527539e+03
   9.25424609e+04   2.48134160e+04   1.78808691e+03   9.11626270e+03
   2.01388781e+05   2.30553562e+05   1.18462559e+04   1.83859778e+03
   1.20603047e+04   4.18821373e+01   5.85339478e+02   5.16541062e+05]
[  3.02469600e+06   2.83425513e+03   7.35600708e+02   1.04181421e+03
   1.16214000e+06   2.54913625e+06   3.74339312e+05   3.10970850e+03
   1.23344902e+04   2.21835010e+03   1.74392944e+03   2.69937598e+04
   4.24257812e+03   6.24043320e+04   2.73834692e+03   9.90042285e+03
   3.91099640e+02   1.82363800e+02   1.62184525e+06   8.33565156e+04
   0.00000000e+00   1.38264481e+02   6.61543457e+02   4.77264719e+05
   2.47206993e+01   1.28464424e+04   0.00000000e+00   3.20810062e+05
   2.85505059e+04   6.15107002e+01   6.82399453e+04   1.55310127e+04
   6.39931494e+03   1.22743539e+05   3.47326343e+03   2.41573066e+04
   1.59571992e+04   9.88031311e+02   2.91367090e+03   0.00000000e+00
   5.11683086e+04   9.16901641e+04   2.03615000e+04   5.42469336e+03
   2.04558770e+04   1.53739434e+04   2.75130219e+05   3.85539023e+04
   1.57565859e+05   2.82913965e+03   1.83363262e+04   2.65600488e+03
   1.14101086e+03   4.03234141e+04   2.05765000e+05   1.45662453e+05
   8.67931172e+04   9.26109750e+05   2.77672148e+04   8.92736572e+02
   9.00899512e+03   1.46320578e+05   0.00000000e+00   7.63935089e+01
   0.00000000e+00   2.71278848e+04   4.37044219e+05   8.92447510e+02
   1.78706287e+03   6.56074766e+04   1.39441150e+06   3.82815582e+02
   3.26773750e+04   4.55891523e+04   4.20898555e+04   6.43784609e+04
   6.85410312e+04   1.18366729e+04   1.00977586e+05   4.29601656e+05
   1.41413940e+02   1.02900947e+04   5.88596725e+01   1.49034859e+05
   9.93008118e+02   1.62076062e+05   7.27014648e+02   1.81920879e+04
   1.24010225e+04   1.46351104e+04   1.65075273e+04   1.90138652e+04
   1.09820203e+05   3.57510438e+05   9.26354614e+02   1.31212139e+01
   7.69538672e+04   1.43496780e+01   1.36967822e+04   1.84125430e+04
   2.13069482e+03   2.29659121e+04   2.01861512e+06   1.40676788e+02
   9.58225403e+02   4.31397070e+04   1.95865656e+05   1.14186766e+05
   2.56382676e+04   2.60555575e+06   3.45233246e+02   9.47171250e+05
   2.28158417e+01   1.47815417e+03   2.30692793e+04   7.51877422e+04
   8.53443359e+03   1.47576143e+04   1.15436523e+04   7.05876953e+04
   3.96023901e+03   2.95106018e+02   7.52289990e+03   6.25677875e+05
   5.45073389e+03   2.07097676e+04   3.08335438e+01   4.51547344e+04
   3.84810303e+02   2.46476450e+06   4.15388047e+04   1.32664490e+03
   1.03573389e+04   1.72422600e+06   2.22245020e+03   3.29903047e+04
   3.98058945e+04   1.38979975e+06   3.52984497e+03   4.02402893e+02
   0.00000000e+00   1.49422168e+03   1.07562754e+04   3.28958906e+05
   1.24148369e+01   1.54442993e+03   2.25344458e+03   0.00000000e+00
   0.00000000e+00   6.60072144e+02   1.24374646e+03   1.10288916e+03
   1.18731638e+06   1.30890430e+05   9.41803894e+01   2.77031188e+05
   2.66529126e+03   1.64354496e+01   1.24000518e+04   1.97966362e+06
   5.33411446e+01   6.91518994e+03   3.42315015e+03   1.27619481e+00
   1.09463812e+05   0.00000000e+00   3.66310000e+05   1.59056680e+04
   1.22505039e+05   2.33693375e+06   1.24122963e+02   3.17148743e+01
   3.23679321e+03   4.84088219e+05   9.92059812e+05   3.26431616e+03
   1.19150273e+04   3.20801611e+03   2.40267520e+04   6.09802017e+01
   1.16412852e+04   8.03682764e+03   1.28297379e+02   5.71865195e+04
   7.85390043e+00   2.08585181e+03   7.47866797e+04   1.47978066e+04
   2.61092065e+03   2.10481613e+02   1.32376188e+06   5.72612256e+03
   3.46335754e+02   7.72555762e+03   5.25052539e+04   6.54950977e+03
   1.30053180e+05   2.20308203e+04   5.35070438e+05   1.65163255e+00
   1.29138733e+02   0.00000000e+00   7.41650500e+05   6.98562812e+04
   1.46552871e+04   1.11993950e+02   1.85561758e+04   1.65932262e+06
   2.06824812e+05   1.29462238e+06   8.79128571e+01   3.85577515e+03
   6.06091357e+03   5.04310820e+04   1.41546436e+03   3.68328156e+05
   3.41757969e+05   3.88603955e+03   3.25935508e+04   2.05002759e+03
   1.01760449e+04   3.48370859e+04   3.07726782e+03   2.73588867e+03
   0.00000000e+00   2.00097375e+05   1.56548375e+05   3.36559277e+03
   1.75299146e+03   0.00000000e+00   9.15169449e+01   2.24085273e+04
   9.34758359e+04   3.08304370e+03   1.63647900e+06   9.49695020e+03
   3.64899780e+03   1.83545812e+06   0.00000000e+00   1.53982525e+01
   7.52374390e+02   1.39675828e+05   1.35250938e+00   0.00000000e+00
   2.24648407e+02   1.07287361e+02   3.91382305e+04   4.24207129e+03
   5.22926344e+05   1.14307039e+05   4.06515586e+04   2.16640891e+05
   6.09038984e+04   8.30278625e+05   4.24425234e+04   2.19659648e+04]
[  7.39550688e+05   8.84735859e+04   1.05417554e+03   9.68504395e+02
   9.93619562e+05   3.43688013e+03   4.55899453e+04   1.68947234e+05
   7.72569922e+03   8.17857875e+05   4.20155420e+03   2.14714938e+05
   2.98846484e+04   5.49982422e+03   5.90375586e+03   5.42490112e+02
   5.03600419e-01   1.83493262e+04   2.15272093e+00   3.85245361e+03
   4.12456875e+04   7.79886719e+04   1.31944307e+04   1.22238320e+04
   2.30818787e+02   3.72059961e+03   1.82167078e+03   7.30682422e+04
   2.96251621e+04   2.44937656e+05   5.15504150e+02   3.18569102e+04
   6.01409375e+04   7.72915469e+04   3.16483008e+03   1.36375059e+04
   4.50146156e+05   2.09239875e+06   2.52719531e+03   1.66502250e+06
   3.65349487e+02   1.66308826e+03   2.36734692e+03   4.02781211e+04
   1.74387695e+04   1.85020195e+04   1.15814941e+03   5.72832930e+04
   4.57551406e+04   1.04652344e+03   1.48902641e+05   1.39322050e+06
   1.10717010e+01   2.67754250e+01   7.68177979e+02   1.08349336e+04
   1.34283984e+03   1.01461531e+05   0.00000000e+00   7.69966260e+03
   2.53576099e+03   3.27900586e+04   4.11484814e+03   7.85141699e+03
   1.01335283e+04   6.47317500e+04   1.70519570e+04   3.38766211e+03
   7.61626172e+04   1.02379016e+05   4.63065820e+03   1.36280591e+03
   3.01945094e+05   1.51439346e+04   6.06242000e+05   2.36103547e+05
   4.23222312e+05   4.97491680e+04   1.12873462e+03   2.22168921e+03
   1.66783508e+02   8.70122498e+02   1.11742094e+05   3.11114319e+02
   1.28512383e+05   3.90496490e+02   3.05648875e+05   8.04018921e+02
   1.42429838e+01   1.05163770e+03   2.69770294e+02   5.48790710e+02
   6.24257500e+04   6.49747253e+02   2.24078328e+05   4.55998047e+04
   4.11266632e+02   3.04657469e+05   6.64791750e+05   1.22438234e+05
   1.16636953e+05   6.33586133e+04   1.27522046e+03   2.20269775e+03
   4.94338242e+04   2.68405688e+03   4.07741719e+05   3.18947266e+04
   2.25676346e+02   5.87900342e+03   1.18481182e+04   2.27559648e+04
   4.01360625e+04   1.36037715e+04   5.20073779e+03   7.97707500e+04
   3.14841583e+02   7.35239453e+04   3.19494551e+04   3.13208398e+04
   3.68228388e+00   1.04743581e+06   5.09184883e+04   3.50991750e+05
   4.02286914e+04   8.94030945e+02   1.04655674e+04   7.98069153e+01
   8.35197510e+02   7.95921021e+02   8.29811401e+02   3.09745176e+04
   4.64064160e+03   7.45571436e+03   4.91363525e+03   2.40679316e+04
   1.34302412e+04   6.90563516e+04   1.05571680e+04   9.35164124e+02
   2.33850494e+02   4.35422305e+04   4.97028857e+03   4.91440078e+04
   9.06307578e+04   2.01727881e+03   1.66104551e+04   0.00000000e+00
   3.10527129e+04   7.43184717e+03   1.88368008e+04   3.28301125e+05
   2.48554419e+03   2.99272000e+05   2.33294693e+02   4.36048594e+04
   4.68773438e+04   5.12718066e+03   1.86112266e+05   7.41111145e+02
   1.27084099e+02   1.08233984e+03   3.28521240e+03   1.33278107e+02
   1.37373291e+03   3.83147754e+03   6.31955312e+04   5.15548844e+05
   9.83828369e+02   8.66164688e+04   1.06013947e+02   7.76008105e+03
   1.36382385e+03   3.59385205e+03   1.59245322e+04   5.38808057e+03
   1.68310547e+05   5.03012012e+03   1.32013266e+05   6.05006641e+04
   2.10322266e+02   8.60485547e+04   2.05128369e+03   5.95757275e+03
   1.15980812e+05   2.48216504e+03   1.46159688e+05   2.89230811e+03
   3.30434188e+05   9.11840750e+05   1.18633250e+05   1.23835205e+04
   1.82292725e+03   2.32287766e+05   3.68655624e+01   3.65324432e+02
   5.13994453e+04   1.46189570e+04   1.62481311e+03   4.40437500e+04
   2.99360352e+03   2.36643417e+02   2.83233496e+04   4.74691062e+05
   1.00854312e+05   5.79765663e+01   2.97611309e+04   1.20417939e+04
   2.39850562e+05   3.30379820e+00   1.23544568e+03   8.33164355e+03
   4.93335000e+04   5.70882188e+04   1.81441625e+05   1.81456089e+01
   1.42172148e+04   7.78876465e+03   2.53800385e+02   3.08288812e+05
   1.01806553e+04   7.58306836e+03   1.64357539e+04   4.25203320e+04
   1.63198701e+04   7.79375267e+00   7.43960693e+02   1.31622578e+04
   4.99915723e+03   8.95379531e+04   1.38295264e+04   5.55858164e+04
   2.69719141e+03   2.21810547e+04   1.59250438e+06   9.92882019e+02
   3.71270898e+03   5.71188965e+03   1.27311875e+06   1.15757725e+04
   2.03940479e+03   8.13022217e+02   3.48545483e+03   8.08884827e+02
   1.47179938e+05   7.34091375e+05   0.00000000e+00   9.71680069e+01
   2.83665688e+05   1.82434121e+04   3.74701767e+01   1.21043297e+05
   7.92716113e+03   2.51390820e+03   2.22392603e+03   1.79822998e+03]
[  1.48193390e+02   1.86947363e+04   4.86794766e+04   1.78076191e+04
   6.82990430e+03   5.43311250e+04   4.75903534e+02   7.24799756e+03
   9.50355225e+01   2.99133816e+01   1.27195891e+05   6.19877539e+03
   1.12886768e+03   3.07992017e+03   6.69170361e+03   1.60420258e+02
   1.96088945e+04   1.23395381e+04   1.65037656e+04   3.36161035e+03
   5.28289261e+01   1.43375484e+05   2.48882275e+03   4.13711487e+02
   1.27169250e+05   2.40088203e+04   1.10525555e+05   1.70651934e+04
   4.60430117e+04   4.07908228e+03   1.51636143e+04   1.60202984e+05
   2.36866074e+04   3.86412422e+04   3.08932500e+04   5.17054414e+04
   8.15426250e+04   3.96166968e+03   2.02707100e+01   2.87861680e+04
   7.95319748e+01   1.73706391e+05   5.72649531e+04   3.22671445e+04
   2.23509766e+02   2.79983320e+04   8.44388184e+03   3.71575430e+04
   0.00000000e+00   4.14393711e+04   1.80311125e+05   1.05787280e+03
   1.96121648e-01   1.67503086e+04   2.86251191e+04   1.88218516e+04
   4.89354521e-01   3.15879089e+02   4.65862823e+02   2.08320190e+03
   1.09981189e+03   1.44636359e+05   1.65592402e+04   1.87119348e+03
   4.31798877e+03   1.00886426e+04   1.87565784e+03   8.78399277e+00
   4.04409058e+03   1.49853625e+03   1.08237891e+04   1.84049451e+03
   5.58104414e+04   3.93395630e+02   1.74649315e+01   8.99781036e+01
   3.38744392e+01   6.80256653e+00   1.71346859e+05   8.10547812e+04
   3.31836586e+01   1.47237930e+04   2.05389648e+04   1.00331336e+05
   2.70120117e+02   0.00000000e+00   1.22084854e+02   4.11541931e+02
   1.03998312e+05   4.22763164e+04   1.66056680e+04   5.90904541e+01
   1.27804352e+05   1.74705547e+04   2.08195449e+04   4.70445469e+04
   1.39529258e+04   1.52072098e+02   1.53550029e+04   4.84566016e+04
   6.06854370e+02   6.58528671e+01   1.24137234e+05   1.09706030e+03
   2.25704414e+04   5.34682305e+04   1.37493066e+03   1.31675922e+05
   4.38780000e+04   2.88269946e+03   1.37188398e+04   3.20300140e+02
   6.65933750e+04   3.55797539e+01   1.53808142e+03   2.18438633e+04
   0.00000000e+00   3.72328867e+04   4.69874573e+00   1.00448117e+05
   5.57504456e+02   1.46802422e+05   1.48764443e+04   7.50158105e+03
   3.08317651e+03   3.89847383e+04   4.55046289e+03   3.90444766e+04
   2.59396543e+04   2.24148047e+03   2.20263428e+02   4.88872305e+04
   2.23168613e+04   4.47753906e+04   1.98217441e+04   7.25409164e+01
   3.13495361e+03   7.21723572e+02   4.88252344e+03   1.22544918e+01
   6.02396680e+04   4.70690137e+03   3.06051641e+04   1.14045877e+01
   1.44929626e+03   5.22656189e+02   4.56863086e+03   5.61488721e+03
   3.90074524e+02   2.34727598e+04   6.26099180e+04   1.11385723e+04
   2.42593369e+02   2.36537964e+03   1.14190414e+02   0.00000000e+00
   2.24367981e+02   1.05821606e+03   6.86771667e+02   6.52487773e+04
   9.86225586e+03   9.73305078e+03   2.61783848e+04   0.00000000e+00
   8.92588906e+04   5.77493958e+02   1.03165562e+05   4.61994667e+01
   6.72247422e+04   6.38444922e+04   1.57326465e+03   9.87744336e+03
   1.41461426e+04   3.31106494e+03   1.41987469e+05   3.41375664e+04
   6.49534258e+04   1.83023169e+03   1.83422598e+04   9.71040222e+02
   3.60390195e+04   4.13927155e+01   8.94644531e+03   4.32183008e+04
   3.20846411e+03   3.72713555e+04   4.46509883e+04   2.39749648e+04
   2.04228357e+03   5.93148621e+02   1.45959619e+03   2.58275078e+04
   9.34024707e+03   1.64700656e+05   2.03032234e+05   3.07901934e+04
   6.46369873e+03   4.32361602e+04   8.25637500e+03   3.80902148e+03
   1.76845406e+05   7.20476465e+03   7.17719879e+01   1.27024180e+05
   1.22691617e+05   5.00560427e+00   5.52750859e+04   3.08271836e+04
   0.00000000e+00   7.49225006e+01   3.59065735e+02   1.28365820e+03
   3.39839874e+02   2.76809662e+02   8.00954219e+04   3.18094482e+03
   4.32276807e+03   1.61673340e+04   1.88839297e+04   2.20788086e+04
   1.89606172e+04   1.13559227e+05   8.96789017e+01   2.71740580e+00
   4.12549297e+04   1.15459678e+04   1.43123401e+03   0.00000000e+00
   1.29695129e+03   9.15921143e+02   1.70176834e+02   2.42554951e+01
   4.41908477e+04   6.80184062e+04   1.50229094e+05   7.73358459e+02
   4.91045117e+04   4.22551416e+03   2.14389297e+04   8.41729980e+02
   6.43869336e+03   7.32661406e+04   1.72397324e+04   1.05298781e+05
   2.32557227e+03   2.00689844e+05   1.43130117e+04   0.00000000e+00
   1.50282275e+04   2.31273848e+04   3.81791328e+04   1.02158031e+05
   2.00934265e+03   2.11467000e+05   4.12785078e+04   1.28065570e+05
   1.00259828e+05   1.44224695e+03   2.35030890e-01   3.01123086e+04
   7.68446641e+04   1.45863342e+01   4.21944971e+03   1.59316895e+03
   4.28669262e+00   2.05760723e+04   6.13269592e+02   1.17984094e+05
   3.45438633e+04   2.84480682e+02   1.22022176e+00   3.26497437e+02
   1.62191992e+04   1.08390664e+04   1.56157109e+05   2.98492793e+04
   4.49744463e+00   5.10673676e+01   9.05759922e+04   6.17633057e+03
   1.21172132e+01   1.94496350e+03   1.48265547e+04   1.71734703e+05
   2.47252148e+03   4.56457080e+03   3.42131386e+01   1.44112085e+03
   5.65580688e+02   2.30175220e+03   2.56707891e+04   1.06803223e+04
   1.41398750e+05   5.88444961e+04   7.12255078e+04   1.93902084e+02
   1.64053993e+01   2.82144432e+01   1.06130008e+05   5.17541836e+04
   0.00000000e+00   1.65086475e+03   3.90781719e+04   2.66441345e+02
   3.84045898e+02   8.72355234e+04   1.30734766e+03   1.52488098e+02
   9.23540156e+04   6.76081116e+02   1.70365738e+02   9.45650000e+03
   4.07516968e+02   6.04707825e+02   9.81701719e+04   1.71991281e+05
   1.31106224e+01   5.29986016e+04   6.80817627e+03   1.75959316e+04
   9.82256088e+01   3.78263501e+03   6.33937031e+04   1.11774619e+04
   1.60889984e+05   1.12647406e+05   2.29324172e+05   6.02666445e+04
   3.29839648e+04   7.62824036e+02   4.76049414e+04   3.27168867e+04
   9.78236875e+04   1.37735626e+02   3.95038452e+02   5.78237148e+04
   2.40391479e+02   8.33710703e+04   3.16262744e+03   1.85589121e+04
   7.91188359e+04   1.31238086e+03   9.91341113e+03   3.36367874e+01
   6.45635010e+02   9.94362793e+03   6.24172422e+04   8.11745300e+01
   5.57054541e+03   4.55516083e+02   8.28882324e+03   3.82079407e+02
   1.23320435e+03   7.53078828e+04   4.90156982e+03   1.08190198e+03
   2.00595578e+05   1.81178088e+03   6.15010469e+04   2.58544375e+04
   7.37007734e+04   7.55433359e+04   5.64088478e+01   2.51972583e+03
   9.39914453e+03   1.02079193e+03   9.83155703e+04   5.94244287e+03
   9.79280859e+04   6.57381885e+03   2.01941797e+03   3.19292163e+03
   2.54455273e+04   6.94986694e+02   8.00792109e+04   1.49269409e+03
   1.90386511e+03   7.98865088e+03   1.30799438e+03   2.54073395e+02
   2.85358066e+04   1.87607852e+04   3.32425385e+02   2.08704062e+04
   1.10671973e+03   3.36125928e+03   1.63169397e+03   1.58075952e+03
   3.66129639e+03   4.57942230e+02   4.72350616e+02   1.19808334e+02
   1.03750850e+04   7.78609668e+03   1.68017285e+04   1.42429109e+05
   3.35068512e+02   6.49833862e+02   5.40264404e+02   1.15185632e+03
   7.02181702e+01   8.01860840e+03   1.60427900e+04   8.40784688e+04
   4.12529414e+04   4.78382666e+03   3.51707031e+03   4.34991608e+01
   1.39124603e+01   1.74014721e+01   1.04356533e+04   1.33402354e+04
   5.45662744e+03   5.52045898e+02   3.19073242e+04   2.27626855e+04
   8.88524292e+02   2.55807461e+04   2.92435957e+04   3.22230723e+04
   4.33685107e+03   1.29314404e+04   5.78697852e+03   1.15954945e+05
   1.51890656e+05   1.61011240e+04   4.00302500e+04   7.31288086e+03
   1.54061297e+05   1.38565186e+03   4.25385651e+02   1.84293027e+04
   1.27341266e+05   5.27383242e+04   2.48266602e+04   1.30636787e+04
   2.20021744e+01   1.70922348e+02   1.18187051e+04   8.70711230e+03
   5.59769678e+03   1.90806409e+03   1.13613174e+04   0.00000000e+00
   0.00000000e+00   2.10941504e+04   1.97640015e+02   8.10061218e+02
   6.87007520e+03   1.02414406e+05   1.51188501e+03   1.67092266e+05
   3.73861694e+03   0.00000000e+00   2.70993677e+03   6.57621574e+00
   8.59660339e+02   1.66031543e+04   3.02234097e+01   3.62895825e+03
   5.40024109e+02   2.39003711e+04   1.03708061e+02   1.09776445e+04
   2.20787148e+04   8.52306953e+04   1.23573450e+03   0.00000000e+00
   2.45943970e+03   4.32477148e+03   3.16845608e+01   5.30859192e+02
   2.10903477e+04   1.69839554e+02   1.37764417e+03   9.35486572e+02
   5.56911836e+04   5.11335693e+03   1.97459648e+04   0.00000000e+00
   2.64739868e+02   3.29009186e+02   4.70308477e+04   9.83788672e+03
   3.36745078e+04   4.01223230e+00   1.50243799e+03   2.79360509e+00
   1.54505996e+04   4.77872375e+02   1.11274977e+05   9.50872726e+01
   8.22608105e+03   1.56437775e+02   1.14197646e+04   5.28976025e+03
   4.68925049e+03   1.21289977e+05   1.07745037e+01   6.15870391e+04
   6.24259375e+03   7.45239258e+01   2.92325902e+00   3.39971641e+04
   3.41159521e+03   6.26845039e+04   4.88184766e+03   2.05936775e+01
   2.24919531e+04   3.62768066e+02   1.66561661e+02   2.01076859e+05]
[  2.28626343e+03   6.60087793e+03   1.50768591e+03   1.66972523e+01
   1.56395615e+04   0.00000000e+00   1.85928027e+04   4.23307266e+04
   4.38918125e+04   6.31135368e+01   4.45027618e+02   2.04333301e+04
   1.44545898e+01   8.26255938e+04   1.51530830e+04   3.79606094e+01
   2.08570358e+02   5.20018555e+03   6.30726807e+02   1.06225623e+03
   4.88955957e+03   1.66694189e+03   1.70680176e+03   3.95368958e+02
   3.99491333e+02   1.03953359e+04   7.54668274e+02   9.25171191e+03
   1.17026777e+04   3.41536285e+02   0.00000000e+00   8.39216919e+01
   8.47388977e+02   6.11046648e+00   1.11724854e+03   4.24640503e+02
   5.96273010e+02   5.85501366e+01   3.89135469e+04   8.70678467e+02
   2.66706895e+04   2.39344067e+03   9.19583435e+01   3.73322031e+04
   2.04497510e+03   1.49999768e+03   6.19364258e+03   1.84540848e+02
   1.36415421e+02   1.46419080e+03   2.55344238e+02   2.63640060e+01
   0.00000000e+00   1.23197529e+04   6.57406433e+02   3.10448584e+03
   6.85275781e+03   7.03275208e+02   4.20525665e+01   6.02932739e+00
   4.65314531e+00   5.28907080e+03   5.05646362e+01   2.03162646e+03
   5.33297974e+02   5.11131248e+01   8.19771289e+03   1.78558411e+03
   6.90555078e+04   2.11972458e+02   2.29002895e+01   2.08299141e+04
   4.73325109e+00   4.86806592e+03   2.29166064e+03   5.90165039e+03
   0.00000000e+00   1.08250430e+04   1.60504944e+03   1.45008667e+03
   7.37521179e+02   8.80709375e+04   3.29192969e+04   3.31874727e+04
   1.00296057e+03   5.92278976e+01   1.72204062e+04   2.04727246e+03
   1.11311133e+03   9.51871872e+01   4.60051445e+04   1.74158105e+03
   1.05233069e+03   0.00000000e+00   1.64602910e+04   6.30879831e+00
   1.79066235e+03   3.04728281e+04   6.67253613e+03   9.03223926e+03
   2.26328125e+03   2.48053394e+03   9.45946533e+02   0.00000000e+00
   8.24798813e+01   3.58493481e+03   2.95597109e+04   1.80540329e+02
   6.25415312e+04   1.04010648e+05   6.82331360e+02   1.93973679e+02
   3.38161865e+02   1.45458203e+03   1.32917719e+05   2.65930786e+03
   1.45116125e+03   2.41868750e+03   5.26328735e+01   6.73719238e+02
   6.25970078e+01   6.80874365e+03   9.64613419e+01   1.17078209e+01
   5.52517969e+04   2.58246368e+02   3.50922998e+03   3.78145691e+02
   1.04843197e+01   1.38983633e+04   0.00000000e+00   6.56764648e+02
   1.23084709e+02   3.44077466e+03   5.41989844e+04   2.07445507e+01
   6.84452972e+01   1.46900525e+03   1.21388359e+04   5.17384052e-01
   1.66078217e+02   1.11395531e+02   2.12512871e+04   2.67689171e+01
   2.30061011e+03   1.45295374e+03   2.43061836e+04   4.70534023e+04
   1.36159290e+03   5.49302783e+03   5.97583008e+04   2.37613477e+04
   1.14199258e+04   4.51601807e+02   3.00814850e+02   9.91828438e+04
   5.48532031e+03   4.38921562e+04   5.00219434e+03   4.02477881e+03
   7.11392090e+03   2.67199180e+04   2.73486674e-01   1.79964508e+02
   7.37638594e+04   2.48101196e+03   1.37239516e+05   9.50358105e+00
   1.81814121e+04   1.03055557e+04   8.11715012e+01   2.59106812e+03
   7.88053594e+04   1.67545254e+04   2.16564579e+01   1.71912891e+03
   1.00085498e+03   1.07746997e+03   4.51314331e+02   1.58757629e+03
   5.72925625e+04   3.64625708e+03   8.14916138e+02   0.00000000e+00
   4.20310645e+03   5.89017148e+04   4.85598952e-01   2.58520844e+02
   9.13201477e+02   5.67693945e+04   3.70866528e+03   4.94974915e+02
   0.00000000e+00   5.63174570e+04   2.21007153e+03   1.23964707e+04
   1.00005493e+02   3.84832266e+04   3.91616516e+02   7.25318984e+04
   1.11818066e+04   1.31779694e+02   6.90624390e+01   2.80165497e+02
   1.99356855e+04   9.59147095e+02   2.57493378e+02   3.37464893e+03
   3.44776245e+02   7.41831494e+03   1.21476892e+03   2.43271133e+02
   1.99952124e+03   1.50916758e+04   1.98315977e+04   4.60674609e+04
   1.19298467e+04   3.65954071e+02   1.09215935e+02   1.99781426e+04
   1.19096497e+03   4.60936127e+01   5.95518066e+03   6.12858543e+01
   1.30894580e+03   0.00000000e+00   9.50799707e+03   5.79523398e+04
   1.33651196e+03   7.72717480e+03   5.87059102e+04   2.53646240e+02
   5.46935005e+01   2.59683457e+04   5.64353609e+00   1.28316242e+05
   1.31805438e+05   8.35767383e+03   5.05302216e+02   3.15661812e+01
   5.85773291e+03   3.40243481e+03   8.12501709e+02   2.81786572e+03
   1.51652842e+04   4.33582520e+03   0.00000000e+00   2.35700215e+04
   2.35240650e+01   1.17838806e+02   1.07589722e+03   6.93289280e+00
   7.53129346e+03   1.43105996e+00   2.10606552e+02   8.31858826e+01
   8.23811035e+01   2.73015137e+03   3.42737305e+03   2.49769824e+04
   1.94266138e+03   4.59734424e+03   5.89833191e+02   1.58587708e+03
   1.01472986e+03   1.22732266e+04   2.07580246e+02   2.50263359e+04
   1.08988076e+04   6.62754199e+03   9.17937622e+01   1.19652527e+03
   1.98837708e+02   2.17625473e+02   0.00000000e+00   0.00000000e+00
   4.84878076e+03   0.00000000e+00   1.28469592e+03   1.39846455e+04
   1.28160254e+04   1.21921501e+02   4.01610078e+04   0.00000000e+00
   1.53037048e+02   3.26418970e+03   3.37532520e+00   2.22159316e+04
   4.11458618e+02   2.34770898e+03   2.37883713e+02   4.20212012e+03
   1.45050422e+05   1.42733037e+04   3.15386548e+03   2.15589746e+03
   1.82409941e+04   1.16124854e+03   7.97391968e+02   1.14505847e+03
   0.00000000e+00   7.89812598e+03   1.86681738e+04   3.40561581e+00
   3.43355469e+03   1.80939980e+04   3.03472729e+03   1.45196281e+05
   8.75247192e+00   5.85443665e+02   5.29410828e+02   6.04007422e+03
   5.23088125e+04   1.27387667e+01   9.42961035e+03   2.49260750e+01
   1.16103000e+05   1.83749847e+01   4.06978226e+01   7.61124756e+02
   6.86387207e+02   4.14798633e+03   3.78077075e+03   3.47139375e+04
   1.08126195e+05   7.71192017e+01   3.69067041e+03   2.25964883e+04
   3.21233936e+03   1.42360325e+01   6.59820938e+04   2.69797656e+03
   4.68380051e+01   1.05583809e+04   1.12274990e+04   2.67648486e+03
   2.05324173e+00   9.47794434e+03   2.65172081e+01   1.62496567e+01
   2.51097988e+04   2.95110371e+04   2.66636133e+03   6.62427578e+04
   9.37064362e+00   4.85654590e+03   1.51618665e+03   4.05260703e+04
   1.00184172e+05   3.48858429e+02   3.12640625e+02   1.41737988e+03
   5.25507935e+02   1.25520801e+03   1.46051828e+05   8.88058047e+04
   7.93588672e+03   2.27750092e+02   8.81966602e+03   8.05050049e+01
   3.67464014e+03   2.59021704e+03   0.00000000e+00   1.21996536e+02
   1.34394502e+04   8.59954609e+04   1.21869421e+03   1.45888457e+04
   5.12760162e+01   3.83684258e+04   5.45530891e+00   3.50118408e+03
   7.40771179e+02   1.49000031e+05   4.02153931e+02   2.80760620e+03
   4.89476242e+01   1.88539902e+02   1.08167754e+04   6.72825049e+03
   3.23382793e+04   5.18072607e+03   6.80708313e+00   1.88658752e+02
   8.09932251e+02   3.80231836e+04   3.65027578e+04   1.47666758e+04
   1.12236383e+05   6.77633545e+03   1.45046458e-01   8.14381313e+00
   1.73977754e+04   6.86618506e+03   8.57189392e+02   7.97898193e+03
   8.14258203e+03   1.98561802e+01   7.67395386e+02   8.53687305e+03
   9.03310608e+02   4.38087354e+03   3.32179219e+04   8.80453223e+03
   2.88508521e+03   0.00000000e+00   1.37443047e+05   5.79564880e+02
   7.82992871e+03   4.39417419e+01   8.33197021e+02   3.02747894e+02
   6.00345996e+03   1.07668711e+04   1.83898834e+02   8.82155037e+00
   2.62576660e+02   4.54083350e+03   1.04003721e+04   2.68255310e+02
   4.55482080e+03   7.67875137e+01   4.37374023e+02   4.58818945e+03
   1.09507825e+03   4.74428320e+04   1.20793933e+03   1.23549604e+00
   5.10509668e+03   3.18238586e+02   2.65360840e+03   2.42690020e+04
   1.09002051e+03   6.72263718e+01   1.98909961e+03   5.50197510e+03
   6.71619263e+02   2.77481738e+03   3.53100938e+04   1.32351807e+04
   1.55298340e+04   1.33442310e+03   5.94865088e+03   9.76016992e+03
   2.60283909e+01   5.99185791e+02   4.36727734e+03   2.44099686e+02
   2.88328583e+02   6.76072266e+02   0.00000000e+00   1.34491956e+03
   0.00000000e+00   0.00000000e+00   2.61666191e+04   0.00000000e+00
   0.00000000e+00   1.86771729e+03   0.00000000e+00   3.86651031e+02
   5.51127734e+03   2.86780518e+03   1.29850791e+04   3.15319458e+03
   8.87350234e+04   3.09446406e+04   1.17948145e+03   2.18845142e+03
   1.16963852e+02   5.92431289e+04   6.90970020e+03   4.32114182e+01
   4.35503479e+02   4.38496742e+01   1.10126355e+03   6.85884229e+03
   5.86368945e+03   6.39837036e+01   3.42360046e+02   0.00000000e+00
   1.13028145e+04   1.74986582e+04   4.85659131e+03   3.61707458e+02
   1.77611740e+02   4.51309723e+02   6.30455039e+04   1.45847154e+00
   3.53636627e+02   3.82609940e+01   1.60727250e+05   2.03540381e+03
   7.98620361e+02   9.35949158e+02   2.48724651e+00   7.73114062e+03
   2.93917866e+01   4.96072601e+02   1.29330945e+03   2.51570874e+03
   1.53629541e+03   2.06616284e+03   3.78854179e+01   6.94824097e+02
   2.42254053e+03   1.34954891e+05   1.08914047e+02   1.58060303e+03
   0.00000000e+00   2.79038066e+04   1.68744519e+03   6.35394482e+03]
[  1.24044937e+02   6.83052295e+03   7.24460068e+01   1.77818884e+03
   5.37865295e+02   3.05208574e+04   2.15346664e+02   2.79650859e+04
   3.34027466e+03   5.66650430e+04   2.65089331e+03   1.98709579e+02
   4.08786743e+03   2.23047246e+04   9.40488477e+03   7.59333374e+02
   2.18982471e+03   6.15920593e+02   2.86658887e+04   1.88414062e+02
   4.07002687e+00   3.11975537e+03   3.12217377e+02   1.24086975e+03
   1.02898984e+04   1.63541672e+02   6.09032031e+03   3.99293671e+01
   4.65408539e+02   1.75372559e+03   2.33280298e+03   1.31510156e+03
   4.25411865e+03   0.00000000e+00   1.76139531e+04   1.11814491e+02
   4.52793091e+02   9.46645391e+04   6.41022801e-01   6.38130518e+03
   6.77682715e+03   1.95149100e+00   2.45053983e+00   4.04555298e+02
   9.91291113e+03   6.86401428e+02   2.23061719e+03   3.23090020e+04
   1.09452301e+02   5.75918541e+01   5.76539246e+02   1.72283676e+02
   5.48113213e+01   2.66807617e+04   4.48009766e+03   5.26703242e+04
   1.37020264e+03   3.27770874e+03   3.72501068e+01   2.38782007e+03
   2.76379614e+03   1.96147302e+03   1.34845874e+03   4.64829773e+02
   5.17812891e+03   1.25896973e+03   4.20807915e+01   1.38748306e+02
   2.19672195e+02   9.70741577e+01   2.37569733e+02   3.93773555e+04
   2.80901328e+04   3.76778381e+02   1.05206602e+04   4.08826065e+01
   1.07855854e+01   2.75389729e+01   1.36861893e+02   1.43201445e+04
   7.60372620e+02   7.16552031e+04   1.78031074e+04   1.27848350e+04
   9.52145000e+04   3.96705414e+02   8.86060645e+03   2.62700352e+04
   1.97594863e+04   5.58996289e+04   1.42261658e+01   4.87834033e+03
   5.27494629e+02   1.05621104e+04   1.84895447e+03   1.72693652e+04
   3.36269180e+04   2.25046897e+00   1.58633428e+04   8.48235229e+02
   4.61582108e+01   1.21455225e+03   3.87836075e+01   8.90535938e+03
   2.61964726e+00   2.38233786e-02   3.97799316e+03   1.62513506e+04
   1.37789583e+01   3.12666582e+04   4.70151062e+02   4.92136680e+04
   6.05460156e+03   3.33361664e+01   9.40070629e+00   3.59999420e+02
   2.65650879e+02   2.47572988e+04   2.20558691e+03   2.41846371e+01
   9.22885016e-02   3.03800928e+03   3.43491055e+04   2.03215828e+01
   7.42169189e+01   1.51260801e+04   5.62664734e+02   8.40390472e+01
   1.39218811e+02   1.24197777e+02   2.03930391e+04   1.31836743e+03
   7.32969894e+01   2.47522363e+03   2.30209082e+03   6.99758057e+03
   5.52498867e+04   1.29058659e+00   7.01800461e+01   3.07443054e+02
   0.00000000e+00   4.48894958e+01   4.56070557e+02   2.80352295e+02
   3.77402283e+02   7.06795215e+03   3.25626465e+03   0.00000000e+00
   1.69467102e+02   5.13026523e+04   8.47238770e+01   1.28308594e+02
   1.30921448e+03   3.19814404e+03   3.47708527e+02   3.57226523e+04
   1.05180998e+01   3.16524323e+02   1.36099655e+02   2.09925820e+04
   2.62595764e+02   6.63104858e+02   3.69542542e+02   4.47936296e+00
   6.18286992e+04   7.65792160e+01   1.65967163e+02   4.28526306e+02
   8.19666113e+03   1.82676641e+04   5.67026615e-01   2.87158852e+01
   1.01542695e+04   5.89873596e+02   2.05448284e+01   2.02636348e+04
   5.40767148e+04   5.92450195e+02   7.12567031e+04   7.41658154e+03
   2.95104531e+04   4.24193125e+04   5.72202492e+00   1.43839678e+04
   1.95683850e+03   0.00000000e+00   1.74069556e+03   3.09691138e+03
   4.29985094e+00   6.67533936e+02   3.27458954e+02   1.72232834e+02
   1.15291956e+03   2.74857402e+04   1.07790112e+03   3.56394336e+04
   1.96904822e+03   2.03813721e+02   4.49210144e+02   7.80826807e+03
   1.12041919e+03   1.16896570e+03   1.61117078e+03   7.33689904e-01
   3.24920288e+03   1.79881973e+02   5.08883057e+03   2.76220728e+03
   1.95776738e+04   5.76964062e+04   2.67366150e+02   2.09429761e+03
   1.35911729e+04   6.36714307e+03   5.56677437e+01   1.25511797e+04
   1.17398039e+05   3.07463165e+02   2.43624557e+02   2.40811450e+03
   2.25317090e+04   4.54551788e+02   2.99822845e+01   9.24063843e+02
   6.19455261e+02   4.66698189e+01   5.91869888e+01   1.29481140e+02
   3.15696564e+02   1.99819626e+02   4.17841187e+01   2.46179733e+01
   1.29876526e+03   4.10034637e+01   1.50153828e+00   2.92728615e+01
   4.98758888e+01   2.71554138e+02   4.93746765e+02   2.22555298e+02
   4.74481058e+00   5.88103752e+01   2.56464209e+03   2.99699570e+04
   5.09834023e+04   1.01090283e+04   1.08217644e+02   1.99349634e+03
   3.16715698e+01   3.83396988e+01   3.91220245e+02   2.29085800e+02
   1.27466035e+04   4.86534973e+02   0.00000000e+00   1.26085609e+02
   5.21216064e+03   3.71811798e+02   6.64319885e+02   1.45971741e+02
   1.28537793e+03   2.57377148e+03   6.99980286e+02   7.08344498e+01
   4.26871406e+04   1.63239758e+03   1.70750957e+04   3.56723877e+03
   1.44802075e+03   0.00000000e+00   2.09346466e+02   2.57129517e+03
   2.29961823e+02   5.13614769e+01   4.34309336e+04   5.67188660e+02
   1.65738403e+03   1.67574426e+03   9.09450879e+03   3.35866724e+03
   6.59801392e+02   1.80081501e+01   2.07104248e+03   8.89336328e+04
   1.88131311e+03   2.04085693e+03   5.44326953e+03   2.67513611e+02
   5.24742699e+01   4.01295781e+04   2.15472473e+02   3.27699768e+02
   2.31346309e+04   1.11295471e+03   5.11327393e+02   1.12703674e+03
   7.37815430e+02   3.15337500e+03   3.34565308e+03   6.01071167e+01
   3.06744995e+01   3.15290100e+02   4.25695020e+03   1.64400879e+02
   2.75415195e+04   8.29896016e+04   9.07555847e+02   2.45283264e+02
   8.09979370e+02   6.73710693e+03   1.10319531e+00   8.04935107e+03
   1.42206240e+00   2.11418701e+03   1.23565295e+03   1.41862939e+04
   2.93658478e+02   1.04539902e+04   2.32725555e+02   6.02948682e+03
   2.64168184e+04   3.75485742e+04   1.23059375e+03   2.71556738e+04
   6.29159584e+01   1.55204370e+03   7.33037842e+03   6.48345886e+02
   1.60267200e+03   1.25717911e+02   1.50866367e+04   5.13861084e+03
   0.00000000e+00   7.12372461e+03   1.65020447e+02   5.74572510e+02
   3.59773132e+02   1.61237168e+04   9.69319824e+02   2.67607207e+04
   5.76037695e+04   2.96960938e+03   1.79574585e+02   4.36521484e+02
   1.61192131e+01   4.50673584e+02   8.05533125e+04   7.68010635e+01
   6.79445020e+03   7.25938782e+02   3.15189893e+03   5.34323945e+04
   2.26625366e+02   1.26562915e+03   4.11205963e+02   2.17575245e+01
   9.61371484e+03   1.52384631e+03   2.14686055e+04   6.99697733e-02
   7.14004297e+04   4.86348267e+02   3.94520547e+04   2.53917877e+02
   1.97595645e+04   2.85724274e+02   1.48964813e+02   4.47081934e+03
   3.18132782e+02   2.46193652e+03   8.19620972e+02   1.32305908e+03
   2.83196163e+01   7.16472363e+03   2.29619171e+02   1.28348422e+05
   2.74580820e+04   1.67049670e+03   4.08789014e+03   3.70575049e+03
   1.69239334e+02   1.79888812e+05   9.03188379e+03   5.00299469e+02
   1.22756384e+03   1.22182295e+04   1.47449203e+02   3.87580824e+00
   1.13383618e+03   6.86981445e+02   8.95275078e+04   7.45972656e+02
   2.74568066e+03   5.90060234e+04   9.85110859e+04   8.24791794e+01
   6.36761627e+01   2.03278516e+04   8.48433887e+03   9.25827734e+03
   1.51919678e+03   1.36594941e+04   2.04682776e+03   2.50700928e+03
   1.95050430e+00   5.29650234e+04   1.38165863e+02   6.65179749e+01
   6.04306213e+02   4.72304596e+02   3.94013940e+03   6.14564404e+03
   1.53067461e+04   3.46610083e+03   8.84349121e+02   0.00000000e+00
   3.42564795e+03   1.49404755e+02   0.00000000e+00   9.43853073e+01
   5.95733582e+02   1.83011094e+04   8.51187305e+03   1.01493540e+01
   2.91247040e+02   1.48560376e+03   3.74404663e+02   6.30156517e+01
   2.06217676e+03   9.46716797e+03   7.76295000e+04   3.36081635e+02
   1.05700791e+04   5.96521530e+01   2.17704651e+02   2.39720718e+02
   5.64702950e+01   2.58005142e+01   3.19368711e+04   4.40592527e+00
   4.31152458e+01   4.35065956e+01   1.60164276e+02   1.36670065e+01
   1.87868767e+01   1.94347988e+04   1.21923376e+03   1.02772375e+03
   3.33510474e+03   4.31890625e+04   1.92777206e+02   2.32430322e+03
   3.13165741e+02   1.58138953e+05   3.63527773e+04   1.50360847e+00
   5.01846240e+03   5.68005957e+03   3.58234570e+04   2.32990879e+04
   2.74029141e+04   6.98004102e+03   1.57008027e+04   1.54176361e+02
   9.21256836e+03   4.41571240e+03   1.49294525e+02   6.82299072e+02
   3.05884796e+02   8.52556992e+01   4.15657422e+04   1.35618760e+04
   2.07428320e+04   1.49646348e+04   1.09090161e+03   2.65633636e+02
   8.10259399e+02   5.99462402e+02   7.52838989e+02   3.23244023e+04
   4.47977832e+03   6.59577942e+01   2.22088652e+04   3.33311310e+01
   2.84571075e+01   0.00000000e+00   3.81561084e+03   1.40827417e+03
   5.86755078e+03   1.48544434e+03   1.80186934e+04   1.72100469e+04
   1.82449180e+04   2.54133081e+03   3.32109795e+01   7.11456177e+02
   1.25230127e+03   9.10773163e+01   3.15037891e+03   2.54971699e+04
   2.18878828e+04   1.30665498e+04   7.74240446e+00   1.85292480e+03
   1.62301348e+04   2.65013438e+04   4.75955505e+02   6.85069351e+01
   8.44971802e+02   1.60917725e+02   2.41568584e+01   2.03805703e+04]
[  3.04606781e+02   6.87919021e-01   0.00000000e+00   3.07946631e+03
   1.08333282e+02   1.85597992e+01   6.32933950e+00   3.32678490e+01
   4.92203484e+01   5.97631950e+01   7.99629307e+00   8.94789368e+02
   1.03443832e+01   2.91040325e+00   1.88186693e+00   0.00000000e+00
   0.00000000e+00   3.90868805e+02   0.00000000e+00   0.00000000e+00
   2.38558792e+02   1.04819180e+04   8.37098047e+03   1.87925690e+02
   7.76148319e+00   4.00668025e-01   0.00000000e+00   2.01793323e+03
   1.27691742e+02   1.22724475e+03   1.36670586e+04   2.99681091e+02
   5.47980896e+02   1.26231888e+02   2.13708258e+00   2.57423633e+03
   1.55012922e+01   1.74380449e+04   1.09883508e+03   1.40518848e+03
   9.70183008e+03   5.38945198e+00   5.21675146e+03   1.39048645e+03
   3.99265137e+01   0.00000000e+00   1.64323389e+03   1.57497650e+02
   8.32275963e+00   1.87063813e-01   2.35206547e+01   3.11623828e+03
   0.00000000e+00   1.98798981e+01   3.03069611e+02   9.35242615e+01
   5.55307520e+03   2.63103065e+01   0.00000000e+00   9.45906738e+02
   4.67599640e+02   1.04223323e+00   8.89745903e+00   1.15664636e+03
   1.09952726e+01   5.71335107e+03   1.40270147e+01   0.00000000e+00
   2.58467194e+02   1.02427502e+03   5.99574585e+02   5.23629913e+01
   4.35363045e+01   2.05911694e+01   1.59483156e+01   3.56235718e+02
   8.60613286e-01   8.19107300e+02   1.15983820e+00   6.59195480e+01
   0.00000000e+00   1.72643005e+02   5.26878418e+02   1.52337997e+02
   6.04719543e+01   2.64825058e+00   3.06749678e+00   2.71371460e+00
   1.98266113e+04   2.65068298e+02   1.34515244e+04   2.37667496e+02
   9.30715039e+03   4.60673279e+02   0.00000000e+00   5.96766785e+02
   1.75533574e+04   4.03491974e+00   3.76475684e+03   1.16942879e+02
   4.58298645e+02   1.37390518e+01   1.02682924e+01   3.40906167e+00
   6.53772888e+02   1.01424878e+03   0.00000000e+00   1.33394104e+03
   5.37391186e+00   0.00000000e+00   1.03373413e+01   1.74483414e+02
   3.38859058e+03   9.03638672e+03   4.63313770e+00   0.00000000e+00
   9.07944092e+02   7.55587830e+02   0.00000000e+00   1.07392143e+02
   0.00000000e+00   2.02669922e+03   0.00000000e+00   5.43549880e-02
   5.69233665e+01   0.00000000e+00   8.21586037e+00   0.00000000e+00
   7.69462128e+01   9.06561813e+01   3.07795013e+02   1.21645508e+03
   2.05288798e-01   6.48285980e+01   2.91481079e+02   5.31945839e+01
   2.16371895e+04   2.72204102e+02   1.45504059e+02   2.42130508e+02
   2.89032422e+03   8.16198883e+01   6.14526701e+00   1.29908862e+03
   3.28644524e+01   2.20828462e+00   4.30480118e+01   1.07906370e+01
   4.96080322e+01   2.71650505e+00   7.99606562e-01   2.16262684e+01
   1.93300076e+01   2.29210625e+01   6.72389221e+01   6.60017252e+00
   2.98535309e+02   1.24775190e+01   2.89710760e+00   1.67872887e+01
   2.70747101e+02   7.21307449e+01   2.00877188e+04   1.66680396e+03
   2.85604077e+03   1.00128105e+04   0.00000000e+00   2.87308838e+03
   4.75001709e+02   5.68363135e+03   0.00000000e+00   2.88298737e+02
   3.04772064e+02   6.97209717e+02   5.22139215e+00   0.00000000e+00
   8.60203705e+01   9.23584938e-01   3.13715820e+02   0.00000000e+00
   4.56143913e+01   9.31153564e+02   0.00000000e+00   9.66878357e+02
   1.75937500e+02   6.79637891e+03   3.13503456e+01   4.33954191e+00
   7.13493164e+03   8.25219421e+02   2.44957848e+01   1.02948809e+01
   5.08596252e+02   1.62623413e+02   2.68902344e+02   8.91243591e+01
   0.00000000e+00   8.64335938e+02   1.62753979e+03   9.53137012e+03
   5.62035408e+01   1.95394395e+04   3.23711324e+00   1.95872154e+01
   7.70598793e+00   1.61160339e+02   5.04097748e+02   2.60213409e+02
   0.00000000e+00   8.00930029e+03   5.89704492e+03   2.36007401e+02
   0.00000000e+00   0.00000000e+00   2.25364105e+02   5.24034570e+03
   5.02658691e+01   1.59308662e+01   4.05947685e+00   4.43358246e+02
   2.00452194e+02   1.94077515e+02   3.02929980e+03   4.38487911e+00
   7.43569043e+03   4.34330859e+03   0.00000000e+00   3.57975572e-01
   0.00000000e+00   8.29314087e+02   6.46420593e+01   1.67664575e+03
   2.97965118e+02   5.27033752e+02   1.77437439e+03   1.99278046e+02
   5.32030640e+01   6.67385156e+03   0.00000000e+00   3.54705780e+02
   0.00000000e+00   1.35607344e+04   3.54427862e+00   1.87342143e+00
   0.00000000e+00   6.10435608e+02   1.01980254e+04   2.68966031e+00
   1.00845896e-01   2.71616573e+01   4.82912354e+03   6.47892427e+00
   3.51048241e+01   1.44748825e+02   7.39628983e+00   9.57998291e+02
   2.47850562e+03   8.83126678e+01   0.00000000e+00   1.69340879e+04
   6.43697281e+01   7.75310059e+01   0.00000000e+00   0.00000000e+00
   0.00000000e+00   0.00000000e+00   2.34315157e+00   9.10569885e+02
   1.77724072e+03   3.63543592e-02   7.25071239e+00   6.22599609e+02
   6.49672985e+00   8.56240430e+03   2.98603638e+03   7.43290100e+01
   6.03425488e+03   6.81813965e+01   8.33999557e+01   0.00000000e+00
   4.45689321e-01   2.64876270e+03   9.53060938e+03   2.18439713e+02
   2.49827981e+00   1.42848404e+02   3.06745044e+03   9.81068726e+01
   2.40441728e+00   0.00000000e+00   1.21966103e+02   2.66921417e+02
   8.34548157e+02   2.01626602e+02   0.00000000e+00   0.00000000e+00
   7.47751007e+01   9.80371017e+01   1.20383561e+00   2.48608418e+01
   9.75835571e+02   1.74729233e+02   7.52131250e+03   0.00000000e+00
   2.78775421e+02   1.19691384e+00   5.96581230e+01   4.21815634e-01
   1.10123730e+04   0.00000000e+00   1.48422432e+04   7.81719360e+01
   2.35145397e+01   0.00000000e+00   2.15513778e+00   7.32269922e+03
   4.04512744e+03   2.91866504e+03   3.42649811e+02   2.37609314e+02
   6.51282568e+03   1.25247124e+02   1.51133323e+00   3.01063805e+01
   8.86663208e+02   1.46305293e-01   5.85535202e+01   5.68733032e+02
   9.74862137e+01   9.34823074e+01   1.22004900e+01   1.18175117e+04
   2.46083379e+00   5.88659241e+02   3.44873749e+02   1.70972864e+03
   1.57452454e+03   1.90240564e+03   2.60268701e+03   1.11435287e+02
   1.90647449e+03   0.00000000e+00   5.06265297e+01   2.12186241e+00
   1.64010242e+03   0.00000000e+00   4.65810059e+03   1.47270035e+02
   8.11072266e+02   1.24904127e+01   2.06488533e+01   0.00000000e+00
   8.18445117e+03   2.78769264e+01   2.45529845e-01   3.02951984e+01
   1.32937881e+04   5.48289502e+03   9.49931836e+03   3.57580338e+01
   5.42148685e+00   2.50498438e+00   7.92214692e-01   2.11813583e+02
   1.14663440e+03   4.26769028e+01   0.00000000e+00   1.68139420e+02
   9.88078842e+01   0.00000000e+00   7.68997498e+01   2.34782251e+03
   1.58818460e+00   2.34434723e+02   2.93446579e+01   5.30901527e+01
   4.96881199e+00   0.00000000e+00   2.49800720e+01   7.72229538e+01
   1.02463676e+02   1.48004414e+04   1.34893227e+01   1.33155928e+04
   4.08366748e+03   4.08168262e+03   1.64959094e+03   1.85086761e+02
   5.06728302e+02   8.23247009e+02   2.12123993e+02   8.59893894e+00
   1.94621460e+02   0.00000000e+00   2.66135925e+02   3.51137877e+00
   0.00000000e+00   4.49971390e+00   2.97008301e+02   2.73110504e+02
   4.56997910e+01   2.70394995e+03   1.07118975e+04   8.15605450e+00
   1.90699615e+02   5.05693283e+01   3.99894470e+02   1.68169785e+01
   3.47501183e+00   1.42491182e+04   1.03408241e+01   2.64423370e+00
   2.76434612e+01   2.98637360e+02   4.01274341e+03   4.54569016e+01
   4.71469092e+03   4.31516357e-02   5.24948359e-01   0.00000000e+00
   1.16345010e+04   1.61454211e+03   5.67708054e+01   1.59234595e+00
   1.46631683e+02   1.55912308e+02   0.00000000e+00   2.91564159e+01
   0.00000000e+00   1.87848352e+03   1.28819641e+03   1.98499012e+01
   5.68518555e+02   1.02034247e+03   7.19899902e+02   4.72842216e+00
   4.53590727e+00   1.87849475e+03   9.58479395e+03   1.25953278e+02
   0.00000000e+00   5.34519577e+00   1.87727582e+00   1.53389984e+02
   5.73991299e+00   1.30514371e+00   1.04040752e+04   8.56017188e+03
   1.61608633e+04   1.01641512e+01   8.78214798e+01   1.97451477e+02
   9.84022888e+02   0.00000000e+00   1.50600293e+03   4.02173828e+02
   7.78124952e+00   1.75729980e+04   1.75483185e+02   2.44006787e+03
   4.64981699e+00   5.47066162e+02   3.29651356e+00   4.19747047e+01
   1.17585176e+04   4.23936903e-01   6.71154327e+01   0.00000000e+00
   0.00000000e+00   1.92833221e+02   2.75564148e+02   2.36798152e-01
   1.79044159e+02   4.98797217e+03   1.08731198e+00   5.84249854e+03
   4.68160400e+02   8.35825256e+02   4.20090039e+03   6.38461418e+01
   5.36409668e+03   3.40266724e+01   7.98361206e+01   3.63390388e+01
   1.60115700e+01   2.25160986e+03   3.79185772e+00   2.59783179e+03
   7.55186081e-01   2.10682273e+00   4.21814632e+00   2.17804395e+03
   6.11200523e+01   8.34894466e+00   3.91473656e+01   0.00000000e+00
   1.17207312e+03   9.92797668e+02   4.23298248e+02   8.53215723e+03
   2.40154678e+02   3.05693874e+01   1.77069507e+03   4.85379004e+03
   0.00000000e+00   9.95178613e+03   1.62543297e+01   1.88950272e+02
   0.00000000e+00   1.11871426e+04   6.33425534e-01   4.67137947e+01]
[  4.31957664e+01   7.47207886e+02   1.58372726e+02   1.12803513e+02
   2.13375732e+02   7.50602417e+02   9.86995773e+01   1.19060654e+02
   4.01075378e+02   8.55258179e+00   1.43203516e+03   1.15862659e+03
   7.43412500e+03   9.11120377e+01   5.75428271e+03   6.93135681e+01
   1.92824161e+00   7.99777298e+01   2.71965137e+03   2.04638947e+02
   1.40085938e+02   1.33923828e+02   6.95667236e+03   3.43632538e+02
   1.40497574e+02   3.17613907e+01   3.32180519e+01   5.13301163e+01
   4.81070801e+03   5.80948219e+01   6.03180647e+00   7.48068666e+00
   2.74362012e+03   9.84805908e+01   7.35865555e+01   3.27831396e+03
   7.72106641e+03   3.30888414e+00   3.29039192e+00   9.54708008e+02
   4.79955420e+03   1.14671863e+03   0.00000000e+00   2.87135053e+00
   2.41281480e-01   2.47604233e+02   1.30989880e+03   1.87401535e+02
   1.58802719e+01   4.01516075e+01   5.54851456e+01   2.38070545e+01
   2.15755688e+03   5.47092834e+02   5.80496521e+02   8.25887109e+03
   9.06291753e-02   1.04594631e+01   3.85299683e+03   3.74705688e+03
   5.38090723e+03   3.45735840e+02   5.78354150e+03   0.00000000e+00
   7.10695457e+00   9.16691650e+02   1.27028786e+02   6.22040527e+02
   6.02573633e+00   1.39592773e+03   9.21846985e+02   1.14415169e+02
   2.62038513e+02   1.61058083e+01   1.23397217e+02   1.64604395e+03
   6.05359879e+01   1.79439728e+02   4.38799609e+03   9.41265583e-01
   1.33089619e+01   1.01342010e+02   1.66217249e+03   3.53638802e+01
   1.79489014e+03   4.30156689e+03   2.01125473e+02   7.18840485e+01
   3.48152417e+03   2.81082550e+02   3.50459808e+02   1.26757706e+02
   0.00000000e+00   2.35670459e+03   8.55657578e+00   1.22699461e+01
   3.15147491e+02   2.86030127e+03   5.33394718e+00   9.60648651e+01
   1.52904167e+01   1.13189602e+01   5.19076614e+01   4.15402699e+00
   1.23864612e+03   0.00000000e+00   4.56641884e+01   8.06982666e+03
   5.37254639e+03   2.74918304e+02   9.41810486e+02   1.73161789e+02
   1.00615967e+03   7.73270447e+02   8.36535156e+02   0.00000000e+00
   7.18025055e+01   9.26948318e+01   1.03027649e+03   7.62553329e+01
   9.32702408e+01   1.49891797e+03   2.18734598e+00   4.54338121e+00
   3.97595901e+01   5.72635864e+02   2.64733715e+01   6.75696182e+01
   7.17029102e+03   0.00000000e+00   5.04704041e+02   2.95176562e+03
   5.72164185e+02   1.77787399e+02   5.01110352e+03   1.84903789e+00
   0.00000000e+00   1.00374050e+01   1.69280815e+01   0.00000000e+00
   5.31144531e+03   0.00000000e+00   4.61261169e+02   3.44607269e+02
   2.91967041e+02   2.52387214e+00   0.00000000e+00   7.34698582e+00
   0.00000000e+00   1.55994034e+02   1.20798552e+00   6.44065857e+02
   1.80605240e+02   3.15736035e+03   1.60335419e+02   1.05538916e+03
   3.75064667e+02   4.52447224e+00   7.56876953e+02   4.14622467e+02
   5.89606262e+02   1.84673755e+03   2.17069268e+00   9.62838623e+02
   5.55483203e+03   4.55630371e+02   1.75758942e+02   1.23956623e+01
   2.97398346e+02   1.87828503e+03   5.20755798e+02   2.00303173e+00
   3.70582672e+02   0.00000000e+00   6.92554617e+00   0.00000000e+00
   8.25686359e+00   6.73546143e+03   4.06081848e+02   1.08419357e+02
   1.03053307e+02   4.93856316e+01   0.00000000e+00   4.32896576e+01
   1.57702051e+03   5.23460627e-01   1.97472992e+02   5.25081635e+00
   7.69523323e-01   8.01863403e+01   1.59677334e+01   4.84074249e+01
   8.95356369e+00   3.19787384e+02   1.34515320e+02   2.21622055e+02
   8.81673584e+01   2.27065411e+01   1.11009697e+02   3.70365372e+01
   2.38186096e+02   3.07421631e+02   1.58814275e+00   7.26277542e+00
   6.59356737e+00   1.03509865e+02   1.97025251e+00   2.26487137e+02
   1.66039143e+01   6.19898033e+01   3.18844556e+03   3.17354069e+01
   3.85949790e-01   0.00000000e+00   4.23754807e+01   3.22782379e+02
   3.81610632e+00   4.20382721e+02   1.41031799e+02   7.42067337e+01
   5.65011963e+02   6.93713257e+02   9.49755859e+01   1.55239844e+03
   1.38341202e+02   4.01769817e-01   2.13452759e+03   5.80614891e+01
   5.19894580e+03   2.42774097e+03   3.72908276e+03   1.42171524e+02
   0.00000000e+00   1.19445839e+02   3.78993774e+02   1.35472510e+03
   1.02078918e+03   1.10336128e+02   3.31293555e+03   7.74211792e+02
   2.90655212e+01   2.84418945e+01   1.06001160e+03   0.00000000e+00
   3.93664246e+02   2.14650488e+03   8.76894653e+02   0.00000000e+00
   1.16342407e+03   7.05100775e+00   8.75509977e-01   5.10016174e+02
   1.73524915e+03   5.70713952e-02   5.27949691e-01   1.02591416e+04
   0.00000000e+00   2.61338257e+02   5.49113953e+02   1.43843384e+02
   7.28368115e+03   0.00000000e+00   7.76744189e+03   3.02691765e+01
   1.50609303e+00   1.16294907e+02   3.52442139e+02   4.93800659e+02
   2.73712940e+01   5.14751038e+02   5.76855659e+01   3.90294983e+02
   0.00000000e+00   0.00000000e+00   3.39936485e+01   5.48004227e+01
   1.81959274e+02   2.37294769e+01   4.38173218e+02   2.41529724e+02
   6.23302412e+00   1.16699247e+01   7.51847852e+03   2.99434814e+01
   0.00000000e+00   1.84061621e+03   3.88161224e+02   5.91064334e-01
   3.96615430e+03   2.02080078e+02   9.45415020e+00   9.81020272e-01
   3.65412323e+02   1.22267593e+02   7.24833936e+03   1.00117004e+02
   1.04371289e+03   2.62091309e+02   4.16525459e+01   8.55560974e+02
   2.78786401e+03   2.27757666e+03   4.53724289e+00   1.88393950e+00
   1.89688770e+03   5.77593604e+03   5.51862646e+03   3.26527008e+02
   1.22208667e+00   7.68904602e+02   2.95659790e+02   8.60730057e+01
   3.51098084e+00   1.17388077e+02   1.45079803e+02   3.71642120e+02
   1.04233386e+03   1.41105469e+02   1.52157120e+02   0.00000000e+00
   6.85539579e+00   1.10022266e+03   4.28927269e+01   4.26277490e+03
   1.23689499e+01   1.92381210e+02   8.14501190e+00   0.00000000e+00
   3.38699379e+01   1.35555176e+02   6.63929939e+00   2.98270397e+01
   9.14765472e+01   4.87398560e+02   5.25542419e+02   1.75803070e+01
   4.34088593e+02   1.10278330e+01   3.12702972e+02   2.86490161e+03
   9.87650024e+02   2.60533130e+03   1.33574377e+03   2.94584923e+01
   1.03780426e+02   2.35849136e+02   3.24943945e+03   2.81862831e+01
   1.99711304e+01   2.17500854e+03   5.58207359e+01   0.00000000e+00
   7.73898633e+03   6.84080648e+00   8.83576111e+02   6.38301516e+00
   2.42730493e+03   3.80023499e+02   1.43161421e+01   1.25100342e+02
   4.45858841e+01   2.26359320e+00   1.47909988e+02   2.12160278e+02
   3.01821582e+03   5.95129728e-01   6.73848038e+01   1.09055758e+01
   2.10068314e+02   1.78449675e-01   9.52696680e+03   0.00000000e+00
   5.91785278e+02   1.26293860e+03   0.00000000e+00   4.71171997e+02
   2.72827783e+03   1.12046787e+04   1.85240067e+02   3.26767181e+02
   5.41858459e+02   1.59706802e+02   1.24408501e+02   2.46092415e+00
   1.28068604e+02   2.72636681e+01   9.90585327e+01   1.20048466e+01
   4.55763092e+02   3.89804916e+01   4.71792773e+03   1.34356937e+01
   6.11653015e+02   6.49589539e+01   5.72310865e-01   2.54960342e+02
   1.42789817e+00   1.43655930e+02   4.70279579e+01   6.06312904e+01
   7.60844824e+03   8.04703445e+01   3.28749298e+02   4.61240088e+03
   7.61230127e+03   2.12159760e+02   7.20875244e+02   0.00000000e+00
   3.69864998e+01   8.81794434e+03   7.17601318e+01   1.93427881e+03
   1.10793549e+02   1.14477205e+00   9.99277649e+01   0.00000000e+00
   1.87805801e+02   4.43150977e+03   1.49042883e+03   5.23888867e+03
   1.95803543e+02   1.74902744e+01   8.24057922e+01   1.96003807e+00
   7.60065842e+01   1.08666058e+01   1.68399933e+02   4.12029541e+03
   1.43386292e+03   3.70372925e+02   1.19326631e+04   1.83310585e+01
   1.98820297e+02   2.73547363e+03   3.54452934e+01   4.77303894e+02
   4.82666504e+03   6.49946213e+01   1.69121628e+02   1.02794299e+03
   3.18428268e+01   0.00000000e+00   4.53029537e+00   7.17711639e+01
   5.76628540e+02   2.15261993e+02   1.04544380e+02   0.00000000e+00
   3.64941788e+00   3.45063553e+01   0.00000000e+00   6.36032593e+02
   8.22794043e+03   1.13852539e+03   3.04775257e+01   4.67528351e+02
   5.27019873e+03   9.19163635e+02   3.28769135e+02   1.10446954e+00
   3.41670807e+02   1.41534897e+02   9.40711784e+00   0.00000000e+00
   2.73748608e+03   1.89176282e+03   2.13202957e+02   8.78016699e+03
   1.04417412e+04   1.62897290e+03   1.93405795e+00   3.60068665e+01
   5.27394772e+00   4.75415314e+02   2.90272675e+01   1.64267532e+02
   5.35296265e+02   2.04051018e+00   1.70563927e+01   1.21149287e-01
   5.23552429e+02   3.14922144e+03   1.08212181e+02   9.49197510e+02
   1.30490936e+02   5.14529467e-01   2.92563057e+00   3.48754712e+03
   8.52634251e-01   4.17939415e+01   1.24912073e+03   2.02408093e+03
   6.33776546e-01   0.00000000e+00   2.45609711e+02   1.24814425e+01
   2.20588512e+01   1.50492993e+03   3.69903534e+02   4.83192188e+03
   3.53538501e+03   6.47462511e+00   1.18655969e+03   6.33164258e+03
   2.04871387e+01   0.00000000e+00   4.86131226e+02   4.41428857e+03
   2.23822308e+01   7.57541016e+02   3.99137497e+01   5.35657275e+03]
[  7.32464172e+02   2.74128284e+01   3.04780078e+00   4.38989296e+01
   3.62472038e+01   1.19230664e+03   1.81876812e+01   1.35514526e+02
   3.97801661e+00   4.32545319e+02   6.32690549e-01   1.66395981e+02
   2.36845001e+02   3.76870703e+03   1.19157867e+02   1.77880287e-01
   2.97836685e+01   4.34121674e+02   1.02986702e+02   5.47334146e+00
   6.85428476e+00   0.00000000e+00   4.03803177e+01   4.45465820e+02
   1.86141706e+00   3.68206239e+00   2.55292386e-01   3.83868361e+00
   5.70214539e+01   2.06000824e+02   3.43579941e+01   1.33539164e+00
   1.15284378e+02   1.94098396e+01   1.77198181e+03   1.04739941e+03
   6.28569126e-01   1.96518921e+03   2.99737310e+00   1.14680603e+02
   1.07402163e+01   3.55563087e+01   3.45827103e+01   2.24510250e+01
   2.39843826e+01   9.83636169e+01   2.80185577e+02   7.69082159e-02
   4.31005592e+01   2.69445362e+01   7.38503235e+02   0.00000000e+00
   9.74507713e+00   2.74969116e+02   5.47582731e-02   1.03270226e+01
   1.97164845e+00   4.11546373e+00   5.93075638e+01   1.95035065e+02
   1.06719284e+01   3.62505417e+01   1.80485642e+00   2.64907837e+01
   9.36431694e+00   7.65108585e+00   6.98913040e+01   8.34404528e-01
   2.53704286e+00   3.53016205e+01   1.96868718e+00   1.05509766e+03
   2.24808769e+01   1.50747773e+04   8.78765076e+02   1.13194883e+00
   1.12557230e+01   5.30783768e+01   2.95147915e+01   9.51621437e+00
   6.25681829e+00   2.41679401e+01   3.13853779e+01   2.68681202e+01
   4.10673409e+01   1.72973856e-01   8.49544861e+02   5.51516876e+01
   1.20210304e+02   2.42413349e+01   5.40904274e+01   3.65695457e+01
   1.29160509e+01   1.23362524e+03   2.86305176e+02   1.40982428e+01
   1.66770000e+01   4.98424683e+01   1.17260963e+02   7.76915894e+01
   5.56870162e-01   3.65597191e+01   7.23077850e+01   1.18686438e+01
   1.10709524e+01   3.24230438e+02   0.00000000e+00   1.06742688e+03
   1.99479904e+01   6.55411839e-01   7.66926453e+02   5.01547003e+00
   7.04704952e+00   1.27203857e+02   0.00000000e+00   0.00000000e+00
   9.80951500e+00   7.88278503e+01   3.20073877e+03   5.53576946e-01
   2.96077942e+02   2.47843513e+01   5.49345207e+01   1.02082439e-01
   2.35349476e-01   1.56882803e+04   1.04339867e+01   1.44744329e+01
   9.43225464e+02   8.30118179e+01   2.50801125e+01   1.04869370e+02
   4.77071953e+01   4.02331543e+01   2.41929248e+03   1.28724031e+01
   6.23189316e+01   1.34265029e+00   4.15078467e+03   1.49823284e+01
   5.52493334e+00   1.16892603e+03   1.76547298e+01   7.07406189e+02
   5.33788986e+01   2.46208374e+02   1.21898425e+00   3.61115784e+02
   2.84699646e+02   3.05856991e+01   7.77704544e+01   4.15216751e+01
   1.87578888e+01   2.27195415e+01   6.40249939e+02   2.14548187e+02
   1.83824654e+01   0.00000000e+00   2.37254620e+00   8.30422729e+02
   6.81736328e+03   1.90518494e+03   3.11571922e+01   2.57219410e+01
   8.66384964e+01   7.70664406e+00   1.42738152e+01   2.51877785e+01
   2.42613297e+01   5.00921011e+00   6.75252609e+01   3.07434416e+00
   3.27086258e+00   3.33339386e+02   6.39766884e+00   7.00485229e+01
   9.96871567e+00   2.67760420e+00   9.97632294e+01   1.82984546e+03
   7.56476074e+02   3.61968842e+01   4.13973969e+02   8.93112183e+01
   1.21887268e+02   1.34540268e+02   1.79888403e+00   4.26601052e-01
   1.33787165e+01   1.13410118e+02   6.50138016e+01   1.09461761e+00
   2.45224097e+03   2.79112587e+01   1.67282951e+00   1.98510571e+01
   1.11832409e+01   1.71761597e+02   5.60290756e+01   1.19372876e+03
   3.99938469e+01   1.24942780e+00   1.50700720e+03   5.82751226e+00
   2.22167320e+01   1.31970763e+00   9.99446838e+02   2.13794887e-01
   8.45359116e+01   6.87127930e+02   1.59793671e+02   8.70298982e-01
   4.25404358e+02   2.33221619e+02   4.41495209e+01   1.75521057e+02
   0.00000000e+00   3.72043991e+01   2.14951343e+03   4.56527596e+01
   1.43316758e+00   8.73247051e+00   1.37312651e+00   2.84677315e+01
   9.25307236e+01   2.04230945e+03   7.93471298e+01   2.85018940e+01
   3.65347099e+00   7.88562927e+01   2.35119019e+01   1.40183105e+03
   2.15828674e+02   3.57991724e+03   0.00000000e+00   7.80447340e-03
   1.26568909e+02   1.06740295e+03   5.06063428e+03   5.42457914e+00
   2.64051228e+01   5.47293816e+01   8.60959396e+01   0.00000000e+00
   3.48444519e+01   0.00000000e+00   2.27870020e+03   2.23638840e+01
   1.17545250e+02   1.55217609e+01   4.67551392e+02   4.82393112e+01
   7.77532578e+00   4.85729675e+02   7.80860168e+02   2.40979815e+00
   1.78061417e+02   7.63745422e+01   2.84965332e+03   1.06989769e+02
   1.55561666e+01   1.44233685e+01   1.43436951e+02   6.95124435e+01
   3.27753067e+01   0.00000000e+00   1.61125031e+02   4.54835749e+00
   2.55697651e+01   1.72157612e+01   3.76355908e+03   2.47595688e+02
   7.52088242e+01   9.13966274e+00   2.12506134e+02   6.49620285e+01
   4.25580688e+02   5.15819511e+01   2.80396137e+01   2.35976744e+00
   6.19805664e+02   4.78956940e+02   2.51587734e+01   7.83615601e+02
   1.15846504e+02   7.72225800e+01   2.20956554e+01   1.21124725e+01
   3.68396568e+01   4.43858223e+01   2.41492041e+03   7.32065048e+01
   2.99060268e+01   2.77396870e+01   3.46197624e+01   1.53088867e+02
   2.97859001e+01   9.74900391e+02   6.95213175e+00   4.62894531e+03
   7.88652649e+01   1.26438465e+01   3.18348145e+03   3.01708618e+02
   1.36468811e+02   1.93332077e+02   2.02286606e+01   3.94841949e+02
   3.60820503e+01   1.49667114e+02   2.53845483e-01   7.82974911e+00
   1.84666252e+01   3.47948952e+01   3.71992090e+03   6.64270782e+01
   3.48064526e+03   5.49460836e-02   5.97437561e+02   9.63816452e+01
   6.55509262e+01   1.46444445e+01   2.39200325e+01   4.98042816e+02
   1.94268478e+02   3.22567230e+02   1.01356859e+01   6.65170975e+01
   2.83227978e+01   2.15981236e+01   1.34363568e+00   8.90188293e+01
   0.00000000e+00   4.06439247e+01   1.96292458e+01   3.24657990e+02
   3.89680791e+00   7.97173615e+01   2.20684433e+02   1.74111465e+02
   5.19736977e+01   1.42142773e-01   6.02793274e+02   4.61386347e+00
   0.00000000e+00   4.51632850e-02   2.88958069e+02   0.00000000e+00
   1.38510799e+01   9.62895298e+00   4.12582741e+01   8.99060974e+01
   0.00000000e+00   2.32495865e+02   1.49744339e+01   4.07543066e+03
   3.84483948e+01   2.68373394e+01   1.24173843e+02   1.11290865e+01
   9.72085190e+00   1.60343903e+02   8.23072052e+00   2.08301220e+01
   7.74838318e+02   3.09130836e+00   9.49551544e+01   2.06607952e+01
   5.68718987e+01   7.75181675e+00   1.40390849e+00   2.83826538e+02
   1.43816032e+01   0.00000000e+00   2.82947159e+01   1.06426859e+01
   3.00726245e+03   7.73629472e-02   2.50369625e+01   1.25272303e+01
   8.10721016e+00   2.41300513e+03   3.95808643e+03   0.00000000e+00
   4.41576355e+02   2.97179050e+01   4.69210205e+01   0.00000000e+00
   7.57139206e+01   0.00000000e+00   1.40319250e+03   1.79723778e+01
   2.27744247e+02   4.28478012e+01   2.47242822e+03   4.56598480e+02
   2.07807007e+03   3.90216675e+01   3.21743813e+01   1.65560413e+03
   1.29245331e+02   1.88143623e+00   5.49858046e+00   0.00000000e+00
   2.47475662e+02   2.78896362e+03   3.47569275e+01   1.28504517e+02
   1.09411079e+02   5.17958450e+01   8.38076233e+02   1.27997876e+03
   1.26020682e+00   2.29856018e+02   4.45369934e+02   0.00000000e+00
   4.02127419e+01   3.43572769e+01   7.16199707e+02   1.19725990e+01
   3.45481964e+02   1.88733349e+01   5.33516579e+01   6.96799278e+00
   2.07996185e+02   1.96328418e+03   2.57334991e+02   6.40620422e+01
   1.27318623e+04   5.07580719e+02   5.95054321e+01   7.83280869e+01
   1.16528076e+02   8.25237671e+02   6.82574234e+01   1.82676416e+03
   1.43844128e+03   4.77392082e+01   2.25707817e+01   3.23044930e+01
   2.62591338e+00   9.32611755e+02   3.90476318e+02   6.46320496e+01
   3.83684616e+01   6.99584503e+01   0.00000000e+00   1.93407516e+01
   1.71443319e+00   1.18753786e+01   2.64558277e+01   4.16256485e+01
   2.54219360e+01   2.10192719e+02   6.26754227e+01   4.67891357e+03
   4.81607552e+01   4.75215820e+03   7.27502289e+01   1.43769180e+02
   1.50492584e+02   3.64256287e+02   1.71773880e+02   1.33793592e+00
   3.67739014e+02   6.00443344e+01   3.92320923e+03   8.76644135e+01
   1.56879959e+01   1.50627937e+01   5.38353109e+00   9.89069977e+01
   8.28515564e+02   1.44852271e+03   3.84733429e+01   9.72956116e+02
   3.10415119e-01   4.98819202e-02   2.47062359e+01   0.00000000e+00
   6.03025513e+01   6.09470596e+01   2.34583301e+03   0.00000000e+00
   1.29203064e+02   6.05218430e+01   3.10323982e+01   1.88840234e+03
   1.45984869e+01   0.00000000e+00   1.57872066e+01   1.19891457e+02
   2.63229771e+01   1.40417358e+03   9.96974731e+02   5.51957397e+02
   3.68591162e+03   2.99545074e+02   5.08692551e+01   3.24449539e+01
   1.19340930e+03   1.30840130e+01   3.80292931e+01   2.90744629e+03
   3.37388115e+01   1.74460754e+02   2.11730061e+01   4.43103088e+02
   4.83792236e+03   9.55499023e+02   2.77438916e+03   6.78225636e-01]
