bicycle
bus
car
motorbike
person
[  6232091.       9698527.      56456572.      11433378.      61568136.
   8988688.      19448366.       6193403.5     20087134.       6651733.5
  13202997.      35335912.      16622207.      14045219.       4609252.
   6616736.5      5287147.5      4020420.      62516108.      16741714.
   5070980.       6527650.       9094683.      36914792.       2342195.75
   9758313.       6997701.5      5572639.       5512310.5     21432698.
  37446524.       6289302.5     66012108.       2232903.5     15218373.
   4042924.75    22658986.       5099149.5      9306213.       3042402.5
   8286849.       3126389.75    18057434.      73062496.      11652787.
  38176712.       5214995.       4088773.       2270433.5     57117380.
  18958156.      15716945.      22506858.      19969812.      16316310.
  21269522.      36373300.       8336509.5     14760726.       6111249.
   7087781.5      3936826.5     23038298.        965146.5625]
[  2.17972620e+07   1.73195740e+07   2.33695560e+07   1.81331062e+05
   1.06154880e+07   4.28313750e+06   8.17664300e+06   4.28375684e+03
   5.51097050e+06   4.59116200e+06   3.76451920e+07   4.04109760e+07
   4.21664258e+04   1.89954288e+06   3.31449740e+07   2.11685100e+07
   4.47894200e+06   3.23083140e+07   1.70361580e+07   1.59154350e+07
   4.10433406e+05   4.64076440e+07   8.25039250e+05   4.52328440e+07
   3.57936375e+05   5.37308080e+07   3.01806400e+06   1.93831212e+06
   2.17313320e+07   4.55766172e+04   5.44014150e+06   3.88486445e+04
   2.06325675e+06   1.25142090e+07   9.42613300e+06   7.05757250e+06
   2.56675812e+05   2.24850350e+06   8.47741500e+06   1.20931330e+07
   2.67582250e+06   8.43148400e+06   4.65908100e+06   1.37604300e+07
   3.36749440e+07   1.08355510e+07   1.12772820e+05   1.84731180e+07
   1.64079670e+07   3.69796750e+06   4.37941560e+07   7.71601250e+06
   4.48078400e+07   8.74421800e+06   8.38407062e+05   9.99605500e+06
   2.31828560e+07   4.50208560e+07   6.32442200e+06   1.72104800e+07
   1.24227480e+07   1.22387512e+03   2.41373420e+07   4.45463920e+07]
[  9.63007750e+05   8.77536500e+06   5.34879492e+04   1.38523906e+05
   4.58254141e+04   1.93590957e+04   1.40229531e+05   6.79135250e+06
   3.07780176e+04   2.70868650e+06   3.30858650e+06   1.28291662e+06
   1.70239288e+06   1.07652688e+06   2.83489414e+04   1.60462219e+05
   1.80121650e+06   2.46519969e+05   6.27843500e+05   8.80912500e+06
   1.53083212e+06   9.74864648e+03   6.60515150e+06   1.04948130e+07
   5.62019900e+06   0.00000000e+00   8.20926812e+05   6.30930400e+06
   2.05433125e+05   3.01793825e+06   1.03485508e+04   1.56702470e+07
   1.06839550e+06   1.49657412e+06   1.84319062e+06   2.63095600e+06
   8.74822750e+05   1.79577360e+07   4.13621075e+06   1.85196230e+04
   3.00271400e+06   7.18243400e+06   9.52659562e+05   9.39201600e+06
   3.34392225e+06   5.36051062e+05   6.29984100e+06   2.78736152e+04
   6.13952125e+05   1.63446016e+05   4.59228594e+05   3.49174648e+04
   2.76702250e+06   5.17108219e+05   1.61968180e+07   7.32602100e+06
   3.14427625e+06   3.92858359e+04   7.78098906e+04   3.51640219e+05
   4.11121525e+06   1.15038770e+07   6.79063800e+06   2.07098962e+06
   1.47975920e+07   2.72822325e+06   1.00500390e+07   2.55299425e+06
   1.66871797e+05   1.35545200e+06   5.52760700e+06   1.00798260e+07
   1.92760300e+06   1.06281812e+05   0.00000000e+00   1.97990400e+06
   3.31934453e+04   4.94980250e+06   7.58883750e+06   4.21989219e+05
   2.07834570e+04   9.20275900e+06   4.79891450e+06   1.37545996e+04
   2.29169450e+06   1.01015040e+07   6.65253350e+06   2.47878271e+03
   2.28674300e+06   2.90461938e+05   6.26054700e+06   6.07994150e+06
   1.03045069e+06   6.38613950e+06   3.20694562e+05   9.92037100e+06
   1.50978672e+04   3.93196700e+06   2.14067025e+06   3.26735500e+05
   1.97990538e+06   1.44992600e+06   2.00050500e+05   1.51734475e+06
   4.02731250e+03   6.37547188e+05   4.80155078e+04   2.83476500e+05
   5.28127150e+06   9.70238281e+04   8.10920859e+04   5.92208550e+06
   4.61532812e+05   1.15625450e+07   3.71473625e+06   1.89832475e+06
   3.12522000e+06   3.98282000e+05   1.98091175e+06   1.08352412e+06
   5.12138450e+06   7.11318050e+06   1.05876312e+05   1.07105710e+07
   6.09987062e+05   2.22392969e+04   1.90725320e+07   6.36221973e+03]
[  3.96832775e+06   3.51380025e+06   2.93599688e+05   0.00000000e+00
   1.70193965e+04   2.95484400e+06   4.03223344e+05   1.01790844e+06
   1.34423900e+07   3.34274125e+06   1.31611740e+07   9.75744400e+06
   4.01651325e+06   6.40996750e+05   1.05887559e+04   6.68209188e+05
   3.20117325e+06   1.41963225e+06   3.33099150e+06   1.39981895e+04
   5.37640900e+06   2.08848912e+06   3.66087350e+06   3.82339805e+04
   1.38766312e+06   4.06237469e+05   3.50100312e+05   3.68078475e+06
   1.40765359e+05   2.97111225e+06   8.42196094e+04   1.28033350e+07
   4.80040750e+06   4.20852875e+05   2.33407100e+06   3.07979625e+06
   4.85527450e+06   1.35032330e+07   2.52505562e+05   3.32488906e+04
   3.23689325e+06   6.46686094e+04   2.62845938e+04   8.07341250e+05
   1.78567750e+06   6.80345450e+06   1.00667970e+07   4.13129350e+06
   1.30085962e+06   1.00598300e+07   4.63826800e+06   3.79009175e+06
   9.39883100e+06   1.22166112e+06   5.64518625e+05   2.34897188e+05
   3.53527200e+06   4.05911031e+05   3.08497681e+02   5.55254650e+06
   1.83573450e+06   1.03679370e+07   4.76215900e+06   1.87127500e+06
   6.21051375e+05   9.57109200e+06   4.58282219e+05   3.12302375e+06
   4.23380950e+06   1.23076180e+07   3.58832425e+06   1.37541680e+07
   3.94975625e+06   1.03331050e+07   1.44064980e+07   1.88596777e+03
   2.07143112e+06   3.83267575e+06   1.38355650e+07   5.20776250e+06
   4.72997300e+06   3.70508789e+04   6.68628000e+06   3.24272625e+06
   1.24173820e+05   7.35375900e+06   3.51415156e+05   5.65615350e+06
   4.19004375e+04   1.70430488e+06   5.21455000e+04   9.91949800e+06
   3.23126094e+05   8.03856150e+06   2.13594825e+06   3.12783875e+06
   7.23562562e+05   6.83399350e+06   5.00746969e+05   1.29861840e+07
   9.14698203e+04   3.06680062e+05   1.45522130e+07   1.04908672e+04
   1.67927609e+05   1.33292040e+07   3.53922925e+06   9.03471500e+06
   5.97294400e+06   1.07812590e+07   1.82842334e+03   2.37412550e+06
   4.50988219e+05   2.15682180e+07   6.66666100e+06   7.49655125e+05
   1.00530306e+06   1.92129512e+06   3.05883652e+04   4.73942891e+04
   1.46883820e+07   6.73827125e+05   3.29139922e+04   7.10836000e+06
   1.32525600e+06   2.84005175e+06   1.55807830e+07   9.16237300e+06]
[  0.00000000e+00   4.86590137e+03   1.36018488e+06   1.18456006e+04
   1.69126373e+02   3.55658508e+02   1.15973560e+03   2.57691078e+01
   1.75885288e+06   3.03533008e+04   6.63937683e+02   1.24836436e+04
   2.22171426e+00   6.51633867e+04   7.40078594e+04   1.20729092e+04
   4.02976758e+04   1.25594662e+06   2.47420142e+03   4.06140508e+04
   1.72678699e+01   8.78920996e+03   9.35655188e+05   6.38106787e+03
   2.74977773e+04   1.76434802e+03   1.83284950e+06   0.00000000e+00
   1.82107642e+03   7.54642109e+04   7.35245422e+02   4.00518280e+02
   0.00000000e+00   2.56279062e+05   4.97136211e+04   1.57511062e+06
   1.63479475e+06   1.06929102e+04   2.76838770e+03   2.72085718e+03
   3.65618262e+03   6.98540466e+02   4.03647070e+03   6.71768750e+05
   4.37498730e+03   1.61267749e+03   5.71346802e+02   2.50967087e+02
   8.80638984e+04   2.00434023e+04   9.10630762e+03   1.09818893e+02
   1.61683200e+06   8.38637812e+05   4.41991310e+01   2.22393965e+04
   7.74319375e+05   1.46911612e+06   2.07138599e+03   5.15849457e+01
   9.57021328e+04   1.62426084e+04   7.13829562e+05   7.83750234e+04
   4.28336906e+01   1.09741113e+04   2.54373145e+03   1.95521777e+03
   9.12360449e+03   1.20880055e+05   1.43991862e+06   2.00109150e+06
   0.00000000e+00   1.55995186e+04   2.85082703e+02   1.66546249e+02
   8.26544434e+03   2.49852781e+05   2.24733516e+05   1.66560438e+05
   2.16426000e+05   6.26096338e+03   8.08687988e+03   2.27506621e+04
   2.56158100e+06   2.37832775e+06   1.01297086e+05   1.76356900e+06
   3.61425195e+04   6.63053955e+02   3.72960742e+03   2.74039785e+04
   3.23956062e+05   8.33493262e+03   2.65649033e+00   2.03729272e+03
   1.33005947e+04   1.25075475e+06   1.69787732e+03   2.73720605e+04
   1.49445986e+04   5.16136172e+04   1.05567488e+06   8.84881016e+04
   3.66489697e+03   8.12088135e+03   2.51507324e+03   3.85267017e+03
   7.88257141e+01   2.95672812e+05   5.53892000e+05   1.62373496e+04
   0.00000000e+00   1.80866387e+04   2.01248008e+04   6.03313965e+03
   2.82922707e+01   6.24180713e+03   2.18005225e+03   2.88059525e+06
   1.71615156e+04   7.97673874e+01   1.45060537e+04   1.34664160e+03
   2.12644849e+03   1.52929800e+06   2.16860153e+02   0.00000000e+00
   2.65559969e+05   1.23219668e+04   6.43270654e+03   8.36035352e+03
   1.35261943e+04   1.92214375e+06   7.04347916e+01   2.24869629e+03
   2.50354075e+06   1.15932925e+06   1.05721592e+04   0.00000000e+00
   8.63913672e+03   1.14454382e+03   8.18679980e+03   8.81902188e+05
   1.60781726e+03   1.60414412e+06   4.43043604e+03   1.21281787e+03
   1.83600828e+05   1.53878565e+01   9.07179785e+03   5.24844482e+03
   1.80799000e+05   5.84981719e+04   1.00506144e+06   6.49127490e+03
   7.53567041e+03   4.92394281e+05   2.85975562e+05   2.79799812e+05
   6.87204541e+03   7.80292422e+04   1.56663988e+06   8.88789648e+03
   9.99914609e+04   2.51576150e+06   1.93568400e+06   3.25263344e+05
   2.01341516e+05   1.50915400e+06   1.54988750e+06   4.64469238e+02
   7.71081787e+03   2.21536094e+05   1.52352344e+04   9.44273145e+03
   1.82449638e+06   7.28790088e+03   2.51580625e+06   8.97685703e+04
   7.22541438e+05   8.90091797e+04   7.42986250e+04   1.49737930e+04
   1.52715635e+04   6.97168457e+03   6.36981094e+04   5.11315508e+04
   1.35541562e+06   5.45872363e+03   6.55760156e+03   9.99989375e+05
   7.54850464e+01   5.70999562e+05   1.90285797e+01   1.37733300e+06
   1.05869443e+04   2.94991188e+05   1.57420212e+06   1.18191888e+06
   9.00715210e+02   9.68499000e+05   1.11783512e+06   8.00478088e+02
   4.21461016e+04   5.17842712e+02   2.11252975e+02   4.47288379e+03
   4.05667456e+03   2.03221750e+05   6.06271688e+05   1.93633188e+06
   2.77957080e+03   8.32778516e+03   7.78247452e+01   1.79486289e+04
   1.18861987e+03   1.36808675e+06   3.24784375e+04   8.38738403e+02
   3.14805225e+03   4.27544287e+03   9.27327087e+02   2.02434797e+05
   6.85756062e+05   1.05444753e+00   2.33531113e+02   3.58511938e+05
   2.14974915e+02   9.34569500e+05   7.61857109e+04   1.88117310e+02
   1.00867031e+06   3.28351636e+03   1.44564725e+06   5.14896179e+02
   7.61831055e+02   1.06442797e+05   1.14398012e+06   4.31418854e+02
   9.25358250e+05   1.15366412e+06   2.52256812e+03   1.77895337e+03
   5.66627031e+04   2.21344805e+04   3.48431348e+03   4.56498291e+03
   8.91968066e+03   8.14690562e+05   1.08812754e+04   8.63186584e+02
   2.62356323e+03   1.38058987e+01   4.49542236e+03   7.95911000e+05]
[  1.97768850e+06   1.64706211e+04   8.60476929e+02   9.25205200e+02
   1.81347375e+06   1.34009912e+06   1.32191469e+05   1.75836572e+03
   1.06525420e+04   9.50365784e+02   1.30327271e+03   1.65961504e+04
   5.98307666e+03   3.48792344e+04   2.98053662e+03   3.03545044e+03
   9.92120743e+01   1.81577148e+02   1.25405412e+06   6.88089297e+04
   0.00000000e+00   2.05448135e+02   1.24144482e+03   7.81159562e+05
   5.34068527e+01   6.59915576e+03   4.18040943e+00   6.10699312e+05
   2.30856602e+04   2.29625607e+01   8.79978281e+04   5.88815234e+03
   1.04588936e+04   1.00409898e+05   4.79211377e+03   7.65494609e+04
   1.35673750e+04   5.43155212e+02   3.23328345e+03   0.00000000e+00
   1.18384734e+05   3.64288945e+04   1.42969863e+04   5.58117139e+03
   5.96215723e+03   7.29587451e+03   6.00527062e+05   4.03635625e+04
   1.04735719e+05   6.59664551e+02   2.58665215e+04   8.15016504e+03
   5.36442932e+02   9.24982715e+03   3.88864844e+05   2.87839812e+05
   2.97048301e+04   1.35392125e+05   1.41794719e+05   6.11036560e+02
   4.61997705e+03   6.06631719e+04   9.28890152e+01   1.37981842e+02
   0.00000000e+00   2.45393262e+04   6.24656484e+04   2.59885559e+02
   1.01696735e+03   1.20027871e+04   7.04956062e+05   1.56230804e+02
   1.81084844e+04   5.59210449e+03   2.51566484e+04   9.29504531e+04
   6.25243125e+04   1.06399873e+04   8.44323125e+04   6.72043062e+05
   9.88848038e+01   1.76877637e+04   1.14302521e+01   3.11886641e+04
   8.00525635e+02   1.48638848e+04   1.12858240e+03   1.03776816e+04
   2.54493281e+04   1.28637754e+04   9.19000000e+03   2.68488574e+03
   4.51751133e+04   9.79872188e+05   1.05536755e+03   0.00000000e+00
   3.29004125e+05   2.60567665e+01   1.39890186e+04   1.67435062e+05
   2.99616040e+03   1.77931562e+04   3.37596344e+05   5.07540817e+01
   1.16349609e+03   5.29234219e+04   4.63554102e+04   8.47848906e+04
   3.79361719e+04   1.43656838e+06   1.82516846e+03   9.15394875e+05
   1.20854881e+02   8.70992920e+02   3.62384741e+03   2.11606152e+04
   7.52787292e+02   1.60017852e+04   4.12645352e+04   1.04488664e+05
   1.40155654e+04   1.84692383e+02   5.06593506e+03   3.83243281e+05
   2.08128809e+03   3.19937866e+03   1.59636140e+00   1.68015957e+04
   1.06090649e+03   1.64499462e+06   5.24517617e+04   1.01196027e+03
   8.28875391e+03   1.63142625e+06   1.08578809e+03   1.64524824e+04
   2.79797754e+04   6.30795250e+05   1.52217114e+03   6.51406784e+01
   1.83058624e+01   3.46700830e+03   9.24050293e+03   1.24770859e+04
   0.00000000e+00   2.56864380e+03   3.28566833e+02   0.00000000e+00
   0.00000000e+00   1.30836523e+03   3.14702271e+02   8.48045117e+03
   9.08680438e+05   2.44541906e+05   1.16759180e+03   3.33388531e+05
   1.51498682e+03   6.31694946e+01   2.74679258e+04   1.30665200e+06
   1.24673120e+03   1.06074971e+04   2.88944141e+03   1.30286423e+02
   2.85451156e+05   0.00000000e+00   6.60235938e+05   3.21302759e+03
   2.33043000e+05   1.74475150e+06   1.86390594e+02   1.44107542e+01
   2.13415332e+04   1.67743281e+05   8.65333312e+05   1.32158569e+03
   4.02727344e+03   4.14401611e+03   9.38949316e+03   9.53202667e+01
   2.83658545e+03   1.01162812e+04   6.81693344e+01   1.32414746e+04
   5.56510353e+01   1.14683984e+03   6.99995781e+04   9.63728613e+03
   1.90290588e+03   6.99290009e+01   2.94159562e+05   1.43684290e+03
   1.91107498e+02   1.07962051e+04   2.37544707e+04   2.65377979e+03
   4.29391250e+04   1.14650850e+04   5.25203812e+05   1.69073753e+01
   3.86172981e+01   1.70365677e+01   7.99184688e+05   4.08202656e+04
   3.23025996e+04   2.20694763e+02   1.30747393e+04   9.22749812e+05
   1.05099320e+05   8.05629250e+05   4.46017609e+01   6.72052393e+03
   7.57202881e+03   2.77768516e+04   9.12634460e+02   8.31948047e+04
   4.37802688e+05   1.90630117e+04   1.45779746e+04   1.24323662e+04
   1.19434854e+04   1.85744121e+04   8.95541504e+02   1.88351819e+03
   1.20136702e+00   4.46548125e+04   1.24496062e+05   1.89141230e+04
   8.61543335e+02   0.00000000e+00   1.38456558e+02   5.04657324e+03
   7.44428906e+04   3.42395898e+03   9.34031000e+05   5.13757812e+03
   2.51382471e+03   8.17164188e+05   0.00000000e+00   2.09758644e+01
   2.84124927e+03   4.35769906e+05   5.82071018e+00   0.00000000e+00
   5.65445801e+02   1.85765259e+02   6.55775439e+03   2.08484155e+03
   9.68890812e+05   4.30431625e+05   2.76201562e+04   2.99739707e+04
   4.96689600e+03   9.44896188e+05   1.16596025e+04   4.01860820e+04]
[  8.85548125e+04   2.38631035e+04   8.62740051e+02   6.61352112e+02
   2.83644594e+05   4.28146143e+03   9.05050625e+04   2.58184155e+03
   2.93135895e+02   7.86399312e+05   2.69013965e+04   3.30117812e+04
   1.11798994e+04   4.17006201e+03   3.26358569e+03   4.30676727e+02
   1.91580601e+01   4.26201270e+03   3.40853653e+01   1.44804822e+03
   3.15439375e+04   2.21874062e+05   1.74935918e+04   4.98775586e+03
   7.49060303e+02   1.20863262e+04   3.64593188e+03   2.82337781e+05
   3.26528691e+04   5.02238156e+05   3.21929779e+02   2.04297129e+04
   6.07752812e+04   9.15684062e+04   2.18351318e+03   1.22903340e+04
   3.22092125e+05   1.18185600e+06   1.21489221e+03   1.49507500e+06
   1.55909143e+03   1.15220801e+03   1.05837666e+04   1.02698914e+05
   2.08398359e+04   9.22780664e+03   8.24724060e+02   2.81741602e+04
   2.78509141e+04   4.54503418e+03   9.01499375e+04   9.45175500e+05
   6.05155212e+02   7.02785635e+00   1.59408728e+03   2.30846997e+03
   5.58002246e+03   2.37097156e+05   1.48745661e+01   1.31542266e+04
   1.59285620e+03   6.27474531e+04   2.13182593e+03   1.32570498e+04
   1.46749102e+04   2.44448652e+04   5.89942969e+03   7.19687842e+03
   6.70366016e+04   4.07668008e+04   8.46012031e+04   9.06267480e+03
   1.19230062e+05   1.12118447e+04   5.08122656e+05   1.46908172e+05
   1.73231875e+05   2.79713770e+04   1.78563047e+04   9.89505493e+02
   7.58778625e+02   4.23039917e+02   8.13957188e+04   1.38384598e+02
   7.25624766e+04   8.18896866e+01   5.42360391e+04   4.38642334e+02
   6.23963451e+00   1.05633704e+03   2.11660675e+02   1.56862817e+03
   9.37248438e+03   1.11239929e+03   1.00031289e+05   9.65936401e+02
   2.13336548e+02   4.14893750e+05   5.44241500e+05   7.77162422e+04
   1.30415133e+05   6.06103164e+04   7.56191101e+02   1.38994495e+03
   4.15198242e+04   1.47013489e+03   7.26307188e+05   2.86321484e+04
   7.45600464e+02   2.20910815e+03   4.46493320e+04   5.01156641e+03
   2.22905977e+04   3.67405664e+03   1.59433960e+03   1.08149969e+05
   1.51174824e+04   1.15284961e+05   1.07035438e+05   8.86810156e+04
   4.20213890e+00   7.54111625e+05   4.70894805e+04   3.59702719e+05
   1.13606758e+05   1.73255750e+03   1.94097578e+04   8.86520615e+01
   6.82113525e+02   3.06649567e+02   3.75013232e+03   2.98120176e+04
   1.67622969e+04   5.82435254e+03   1.70439512e+04   3.01184229e+03
   1.13901338e+04   8.33396406e+04   2.80839141e+04   1.10389026e+03
   7.86534195e+01   5.89251406e+04   1.17326086e+03   5.08013398e+04
   1.05967217e+04   3.43398555e+04   5.78672773e+04   3.63000412e+01
   1.31520734e+05   8.17333691e+03   9.55477051e+03   5.39386406e+04
   2.25216162e+03   2.56263625e+05   3.55713013e+02   4.81193066e+03
   8.12690000e+04   4.92986572e+03   2.92758844e+05   5.07041321e+02
   1.70638269e+03   2.12373138e+02   1.56269629e+04   4.66456494e+03
   3.10264551e+03   5.65500439e+03   2.65896621e+04   1.18427141e+05
   1.74036096e+03   2.22447480e+04   8.45682373e+01   6.87406445e+03
   1.77197925e+03   2.74397754e+03   3.76590547e+04   7.06456592e+03
   6.21739492e+04   5.43643652e+03   1.14366328e+05   3.73312461e+04
   1.52991870e+03   4.92893633e+04   5.73448398e+04   2.46568652e+04
   1.07286047e+05   1.04996655e+03   9.41337578e+04   3.58428864e+02
   4.63424463e+03   4.41679938e+05   4.62192734e+04   2.21461206e+03
   3.17821045e+02   9.38845078e+04   6.32470932e+01   9.83650330e+02
   4.10452070e+04   1.31237324e+04   3.70381094e+04   6.28434023e+04
   7.56583984e+03   1.92392181e+02   3.63935703e+04   2.19443438e+05
   1.97379500e+05   9.08090820e+02   1.89515488e+04   1.20464746e+04
   3.60019812e+05   6.48879576e+00   5.49796924e+03   7.22220996e+03
   3.04010156e+04   1.86100000e+04   7.81087734e+04   3.00309105e+01
   1.95408789e+04   1.59278564e+04   1.42204926e+02   2.19920719e+05
   8.59923242e+03   2.72185645e+03   5.74726465e+03   5.74699365e+03
   5.63238789e+04   7.37937355e+00   3.35518646e+01   1.02800039e+04
   2.80481348e+03   2.87807422e+04   2.02203555e+04   5.51164258e+04
   7.02522339e+02   3.40651914e+04   1.25543738e+06   2.50561484e+04
   1.50094421e+03   5.31578027e+03   1.18566800e+06   3.04657495e+03
   1.27509961e+03   4.12389160e+02   2.21342212e+03   1.94675708e+03
   4.97071914e+04   3.81073250e+05   7.82003784e+01   5.04614029e+01
   1.71445219e+05   1.92410781e+04   5.62979412e+00   5.89296758e+04
   9.29669727e+03   1.78159277e+03   6.01530029e+02   1.51165918e+04]
[  6.24993164e+02   5.85068359e+03   4.70475977e+04   5.36426641e+04
   1.12404504e+03   7.41366953e+04   1.30865308e+03   3.61082214e+02
   2.56468719e+02   1.32275658e+01   7.56463125e+04   8.77068066e+03
   5.51548047e+03   5.31161719e+03   5.00603027e+03   9.74917542e+02
   1.09907783e+04   3.19605898e+04   3.98945195e+04   4.14730908e+03
   8.61871704e+02   8.04864141e+04   4.88103076e+03   9.71096802e+02
   5.70111484e+04   1.96071816e+04   7.48104922e+04   3.22558057e+03
   7.29498125e+04   2.72706289e+04   1.08314463e+04   1.24538078e+05
   5.28621826e+03   3.16286426e+04   4.98709961e+04   7.22956250e+04
   9.09509141e+04   4.25779980e+03   6.58451355e+02   2.57801992e+04
   2.24159565e+01   1.06125797e+05   5.73186328e+04   3.70447305e+04
   3.68133575e+02   2.79300879e+03   7.63036621e+03   1.33588213e+04
   1.23404050e+00   2.00070098e+04   7.45302656e+04   7.07967834e+02
   0.00000000e+00   2.50654258e+04   8.97591016e+03   9.88239062e+03
   5.36067871e+02   2.54716748e+03   1.41938553e+02   1.47266931e+03
   4.05075220e+03   1.23159445e+05   2.20645332e+04   1.84950916e+03
   5.67321387e+03   1.49682861e+04   8.21449646e+02   5.17851830e+01
   1.13159023e+04   1.28707751e+03   5.24639414e+04   2.01316663e+03
   9.42189531e+04   2.01040796e+03   8.76358318e+00   3.15780701e+02
   3.19480011e+02   1.90103207e+01   1.26281328e+05   5.47539023e+04
   4.41958389e+01   1.15251992e+04   3.41178750e+04   1.08771055e+05
   5.97425537e+03   0.00000000e+00   2.74919678e+03   1.98804968e+03
   9.24927422e+04   9.59331641e+04   4.80016895e+03   7.03394394e+01
   7.16923438e+04   3.56672500e+04   8.18053516e+04   1.72422285e+04
   2.37254531e+04   3.78304688e+02   4.28835703e+04   3.60379141e+04
   1.31016426e+04   3.73573944e+02   1.23653461e+05   5.70434375e+03
   2.63717500e+04   4.47157461e+04   1.13356079e+03   8.21314453e+04
   6.73001484e+04   1.59287781e+03   1.70503867e+04   3.82516052e+02
   4.47052197e+03   8.27533436e+00   9.29949463e+02   4.32567070e+04
   0.00000000e+00   3.70790352e+04   3.95344452e+02   1.30474404e+04
   9.02370361e+02   1.09502570e+05   2.43531582e+04   5.17221143e+03
   6.03796338e+03   6.01297852e+04   4.97503516e+03   9.56457422e+03
   2.73769414e+04   7.21849805e+03   3.73879974e+02   9.70817871e+03
   1.49406699e+04   3.67337969e+04   3.14957871e+04   1.96386452e+01
   9.53351855e+03   0.00000000e+00   2.52833282e+02   2.01613045e+01
   3.79187188e+04   2.46353180e+02   1.87997246e+04   9.85498619e+00
   2.96679175e+03   6.72268604e+03   7.37551208e+02   9.43354980e+03
   6.88203552e+02   6.11957471e+03   1.06692359e+05   7.57905518e+03
   1.28635559e+03   3.49950488e+03   6.52815018e+01   0.00000000e+00
   1.68736954e+02   7.10075073e+02   4.11647522e+02   9.07467656e+04
   4.54633545e+03   1.93364429e+03   2.58786484e+04   3.27980304e+00
   3.43960156e+04   3.66812231e+03   7.98552422e+04   1.43694839e+02
   8.39983125e+04   7.24844922e+04   8.60025574e+02   6.20069922e+03
   4.75834375e+04   2.48365723e+03   6.34395898e+04   7.17017188e+04
   3.14253496e+04   1.69800903e+03   3.58755127e+03   3.92181244e+02
   1.89921797e+04   1.26589368e+03   2.53074434e+04   2.51073809e+04
   5.97211377e+03   5.29955000e+04   8.76762812e+04   7.45445752e+03
   2.24134375e+03   3.55610547e+03   1.08770886e+03   1.21157012e+04
   1.18045742e+04   1.40406078e+05   8.22147188e+04   4.95610078e+04
   2.13215977e+04   2.07970234e+04   1.43670811e+04   5.54179016e+02
   9.86494844e+04   2.45282969e+04   5.73011414e+02   6.92191016e+04
   1.15191469e+05   1.11775391e+03   5.17297422e+04   7.13135859e+04
   7.17363358e+00   1.16240181e+02   2.21037671e+03   3.82150787e+02
   4.31120453e+01   4.06199371e+02   3.72338984e+04   5.25328662e+03
   3.87794434e+03   2.09652754e+04   3.92498008e+04   2.64528457e+04
   1.01083301e+04   7.51385312e+04   1.14732445e+02   1.78678644e+00
   2.73552832e+04   1.12807935e+03   1.60747803e+03   7.22933948e-01
   1.78673569e+02   2.30984521e+03   1.46325226e+02   1.37088108e+01
   4.04492695e+04   4.70940703e+04   8.18985391e+04   2.61443970e+03
   5.51588828e+04   1.47962329e+03   9.58559961e+03   1.62166357e+04
   1.56566289e+04   2.96467539e+04   5.74475293e+03   4.98397578e+04
   6.56799377e+02   1.43967531e+05   1.29155186e+04   8.12551200e-01
   7.23446729e+03   3.63990195e+04   1.30034268e+04   9.23196250e+04
   1.02372939e+04   1.23242156e+05   3.30845820e+04   4.41914531e+04
   8.44072891e+04   1.26102930e+03   1.81841660e+02   7.93664453e+04
   4.79003984e+04   2.03747253e+02   1.28368232e+04   2.32040796e+03
   4.55619736e+01   1.66551074e+04   2.14139673e+03   1.19444891e+05
   6.59390078e+04   7.10535339e+02   0.00000000e+00   1.64095276e+03
   4.88196826e+03   3.23648340e+03   1.16325898e+05   3.55162500e+04
   5.05383921e+00   9.29179859e+00   7.54948281e+04   4.51919727e+03
   1.98007622e+01   8.79484558e+02   2.11117207e+04   9.37456953e+04
   2.13013965e+03   5.42542627e+03   1.20909281e+01   5.70323608e+02
   1.04079602e+03   9.32573730e+03   1.21004561e+04   1.64102109e+04
   6.77548359e+04   3.90150977e+04   1.41855352e+04   1.12976648e+03
   2.19743179e+02   6.35498291e+02   2.18321641e+04   7.68991094e+04
   1.33179797e+03   2.13652954e+03   2.42929238e+04   4.75900238e+02
   9.33206177e+02   5.12440039e+04   4.63019971e+03   2.45868256e+02
   4.94539844e+04   8.89164185e+02   6.96703186e+01   1.53160098e+04
   4.26625610e+02   1.19549731e+03   8.86924844e+04   4.00575977e+04
   4.16152267e+01   5.38567969e+04   1.32729053e+04   3.86983179e+03
   1.40610852e+03   1.44585781e+04   1.20373156e+05   1.40155310e+03
   7.80833125e+04   9.57152344e+04   1.43853438e+05   3.89407578e+04
   2.72857969e+04   2.69845856e+02   5.46368086e+04   1.06023623e+04
   7.94468984e+04   1.33674854e+03   1.06684094e+03   3.37764492e+04
   4.91447052e+02   2.93548574e+04   3.44423364e+03   2.89296133e+04
   8.72059453e+04   2.63566772e+03   1.26879844e+04   1.79020117e+03
   9.13051224e+01   1.40120732e+04   1.90950566e+04   2.02257129e+03
   1.97452576e+03   9.93380005e+02   4.32313945e+04   1.82424591e+02
   5.67083862e+02   3.15481094e+04   5.81390234e+03   2.41600439e+03
   1.03057922e+05   1.97353125e+03   4.08071953e+04   2.01692266e+04
   5.76930781e+04   1.57601660e+04   2.16535339e+02   5.85195251e+02
   8.30617578e+03   9.11026245e+02   9.96914531e+04   3.40299414e+03
   6.29157539e+04   6.74117383e+03   3.41769482e+03   7.37794373e+02
   2.25673184e+04   3.89073096e+03   6.95958828e+04   1.13136211e+04
   3.70405688e+03   4.32390869e+03   4.88744537e+02   1.61039856e+02
   4.61555000e+04   1.49692090e+04   1.53682251e+02   3.09106289e+04
   9.76289746e+03   2.29750757e+03   2.15968799e+03   1.18271963e+04
   1.30820715e+03   2.77516693e+02   5.14242236e+03   2.84675854e+03
   2.93097998e+03   1.36893516e+04   3.26047344e+04   5.83330977e+04
   3.22944629e+03   1.30590820e+03   2.06839648e+03   5.47235962e+02
   4.07624092e+01   1.48969404e+04   4.92815430e+04   7.26257031e+04
   5.63726797e+04   1.11179775e+04   7.07144238e+03   3.30655594e+01
   2.38894200e+00   8.30036736e+00   3.14360371e+04   1.93352578e+04
   4.17743115e+03   1.66028488e+02   1.95462578e+04   2.22302852e+04
   2.44953809e+03   2.09519336e+04   5.19165586e+04   4.81898193e+03
   4.16666406e+03   9.18045703e+03   3.68702344e+03   5.74774062e+04
   5.80331406e+04   7.93447949e+03   2.74537441e+04   5.27080627e+02
   9.14931797e+04   2.21980762e+03   1.20527832e+03   9.18164551e+03
   5.76376289e+04   3.94458047e+04   2.52998789e+04   1.73893872e+03
   4.91064575e+02   5.12787231e+02   2.71780020e+04   8.07575977e+03
   2.24650449e+04   8.87245898e+03   7.16417676e+03   0.00000000e+00
   0.00000000e+00   4.54620547e+04   1.01257164e+02   8.68070020e+03
   4.76774854e+03   4.26326289e+04   4.57553760e+03   1.16936219e+05
   2.11790977e+04   0.00000000e+00   2.89391064e+03   1.04468794e+01
   1.28309558e+03   6.18432666e+03   9.14844589e+01   2.30746191e+03
   1.24129639e+03   8.30642773e+03   1.49132523e+02   1.72976172e+03
   2.70724922e+04   6.16060234e+04   2.59155176e+03   3.08298054e+01
   1.41486682e+03   6.30380664e+03   2.38820553e+01   1.72418140e+03
   5.60955713e+03   1.80467514e+02   1.94982312e+03   2.95777197e+03
   3.95274805e+03   7.14285107e+03   3.12787051e+04   0.00000000e+00
   1.38880829e+02   6.41080176e+03   6.92052656e+04   2.70101309e+04
   3.95394805e+04   1.19784584e+01   3.20656567e+03   4.34224308e-01
   2.44113535e+04   1.16971680e+03   1.09535648e+05   5.07334564e+02
   1.46209854e+04   6.29843945e+03   1.11854565e+03   3.10011743e+03
   4.12326904e+03   9.98511328e+04   5.71301689e+01   1.65396621e+04
   7.13650830e+03   1.68963593e+02   1.36406069e+01   9.15349805e+03
   1.03472910e+04   4.97731875e+04   2.62864331e+03   3.01762543e+01
   2.98605098e+04   1.26755042e+03   7.95498474e+02   1.43978266e+05]
[  2.17098315e+03   8.73020215e+03   1.43206995e+03   5.58835907e+01
   3.53235391e+04   4.13069992e+01   5.29568125e+04   3.23297148e+04
   7.72908672e+04   5.56164612e+02   4.48086029e+02   1.21238953e+03
   3.58383331e+02   6.90542266e+04   5.89895850e+03   7.69731522e+00
   4.72373047e+03   2.75736255e+03   2.20438159e+03   3.01109229e+03
   5.74463135e+03   6.16985303e+03   2.43767212e+03   7.47783661e+01
   3.24663666e+02   1.34403330e+04   1.53002295e+03   3.12675098e+04
   4.29346631e+03   5.14342957e+02   3.95663719e+01   2.46748108e+02
   4.19446338e+03   2.63009638e-01   5.14268616e+02   7.66367065e+02
   2.44210596e+03   6.40301361e+01   1.03172139e+04   1.39804712e+03
   1.49899756e+04   7.58090088e+03   8.65221252e+01   2.43426680e+04
   6.11983105e+03   7.77708618e+02   4.21692676e+03   4.61780212e+02
   8.92062378e+02   1.47630664e+03   7.17441025e+01   6.18521392e-01
   0.00000000e+00   1.54198428e+04   1.45412659e+03   3.98955902e+02
   7.49529834e+03   3.05510193e+02   3.11380890e+02   5.98903894e+00
   1.54635215e+00   4.89101379e+02   1.03776160e+03   1.25402112e+03
   3.11115509e+02   2.18986984e+02   6.42203027e+03   5.34421777e+03
   5.62306484e+04   1.53320786e+02   1.67668381e+01   6.42775078e+04
   1.30556381e+02   2.96265076e+02   3.40073608e+03   1.43355811e+03
   0.00000000e+00   6.00992188e+03   4.43859955e+02   1.12628159e+02
   1.86792725e+03   1.09336500e+05   4.21141289e+04   1.93910664e+04
   1.82731287e+03   2.83752098e+01   1.50628496e+04   9.99425842e+02
   1.42755884e+03   1.31258191e+03   2.29271445e+04   7.72215332e+03
   5.29070410e+03   0.00000000e+00   3.51168457e+03   1.96671963e+01
   6.19221558e+02   2.12564473e+04   9.79794629e+03   5.65473682e+03
   3.42613037e+02   2.91944409e+03   1.40033655e+03   8.92326546e+00
   3.29351776e+02   3.29343164e+03   3.05923218e+03   4.02826691e+01
   6.76504766e+04   7.76093594e+04   3.09485449e+03   1.71695044e+03
   1.52621094e+02   4.34130713e+03   7.52196562e+04   1.38195728e+03
   1.07651428e+03   1.34249304e+03   9.52968597e+01   5.55784119e+02
   4.06526306e+02   1.23085166e+04   1.58647791e+03   4.20175400e+01
   3.26019922e+04   6.66112915e+02   1.75723145e+03   1.45158417e+02
   1.28410065e+02   3.11858516e+04   3.49335022e+01   1.20070361e+03
   3.84128491e+03   1.53638027e+04   1.48541553e+04   2.30734825e+01
   4.13564209e+02   3.81615631e+02   1.34345635e+04   3.38249664e+01
   6.92639771e+01   1.39113379e+03   1.46690244e+04   2.24617329e+01
   8.83313184e+03   1.28039424e+04   7.25532910e+03   4.70050039e+04
   1.68785925e+03   6.46124207e+02   7.64418047e+04   2.97783008e+03
   3.06946543e+04   5.08772491e+02   2.80428802e+02   7.37228203e+04
   8.57142969e+03   2.53309531e+04   3.17144995e+03   5.21656396e+03
   5.51294678e+03   2.10155225e+03   3.50044966e+00   3.37618835e+02
   4.14491445e+04   2.30202295e+03   7.94289766e+04   1.92069626e+01
   3.60354468e+03   2.38517227e+04   5.75022766e+02   4.66192529e+03
   6.73460234e+04   2.00850059e+04   3.52199135e+01   1.85483557e+03
   1.02919629e+03   7.97665771e+03   8.02679199e+02   1.82320593e+03
   8.54179531e+04   6.64544128e+02   1.11506079e+03   0.00000000e+00
   1.19085303e+04   7.15091016e+04   5.64418793e+00   3.78279388e+02
   4.71412842e+02   4.70133984e+04   3.41274506e+02   5.36982056e+02
   4.20876541e+01   3.64404141e+04   5.90575977e+03   8.84510938e+03
   3.62751831e+02   1.65628945e+04   1.30284741e+03   7.33303672e+04
   3.58782812e+04   1.19179604e+02   1.27597790e+01   5.36844727e+02
   1.02854033e+04   3.81700806e+02   1.75074005e+02   3.68529028e+03
   6.16548653e+01   3.72834961e+03   2.03019128e+03   2.59253448e+02
   1.08845195e+04   9.50205371e+03   2.63625469e+04   9.01387656e+04
   3.01551934e+04   2.43628510e+02   2.35224930e+02   3.19346484e+04
   1.01619795e+04   4.07993507e+01   3.27457324e+03   9.70602112e+01
   8.31662598e+03   4.32478752e+01   5.46558057e+03   3.43439844e+04
   4.12040527e+03   4.15413867e+03   7.92364531e+04   8.35921509e+02
   8.17616425e+01   1.14979355e+04   9.72332764e+00   1.06588562e+05
   6.53348086e+04   7.89285742e+03   7.99489822e+01   1.20948189e+02
   3.06448145e+03   7.06179541e+03   1.77888379e+03   3.24488623e+03
   4.45303564e+03   6.31067480e+03   0.00000000e+00   6.82360781e+04
   8.25504074e+01   2.45545471e+02   7.81520325e+02   3.66542168e+01
   1.33097051e+04   3.08042023e+02   1.60991192e+01   6.56508972e+02
   4.85242828e+02   4.59854297e+03   1.74469019e+03   1.51677373e+04
   3.86317603e+03   1.55239563e+03   1.32121362e+03   9.60836243e+02
   7.73494751e+02   1.96704648e+04   1.18629919e+03   2.97095703e+04
   5.01364941e+03   8.56691992e+03   4.69270386e+02   5.80925720e+02
   2.45839429e+03   2.39686260e+01   1.66189790e+00   5.99304056e+00
   1.39571895e+04   0.00000000e+00   3.36065259e+03   4.86692578e+03
   1.35993542e+03   1.17539337e+02   2.44670410e+04   0.00000000e+00
   7.29752960e+01   1.08157393e+04   5.29936123e+00   2.82430039e+04
   6.23600403e+02   1.37799963e+03   1.47561111e+02   3.48179785e+03
   7.28038828e+04   1.31571426e+04   6.58434912e+03   1.27963311e+04
   4.84354766e+04   1.24236035e+03   7.78499695e+02   1.17343677e+03
   3.13177800e+00   1.60301135e+03   2.36018379e+04   0.00000000e+00
   7.27122266e+03   1.69443984e+04   1.17016650e+03   9.40707812e+04
   2.52603592e+02   4.06913574e+02   4.47666664e+01   3.67773193e+03
   1.01479023e+04   3.62141991e+01   8.20975159e+02   2.66919647e+02
   5.91345703e+04   2.51803665e+01   2.05878601e+02   1.76597763e+02
   6.01030420e+03   1.20434766e+04   2.75404746e+04   1.11793398e+04
   7.99399922e+04   2.99341339e+02   1.75290283e+03   2.18905703e+04
   7.91973938e+02   3.37788544e+01   9.05281641e+04   3.59167773e+04
   1.11558754e+02   3.86185059e+03   2.13100508e+04   1.45545544e+03
   0.00000000e+00   4.10969580e+03   3.36974182e+02   3.49782379e+02
   2.09286641e+04   8.73406836e+03   3.60153003e+03   2.33613672e+04
   8.53652763e+00   3.53928979e+03   1.30915991e+03   2.43129258e+04
   5.85126875e+04   3.41768005e+02   1.31158142e+03   6.69147412e+03
   1.45737207e+03   1.16614180e+04   9.25263047e+04   3.69722227e+04
   1.42150208e+03   3.03600586e+02   1.80977942e+03   4.58628540e+01
   4.01477466e+03   2.58696338e+03   1.01145163e+01   2.67168121e+02
   1.71744199e+04   2.47288652e+04   1.71640479e+03   1.22453428e+04
   1.08611687e+02   4.08466758e+04   1.16215973e+01   1.10428760e+04
   3.69474219e+03   8.89314297e+04   8.99964233e+02   3.34501611e+03
   8.46023438e+02   1.06380225e+03   2.64896802e+03   1.80955312e+04
   1.74290098e+04   5.40406201e+03   1.92575722e+01   1.98234399e+03
   6.46439575e+02   1.96376289e+04   5.05706641e+04   5.70431836e+03
   7.50249297e+04   3.49578516e+03   3.81925774e+00   1.97533646e+02
   1.10069893e+04   8.93883691e+03   2.55115503e+03   8.91033301e+03
   3.98548682e+03   1.08616285e+01   3.02938629e+02   7.29940552e+02
   4.52039276e+02   4.13920264e+03   2.02238223e+04   2.22305059e+04
   4.71566162e+03   7.88017960e+01   5.75186523e+04   6.19196167e+02
   1.17631113e+04   2.13285065e+01   3.62772217e+03   1.08342542e+03
   7.87512695e+03   1.03074814e+04   4.65296860e+01   0.00000000e+00
   1.12780090e+03   1.10731018e+03   8.61694141e+03   9.20507660e+01
   8.68097290e+02   1.55316785e+03   5.08390479e+03   5.25548486e+03
   3.59149121e+03   2.39813066e+04   2.98393188e+02   3.19408000e-01
   7.39425928e+03   1.11220268e+02   3.71693848e+03   5.49454609e+04
   6.37595654e+03   2.19735413e+02   3.20437012e+02   3.08889404e+03
   1.15859180e+03   8.53464417e+02   7.18783828e+04   1.22286924e+04
   5.86655664e+03   1.84236719e+03   2.55941138e+03   3.51334888e+03
   6.27657051e+01   9.52581482e+02   3.65104053e+03   7.11314331e+02
   4.94968628e+02   9.46716980e+02   0.00000000e+00   3.30325256e+02
   2.60402622e+01   0.00000000e+00   2.15259863e+04   3.85924041e-01
   0.00000000e+00   4.32291504e+02   0.00000000e+00   1.98814453e+02
   8.20021191e+03   2.75411353e+03   1.40373037e+04   7.57264404e+02
   8.41953281e+04   4.17806719e+04   1.03232861e+03   4.26918018e+03
   7.62018372e+02   2.45531797e+04   4.57836953e+04   3.12709625e+02
   4.05740845e+02   1.36039629e+01   2.43572095e+03   1.15579365e+04
   4.05340820e+03   3.30841980e+02   2.50714087e+03   1.91984577e+01
   1.08907920e+04   6.96983301e+03   1.90260913e+03   3.02179352e+02
   9.23318542e+02   3.78348816e+02   5.76626992e+04   0.00000000e+00
   3.56971216e+03   9.34046249e+01   9.47662734e+04   8.07617432e+03
   5.38690125e+02   5.71527771e+02   6.27665520e+00   1.03998301e+04
   1.62042151e+03   7.02240677e+01   6.27992859e+02   5.63106787e+03
   4.99644287e+03   9.48527637e+03   1.40911819e+02   4.70528778e+02
   8.74624084e+02   1.12620328e+05   2.20229370e+02   5.87262878e+02
   0.00000000e+00   1.27616387e+04   1.20928115e+04   7.76605078e+03]
[  5.91125916e+02   8.48318848e+03   1.04084143e+03   1.46087122e+03
   2.98934155e+03   2.85080195e+04   1.93810440e+02   1.30859072e+04
   4.63180762e+03   4.54453203e+04   1.39120850e+03   1.08746368e+02
   7.31475342e+03   4.11173320e+04   3.01246094e+03   8.90631470e+02
   2.19984497e+03   4.40843311e+03   7.89452031e+04   9.39559082e+02
   1.04075069e+01   5.72706055e+03   1.28363007e+02   1.10957214e+03
   1.37735537e+04   5.35057259e+01   1.77226992e+04   5.25369606e+01
   9.99574097e+02   3.89490063e+03   3.87906445e+03   3.42064404e+03
   5.78636768e+03   6.22811727e-03   3.52574854e+03   1.08955437e+02
   8.33225525e+02   7.18742344e+04   3.78112555e-01   6.59220117e+03
   9.80533496e+03   1.03856987e+02   1.80545616e+01   2.21695358e+02
   1.13299141e+04   9.65850891e+02   5.71471289e+03   7.99990625e+03
   9.46135437e+02   4.37412643e+01   1.74447241e+03   3.43091748e+03
   1.04357124e+02   1.37323994e+04   1.67223945e+04   2.49257461e+04
   1.03607043e+03   1.10627959e+04   6.73585281e+01   2.56123511e+03
   1.52675525e+03   1.30710254e+03   1.01834363e+03   1.63760132e+02
   2.76245288e+03   5.02956268e+02   4.80889923e+02   2.50508759e+02
   1.56630646e+02   8.29293060e+00   7.62776001e+02   1.28726260e+04
   3.03651816e+04   3.74657990e+02   3.04041562e+04   3.80762787e+01
   4.02164650e+01   1.05019348e+02   6.36959351e+02   1.75489902e+04
   2.18511548e+03   4.04126680e+04   2.77265840e+04   1.42930332e+04
   7.48138906e+04   1.14114433e+02   1.44969275e+03   1.07209023e+04
   1.04942520e+04   2.66893184e+04   1.13220358e+01   2.86024634e+03
   1.42807678e+02   1.76626621e+04   1.49270471e+03   1.42711553e+04
   1.55219873e+04   4.52285528e+00   8.34166797e+03   2.86021362e+03
   3.45428276e+01   1.84033398e+03   2.75826172e+02   5.52068750e+03
   1.64967263e+00   5.23729706e+00   1.37117261e+03   4.36662617e+04
   1.37662640e+01   1.89924648e+04   2.92222321e+02   7.02956484e+04
   7.74088574e+03   5.19027832e+02   1.31929274e+01   1.46187158e+03
   4.36576996e+02   3.51857695e+04   5.73040588e+02   2.80876789e+01
   2.31645393e+01   7.01837646e+02   7.11519873e+03   3.24281281e+02
   4.36924225e+02   9.31160645e+03   2.43971588e+02   5.54209175e+01
   1.87747986e+03   2.13400208e+02   2.32069297e+04   5.44664001e+02
   6.12362862e+01   2.77547925e+03   5.64278503e+02   9.08948535e+03
   3.45717227e+04   0.00000000e+00   6.30696831e+01   1.30892761e+02
   1.12692021e-01   1.83742020e+02   2.21067230e+02   4.73406555e+02
   3.67365799e+01   4.89836475e+03   2.57978174e+03   1.49154603e+00
   6.29163513e+02   5.34021836e+04   5.19604034e+01   5.66326355e+02
   6.15559082e+02   2.59420850e+03   8.71754272e+02   1.81307871e+04
   6.05323715e+01   4.27297363e+02   4.01448975e+02   9.91248145e+03
   2.40237000e+02   3.08221588e+02   8.79593811e+02   5.30415688e+01
   4.54298750e+04   2.67468071e+01   2.13565002e+02   6.51754932e+03
   7.49781250e+03   2.22766895e+04   1.02337580e+01   1.29350616e+02
   6.45763672e+03   1.02567249e+03   5.68818512e+01   1.90719482e+03
   4.57392852e+04   5.92579346e+02   4.30194844e+04   3.90445752e+03
   4.48987031e+04   3.02197812e+04   6.10279846e+01   4.76327002e+03
   2.44919238e+03   2.01188421e+00   1.21801074e+04   5.04060498e+03
   1.15524654e+01   2.70775085e+02   1.83861557e+02   2.63114990e+02
   2.99277759e+03   3.87940820e+03   8.13906982e+02   1.31363281e+04
   2.08003271e+03   9.17385742e+02   1.25533371e+02   4.37060693e+03
   4.57281299e+03   9.59940979e+02   1.78949976e+03   6.02140486e-01
   4.77476904e+03   2.61559509e+02   1.78320044e+03   1.53435339e+03
   6.78235742e+03   6.32488555e+04   2.24310822e+02   7.08391541e+02
   3.63865454e+03   8.76817139e+02   3.10360126e+01   7.72959521e+03
   7.17365234e+04   2.09366501e+02   5.22138855e+02   7.68184863e+03
   1.24940352e+04   6.07174805e+02   5.91755219e+01   1.07466553e+03
   1.60547363e+02   4.99973526e+01   1.35999374e+02   1.01241745e+02
   5.70955139e+02   2.16707474e+02   4.47686066e+02   2.88447449e+02
   2.05293384e+03   7.71114426e+01   3.65522118e+01   5.08607063e+01
   2.53665375e+02   3.73079865e+02   3.07887476e+03   1.48324539e+02
   4.36945915e+01   3.12382717e+01   6.47516663e+02   4.86235664e+04
   3.38166719e+04   7.58983252e+03   2.56530182e+02   2.88171973e+03
   2.60556087e+01   1.85058365e+02   6.79410095e+02   1.41300812e+02
   7.05952441e+03   2.10895752e+03   0.00000000e+00   2.33708237e+02
   4.22964600e+03   7.04027100e+01   8.23322266e+02   8.26491852e+01
   6.97160950e+02   1.85501489e+03   4.97184845e+02   9.47486401e+00
   4.92592852e+04   2.25870044e+03   5.20450625e+04   4.45605713e+03
   3.46624292e+03   3.06112328e+01   2.41806915e+02   1.33883984e+03
   2.08927353e+02   3.33016930e+01   4.68369336e+04   4.91127686e+02
   2.25793872e+03   3.88765686e+02   6.34924414e+03   1.58267959e+04
   2.54932343e+02   3.65346375e+02   6.21108765e+02   7.85183828e+04
   1.13587427e+03   2.30679883e+03   1.11224043e+04   4.23585205e+02
   1.18653076e+03   8.92434961e+03   4.46615430e+03   3.05500464e+03
   1.11317461e+04   2.57887085e+03   5.29433823e+01   8.17114258e+02
   4.30981934e+03   9.64438843e+02   7.42162695e+03   1.43280849e+01
   2.03285389e+01   2.01303760e+03   1.51823125e+04   1.91214020e+02
   1.40467783e+04   5.55106875e+04   7.18300171e+02   2.09823950e+03
   5.84004199e+03   3.91112744e+03   1.20411634e+01   5.31524414e+03
   2.34126067e+00   7.76226514e+03   3.01222754e+03   2.33896133e+04
   3.39835114e+02   5.94865576e+03   3.49940308e+02   2.06499238e+04
   6.24535938e+03   2.42544160e+04   2.96532031e+03   2.40388398e+04
   9.85284973e+02   6.36671021e+02   1.27536353e+03   1.55344763e+03
   1.23088086e+03   1.88149933e+02   9.67478418e+03   5.00793945e+03
   2.62349218e-01   2.32245483e+03   1.37074249e+02   8.84070435e+02
   9.99484482e+01   1.04841221e+04   1.51239490e+03   2.79078516e+04
   4.72579180e+04   1.56235608e+03   2.81749420e+02   2.66717377e+02
   1.31091108e+01   2.33222473e+02   2.51462656e+04   8.46242981e+02
   8.70921582e+03   5.01872363e+03   3.71527563e+03   6.63991172e+04
   4.28615417e+02   2.59364990e+03   1.07079175e+03   4.95146179e+02
   1.58232480e+04   2.10997046e+03   2.44400957e+04   8.92504883e+00
   6.49542227e+04   4.66634949e+02   3.31542812e+04   1.92232178e+03
   6.91027490e+03   2.13656143e+02   7.81276779e+01   7.87805664e+03
   2.48239471e+02   4.06252051e+03   4.68648773e+02   2.47289404e+03
   2.75328674e+02   8.52975684e+03   1.41995715e+03   1.06790375e+05
   1.10918701e+04   2.32584106e+03   7.86570996e+03   1.41879224e+03
   5.25982117e+02   1.39262172e+05   6.02261523e+03   8.39000305e+02
   4.89181122e+02   7.15649805e+03   1.10544846e+02   9.21023026e+01
   2.11968237e+03   7.53106506e+02   6.60475312e+04   4.79246045e+03
   1.16785352e+03   4.85968555e+04   7.06634297e+04   4.01311188e+02
   1.47548111e+02   8.32171777e+03   4.08896338e+03   8.06919189e+03
   6.61989212e+01   3.45887812e+04   2.09952588e+03   3.16806055e+03
   3.87127151e+01   3.00777891e+04   1.18815598e+02   1.62153259e+03
   1.46881604e+03   2.01059790e+03   1.35670886e+03   1.72017148e+04
   1.27095234e+04   1.08712891e+03   1.51727454e+03   2.67915606e+00
   3.16026172e+03   1.48512268e+03   6.77119315e-01   2.63532593e+02
   3.30818665e+02   3.06680371e+04   5.35318018e+03   8.11817474e+01
   8.65111755e+02   1.26607578e+04   1.12917358e+03   3.62629395e+01
   2.69091772e+03   4.54900391e+03   4.53693242e+04   5.56244240e+01
   1.25788398e+04   6.97575745e+02   3.67646103e+01   2.76027069e+02
   4.71192360e+01   8.73460293e+00   1.79420605e+04   1.10823776e+02
   5.35001564e+01   8.45891800e+01   1.51770523e+02   3.01442146e+00
   3.97379456e+01   1.42006904e+04   4.99108154e+02   6.42835876e+02
   1.06425317e+03   3.18416992e+04   2.59244110e+02   5.52196533e+02
   9.07446213e+01   1.45748531e+05   3.89992148e+04   1.41099157e+01
   3.93744653e+03   5.34511182e+03   2.96432715e+04   7.23793945e+03
   2.83316406e+04   9.15607715e+03   1.19384541e+04   1.94842529e+03
   8.98522852e+03   3.93215283e+03   5.50345093e+02   3.51445312e+02
   3.63032867e+02   1.06539391e+02   7.06643555e+03   1.61739199e+04
   1.11184551e+04   1.76672422e+04   9.31796021e+02   1.20065880e+02
   4.43458496e+02   8.09604431e+02   7.59119812e+02   3.27911172e+04
   5.33171826e+03   2.12635941e+02   8.35393359e+03   1.36391739e+02
   2.15386486e+01   0.00000000e+00   5.72224512e+03   3.60611877e+02
   1.78930786e+03   6.12493555e+03   5.34638320e+04   2.53976816e+04
   9.11493750e+03   1.67503955e+03   5.73311584e+02   1.97436548e+03
   1.24597620e+03   3.45918274e+01   1.95969531e+03   4.11536572e+03
   1.85141953e+04   3.11783594e+04   2.41352844e+01   1.07963623e+03
   1.83959766e+04   1.41446406e+04   2.30149323e+02   1.71224632e+01
   9.40945374e+02   8.61602020e+01   3.10862083e+01   1.12569023e+04]
[  2.19354248e+02   8.35670757e+00   0.00000000e+00   5.00934229e+03
   4.73536415e+01   1.25313396e+01   2.12785900e-01   0.00000000e+00
   4.39014771e+02   1.32731415e+02   1.20440102e+01   5.19927490e+02
   2.67727394e+01   1.24689804e+02   1.39373436e+01   1.61772683e-01
   0.00000000e+00   2.37487621e+01   0.00000000e+00   0.00000000e+00
   2.51964371e+02   1.55778447e+04   3.65655127e+03   3.35794708e+02
   2.79722404e+00   6.68898523e-01   0.00000000e+00   5.43556580e+02
   1.01149872e+02   1.46582678e+03   5.58650732e+03   8.71632309e+01
   1.80595337e+03   1.58272308e+02   4.42939806e+00   2.23818848e+03
   3.75881577e+01   1.12441025e+04   1.72077258e+03   1.20327283e+03
   6.58700049e+03   1.98043423e+01   1.14457349e+03   1.04386401e+03
   3.74141273e+01   4.59313393e+00   3.06507251e+03   1.04373825e+02
   1.86165066e+01   4.63903122e+01   2.50471344e+01   1.57983667e+03
   0.00000000e+00   1.38199081e+02   9.78437424e+01   2.11907349e+01
   4.37753223e+03   4.71872437e+02   0.00000000e+00   1.63424850e+02
   1.34167969e+02   6.82822342e+01   1.42025828e+00   6.21583069e+02
   1.16616211e+02   2.18292773e+03   1.82405453e+01   3.24036062e-01
   1.98514633e+02   1.73055627e+03   5.39365845e+02   2.58801689e+01
   7.83647461e+01   2.10355484e+02   1.16337690e+01   4.04858246e+02
   7.76604748e+00   1.18231006e+03   4.19152117e+00   5.18533516e+01
   0.00000000e+00   3.98964272e+01   3.06212189e+02   2.13367383e+03
   3.73981247e+01   5.86134958e+00   3.40377998e+00   4.84116793e+00
   8.58232617e+03   1.86598862e+02   1.07362295e+04   1.83219315e+02
   1.47216182e+04   4.90377350e+02   0.00000000e+00   3.68371063e+02
   9.90103125e+03   0.00000000e+00   3.07152686e+03   1.18931519e+02
   1.63808972e+03   1.17920937e+02   1.31366978e+01   5.43889880e-01
   2.68004175e+03   1.80956079e+03   0.00000000e+00   1.43041733e+02
   1.69152737e+01   0.00000000e+00   5.27332306e+00   1.60700851e+02
   3.64908057e+03   3.78838013e+03   2.55216980e+01   1.36303902e+00
   2.94286108e+03   6.36347168e+02   9.30954742e+00   3.35535278e+01
   0.00000000e+00   8.26194763e+01   1.09790981e+00   1.59681344e+00
   7.70105362e+00   2.98040676e+01   2.73661880e+01   5.63882351e-01
   5.52836037e+01   1.75565906e+03   1.70131042e+03   8.07077087e+02
   3.09108123e-02   2.28036118e+01   1.28576721e+02   3.17799206e+01
   1.20250186e+04   5.38649658e+02   2.26285877e+01   2.42209152e+02
   3.56221338e+03   2.52695328e+02   4.78444328e+01   5.67031250e+03
   1.65331233e+00   4.87202287e-01   3.00492992e+01   3.78642321e-01
   9.12835884e+00   4.10432854e+01   0.00000000e+00   4.99661217e+01
   1.30401337e+02   8.29887295e+00   1.42095764e+02   4.90780687e+00
   6.71308289e+02   1.38510504e+01   2.54557610e+01   1.76500778e+01
   1.13986626e+02   1.07960236e+02   1.52890000e+04   5.24483154e+02
   1.74849146e+03   1.03416973e+04   0.00000000e+00   3.58359521e+03
   4.41730408e+02   5.64185938e+03   5.04360008e+00   4.37959961e+03
   6.09932022e+01   2.60921234e+02   3.43635941e+00   1.10763168e+01
   9.98430710e+01   2.93850183e+00   4.15010757e+01   0.00000000e+00
   1.62340534e+00   2.94497900e+03   0.00000000e+00   1.98585718e+03
   3.21405853e+02   8.78042871e+03   6.60815353e+01   4.29875374e+00
   5.38040088e+03   2.43786804e+02   6.05419874e+00   2.52478290e+00
   8.36901917e+02   1.07601471e+02   6.02011597e+02   9.98030930e+01
   4.08545456e+01   2.12750610e+03   1.83833557e+03   4.48660107e+03
   2.03631649e+01   1.28644014e+04   3.91476288e+01   3.59156532e+01
   3.61530037e+01   1.49600876e+02   1.68769556e+03   2.73266821e+03
   0.00000000e+00   3.02636133e+03   2.70895093e+03   1.06586694e+03
   0.00000000e+00   2.21604243e-01   1.72699280e+01   2.00359094e+03
   1.37928741e+02   1.44967318e+01   3.91648521e+01   4.14770203e+02
   5.29339981e+01   6.98156662e+01   1.70758545e+02   1.45017357e+01
   6.22119824e+03   8.01208252e+03   0.00000000e+00   6.97251511e+00
   7.34693885e-01   7.28086548e+02   2.67529449e+01   4.45346222e+02
   9.02746429e+01   4.48231720e+02   2.30674561e+03   1.08707161e+02
   1.19675461e+02   1.33906719e+04   0.00000000e+00   1.33482495e+03
   3.56807917e-01   1.59833369e+04   1.10370338e+02   6.48870277e+00
   0.00000000e+00   3.73200531e+02   7.79734717e+03   0.00000000e+00
   1.89528632e+00   1.62759533e+01   4.06343970e+03   1.90679455e+00
   0.00000000e+00   1.08429558e+02   3.73359108e+01   8.06081787e+02
   1.01804181e+03   2.23488846e+01   8.07165527e+00   1.06474492e+04
   7.61657000e+00   1.10865608e+02   0.00000000e+00   0.00000000e+00
   2.22695732e+00   0.00000000e+00   0.00000000e+00   6.48629761e+02
   3.21689087e+02   1.16103020e+02   2.71186972e+00   7.09303284e+02
   3.43382096e+00   1.41792480e+04   3.84140381e+03   9.64807434e+01
   6.33065674e+03   7.11502075e+01   3.45023079e+01   4.77539873e+00
   4.99190903e+01   7.37766235e+02   1.19089990e+04   4.38264709e+02
   1.32699738e+01   2.26783783e+02   1.34971606e+03   2.23502827e+01
   0.00000000e+00   1.67931283e+00   1.14778694e+02   1.80038660e+03
   1.25454150e+03   5.78205750e+02   0.00000000e+00   0.00000000e+00
   2.14981415e+02   1.60763916e+02   7.72525787e+00   5.00103772e-01
   5.62502258e+02   3.87766724e+02   1.07221641e+04   1.14295733e+00
   3.65168121e+02   0.00000000e+00   7.15373535e+01   2.92396009e-01
   9.48672363e+03   0.00000000e+00   1.21570010e+04   1.12409801e+01
   6.68517075e+01   0.00000000e+00   0.00000000e+00   5.44332373e+03
   3.06325146e+03   3.70453247e+03   1.87946167e+02   1.06031570e+01
   3.04205347e+03   7.71934738e+01   3.27959557e+01   6.43433228e+01
   9.51552658e+01   0.00000000e+00   9.98261452e+00   1.29361668e+01
   2.18779114e+02   3.17385502e+01   1.36896095e+01   3.90464111e+03
   6.29738617e+01   9.30258789e+02   7.43587265e+01   3.23862158e+03
   1.27100818e+03   1.59437610e+03   7.96213330e+03   2.08880722e+02
   1.85217249e+03   1.11212480e+00   1.22388924e+02   7.26848221e+00
   3.55008667e+03   4.00231218e+00   3.90781470e+03   1.22534210e+02
   4.65689209e+02   9.22057877e+01   3.11106644e+01   0.00000000e+00
   3.15638623e+03   7.17302017e+01   7.79472709e-01   3.58936005e+01
   6.99026172e+03   4.93865039e+03   6.25037256e+03   2.44668083e+01
   5.45704117e+01   3.51968884e-01   7.95700932e+00   1.27496605e+02
   4.90897888e+02   8.06618690e+00   0.00000000e+00   2.50406860e+02
   2.87127655e+02   0.00000000e+00   1.51363907e+02   3.33073096e+03
   2.16720276e+01   3.91188446e+02   4.81193542e+01   1.56007797e+02
   4.90552330e+00   1.69988842e+01   1.24537716e+01   1.83116501e+02
   7.81699829e+01   1.54467344e+04   2.92236252e+01   5.23440527e+03
   1.06242603e+03   6.28534607e+02   1.94296069e+03   4.91373138e+01
   3.40670435e+03   2.98638519e+02   6.07289062e+02   2.21542225e+01
   3.19615387e+02   0.00000000e+00   3.81978035e+01   8.84444809e+00
   0.00000000e+00   5.06986558e-01   1.15118004e+02   1.00153328e+02
   2.17048935e+02   1.33083704e+03   8.86128418e+03   5.88227510e+00
   4.92879944e+01   6.67072449e+01   3.10043304e+02   8.83617592e+00
   3.81436753e+00   9.20715332e+03   8.23763580e+01   2.65451546e+01
   2.08179169e+01   3.99287079e+02   3.81740845e+03   1.02246170e+02
   3.66252979e+03   8.92332840e+01   1.08589516e+01   2.41603106e-01
   2.03974785e+04   8.09010925e+02   6.94205170e+01   2.27824268e+01
   4.40252777e+02   3.63547760e+02   2.38851690e+00   8.54534245e+00
   1.41722002e+01   1.51203687e+03   5.37719775e+03   1.33773832e+01
   2.96960205e+02   1.21838977e+03   6.69147339e+02   5.74178505e+01
   1.89069443e+01   1.51993848e+03   1.21141016e+04   7.19789810e+01
   1.13434381e+01   1.27067471e+01   2.50046005e+01   1.13411049e+02
   8.95106735e+01   5.28326452e-01   6.16309521e+03   5.07090967e+03
   8.99694434e+03   1.92746162e+00   3.59654449e+02   1.23644615e+02
   2.24025073e+03   1.82739317e+00   5.61788696e+02   1.24529333e+03
   1.42304697e+01   9.64779395e+03   5.95841064e+01   1.85065015e+03
   2.21334577e+00   8.08048279e+02   8.90798187e+00   1.55972046e+02
   8.95672266e+03   1.06461191e+01   4.08764572e+01   4.79505062e-01
   1.68976164e+00   4.22985718e+02   1.36560608e+02   1.34321928e+01
   1.46390717e+02   3.62230078e+03   1.45779026e+00   2.07776270e+03
   3.29890503e+02   5.63166809e+02   4.21926807e+03   4.30066498e+02
   4.38296436e+03   2.63268219e+02   2.71120636e+02   8.93126144e+01
   1.29874039e+02   2.30056372e+03   8.35982895e+01   6.32257324e+03
   1.97768724e+00   3.84074736e+00   2.42476845e+01   4.35303076e+03
   5.85626465e+02   4.35897789e+01   2.71050415e+01   0.00000000e+00
   4.00303955e+03   3.68942627e+02   7.63131470e+02   7.56291797e+03
   1.78920883e+02   1.12175591e+02   2.18224805e+03   3.02198486e+03
   0.00000000e+00   4.43737744e+03   4.68065643e+00   1.86414734e+02
   0.00000000e+00   1.21609736e+04   1.13996696e+01   3.26989960e+02]
[  5.99328194e+01   5.06460114e+02   7.47327957e+01   2.94162842e+02
   4.81235695e+01   3.87001160e+02   4.14562454e+01   2.82484344e+02
   1.28680405e+02   3.76513519e+01   9.90967407e+02   5.52394043e+02
   2.41481128e+03   2.04722107e+02   3.06590723e+03   4.43840881e+02
   2.17484641e+00   2.69372437e+02   4.42120911e+02   1.75553650e+02
   9.64412918e+01   3.91093140e+01   2.91687305e+03   4.69564247e+01
   1.71720104e+01   7.05210571e+01   1.25870419e+01   4.82852402e+01
   6.59227734e+03   2.48133907e+01   9.57445812e+00   8.22476501e+01
   5.49689551e+03   9.98303909e+01   1.81887016e+01   7.08407288e+02
   6.50333252e+03   6.41549230e-01   3.06516981e+00   2.38838257e+03
   4.55233887e+03   3.85538269e+02   1.07008028e+00   2.36597031e-01
   2.24269629e+00   2.50371246e+02   3.54518213e+03   2.42822685e+01
   4.54351959e+01   7.86951065e+01   5.07844658e+01   1.03689133e+02
   4.49754242e+02   8.20138123e+02   5.03439636e+02   3.75530664e+03
   2.32387428e+01   8.77401161e+00   1.87662756e+03   4.65344629e+03
   1.60789307e+03   1.90801743e+02   6.74334863e+03   5.84088945e+00
   1.00182533e+01   2.77979126e+02   7.04879532e+01   1.73328613e+02
   7.87645578e+00   2.21009277e+02   1.48731140e+03   1.56448328e+03
   2.95572540e+02   3.13832378e+01   8.40800781e+01   1.17350647e+03
   1.23294380e+02   4.25262634e+02   3.93609106e+03   1.14776354e+01
   9.00712776e+00   4.09547302e+02   3.02263330e+03   4.66456413e+01
   1.16017590e+03   6.17191699e+03   8.56355057e+01   6.05078964e+01
   2.86417847e+03   2.97352600e+02   2.25364929e+02   4.71104584e+02
   0.00000000e+00   3.34273096e+03   1.10868139e+01   9.99254417e+00
   2.77674652e+02   4.19732666e+03   1.03777283e+02   1.30068192e+02
   1.31337547e+00   1.74846695e+02   1.93736130e+02   5.15989542e+00
   1.43764905e+03   0.00000000e+00   5.75253944e+01   4.19798730e+03
   3.12116919e+03   1.45217255e+02   5.48345703e+02   2.73904305e+01
   1.99414148e+03   7.25450317e+02   5.64647339e+02   2.58667350e-01
   5.98385544e+01   1.05005020e+02   2.50115820e+03   9.50764751e+00
   5.86618042e+01   2.52448462e+03   0.00000000e+00   2.00687675e+01
   6.30510044e+00   3.94453064e+02   2.53537918e+02   3.92448151e+02
   5.10868311e+03   4.34734464e-01   3.02352905e+02   2.55049683e+03
   1.62122095e+03   8.26657200e+00   1.11662178e+04   3.03070283e+00
   7.46866989e+00   8.15642517e+02   8.91320190e+01   1.85612726e+00
   4.22810498e+03   0.00000000e+00   7.51207581e+02   1.10973488e+02
   2.78063324e+02   3.62471294e+00   1.06256676e+00   9.59269238e+00
   7.13658258e-02   8.47434235e+00   2.68953657e+00   2.55939987e+02
   3.49202911e+02   2.68776807e+03   1.28208984e+02   1.78437048e+03
   9.88128052e+02   1.40743506e+00   1.54036877e+03   1.90314133e+02
   1.33848694e+03   3.28743604e+03   1.65715814e+00   2.90584106e+02
   3.87429761e+03   1.33124133e+03   3.58314301e+02   1.11677269e+02
   4.96317291e+01   2.00647791e+03   6.46790894e+02   6.41398430e-01
   4.45445282e+02   6.65966892e+00   7.29755020e+01   1.05046778e+01
   0.00000000e+00   4.40895020e+03   1.19683289e+02   3.35175781e+01
   4.97030830e+01   5.67262039e+01   1.65794353e+01   4.43203850e+01
   4.76345654e+03   6.11255169e-01   8.39518127e+01   1.67628610e+00
   1.09818184e+00   8.26027527e+01   7.34435749e+00   2.23917496e+02
   4.36424294e+01   7.63078613e+01   3.58767639e+02   1.45628876e+02
   1.48729050e+02   3.92603416e+01   6.37972488e+01   2.74917736e+01
   6.21803398e+01   2.60928131e+02   6.95352697e+00   5.51757574e+00
   4.88894539e+01   1.72168407e+01   9.41717386e-01   2.40227005e+02
   1.89924831e+01   1.12786732e+01   1.37254468e+03   3.55758270e+02
   9.17748809e-01   6.72216862e-02   1.03863686e+02   9.54850311e+01
   1.17473450e+02   8.83265869e+02   1.95909317e+02   7.91426239e+01
   3.65709656e+02   1.05589856e+03   1.51442169e+02   1.24585559e+03
   1.36830658e+02   4.71136780e+01   1.91531299e+03   7.88046646e+01
   3.62460181e+03   4.91880225e+03   4.13737451e+03   2.39549026e+01
   0.00000000e+00   6.95293808e+01   2.96057983e+02   2.09689819e+03
   1.27250745e+03   2.44358082e+01   3.02449829e+03   3.12422607e+02
   3.94454498e+01   1.17610184e+02   7.35510254e+02   3.94209951e-01
   5.31221558e+02   5.70128357e+02   3.99490448e+02   0.00000000e+00
   4.01529816e+02   3.47522736e+00   0.00000000e+00   1.90115982e+02
   1.43078723e+03   5.44398189e-01   6.12275200e+01   5.90762305e+03
   9.80901495e-02   1.83985962e+02   7.92743073e+01   2.13146076e+01
   3.75548389e+03   0.00000000e+00   7.74469482e+03   5.32661972e+01
   4.15675545e+00   1.24979279e+02   3.69705872e+02   1.46088965e+03
   1.24304672e+02   8.83695435e+02   2.63937225e+02   4.53766571e+02
   2.56589270e+00   4.84391510e-01   4.45241547e+01   5.33740234e+01
   1.93520832e+01   4.00557594e+01   1.00121411e+03   1.07010559e+03
   2.83908701e+00   2.00224361e+01   4.31290723e+03   1.15106297e+00
   0.00000000e+00   2.92545020e+03   2.93875732e+02   0.00000000e+00
   4.94996924e+03   3.35845032e+01   1.82905025e+01   4.88099194e+00
   5.56518738e+02   7.52586670e+02   4.29440576e+03   3.72432098e+01
   2.42809790e+03   2.58153778e+02   9.70874786e+01   6.49047302e+02
   2.63283276e+03   1.14012927e+03   1.66326845e+00   2.31049423e+01
   6.03307080e+03   2.71621997e+03   9.00628320e+03   5.34255005e+02
   3.43958950e+00   5.04807709e+02   7.94048080e+01   5.96981239e+00
   2.34731579e+00   7.40059509e+01   1.61689835e+01   1.09200977e+03
   1.79856909e+03   1.15113358e+02   7.96445251e+02   4.53288651e+00
   9.52529812e+00   2.01461621e+03   6.66602325e+00   4.30541699e+03
   5.92654343e+01   3.09005707e+02   1.11625549e+02   1.92005692e+01
   0.00000000e+00   2.75710030e+01   4.37650156e+00   1.81088619e+01
   8.49526062e+01   3.01753635e+01   3.56246246e+02   2.62521057e+01
   1.92183548e+02   4.58981934e+02   6.76700974e+01   2.73724707e+03
   1.79986377e+03   1.15032544e+03   1.68649316e+03   2.33878117e+01
   3.18094482e+02   1.36045898e+03   1.68959192e+03   8.00059509e+01
   1.67969589e+02   3.12579736e+03   5.19321108e+00   0.00000000e+00
   6.17997852e+03   9.03990860e+01   9.60934509e+02   3.06890011e+00
   2.26895410e+03   6.02797424e+02   2.64593597e+02   1.65117645e+02
   3.16379204e+01   1.22595367e+01   1.49606857e+02   1.69753857e+03
   1.60931250e+03   9.79772186e+00   1.61945724e+01   4.37530785e+01
   1.18293085e+01   1.28144407e+00   3.41663208e+03   1.35781527e+00
   8.31744751e+02   2.56082007e+03   2.05598980e-01   2.68117004e+02
   1.21635742e+03   7.37038770e+03   1.05142105e+02   2.74107574e+02
   5.04346161e+02   1.16026711e+02   1.96760361e+02   2.82090950e+01
   1.46173737e+02   1.46937820e+02   3.68874474e+01   4.21343781e+02
   2.29164331e+03   2.79484844e+01   6.95072705e+03   7.16374817e+01
   3.44805084e+02   3.30494881e+01   1.06282651e+00   3.71273727e+01
   1.75338364e+00   4.02741791e+02   1.49735840e+02   4.09574341e+02
   3.25780640e+03   9.04858704e+01   1.72717911e+02   3.91955859e+03
   3.75008545e+03   1.68594437e+02   5.52547302e+02   9.98524070e-01
   1.98871735e+02   9.09517578e+03   1.37407074e+02   4.80732391e+02
   1.59947479e+02   1.48953080e+00   5.95782623e+01   0.00000000e+00
   6.45262207e+02   3.03712476e+03   9.74799866e+02   2.12538110e+03
   9.28332443e+01   1.51443834e+01   3.96003540e+02   7.90005624e-01
   3.61319847e+01   2.67552853e+01   5.45609665e+01   2.59526758e+03
   6.36738220e+02   6.16401184e+02   8.85471191e+03   1.21633511e+01
   3.14206963e+01   2.48086987e+03   6.78762054e+01   3.47115082e+02
   2.05753223e+03   2.33404865e+01   3.08950806e+02   3.35583649e+02
   1.86120358e+01   2.77409973e+01   1.34428406e+02   1.16435326e+02
   1.42824432e+02   2.46308075e+02   1.12398163e+02   2.89948678e+00
   2.50228157e+01   1.37402878e+01   3.25560600e-01   1.59572961e+03
   1.05625195e+04   1.96375354e+03   2.25957298e+01   6.39552734e+02
   8.18585938e+03   9.11800842e+01   2.08233228e+03   2.47353306e+01
   6.82743713e+02   1.37462341e+02   6.35465012e+01   3.55986208e-01
   1.86042163e+03   5.22756409e+02   8.81517944e+01   5.71872900e+03
   8.98630273e+03   1.10448804e+03   0.00000000e+00   9.49552307e+01
   8.00108414e+01   2.96814819e+02   1.34714270e+01   1.63995862e+03
   2.29342560e+02   1.54266131e+00   2.22814751e+01   3.28035569e+00
   1.36786377e+02   1.29212354e+03   1.50888016e+02   1.23696204e+03
   1.18755486e+02   2.81443357e+00   2.42947254e+01   7.09179053e+03
   9.62708378e+00   1.21980881e+02   3.50556274e+02   1.17238611e+03
   0.00000000e+00   1.20286927e-01   1.61155365e+02   8.81111069e+01
   4.51461077e+00   1.06704150e+03   1.08971350e+03   4.63227051e+03
   2.12087695e+03   2.82891369e+01   3.60530518e+02   2.98385913e+03
   1.32985718e+02   0.00000000e+00   4.59219551e+01   4.66172559e+03
   1.23133423e+02   3.12244141e+02   8.48011246e+01   3.04399072e+03]
[  6.43103760e+02   3.37180634e+01   3.10081267e+00   2.32546577e+01
   2.46658611e+01   1.52740796e+03   6.91503677e+01   1.45250368e+01
   5.26306725e+00   7.04306946e+02   3.82105522e+01   4.75107651e+01
   8.09985535e+02   1.42112683e+03   1.51943085e+02   4.20455247e-01
   6.05003929e+01   6.09945312e+02   1.31421371e+02   4.03512239e+00
   2.11536140e+01   1.93386883e-01   4.77367859e+01   1.69279932e+03
   8.70294962e-03   1.55275440e+01   4.37533140e+00   2.91469154e+01
   2.15450096e+01   2.85773560e+02   1.99763279e+01   1.61611032e+00
   1.71495819e+02   1.93320389e+01   2.28557593e+03   2.47086621e+03
   6.00567579e+00   2.00235474e+03   8.85526180e+00   3.84119072e+01
   1.24355602e+01   4.10904770e+01   1.77179337e+01   4.46800690e+01
   1.66327991e+01   1.33160797e+02   9.87417236e+02   3.29186022e-01
   9.06116333e+01   3.68951836e+01   7.20582520e+02   1.91715255e-01
   1.85482693e+01   3.17693005e+01   0.00000000e+00   2.00877972e+01
   1.21089048e+01   2.01536541e+01   6.86999512e+01   1.58204102e+02
   7.87749672e+00   3.76015968e+01   1.22360039e+01   1.87183342e+01
   3.16892757e+01   2.96985149e+01   2.27349655e+02   2.35100436e+00
   1.27327452e+01   6.81574707e+01   6.30692825e+01   2.18624731e+03
   6.27769203e+01   1.20641904e+04   1.71033997e+03   6.15891457e+01
   5.73231888e+00   3.58174591e+01   9.09429398e+01   1.36444502e+01
   2.80101185e+01   4.30125084e+01   1.11736021e+01   2.91881542e+01
   3.26939087e+01   1.69643499e-02   1.59985828e+03   1.90312119e+01
   1.07994026e+02   1.81913548e+01   5.58887482e+01   2.35692997e+01
   2.07389507e+01   3.46588898e+02   2.03537674e+02   6.04726448e+01
   4.35101776e+01   9.49093323e+01   9.39048004e+01   1.08643616e+02
   6.29093647e-01   2.66363888e+01   7.43806534e+01   6.09883347e+01
   8.66469955e+00   2.15041103e+01   9.68030834e+00   2.70103882e+03
   3.37468376e+01   2.11048388e+00   2.47148682e+02   1.32022982e+01
   6.28446817e+00   8.12293396e+01   0.00000000e+00   2.76385331e+00
   1.70703449e+01   4.36526566e+01   2.77227856e+03   9.03588009e+00
   2.37030655e+02   1.59308043e+01   8.35534573e+00   1.35842619e+01
   3.62493014e+00   1.57989541e+04   2.73782992e+00   1.85834236e+01
   8.53475403e+02   1.48166595e+02   1.89783554e+01   1.12272980e+02
   3.17459900e+02   1.79096889e+01   2.63372314e+03   6.97150230e+00
   1.54493880e+00   5.39462566e+00   2.09270435e+03   4.58823853e+01
   1.69536324e+01   1.26643713e+03   1.39779842e+00   1.07527527e+03
   2.33906651e+00   4.21745949e+01   8.57720947e+00   1.52853912e+02
   3.57079651e+02   4.03011894e+01   4.61449471e+01   6.55747070e+02
   2.80355682e+01   5.49934502e+01   1.04893018e+03   4.01846390e+01
   4.61711121e+01   0.00000000e+00   8.60465145e+00   1.05625671e+03
   5.72195654e+03   4.27427441e+03   4.94587994e+00   2.32298145e+01
   3.69452286e+01   3.57213283e+00   1.31674713e+02   3.16104202e+01
   1.17158918e+01   2.33088455e+01   1.21199593e+02   5.58839858e-01
   2.13434756e-01   1.11418982e+03   1.22080393e+01   5.84267082e+01
   8.29400158e+00   5.57875681e+00   8.29313965e+01   9.23976807e+02
   2.09212479e+02   5.94454498e+01   1.07141357e+03   2.31646225e+02
   9.13380432e+01   7.35921249e+01   1.82493716e-01   2.02787265e-01
   1.36612000e+02   1.15322304e+02   7.28912582e+01   1.65237117e+00
   6.26086914e+03   8.16716156e+01   1.03090274e+00   3.57510796e+01
   4.73175240e+01   5.41173935e+01   6.63512421e+01   2.15146021e+03
   2.60961342e+01   9.55504656e-01   1.44861401e+03   4.22920609e+01
   1.98294854e+00   1.98780422e+01   1.89221301e+03   8.43156433e+00
   9.26630630e+01   3.68055603e+02   1.00386597e+02   6.05154943e+00
   3.97868530e+02   4.99691353e+01   2.00556900e+02   1.91109894e+02
   0.00000000e+00   1.13415291e+02   2.51767188e+03   6.17023560e+02
   0.00000000e+00   1.01490955e+01   8.68253784e+01   6.76430845e+00
   1.90215778e+01   9.66837769e+02   6.64222641e+01   5.66844368e+01
   1.12632394e+00   5.90711899e+01   7.59313345e+00   1.66025928e+03
   5.11625977e+02   8.14370972e+02   0.00000000e+00   0.00000000e+00
   2.71546822e+01   4.06797461e+03   2.08447681e+03   2.99051743e+01
   3.29831696e+01   4.51502647e+01   5.35723915e+01   0.00000000e+00
   6.77864742e+00   0.00000000e+00   1.60063538e+03   0.00000000e+00
   2.36923447e+02   3.57234993e+01   1.26433838e+03   6.47515564e+01
   1.48645229e+01   1.28463635e+03   8.40245239e+02   2.53337326e+01
   4.72019196e+01   3.01830883e+01   1.68279480e+03   1.00980568e+02
   9.99692688e+01   7.59112358e+00   5.34670166e+02   5.25348997e+00
   2.07807827e+01   3.33447456e-01   2.40027161e+02   3.14585829e+00
   3.37739372e+00   2.88382587e+01   2.65102197e+03   8.37574219e+02
   6.80787201e+01   6.44367218e-01   6.73720703e+01   7.76328506e+01
   3.19965271e+02   5.46277733e+01   2.37299538e+01   4.05780602e+00
   9.98409241e+02   8.33866425e+01   2.68699980e+00   1.80486487e+03
   1.19240189e+02   3.54240837e+01   6.72339916e+00   4.87903099e+01
   9.74458008e+01   3.38314133e+01   1.23954431e+03   6.24736366e+01
   4.56110878e+01   5.95218124e+01   1.45382090e+01   7.78366241e+01
   3.72009735e+01   9.99190247e+02   4.39860773e+00   5.82187793e+03
   3.00848358e+02   2.44622383e+01   2.28412451e+03   4.27795532e+02
   2.73972046e+02   2.82477692e+02   3.37559013e+01   8.60539307e+02
   5.11247902e+01   7.12370911e+01   1.53321922e-01   3.58743019e+01
   3.59728584e+01   1.03514503e+02   1.79144141e+03   1.42778139e+01
   2.65466064e+03   5.56943238e-01   1.13263623e+03   3.68469009e+01
   4.10992615e+02   3.69686737e+01   1.34241516e+02   2.44025909e+02
   8.94203873e+01   9.35994568e+01   2.17287111e+00   5.51111946e+01
   2.51673965e+01   3.71736488e+01   4.41738516e-01   1.09301500e+01
   0.00000000e+00   2.21218109e+02   6.74353456e+00   5.01322662e+02
   3.41438293e+00   1.89549500e+02   4.69141388e+01   5.91097717e+02
   5.10423698e+01   1.20596755e+00   2.62900513e+02   1.34666252e+01
   0.00000000e+00   2.30582571e+00   7.58928757e+01   1.26332378e+01
   5.01922846e+00   2.61685448e+01   2.09691334e+01   1.02028370e+01
   1.09331131e+00   9.94592514e+01   5.11334457e+01   5.39666943e+03
   1.04117302e+02   8.91821823e+01   2.27857803e+02   2.53454380e+01
   1.36997271e+00   1.04558098e+02   4.73819618e+01   6.33772354e+01
   1.20749268e+03   6.78516960e+00   1.27456474e+01   2.25478077e+01
   2.58928558e+02   3.12054844e+01   1.60195976e-01   2.61151459e+02
   1.61123428e+01   0.00000000e+00   1.40272045e+01   1.76861572e+01
   2.92480249e+03   1.58597746e+01   3.42320137e+01   8.07170963e+00
   9.29582500e+00   3.50696729e+03   1.26682581e+03   0.00000000e+00
   2.62046906e+02   6.28541412e+01   7.70021915e+00   1.65289044e-01
   6.07260666e+01   0.00000000e+00   2.06697900e+03   5.05164299e+01
   6.02041702e+01   5.67390785e+01   1.50581531e+03   7.57029602e+02
   1.15592712e+02   8.72112350e+01   1.71824432e+02   1.45696289e+03
   3.40217934e+01   4.25383949e+01   1.70563984e+01   1.91378570e+00
   1.00586746e+02   1.89313049e+03   6.56912613e+01   1.81564194e+02
   4.66538200e+01   2.10707138e+02   7.18352722e+02   1.31790894e+03
   6.16611719e+00   1.29714233e+03   6.41260376e+02   0.00000000e+00
   3.89924545e+01   7.78776264e+00   1.65398743e+03   2.41938667e+01
   8.16515198e+02   4.00869522e+01   9.50738754e+01   7.81820345e+00
   3.83746796e+01   1.31784033e+03   5.97117996e+01   4.54024963e+01
   1.20522930e+04   4.72254181e+02   8.50354919e+01   1.01487894e+01
   3.70961761e+01   1.34447205e+03   3.37537613e+01   1.80517529e+03
   1.72914600e+03   8.90177460e+01   1.79355946e+01   4.73611259e+01
   2.64843583e+00   7.88412842e+02   1.54790756e+02   5.57935562e+01
   1.25239916e+01   5.48504639e+01   0.00000000e+00   6.61076889e+01
   2.97066479e+01   1.90947950e+00   5.06766319e+00   2.35412884e+01
   3.34881163e+00   1.27280624e+02   2.15547848e+01   3.18855347e+03
   2.80738773e+01   3.87739355e+03   1.39788773e+02   7.06600876e+01
   8.25674820e+01   9.92621765e+02   4.38737755e+01   3.72229156e+01
   1.38934290e+03   1.80462492e+00   1.56690088e+03   1.90935532e+02
   1.79288082e+01   4.73423119e+01   1.25357399e+02   1.21450760e+02
   9.70770569e+02   2.75120605e+03   1.26538589e+02   1.75618579e+03
   2.21688017e-01   3.33256632e-01   1.14133043e+01   2.27820468e+00
   4.08336678e+01   2.23735104e+01   1.99779065e+03   1.36356860e-01
   5.30842323e+01   1.98792000e+01   7.73170319e+01   2.58285352e+03
   7.25719404e+00   0.00000000e+00   4.66001625e+01   1.57872101e+02
   1.97344761e+01   1.45856995e+03   7.51714661e+02   1.94728162e+03
   1.36973730e+03   1.73057175e+02   9.24930878e+01   2.68102226e+01
   3.18328784e+03   1.13135328e+01   7.94448566e+00   1.53451147e+03
   5.47456856e+01   1.78467392e+02   9.82725430e+00   1.27598129e+02
   6.49725647e+02   5.52463989e+02   1.48831592e+03   9.16259003e+00]
