bicycle
bus
car
motorbike
person
[  5.41523880e+07   2.06578100e+07   1.50599910e+07   5.62430760e+07
   1.59508850e+07   1.10633610e+07   8.87327300e+06   3.80082500e+06
   2.19659225e+06   2.73853280e+07   1.62704825e+06   1.16786990e+07
   2.34458460e+07   5.36259550e+06   4.72710280e+07   3.53063920e+07
   4.49415160e+07   3.06559000e+07   1.38434490e+07   4.84443100e+06
   1.71481040e+07   5.34023600e+07   2.28367175e+06   1.55813230e+07
   1.56389500e+07   4.65815360e+07   2.78231920e+07   3.25251480e+07
   3.53737125e+06   6.97341900e+06   1.09864930e+07   7.50266400e+07
   1.96328760e+07   3.21858425e+06   8.83854800e+07   2.33017850e+06
   1.53733910e+07   3.42542525e+06   3.86196520e+07   7.75851000e+05
   3.49019800e+07   4.13517080e+07   1.21941944e+08   2.03436560e+07
   5.03844200e+07   1.04831600e+07   3.96832160e+07   4.89440640e+07
   4.71771400e+06   2.91860340e+07   9.63691840e+07   9.59031400e+06
   7.54445050e+06   6.80823100e+06   5.20544350e+06   4.69145100e+06
   8.05618250e+06   2.18043500e+07   1.07578225e+06   7.98642625e+05
   2.78368925e+06   1.36319188e+06   3.53019000e+06   9.54619700e+06]
[  7.17975040e+07   5.07502050e+06   5.60645360e+07   3.23443688e+05
   1.12380330e+07   2.63358250e+05   2.40384560e+07   7.00922302e+02
   3.57367440e+07   1.76887609e+05   4.70874600e+07   1.77209800e+07
   2.05354082e+04   2.34448725e+06   1.59522820e+07   4.60931450e+06
   1.64736688e+06   6.87637600e+07   3.10869580e+07   1.00967640e+07
   5.17346438e+05   2.76264720e+07   1.06122000e+06   1.23573940e+07
   3.58681219e+05   1.71572580e+07   1.55178840e+07   7.07847812e+05
   2.88159225e+06   1.25512476e+03   6.97449840e+07   1.83225566e+04
   2.95273125e+06   4.03929960e+07   3.04936900e+07   4.87005600e+06
   3.30671031e+05   2.50610380e+07   7.05775840e+07   5.22528560e+07
   1.75739360e+07   4.28272950e+06   6.69718450e+06   3.28177450e+06
   7.32389680e+07   6.24357960e+07   6.41733438e+05   8.24135840e+07
   3.84649360e+07   8.67486100e+06   1.39051700e+07   6.46298800e+07
   6.48301200e+07   5.34954000e+07   7.85616500e+05   5.74232640e+07
   4.72510000e+06   1.08149112e+08   4.92734200e+06   2.69538675e+06
   8.30611440e+07   2.08758545e+02   5.37754650e+06   7.63952080e+07]
[  9.74587500e+06   1.90892300e+07   4.16513885e+02   1.71304922e+05
   2.96411465e+04   4.17970508e+04   5.64746289e+04   3.44966825e+06
   1.37960762e+04   9.96032375e+05   1.84642120e+07   1.33273484e+05
   1.89436538e+06   5.11233250e+06   1.28992477e+05   1.88358875e+05
   6.21221650e+06   7.94124312e+05   1.27103850e+06   1.80650188e+06
   2.56888575e+06   4.60157617e+04   1.79279200e+07   2.22826700e+07
   2.00135900e+07   0.00000000e+00   4.19546938e+05   1.71234562e+06
   3.17369175e+06   1.59002370e+07   5.81852881e+03   4.11053375e+06
   2.64363325e+06   9.74645200e+06   6.55480900e+06   1.01129710e+07
   8.97034312e+05   2.44840160e+07   3.50847800e+06   2.34244922e+03
   1.23332580e+07   1.62131575e+06   1.14472980e+07   2.55253120e+07
   3.71179950e+06   5.49985188e+05   2.00038860e+07   6.02994336e+03
   5.91211700e+06   1.69986312e+06   4.97622250e+06   6.23230430e+04
   8.45288400e+06   3.48459400e+06   2.03381960e+07   2.05549440e+07
   1.03843125e+06   1.10004609e+05   4.40051094e+04   2.10594297e+04
   1.41441388e+06   2.61016720e+07   1.98448200e+07   9.97310100e+06
   3.06377460e+07   2.97221225e+06   2.39423160e+07   1.68733060e+07
   3.33929414e+04   3.00409775e+06   1.49190120e+07   1.54127450e+07
   2.33860475e+06   1.38124900e+06   0.00000000e+00   4.25314300e+06
   4.85964875e+05   1.17276080e+07   3.59384000e+06   7.95899609e+04
   7.54550469e+04   5.08588850e+06   2.37552150e+06   2.42627124e+03
   1.05276560e+07   3.12475350e+06   2.22074500e+06   2.15174122e+01
   1.56281910e+07   3.14533900e+06   1.06370950e+07   2.17126675e+06
   4.10687500e+05   5.05770100e+06   8.17990062e+05   5.06931300e+06
   3.24435010e+03   2.07125062e+06   1.66311062e+06   4.93142250e+05
   9.05106200e+06   8.41472188e+05   2.03361288e+06   2.83410925e+06
   9.61091113e+03   1.60041325e+06   5.04998531e+05   2.37526175e+06
   3.62184950e+06   1.13971825e+06   4.76033242e+04   1.55056480e+07
   6.39134453e+04   3.32986075e+06   1.15479250e+07   1.65509220e+07
   2.77299594e+05   1.90610350e+06   8.24414850e+06   3.59833125e+06
   9.41420062e+05   5.66968350e+06   5.06892041e+03   4.34306450e+06
   3.75110225e+06   2.28003242e+04   3.30302260e+07   5.95638062e+02]
[  5.16754750e+06   2.86526175e+06   3.87181602e+04   0.00000000e+00
   1.83448516e+04   4.58873650e+06   1.58351325e+06   2.99697175e+06
   2.04963020e+07   1.07694540e+07   6.73358850e+06   6.36116000e+06
   1.64541988e+06   1.81590203e+05   9.17784546e+02   5.56378750e+06
   1.77891100e+06   6.85265250e+06   1.81068612e+06   2.19020679e+03
   1.88861680e+07   6.94940950e+06   9.75225062e+05   2.83351099e+03
   7.62551172e+04   5.76854312e+05   4.10187350e+06   1.55301170e+07
   9.66942969e+04   1.26981870e+07   8.78327637e+03   2.21977160e+07
   6.64615550e+06   3.29592031e+04   9.15375688e+05   4.08194800e+06
   8.82829000e+05   1.38637580e+07   9.29156875e+04   1.74855000e+04
   8.50631812e+05   1.94830312e+04   1.70858594e+04   5.56295250e+05
   9.38292250e+05   1.54839730e+07   3.22712825e+06   1.12893860e+07
   6.40955450e+06   3.09493740e+07   1.24402725e+06   9.08245000e+06
   3.42892475e+06   4.20953700e+06   5.16622562e+05   2.44504312e+05
   1.14444750e+07   1.18216975e+06   1.43030300e+01   1.70107488e+06
   7.67463600e+06   4.98091650e+06   1.41364550e+07   8.32211500e+06
   5.78089500e+05   1.62458470e+07   4.06115438e+05   1.03766490e+07
   5.90176600e+06   4.21744550e+06   1.45402112e+06   1.87144560e+07
   2.59281720e+07   2.97833350e+06   3.11457360e+07   4.86327553e+00
   1.01716750e+07   5.62060375e+05   2.72370220e+07   1.43953925e+06
   1.46803438e+06   3.20389727e+04   1.75231320e+07   6.06498150e+06
   6.01352578e+04   7.25252350e+06   1.60604750e+06   1.53058175e+06
   3.86238828e+04   1.29457388e+06   8.55592734e+04   6.84374700e+06
   6.09740273e+04   1.64106490e+07   9.05413812e+05   5.70837800e+06
   5.38390688e+05   8.21963750e+06   1.89322875e+06   1.54109640e+07
   1.79746094e+05   2.79304688e+05   2.13671820e+07   3.34381030e+03
   7.73305312e+04   2.44694600e+07   4.02519950e+06   5.84082050e+06
   1.91217200e+07   4.46973450e+06   3.08125312e+04   1.03740340e+07
   4.24901000e+05   3.69441080e+07   1.82295888e+06   1.71772050e+06
   3.73579250e+05   1.02087480e+07   6.14037500e+04   3.21867246e+04
   2.20835160e+07   6.42471900e+06   7.37224707e+03   1.22812550e+07
   1.33501460e+07   1.47493038e+06   1.34328940e+07   9.61955600e+06]
[  0.00000000e+00   2.02888336e+02   1.99141600e+06   2.70908340e+04
   6.17603207e+00   3.72547226e+01   1.53639844e+03   6.20854607e+01
   5.11388650e+06   4.54264062e+03   2.69729199e+03   1.33953381e+03
   1.76016693e+01   7.92301328e+04   1.71772949e+04   6.40684375e+04
   1.60096863e+03   1.85913672e+05   6.33150879e+03   1.93362781e+05
   5.67641945e+01   2.32048320e+04   2.35601297e+05   5.76906494e+03
   8.05188184e+03   6.22170215e+03   2.92694500e+06   0.00000000e+00
   2.24170547e+02   5.33891758e+04   6.65053864e+01   3.42863739e+02
   1.55653488e+02   1.53531212e+06   6.71879922e+04   2.17489325e+06
   3.73442725e+06   1.00196973e+04   7.09668030e+02   2.66143726e+03
   9.81227234e+02   1.59266675e+03   6.28712793e+03   2.67354000e+05
   9.28887891e+03   2.36804352e+02   7.72428894e+01   1.15801227e+00
   1.06445938e+05   5.25603633e+04   1.42213078e+05   1.26227135e+02
   2.53935950e+06   1.79041859e+05   1.80053177e+01   1.92881906e+05
   6.12595812e+05   9.39977375e+05   5.06577979e+03   1.12547913e+01
   2.61066188e+05   2.84904766e+04   7.19194219e+04   1.53274203e+05
   1.26333122e+01   2.42524629e+04   2.16809326e+03   1.52614148e+03
   1.57594080e+03   9.05430469e+04   1.60170675e+06   2.14199375e+06
   0.00000000e+00   1.68705488e+04   2.64365576e+03   2.09340591e+01
   1.32731641e+04   7.11958938e+05   1.56850500e+06   4.65941219e+05
   6.29903906e+04   5.17449121e+03   1.84290176e+04   4.86898291e+03
   1.79133475e+06   3.79836500e+06   1.37543212e+06   2.41673150e+06
   4.87299750e+05   2.08110428e+02   3.37032715e+03   1.16444305e+05
   7.11405438e+05   2.46534004e+04   0.00000000e+00   2.29358496e+04
   6.53855713e+03   4.98059406e+05   3.72752136e+02   9.85259082e+03
   4.92222773e+04   1.13111670e+04   2.86166825e+06   9.94796250e+04
   3.42457788e+03   8.86053418e+03   2.58457773e+04   2.37726707e+01
   1.84368073e+02   1.41955906e+05   1.50048400e+06   4.19603750e+04
   0.00000000e+00   3.51879570e+04   7.93457129e+03   2.93586255e+03
   2.52283134e+01   6.87252380e+02   8.08975647e+02   2.58817450e+06
   1.78868203e+04   0.00000000e+00   2.79681484e+04   2.25324902e+03
   7.46007373e+03   1.05754675e+06   7.95393295e+01   0.00000000e+00
   2.09462338e+06   4.28004531e+04   7.02016602e+03   1.69120195e+04
   8.66597656e+03   1.11649088e+06   5.66701584e+01   1.93049438e+02
   5.59240900e+06   5.25070125e+05   1.41398770e+04   2.11813984e+01
   2.04171667e+03   3.22946739e+01   2.50854727e+04   3.82735906e+05
   1.25350128e+02   3.39350450e+06   2.42423413e+03   6.93108521e+02
   1.19066312e+05   1.05883643e+03   2.55578784e+03   4.57766064e+03
   1.15536203e+05   2.02246594e+05   5.16868281e+05   4.28724512e+03
   1.57755205e+04   1.33726656e+05   2.35601825e+06   8.54537812e+05
   2.02290726e+02   1.74958625e+05   1.13876962e+06   1.21518887e+04
   8.51135625e+04   4.09505075e+06   1.44608162e+06   1.98138250e+05
   1.37358438e+05   2.09275912e+06   2.45594300e+06   1.17241143e+04
   2.04007266e+04   1.14751600e+06   1.27986279e+03   2.41811738e+04
   2.44806825e+06   1.01325625e+04   2.33329725e+06   4.64518438e+04
   3.68832531e+05   7.76728281e+04   1.44128125e+06   1.75427812e+04
   4.09572803e+03   1.33618623e+04   5.15580625e+04   4.02369653e+03
   6.40418000e+05   8.96110938e+03   1.03201396e+04   3.80926300e+06
   1.77282791e+01   1.04025994e+06   8.99923801e+00   3.75200250e+06
   2.40899292e+03   1.20929350e+06   2.82751350e+06   1.06704038e+06
   7.42199945e+00   3.57937750e+06   3.47605000e+06   7.20081139e+00
   1.24737586e+05   6.52227112e+02   0.00000000e+00   9.74906641e+03
   9.66709045e+02   2.16391500e+06   2.27045047e+05   2.28261800e+06
   2.17127598e+04   2.99720820e+04   6.47301102e+00   1.42790898e+04
   3.28373022e+03   1.16795625e+06   8.75204297e+04   4.43250977e+03
   4.85042572e+01   4.93641083e+02   2.24973535e+03   1.47665453e+05
   8.04822188e+05   0.00000000e+00   3.52399243e+03   2.40079203e+05
   3.24052826e+02   1.51004588e+06   2.21804316e+04   0.00000000e+00
   1.93710888e+06   2.26877148e+04   4.88721344e+05   1.12091812e+02
   0.00000000e+00   1.89581973e+04   5.74705062e+05   8.04684619e+03
   5.80774562e+05   2.40262575e+06   4.27687500e+03   5.60088806e+02
   8.24325859e+04   3.32631523e+04   5.84811523e+03   1.01574329e+03
   1.83148469e+05   1.49275891e+05   2.07498906e+04   2.06644333e+02
   9.09041406e+03   0.00000000e+00   2.55488623e+03   2.17436719e+05]
[  2.05607688e+06   1.53256079e+03   9.16930420e+02   1.27037073e+03
   1.87006662e+06   2.19582700e+06   6.28668875e+05   1.03141309e+03
   1.52285342e+04   7.71371216e+02   5.78973999e+02   2.25937363e+04
   3.33081875e+04   6.45625898e+04   1.54090173e+03   1.28278857e+04
   3.25702972e+01   7.21944034e-01   1.41034550e+06   1.00373133e+05
   0.00000000e+00   5.11382523e+01   1.18383026e+02   3.52614938e+05
   0.00000000e+00   3.75238586e+02   1.37349119e+01   1.15990812e+05
   3.28592930e+04   4.35382141e+02   7.97119766e+04   2.54155655e+02
   1.14773398e+04   1.57043938e+05   2.34362622e+03   5.53734219e+04
   1.47931494e+04   4.87395111e+02   2.87396973e+03   0.00000000e+00
   4.02331875e+05   5.21521953e+04   8.34512793e+03   2.52473438e+03
   1.66050977e+04   5.39541992e+03   2.03231375e+05   3.54672656e+04
   2.09786203e+05   3.80773376e+02   1.09755781e+04   2.42974316e+03
   8.18089551e+03   1.00553486e+04   2.18690219e+05   1.47465422e+05
   2.93838438e+04   2.88420562e+05   8.40156250e+04   5.62724266e+01
   1.21906885e+03   9.89598516e+04   1.58581371e+01   0.00000000e+00
   0.00000000e+00   1.09520107e+04   8.76335875e+05   2.35866638e+02
   6.98350830e+02   3.75237031e+04   1.33213200e+06   2.52695947e+03
   5.97004727e+04   8.01235254e+03   4.83779570e+04   4.19525625e+04
   5.68611865e+03   2.67586865e+03   6.51996602e+04   2.97154281e+05
   1.16919800e+02   1.42471172e+04   0.00000000e+00   7.91128047e+04
   2.10957910e+03   1.09759773e+05   1.38130725e+03   6.83063232e+03
   9.31709473e+03   2.80875625e+04   1.06077021e+04   4.30204346e+03
   1.73661953e+04   2.80654531e+05   4.23253113e+02   0.00000000e+00
   1.36847344e+05   5.54861717e+01   1.63160938e+03   1.60308703e+05
   4.23647736e+02   1.90528496e+04   1.81192100e+06   6.79521027e+01
   3.32071472e+02   9.22634922e+04   1.07758594e+05   1.06251242e+05
   2.06288242e+04   2.48419975e+06   6.21897926e+01   9.87397188e+05
   5.24111290e+01   1.75104782e+02   6.50507617e+03   2.43089785e+04
   9.77877637e+03   2.27471035e+04   2.71917656e+04   1.00836297e+05
   8.37239062e+03   2.65706146e+02   5.78974219e+03   2.16276953e+05
   4.69962451e+03   5.75972314e+03   1.69514885e+01   1.45139521e+04
   2.13592236e+03   3.38722650e+06   2.08975293e+04   2.86137354e+03
   5.58242236e+03   2.15871900e+06   1.08974512e+03   2.30233496e+04
   1.92454707e+04   1.16798525e+06   2.66428314e+02   6.59032345e-01
   1.14388027e+01   2.12464014e+03   1.60957969e+04   1.71516328e+05
   1.34177101e+00   1.56177185e+03   6.75830811e+02   0.00000000e+00
   6.07670546e+00   1.54372787e+02   4.75199127e+02   1.52610779e+03
   7.71714688e+05   5.56846602e+04   2.41386719e+03   3.09662688e+05
   5.43348083e+02   2.00851555e+01   1.00815406e+05   2.27547875e+06
   4.17757034e+01   5.41797803e+03   1.39469141e+03   6.72511597e+01
   6.01128438e+05   0.00000000e+00   2.63989062e+05   9.79249756e+02
   6.95696875e+05   2.63983150e+06   3.88996216e+02   3.93594360e+01
   2.74554551e+04   4.67604406e+05   4.51307344e+05   5.14753967e+02
   1.71347534e+03   2.59194702e+02   7.71444141e+03   1.20719376e+01
   1.44767549e+04   3.01555664e+03   6.39578056e+01   2.01968906e+04
   1.48538008e-01   3.60834503e+02   2.44797832e+04   1.02398262e+04
   1.20096221e+04   2.12927570e+01   1.49136050e+06   2.57814722e+03
   1.17869400e+02   1.71018594e+04   9.36267500e+04   2.23345410e+03
   7.61832109e+04   4.70454375e+04   3.83104344e+05   1.14987259e+02
   2.53241302e+02   0.00000000e+00   3.98920750e+05   4.05159141e+04
   4.73873789e+04   1.98331314e+02   1.74518340e+04   7.34769125e+05
   7.73162578e+04   2.88911500e+06   1.04169579e+01   1.05009541e+04
   5.97352979e+03   2.14209531e+04   1.04467998e+04   8.58435250e+05
   1.34836062e+05   3.12296240e+03   1.60184580e+04   1.10143145e+04
   3.55027441e+03   5.68893652e+03   4.26341895e+03   7.58972839e+02
   2.19938164e+01   2.24608375e+05   3.45140430e+04   5.86604492e+02
   1.97148163e+02   1.27111206e+02   1.07107117e+02   3.50125547e+04
   7.35189000e+05   2.12015479e+03   2.00243812e+06   1.01776963e+04
   2.07456396e+03   1.97849725e+06   0.00000000e+00   3.13242664e+01
   2.17885596e+03   5.80114453e+04   0.00000000e+00   0.00000000e+00
   1.77760391e+02   3.92910995e+01   1.06012920e+04   5.59297142e+01
   2.87000531e+05   7.71446719e+04   4.28055781e+04   1.03133492e+05
   7.09528594e+04   4.31933688e+05   2.84879277e+04   1.67714570e+04]
[  4.14821344e+05   5.63435664e+04   2.22894531e+02   1.13742958e+02
   6.10634000e+05   1.15983972e+03   4.88228789e+04   8.64465000e+04
   5.17905078e+03   1.37785588e+06   1.39460117e+04   9.48685703e+04
   2.26081094e+04   8.35181641e+03   1.57470544e+03   7.64358704e+02
   2.87215304e+00   9.58618652e+03   0.00000000e+00   6.49283997e+02
   1.57878772e+03   1.16092453e+05   2.13425469e+04   4.04518481e+03
   1.97295569e+03   8.64847949e+03   1.71502698e+03   1.26077273e+05
   3.56255977e+04   2.89691875e+05   5.41206322e+01   1.56715176e+04
   4.14040898e+04   4.48123125e+04   2.59563263e+02   6.73093066e+03
   9.15646438e+05   2.07890650e+06   1.66413989e+03   1.55482100e+06
   2.22850296e+02   1.58674854e+03   4.82159882e+02   1.26264508e+05
   8.89500391e+03   1.71377461e+04   4.38227417e+02   1.40186475e+04
   1.22414521e+04   3.45059570e+03   1.87485352e+04   1.27562712e+06
   7.68781602e-01   7.88122711e+01   1.65048523e+02   3.68309863e+03
   3.09502246e+03   1.47094438e+05   1.57115608e-01   5.44265527e+03
   2.50914697e+03   3.61511523e+04   3.74458936e+03   1.78726208e+03
   6.85236914e+03   3.05232402e+04   7.75848926e+03   1.45878145e+04
   5.48534062e+05   1.33424859e+05   2.03202480e+04   2.11097607e+03
   5.87331914e+04   1.32629336e+04   2.18854047e+05   5.78420977e+04
   1.08746156e+05   2.99398379e+04   1.42799766e+04   9.90427780e+01
   1.56315079e+02   1.70923004e+02   5.28524414e+04   1.69292578e+03
   4.72080234e+04   7.83760757e+01   1.45061891e+05   6.02279114e+02
   0.00000000e+00   2.02406677e+03   8.21418701e+02   2.36340729e+02
   8.09038047e+04   5.28633362e+02   9.43467969e+04   2.02900078e+04
   2.20406387e+02   1.76523656e+05   9.33185062e+05   3.32822062e+05
   1.95987441e+04   5.37450820e+04   2.35197418e+02   1.21635765e+02
   8.46492734e+04   5.53362598e+03   2.57397109e+05   1.52454697e+04
   1.17705254e+02   6.18158984e+03   6.03300625e+04   1.25668252e+04
   1.49942988e+04   4.94236279e+03   1.79269128e+03   1.17659188e+05
   3.98319067e+03   5.40952734e+04   5.93695195e+04   3.64330312e+04
   1.31381426e+01   1.14553700e+06   2.82693398e+04   1.66764234e+05
   7.95518438e+04   9.71234985e+02   1.02377266e+04   2.37733102e+00
   8.20986023e+01   7.81639343e+02   2.68750830e+03   1.67307051e+04
   1.18590537e+04   5.36318604e+03   5.51493042e+02   1.62627539e+04
   4.54952344e+03   2.24426125e+05   1.44412734e+04   8.79101929e+02
   9.34319305e+01   2.01873047e+04   1.66611169e+03   3.22949258e+04
   4.85106367e+04   2.42977832e+04   1.09268525e+04   0.00000000e+00
   9.86057812e+04   1.70626719e+04   6.03909912e+03   1.75839531e+05
   1.22426099e+03   2.34333156e+05   2.13092651e+01   1.92212266e+04
   8.61947109e+04   4.67587250e+02   1.46342375e+05   9.49713974e+01
   4.37597107e+02   1.53114172e+03   1.11438164e+04   2.87441675e+03
   3.76565991e+03   4.35977936e+02   3.26397207e+04   3.63891812e+05
   8.27753967e+02   3.22841211e+04   1.12757969e+01   2.85309033e+03
   1.00907312e+03   2.58557397e+03   1.39863193e+04   1.06850488e+04
   5.90782891e+04   9.42015918e+03   1.42602672e+05   1.08889336e+04
   2.32522070e+03   2.83824785e+04   1.62198643e+04   3.66146758e+04
   3.39240352e+04   1.04545801e+03   1.66233531e+05   1.36885205e+03
   2.06041625e+05   7.85076938e+05   7.74414297e+04   1.98039709e+03
   5.36456055e+02   1.03132164e+05   1.80498924e+01   1.30825317e+02
   1.93215703e+04   3.68764404e+03   2.29342554e+03   7.88980713e+03
   4.18263867e+03   1.31595642e+02   2.21826543e+04   2.48504391e+05
   1.03489164e+05   9.56293488e+01   1.08593301e+04   1.35497256e+04
   1.59949109e+05   1.35137329e+01   4.47249176e+02   1.47942871e+04
   4.49255039e+04   2.48750293e+04   9.04742188e+04   9.31630188e+02
   2.22912231e+03   1.00224717e+04   1.01622604e+02   1.44009547e+05
   2.55135000e+04   7.48338379e+03   2.40821133e+04   4.27265117e+04
   1.25630547e+04   0.00000000e+00   4.62328064e+02   1.12497441e+04
   6.21017578e+02   4.41885547e+04   1.03971465e+04   9.53728438e+04
   3.67049072e+02   3.21072070e+04   1.59895650e+06   5.45121191e+03
   1.28860925e+03   8.30873340e+03   7.46869875e+05   1.40478772e+03
   4.82399219e+03   2.61684418e+02   2.88977759e+03   1.62120895e+02
   3.37162812e+04   6.94464438e+05   1.55158167e+01   2.19001698e+00
   2.09881750e+05   5.34032305e+04   2.21009469e+00   7.80002188e+04
   7.12360156e+03   2.10193262e+03   6.50091797e+02   6.37261963e+03]
[  1.39269092e+03   2.57020273e+04   1.46566396e+04   1.30932012e+04
   4.86133545e+02   1.24945125e+05   8.93139725e+01   1.14032197e+04
   2.14974174e+01   6.84712296e+01   6.17147812e+04   5.34474414e+03
   1.11132629e+03   9.41324902e+03   1.03443691e+04   4.76154404e+01
   2.53855078e+04   9.54153809e+03   3.64704531e+04   5.16346777e+03
   3.71055328e+02   1.23650602e+05   4.94830566e+03   3.01333221e+02
   4.73656953e+04   2.27044805e+04   1.28055398e+05   1.35812344e+04
   1.13731773e+05   1.61721025e+04   1.06134668e+04   1.35115219e+05
   3.79611719e+04   2.18140527e+04   2.43075547e+04   1.33850656e+05
   9.54624453e+04   2.92455151e+03   6.86617203e+01   3.86981914e+04
   3.24518616e+02   1.38801141e+05   3.68306406e+04   7.15283984e+04
   1.21735620e+03   1.63658564e+04   1.53639492e+04   5.25672500e+04
   3.20247173e+00   6.18221680e+04   1.28622938e+05   2.65544971e+03
   0.00000000e+00   8.60330859e+03   1.26142344e+04   1.13315205e+04
   2.63548401e+02   2.83069238e+03   1.79718884e+03   2.40310455e+02
   1.81385666e+02   1.83425031e+05   4.23230977e+04   2.82714917e+03
   1.51580713e+03   7.30696436e+03   4.81244904e+02   1.90476639e+02
   1.58883301e+04   1.56963501e+03   2.44273105e+04   2.04924414e+03
   4.78027031e+04   3.95670898e+03   1.87642932e+00   2.34001807e+03
   1.42175061e+03   6.48246193e+00   8.29457734e+04   4.96237305e+04
   6.84251118e+00   6.04740283e+03   5.65667383e+03   6.71696172e+04
   3.53002319e+03   0.00000000e+00   4.72468964e+02   5.21758057e+03
   1.62031141e+05   4.46772500e+04   1.68905996e+04   1.87942322e+02
   1.79943281e+05   6.07281689e+03   2.34269570e+04   8.20284180e+03
   6.27146719e+04   1.63993256e+02   5.71836055e+04   2.49739336e+04
   1.01280566e+04   3.09441132e+02   1.58361234e+05   4.30453613e+03
   4.92314609e+04   1.84897656e+04   1.88846387e+03   7.20108203e+04
   1.03959273e+05   1.03862244e+03   1.74752070e+04   6.06630493e+02
   4.20396953e+04   6.86841660e+01   2.13629395e+02   4.73268633e+04
   0.00000000e+00   2.87338398e+04   1.50653244e+02   7.38614766e+04
   5.77637451e+02   5.78800547e+04   2.29341758e+04   4.51313379e+03
   1.63784434e+04   2.79791172e+04   3.28236914e+03   4.82548438e+04
   2.26710332e+04   1.85063208e+03   2.98670464e+01   1.44306055e+04
   1.77542832e+04   1.41799570e+04   4.15898789e+04   4.79762316e+00
   7.07796387e+03   8.31179260e+02   2.84043433e+03   9.81839066e+01
   3.41930039e+04   1.43758679e+03   1.04599473e+04   0.00000000e+00
   4.69998682e+03   9.57319763e+02   6.44502808e+02   1.47783789e+04
   1.84772888e+02   2.14830449e+04   9.07144531e+04   2.87253198e+03
   2.40288376e+02   2.47010474e+03   4.68396637e+02   0.00000000e+00
   3.62262421e+01   4.95799011e+02   8.49221191e+02   1.43104281e+05
   3.10325801e+04   4.64318555e+03   1.61223555e+04   2.42148113e+01
   7.07961484e+04   1.25054700e+03   8.90771953e+04   3.83631935e+01
   2.40306855e+04   2.80611113e+04   5.35891052e+02   1.13645137e+04
   2.09970977e+04   2.16896899e+03   4.24799648e+04   4.98673672e+04
   3.16515645e+04   2.55096270e+04   1.71633340e+04   1.27214706e+02
   4.86093359e+04   2.10457056e+03   2.64624707e+04   1.86036934e+04
   8.28727051e+03   3.45835234e+04   6.70654297e+04   7.11011963e+03
   1.96680835e+03   1.14724951e+03   3.46885278e+03   2.68370449e+04
   8.06037158e+03   1.26588422e+05   1.48748344e+05   7.10386953e+04
   2.20412559e+04   2.19835527e+04   1.10411230e+03   3.64836987e+03
   1.43007281e+05   8.45817383e+03   9.35253235e+02   9.17116875e+04
   7.98038672e+04   1.38916516e+03   3.48456836e+04   7.68605625e+04
   1.17141418e+02   4.75380630e+01   1.16158203e+03   1.73249048e+03
   5.53231934e+02   7.56196350e+02   4.29789297e+04   4.53919092e+03
   5.02891846e+03   1.62825713e+04   1.88452305e+04   2.01182793e+04
   9.79101562e+03   9.64796875e+04   5.68100929e-01   9.02888477e-01
   5.49996914e+04   6.39865625e+03   2.03437549e+03   4.52691269e+00
   6.93377625e+02   5.40385352e+03   1.54216232e+02   4.08481216e+01
   9.03906016e+04   5.00220430e+04   6.80248906e+04   2.04397559e+03
   6.54781680e+04   4.21029102e+03   1.21416572e+04   1.58834990e+04
   1.33403799e+04   2.39606426e+04   7.14785107e+03   4.30217031e+04
   1.52380652e+03   1.22844859e+05   5.57156982e+03   6.02714443e+00
   3.62602617e+04   3.99752305e+04   5.62432617e+04   4.99710547e+04
   2.96231396e+03   1.35596625e+05   3.14657129e+04   6.98977969e+04
   1.07349180e+05   1.09051399e+02   5.19155045e+01   8.83562969e+04
   9.37779922e+04   3.45346298e+01   6.77555908e+03   3.24386987e+03
   1.29577820e+02   1.67848809e+04   2.30494189e+03   1.01708633e+05
   2.43254082e+04   2.68160938e+03   0.00000000e+00   2.43558667e+03
   8.44682910e+03   5.37686377e+03   1.19835211e+05   3.28843359e+04
   0.00000000e+00   1.32778530e+01   1.66895344e+05   9.47471777e+03
   3.38432617e+01   2.19925024e+03   6.35598096e+03   1.09177836e+05
   1.91099194e+03   3.57831665e+03   2.93457508e+01   7.17872253e+02
   2.06179126e+03   6.11573877e+03   1.54933027e+04   3.97631860e+03
   5.85879805e+04   2.02386992e+04   8.95481641e+04   4.58105078e+03
   1.72792900e+00   3.65988464e+01   2.61222441e+04   9.69464922e+04
   9.24932861e+00   3.60746655e+03   1.29087422e+04   1.44688953e+03
   5.40118103e+02   6.04776875e+04   5.35129736e+03   6.97757950e+01
   9.30477656e+04   9.44280624e+01   1.21860132e+03   8.18440625e+03
   2.51715530e+02   1.78782605e+03   7.12555547e+04   1.21069281e+05
   8.84849930e+00   4.55731836e+04   4.94730908e+03   1.98098574e+04
   2.21682104e+03   6.58019824e+03   1.02390391e+05   5.72939551e+03
   1.57579000e+05   1.25336039e+05   1.16473078e+05   2.95619902e+04
   2.91052402e+04   2.73384326e+03   3.04105156e+04   6.77586426e+03
   6.54118398e+04   2.89541675e+03   1.21659863e+03   1.11639438e+05
   1.69504471e+02   9.83851758e+03   3.83688428e+03   2.05382461e+04
   7.27801094e+04   2.30747144e+03   1.36244971e+04   1.25145584e+02
   3.56703415e+01   1.38526152e+04   2.87670488e+04   3.30892273e+02
   2.41546797e+04   1.33803674e+03   2.34560977e+04   3.02292938e+02
   3.69635124e+01   8.26305391e+04   7.32100879e+03   7.91725037e+02
   1.02696500e+05   3.23308655e+02   5.36550430e+04   1.17243398e+04
   3.57744219e+04   1.05427398e+05   1.00714685e+03   1.15810509e+02
   7.24052930e+03   1.04005750e+03   8.56178906e+04   7.64233398e+03
   3.43084102e+04   1.24781689e+04   9.96371680e+03   5.61289355e+03
   2.66814219e+04   1.34287064e+02   2.60114863e+04   7.35578125e+03
   7.46661865e+03   6.84380859e+03   1.55103912e+02   1.41983813e+03
   2.08302441e+04   7.88979736e+03   1.94212906e+02   2.54561016e+04
   8.76806934e+03   5.22246045e+03   2.62788672e+03   2.66713750e+04
   1.05184131e+03   1.07677307e+02   1.24902930e+03   3.49178772e+02
   1.09943125e+04   1.67827871e+04   2.51591738e+04   1.27529383e+05
   3.00784302e+02   2.17867950e+02   1.12062805e+03   1.45677139e+02
   2.65321178e+01   1.00898252e+04   2.16067773e+04   1.03657617e+05
   2.84077012e+04   1.41072139e+04   4.34079053e+03   2.84151001e+01
   9.05095387e+00   1.58734238e+02   6.15472949e+03   2.21478477e+04
   1.35117979e+04   3.31044312e+02   8.07569531e+04   3.18902109e+04
   4.27390918e+03   2.90565840e+04   4.16298477e+04   1.60631260e+04
   3.97405005e+03   5.11890820e+03   4.10399268e+03   7.28022109e+04
   1.08787867e+05   2.11691973e+04   5.35697930e+04   1.00025049e+04
   1.07064070e+05   6.24753662e+02   1.92473587e+02   8.82503125e+03
   7.21632812e+04   5.20778242e+04   1.13625957e+04   8.17961768e+03
   2.06938919e+02   1.46222009e+03   2.34078203e+04   1.83702480e+04
   1.68321738e+04   4.81424219e+03   1.93021704e+03   9.26914978e+00
   0.00000000e+00   4.43650977e+04   1.84198624e+02   1.22428779e+04
   1.90360608e+03   9.83519297e+04   4.89943994e+03   6.95014062e+04
   1.50703574e+04   0.00000000e+00   2.78660376e+03   1.29849129e+01
   1.12310925e+03   4.42643398e+04   9.55778732e+01   3.37399707e+03
   1.79929092e+02   1.52024062e+04   7.71637451e+02   1.61400381e+04
   1.51813564e+04   1.12566094e+05   2.22382324e+02   1.56661320e+01
   8.97479675e+02   4.55801807e+03   6.72080898e+00   3.64649561e+03
   1.72135117e+04   2.54261532e+01   3.78872046e+03   1.73594263e+03
   5.19907422e+04   8.68395996e+03   6.17420117e+04   0.00000000e+00
   7.30085938e+02   7.31948145e+03   6.25162852e+04   5.53128076e+03
   2.90059023e+04   2.39820663e+02   3.11801819e+02   0.00000000e+00
   1.25500869e+04   1.65478302e+02   1.90766547e+05   1.55018311e+03
   7.29913770e+03   8.55418848e+03   1.06480205e+04   6.26660156e+03
   5.78647314e+03   1.50617094e+05   1.54724941e+04   7.17806094e+04
   3.87567139e+03   1.33872284e+02   2.36561317e+01   3.82093594e+04
   2.95309229e+03   1.24436484e+05   2.40575000e+03   0.00000000e+00
   7.00286797e+04   1.24089554e+02   6.26727417e+02   1.66294922e+05]
[  1.31456582e+04   1.03710254e+04   4.13483398e+03   6.98981094e+00
   3.99687578e+04   1.51350355e+01   7.76792422e+04   2.72588887e+04
   1.04253672e+05   2.11075958e+02   4.43293304e+02   3.36027656e+04
   6.30033531e+01   1.21678086e+05   8.65063086e+03   3.03939590e+01
   1.92139783e+03   5.85747217e+03   2.36175977e+03   4.85169189e+03
   3.59484790e+03   3.58111035e+03   2.02596521e+03   1.25387592e+01
   1.31108246e+02   3.15060000e+04   1.30442627e+03   1.71445215e+04
   4.38542908e+02   7.45549255e+02   6.08706818e+01   8.02779541e+01
   3.77980444e+03   0.00000000e+00   1.92679993e+03   4.65085114e+02
   1.69491016e+03   4.93708992e+01   4.63728789e+04   3.55347015e+02
   1.42454336e+04   4.23709326e+03   2.80827713e+01   5.38172500e+04
   4.68954004e+03   4.09764282e+02   3.17006152e+03   2.13547900e+03
   5.79190735e+02   3.64799103e+02   8.04140869e+02   1.20099134e+01
   0.00000000e+00   1.73320547e+04   1.84082166e+03   1.25151201e+04
   1.12557002e+04   3.21122772e+02   1.26979944e+03   4.18755817e+00
   0.00000000e+00   2.01215186e+03   3.04895966e+02   2.86896509e+03
   4.21675964e+02   2.06746109e+02   1.14051016e+04   8.39408496e+03
   8.73349531e+04   2.26447769e+02   3.57256699e+01   3.18855840e+04
   1.10331278e+01   1.07690586e+04   4.85020599e+02   8.84172974e+02
   0.00000000e+00   6.46456055e+03   1.45656479e+02   1.80827039e+03
   2.21743115e+03   1.26674242e+05   5.91059961e+04   9.60858398e+03
   1.56426965e+03   2.22919350e+01   5.37192578e+03   1.00400488e+03
   3.79198120e+03   7.01884949e+02   1.50657832e+04   1.38928125e+04
   3.33315015e+03   0.00000000e+00   6.75585254e+03   1.62849747e+02
   9.48022583e+02   1.29335986e+04   7.22166797e+03   5.21409082e+03
   2.51692871e+03   4.93870215e+03   4.69501160e+02   8.09677184e-01
   8.79310669e+02   3.17636841e+03   5.56768203e+04   4.38950968e+00
   4.77029023e+04   1.01354703e+05   6.78233301e+03   1.46407947e+03
   7.47598755e+02   1.64033960e+03   6.74817344e+04   3.16307568e+03
   6.46988037e+02   6.54909119e+02   1.06332726e+02   2.19729630e+02
   1.00802010e+02   4.07240771e+03   1.51996448e+03   3.55070076e+01
   5.10331289e+04   4.76280136e+01   7.80194287e+03   8.57285522e+02
   6.79803619e+01   2.41294785e+04   3.18700958e+02   2.67834564e+02
   7.65060791e+02   2.18185000e+04   2.45375059e+04   2.64142284e+01
   3.31070435e+02   2.74859558e+02   2.66616543e+04   0.00000000e+00
   8.71000519e+01   3.34201385e+02   3.92237866e+03   9.54636108e+02
   3.31209644e+03   3.49755566e+03   3.31863501e+03   4.09105156e+04
   1.08238855e+03   1.19655381e+04   8.97373750e+04   5.48097510e+03
   2.73467617e+04   1.34366919e+03   1.56164139e+02   6.69504297e+04
   4.37429395e+03   4.14732188e+04   8.05718872e+02   5.42527100e+03
   5.20795312e+03   1.09465361e+04   0.00000000e+00   4.48669777e+01
   3.41689648e+04   1.50983594e+03   1.00518422e+05   5.34737158e+00
   8.49920508e+03   1.18421367e+04   2.65804346e+03   4.40676025e+03
   7.47666875e+04   1.13512939e+04   1.80646667e+01   2.94012299e+02
   4.88971533e+03   1.58173184e+04   8.30027954e+02   5.76736511e+02
   9.00502109e+04   6.63263855e+02   1.50877563e+03   0.00000000e+00
   2.01312910e+04   7.93540781e+04   6.08267879e+00   1.64405933e+03
   5.08519516e+01   1.00240664e+05   3.69084448e+03   2.00892014e+02
   1.37543545e+01   1.33783000e+05   8.65915430e+03   3.63306592e+03
   4.89207230e+01   2.80576172e+04   5.28836060e+02   3.54884570e+04
   1.95037891e+04   4.43739410e+02   0.00000000e+00   8.38657913e+01
   2.60338828e+04   1.07491858e+03   5.86461639e+01   4.62503613e+03
   1.32133270e+02   6.17088818e+03   4.58394873e+03   1.34254199e+03
   5.45345703e+03   1.03392061e+04   6.72170156e+04   8.72237812e+04
   3.99213242e+04   3.39704529e+02   3.04323914e+02   6.02171133e+04
   9.70114746e+03   2.82983398e+01   5.20821484e+03   5.18528076e+02
   1.41238467e+04   3.33030968e+01   5.04939648e+03   6.86781172e+04
   1.98666858e+03   7.62055908e+03   5.36889414e+04   2.16673141e+02
   1.92558777e+03   4.62291553e+03   3.53317237e+00   1.28585203e+05
   9.77605547e+04   9.82411035e+03   7.67227364e+00   1.42190018e+02
   1.61168384e+03   3.39211084e+03   5.30344910e+02   1.21524316e+03
   1.03437109e+04   5.58492480e+03   0.00000000e+00   8.80543906e+04
   3.22243576e+01   2.34784393e+02   4.23791357e+03   3.57757530e+01
   1.62280830e+04   3.87341042e+01   1.17208586e+01   3.67463623e+02
   5.67588623e+02   9.35808044e+02   1.32887803e+04   1.03094404e+04
   7.63598096e+03   1.15889331e+03   1.18314819e+03   1.06058557e+03
   1.12511255e+03   1.51651562e+04   1.69870789e+02   1.02840771e+04
   6.21198975e+03   1.26804570e+04   4.75918732e+02   1.09072449e+03
   7.97933731e+01   4.23227234e+02   2.42875624e+00   2.57354279e+01
   2.12977461e+04   0.00000000e+00   1.94911670e+03   3.25937285e+04
   1.05154551e+04   2.00618698e+02   2.40710059e+04   0.00000000e+00
   5.55268631e+01   9.38604199e+03   1.45237265e+01   5.41600547e+04
   2.95393158e+02   1.21213574e+03   2.49603516e+02   4.84134766e+03
   1.02890969e+05   1.05041592e+04   6.19466309e+03   7.12843652e+03
   5.45909492e+04   1.41650024e+03   9.46983414e+01   2.21765454e+03
   6.00006409e+01   2.75742212e+03   3.04111348e+04   3.16505718e+00
   4.08145093e+03   1.22169746e+04   2.85973584e+03   8.46213750e+04
   1.42530005e+03   1.44327423e+02   3.09652557e+02   5.79396387e+03
   6.33789141e+04   1.41258535e+01   7.91313477e+02   2.68226532e+02
   9.24044688e+04   1.43892403e+01   1.82145035e+02   1.79959763e+02
   5.42443604e+02   2.99874863e+04   7.52196631e+03   6.09906680e+04
   1.16985023e+05   1.08762012e+03   4.18112842e+03   2.05987715e+04
   1.34169266e+02   1.95767879e+01   7.84504375e+04   2.02275332e+04
   1.10493515e+02   1.67867432e+03   2.99449512e+04   6.05647559e+03
   5.48453236e+00   1.50603936e+04   1.23060022e+03   1.53079880e+02
   1.90294922e+04   3.52369116e+03   3.70534253e+03   7.69310781e+04
   4.14715149e+02   5.13364990e+03   1.40108374e+03   3.16616543e+04
   6.59487812e+04   9.84555847e+02   7.24543152e+01   1.23169629e+04
   5.32069824e+02   5.26208398e+03   1.06601414e+05   3.81392656e+04
   1.37999768e+03   2.80480865e+02   1.76383164e+04   2.82313156e+01
   5.74615918e+03   1.56922900e+03   6.57463503e+00   3.99547958e+01
   1.67609512e+04   6.80333359e+04   1.91179004e+03   2.24585234e+04
   1.22244995e+02   7.11879297e+04   8.01039696e+00   5.84222803e+03
   4.74491797e+03   1.11938422e+05   5.52588806e+02   2.03626050e+03
   1.94852097e+02   2.17846848e+02   3.30161377e+03   2.07734629e+04
   6.08531787e+03   5.67983838e+03   1.44816315e+02   2.16726147e+03
   6.02054199e+02   5.25604844e+04   3.15058242e+04   7.59464453e+03
   8.47367656e+04   2.52068652e+03   7.61262596e-01   4.55397148e+01
   7.80345068e+03   1.01538721e+04   1.10970117e+03   5.50413818e+03
   3.72044897e+03   3.18711357e+01   1.28368958e+02   9.22373230e+02
   1.14990593e+02   4.07040015e+03   2.08166348e+04   9.81974609e+03
   9.50693359e+03   1.56974959e+00   1.15903383e+05   7.98421570e+02
   8.69275684e+03   1.52176456e+01   2.62220078e+04   2.20633072e+02
   2.54273535e+03   4.30017627e+03   3.97327728e+01   0.00000000e+00
   2.83790466e+02   1.88386414e+03   7.80672705e+03   7.41932922e+02
   7.44339661e+02   9.80943970e+02   3.67305725e+02   1.06296299e+04
   8.02042627e+03   6.37257344e+04   3.89632477e+02   6.38848662e-01
   6.20932520e+03   3.47597847e+01   5.81325781e+03   3.10889492e+04
   3.01166718e+02   4.85185486e+02   3.54995667e+02   1.41599988e+03
   5.05113037e+03   8.75279175e+02   7.01512500e+04   5.89867529e+03
   2.66432812e+04   7.52778687e+02   4.34692090e+03   3.50757886e+03
   9.29225159e+00   5.13370605e+02   9.56736035e+03   8.18956665e+02
   1.49223718e+03   5.26170502e+01   0.00000000e+00   1.52145337e+03
   0.00000000e+00   3.16607070e+00   1.38783467e+04   0.00000000e+00
   1.30934250e+00   4.24434863e+03   0.00000000e+00   7.68209595e+02
   3.28222705e+03   1.08191394e+03   8.76241602e+03   5.95381653e+02
   9.41467969e+04   2.65321211e+04   8.57543945e+01   2.19816187e+03
   1.24024734e+02   2.27794316e+04   3.57453008e+04   2.41622009e+02
   2.68439850e+02   1.21244774e+02   1.11483191e+03   8.94986914e+03
   2.71898462e+03   2.02958542e+02   1.16631152e+03   8.23183899e+01
   1.60278232e+04   9.59340820e+03   1.50469653e+03   3.42195435e+01
   1.04457129e+03   1.38755725e+03   3.86207617e+04   4.56816006e+00
   2.63330420e+03   4.31567200e+02   1.25888852e+05   1.30325332e+04
   1.43677322e+02   8.70999832e+01   5.43459606e+00   8.54972266e+03
   9.73555847e+02   3.83984299e+01   8.62467529e+02   1.02845195e+04
   4.20563135e+03   5.03609863e+03   1.84137306e+01   3.01039124e+02
   1.33856409e+03   1.09096031e+05   1.76967697e+02   5.97875671e+02
   0.00000000e+00   2.35895312e+04   1.43577627e+04   4.79278516e+03]
[  3.20061371e+02   2.85436152e+04   1.40914441e+03   1.79916418e+03
   3.23399707e+03   3.18403008e+04   1.76221252e+02   8.73213672e+03
   9.19747656e+03   3.74994492e+04   8.21675903e+02   1.45466156e+02
   4.34841992e+03   3.02827969e+04   2.90952051e+03   3.99957184e+02
   2.38144531e+03   5.63409180e+03   7.92702344e+04   5.95955750e+02
   2.94835949e+00   3.56865186e+03   9.55038452e+01   2.54867310e+03
   1.97965137e+04   2.79971352e+01   9.27829004e+03   1.29068985e+02
   1.54179602e+03   3.23444067e+03   1.41732190e+03   2.66383228e+03
   2.98850122e+03   2.16813296e-01   4.61688428e+03   5.75756302e+01
   8.88631165e+02   9.76329375e+04   1.67240918e+00   9.50933203e+03
   4.84591699e+03   1.21327515e+02   4.93003416e+00   5.79483276e+02
   9.55792090e+03   1.64178543e+02   8.07556104e+03   1.55882109e+04
   1.20916907e+03   1.33967056e+02   9.54500977e+02   3.88035522e+02
   1.33167313e+02   2.39894863e+04   1.55054297e+04   6.00055820e+04
   1.97916763e+02   1.95414727e+04   5.75864067e+01   7.49677734e+03
   4.58326758e+03   1.00980792e+03   1.75266724e+03   4.94600586e+02
   5.76840527e+03   1.01617363e+02   7.53076904e+02   6.61591415e+01
   5.32780823e+02   6.91622591e+00   1.53464453e+03   2.09203691e+04
   5.54926758e+04   4.00146980e+01   3.11456699e+04   1.21364460e+01
   2.73068024e+02   4.54813782e+02   1.03353479e+03   2.58385195e+04
   4.45472168e+02   4.61737812e+04   2.74854375e+04   1.43554355e+04
   9.43432812e+04   2.39527756e+02   2.94411694e+03   1.16324668e+04
   1.08651514e+04   4.46809062e+04   2.07657852e+01   7.63044629e+03
   6.94642305e+00   9.53973242e+03   1.00862762e+03   8.86937207e+03
   1.80453574e+04   1.21980764e-01   2.91115098e+04   1.63531738e+03
   1.26335745e+01   2.15112305e+03   1.05856552e+02   3.94026440e+03
   7.18192005e+00   9.67761421e+00   1.60765649e+03   4.01215430e+04
   1.30640612e+01   3.17549492e+04   8.23296387e+02   5.59208789e+04
   3.28599170e+03   8.76389542e+01   1.20992441e+01   8.00038513e+02
   5.57019226e+02   2.13686660e+04   5.46089355e+02   1.56302309e+01
   3.53641129e+01   1.66430920e+03   7.16321484e+03   1.19425085e+03
   1.02655286e+03   1.31677041e+04   1.83728210e+02   7.78800678e+00
   2.34503723e+02   2.01123718e+02   2.06160469e+04   1.09758911e+03
   3.79092468e+02   4.00746021e+03   1.25318445e+03   6.13029785e+03
   6.95245000e+04   0.00000000e+00   3.50310669e+02   2.97200050e+01
   1.58180618e+00   3.23329651e+02   1.06358130e+03   2.84101715e+02
   4.18856140e+02   3.27942871e+03   5.33681299e+03   0.00000000e+00
   9.08742523e+01   8.19857891e+04   1.10747803e+02   1.02201624e+03
   5.74635254e+02   9.62677637e+03   1.33189575e+03   1.98267500e+04
   2.67589359e+01   6.93809204e+02   1.09833228e+03   7.88403906e+03
   1.84899368e+02   8.07226746e+02   6.68158081e+02   1.58842590e+02
   7.38873359e+04   4.53557396e+00   1.66770752e+02   8.03527954e+02
   6.65372021e+03   1.44026211e+04   7.16013861e+00   6.22969666e+01
   9.60168750e+03   4.00566406e+02   6.74100494e+01   3.14402661e+03
   8.16421094e+04   5.19012512e+02   4.61307109e+04   3.93257495e+03
   2.03895430e+04   2.80605820e+04   1.03637714e+01   4.59342871e+03
   1.32026233e+03   0.00000000e+00   5.69692188e+03   4.32406104e+03
   8.10544891e+01   2.29942581e+02   1.77386032e+02   1.30222031e+02
   2.34692603e+03   1.05733203e+04   1.10358997e+03   1.11295195e+04
   2.09901416e+03   1.00377094e+03   2.24542427e+01   4.77905176e+03
   7.02542627e+03   8.01183350e+02   2.87888580e+02   2.19454363e-01
   7.47428857e+03   2.10922928e+02   3.53450171e+03   2.61836133e+03
   9.54488281e+03   1.01748984e+05   2.25750305e+02   1.16012561e+03
   3.85061157e+03   1.35230332e+04   4.27512550e+01   2.41757129e+04
   9.67190078e+04   9.93692322e+01   1.89570374e+02   1.14379121e+04
   1.27311162e+04   4.59237885e+02   1.37971985e+02   4.53245996e+03
   7.37867798e+02   4.52534142e+01   6.93135681e+02   2.32511978e+02
   1.86348083e+03   1.34814346e+02   2.01740112e+02   1.54163284e+01
   1.47206372e+03   3.32315674e+01   1.85784195e+02   1.12853966e+02
   1.07485059e+03   1.56710281e+02   2.75207397e+03   2.86338538e-01
   2.36981583e+00   1.47991898e+02   2.23330688e+03   2.47100527e+04
   4.85830977e+04   9.75287207e+03   2.40297333e+02   2.31262256e+03
   4.22411499e+01   4.84472217e+03   1.72305139e+03   3.84117355e+01
   1.02881396e+04   1.67239746e+03   2.89428635e+01   3.98441963e+01
   3.78981079e+03   8.28809967e+01   1.29773279e+03   7.60718231e+01
   3.90962280e+02   1.13998901e+03   7.93320557e+02   1.10907526e+01
   5.23510742e+04   1.53385547e+03   3.94313984e+04   3.68166992e+03
   2.34223413e+03   2.39718914e+01   5.84319267e+01   3.21181055e+03
   1.70916534e+02   7.29521751e+00   3.74550000e+04   1.24917102e+03
   4.51619843e+02   1.52968542e+03   4.45572021e+03   6.72091553e+03
   4.93592072e+02   4.32718109e+02   4.15864471e+02   1.03055641e+05
   2.69522632e+03   2.58381030e+03   1.44651660e+04   1.86675522e+02
   1.15019482e+03   1.27676729e+04   3.32225073e+03   2.04975146e+03
   1.21207705e+04   2.48967188e+03   2.92678070e+01   1.41005884e+03
   4.81381494e+03   1.28770044e+03   1.02207314e+04   1.02937489e+01
   4.89267921e+00   7.54655762e+02   1.47231689e+04   6.59964676e+01
   1.94026309e+04   9.40647031e+04   1.46332324e+03   4.81153809e+02
   2.57510938e+03   6.58917529e+03   6.21964157e-01   1.74190100e+03
   0.00000000e+00   4.08343115e+03   2.31306030e+03   1.31256768e+04
   3.58550659e+02   8.82874512e+03   1.48187134e+02   9.56485840e+03
   4.55182275e+03   6.18436758e+04   1.33840710e+03   4.44822227e+04
   3.53857239e+02   1.89850916e+03   4.40443506e+03   5.80082153e+02
   1.24537793e+03   5.52304321e+02   6.06881836e+03   2.73675854e+03
   1.15647101e+00   2.25884937e+03   4.37305984e+01   3.54241602e+03
   1.38689362e+02   8.25608008e+03   1.09827588e+03   4.04087188e+04
   3.11146094e+04   1.10645813e+03   7.31429749e+02   1.63784134e+02
   1.15232286e+01   5.30712585e+02   2.43198340e+04   1.10509009e+03
   6.36658252e+03   1.46841045e+04   3.29632520e+03   7.66344375e+04
   6.30360413e+02   4.09443384e+03   2.23535156e+03   8.64839935e+01
   3.41242070e+04   3.38021704e+03   2.14114258e+04   4.29639053e+01
   8.12694141e+04   5.70351807e+02   4.18768164e+04   7.49610413e+02
   1.01915098e+04   3.12526031e+02   1.70135288e+01   5.35876709e+03
   2.95443634e+02   2.17506885e+03   2.19180161e+02   2.31178369e+03
   4.17832764e+02   8.00256396e+03   3.10446228e+02   1.34097391e+05
   2.15679961e+04   7.06805359e+02   3.91033813e+03   2.88502661e+03
   3.57185852e+02   1.92953031e+05   4.78412451e+03   2.68527374e+02
   4.44424133e+02   1.12746611e+04   6.54933228e+02   6.38886929e+00
   2.66026074e+03   2.41968579e+03   8.16575234e+04   5.85012744e+03
   1.75420032e+03   4.93185586e+04   6.80897266e+04   7.63441345e+02
   1.85414841e+02   8.61998145e+03   5.21883154e+03   7.60543896e+03
   1.15850049e+03   1.28762275e+04   6.60101746e+02   2.79113501e+03
   1.58370712e+02   1.93505742e+04   2.40746780e+02   8.12860046e+02
   8.05613220e+02   7.62864990e+03   1.23233569e+03   7.11154248e+03
   1.25041689e+04   7.82322449e+02   1.65893420e+03   4.03804153e-01
   3.79259839e+03   3.40910187e+02   0.00000000e+00   1.73938647e+03
   1.15014755e+02   1.96228066e+04   1.35624951e+04   9.59447479e+00
   1.06495471e+03   3.69292969e+03   1.67011609e+03   5.78698181e+02
   3.84143774e+03   1.25417236e+04   5.38083906e+04   6.33766296e+02
   1.77571270e+04   4.99600800e+02   1.45427046e+01   2.59630798e+02
   4.84591736e+02   3.40612297e+01   4.97407070e+04   7.24039030e+00
   3.00683727e+01   8.76080399e+01   4.53388245e+02   0.00000000e+00
   1.57831421e+01   3.01633047e+04   8.53276245e+02   1.69130615e+02
   1.06385522e+03   2.31357051e+04   1.27767624e+02   8.34543030e+02
   2.07870903e+01   1.83093078e+05   4.05827344e+04   5.12095356e+00
   5.82495215e+03   2.09551484e+04   1.20247148e+04   2.08263770e+04
   1.59182158e+04   2.03492969e+04   1.07970322e+04   1.31362817e+03
   2.41478164e+04   2.15085913e+03   1.02097949e+03   1.83179779e+02
   6.72245117e+02   3.89383667e+02   1.52190762e+04   1.91196895e+04
   1.82846094e+04   1.30914463e+04   1.24039990e+03   8.43772202e+01
   8.98170959e+02   1.14788330e+03   9.83315674e+02   1.66874512e+04
   2.52089136e+03   8.96138489e+02   2.52300488e+04   4.37549973e+01
   0.00000000e+00   0.00000000e+00   9.19826465e+03   2.73170013e+02
   1.86649451e+03   8.98414941e+03   6.19752422e+04   1.88563945e+04
   1.90303672e+04   3.03290894e+03   7.28994690e+02   9.32508118e+02
   3.40446167e+03   2.34701309e+01   2.08243481e+03   4.10467041e+03
   2.73526133e+04   3.63809844e+04   2.64599190e+01   2.33524536e+03
   1.40839463e+04   4.53974102e+04   1.08065147e+02   1.05281319e+02
   3.45495270e+02   1.94941368e+01   5.41070032e+00   1.68008379e+04]
[  3.22007568e+02   1.03181782e+01   7.07155943e+00   1.09773857e+04
   8.09868698e+01   1.27150679e+01   4.56967688e+00   6.49467278e+00
   1.42598083e+02   2.09097824e+02   3.63316841e+01   3.26530121e+02
   3.42992973e+00   1.10454683e+01   4.43306828e+00   3.04163340e-02
   0.00000000e+00   7.31955566e+02   0.00000000e+00   0.00000000e+00
   1.27745514e+02   1.99817402e+04   8.23816992e+03   1.96742706e+02
   1.44612703e+01   6.66688904e-02   0.00000000e+00   9.78810059e+02
   6.56017517e+02   7.93969849e+02   7.78925195e+03   1.24216711e+03
   1.30466125e+03   1.22019356e+02   0.00000000e+00   1.30715601e+03
   6.16338730e+00   1.13666689e+04   1.40465942e+03   2.59591797e+03
   9.14042969e+03   1.25235504e+02   3.28978467e+03   2.94266162e+03
   2.45506003e-01   1.75208008e+00   2.76539624e+03   4.97923374e+00
   1.08947058e+01   1.90398636e+01   2.84193668e+01   2.88914478e+03
   0.00000000e+00   7.97442932e+01   1.81415802e+02   4.71554899e+00
   5.43330322e+03   2.23360474e+02   0.00000000e+00   1.96715820e+02
   4.12738556e+02   3.75032616e+01   6.29345894e-01   1.29927393e+03
   4.20727768e+01   2.37895630e+03   5.91382561e+01   1.66037166e+00
   6.47412964e+02   2.77406982e+03   1.24566071e+02   1.33553177e+02
   5.57315865e+01   2.58410675e+02   1.64578228e+01   2.75104834e+03
   2.49830551e+01   2.15880542e+03   2.64957981e+01   2.72639526e+02
   0.00000000e+00   2.06015873e+01   2.72783051e+02   2.23544214e+03
   2.57267914e+02   4.37577553e+01   9.56345463e+00   6.56862831e+00
   2.00918887e+04   2.80918182e+02   1.43062188e+04   1.81853668e+02
   1.69532246e+04   5.60578003e+02   0.00000000e+00   8.62177246e+02
   1.23079355e+04   3.05809331e+00   2.22892358e+03   7.22077713e+01
   1.62074597e+03   9.71235657e+01   5.47885847e+00   0.00000000e+00
   2.79219312e+03   1.70045569e+03   0.00000000e+00   3.28463715e+02
   1.54265909e+01   0.00000000e+00   3.66572833e+00   3.57210205e+02
   5.15196338e+03   7.33016748e+03   1.79635239e+01   0.00000000e+00
   8.25753479e+02   7.37898621e+02   3.52654305e+01   3.07476990e+02
   0.00000000e+00   6.80178833e+02   6.11346848e-02   2.21987286e+01
   6.13588381e+00   7.74943709e-01   1.44544401e+01   2.91459942e+00
   4.37174339e+01   1.51053369e+03   5.15873413e+02   8.33379761e+02
   0.00000000e+00   7.77678375e+01   1.07438867e+03   1.35274704e+02
   9.05061426e+03   2.15627548e+02   3.20094818e+02   8.07886581e+01
   3.68141968e+03   7.32976303e+01   2.50767776e+02   3.71681812e+03
   3.29347849e+00   0.00000000e+00   6.54559784e+01   3.71366549e+00
   4.51480818e+00   9.56614399e+00   7.74271548e-01   7.68745804e+01
   6.30197334e+01   2.20834045e+01   5.44485397e+01   4.28678465e+00
   9.82350159e+02   1.83052521e+02   8.73566389e-01   1.08141815e+02
   3.15409546e+02   3.38404884e+01   1.54023359e+04   1.07595752e+03
   3.32337915e+03   1.05189209e+04   0.00000000e+00   3.77529590e+03
   7.27645508e+02   5.74117188e+03   2.00024068e-01   2.09855859e+03
   7.03440781e+01   1.46841724e+03   4.14268379e+01   1.17078800e+01
   7.55693741e+01   7.44760370e+00   6.02907562e+01   0.00000000e+00
   3.93569183e+00   2.20003931e+03   0.00000000e+00   2.24748438e+03
   2.94250641e+02   6.29579102e+03   5.24198036e+01   2.05647980e+02
   5.02554102e+03   3.92663116e+02   2.83914013e+01   0.00000000e+00
   2.71912109e+03   1.01443054e+03   4.07941803e+02   4.23104858e+02
   3.21552620e+01   2.55884448e+03   6.14353271e+03   9.41184961e+03
   2.26318130e+01   1.60343545e+04   5.45971603e+01   7.47200489e+00
   2.76617279e+02   2.94515057e+01   1.51818506e+03   8.99556213e+02
   0.00000000e+00   2.69346265e+03   6.91982324e+03   5.51272705e+02
   0.00000000e+00   9.40746009e-01   1.49884018e+02   5.66486475e+03
   1.87350891e+02   2.75715256e+01   1.72940628e+02   3.08315182e+01
   1.41611298e+02   1.60207870e+02   3.22028351e+02   1.71426082e+00
   7.66145215e+03   8.66207910e+03   3.30536890e+00   5.80612707e+00
   1.28531361e+00   1.29504553e+03   1.21750732e+02   5.88081421e+02
   2.68132416e+02   9.33083191e+02   1.47963867e+03   3.34433403e+01
   1.43324997e+02   6.18964404e+03   0.00000000e+00   2.33601196e+03
   0.00000000e+00   1.39206758e+04   2.94973297e+02   3.19341850e+00
   0.00000000e+00   3.63719513e+02   8.84915820e+03   0.00000000e+00
   1.13368189e+00   5.84436150e+01   1.24857061e+04   1.37756592e+02
   8.19188118e-01   3.08384552e+02   4.92680016e+01   1.66104407e+03
   1.28522925e+03   1.15777330e+01   1.02100735e+01   9.18410449e+03
   3.17421589e+01   6.60242996e+01   0.00000000e+00   0.00000000e+00
   2.09928632e+00   0.00000000e+00   4.06716675e-01   2.75452417e+03
   2.23849512e+03   1.87620735e+01   4.08779097e+00   3.15780054e+03
   3.75840974e+00   1.57598877e+04   8.00959082e+03   4.43356171e+01
   5.58851758e+03   3.85371666e+01   2.93675632e+01   4.22320700e+00
   3.90662804e+01   4.47564056e+02   1.41628828e+04   5.69388306e+02
   1.73341713e+01   2.57469971e+02   1.71500293e+03   3.52103149e+02
   1.47936797e+00   9.72671890e+00   3.45754280e+01   1.88130139e+03
   2.67759131e+03   3.25877014e+02   0.00000000e+00   0.00000000e+00
   1.76254562e+02   1.74718155e+02   1.67082405e+00   4.53813896e+01
   6.39759155e+02   7.16094971e+02   1.01904365e+04   0.00000000e+00
   5.32362488e+02   1.09692253e-02   9.28637543e+01   4.98400539e-01
   1.39374756e+04   0.00000000e+00   1.12133047e+04   1.01917191e+01
   2.44696121e+01   0.00000000e+00   7.93547213e-01   8.53474219e+03
   4.25666406e+03   6.76532617e+03   2.00579456e+03   4.44696655e+01
   1.61808752e+03   1.29383354e+01   2.72920942e+00   2.89121399e+02
   6.32507446e+02   0.00000000e+00   4.05084610e+00   6.94128189e+01
   4.04330505e+02   2.43647900e+01   7.91481352e+00   5.83483838e+03
   1.42256870e+01   5.86995239e+02   6.00317810e+02   4.39295264e+03
   1.27498096e+03   3.86871338e+03   5.85314453e+03   5.51191406e+01
   2.10179663e+03   1.86915979e-01   1.93952286e+02   2.79465942e+01
   2.15043164e+03   7.21632099e+00   4.25036230e+03   9.86697388e+01
   2.20361182e+03   1.12309790e+00   1.72932491e+01   1.36956024e+00
   7.69543115e+03   1.49441080e+01   0.00000000e+00   2.66619415e+02
   9.33493457e+03   6.55849268e+03   5.43947510e+03   1.05010128e+01
   1.53324757e+01   3.07420635e+00   2.00811661e+02   4.80781372e+02
   5.26484741e+02   5.20336304e+01   0.00000000e+00   3.71922546e+02
   3.41310303e+02   0.00000000e+00   3.53690308e+02   6.67007080e+03
   1.68900894e+02   2.23851440e+02   3.88893700e+01   3.32814751e+01
   2.07906914e+00   0.00000000e+00   4.87582893e+01   1.56558609e+02
   1.47364578e+02   1.51254941e+04   7.45108700e+00   8.03151465e+03
   9.67910278e+02   4.25077344e+03   1.71843677e+03   1.50797729e+02
   2.55012573e+03   8.87906372e+02   8.97346863e+02   8.74899960e+00
   4.46938744e+01   4.75116611e-01   1.82020325e+02   1.13638802e+01
   0.00000000e+00   1.05702209e+01   3.44342773e+02   4.87447174e+02
   2.94489105e+02   1.40702759e+03   6.39004102e+03   1.34357666e+02
   1.96135803e+02   3.07058430e+01   1.12016922e+02   1.99856758e+01
   5.97813606e+00   1.26628135e+04   1.08456039e+01   2.34459324e+01
   1.64736538e+01   9.15503967e+02   4.73747803e+03   2.76387054e+02
   1.15380693e+04   3.72658752e+02   3.25862557e-01   4.91044484e-02
   1.64198047e+04   9.01669250e+02   9.63649979e+01   2.58623528e+00
   1.08796765e+03   2.91866425e+02   4.73199940e+00   7.44682465e+01
   7.89446354e+00   1.95685071e+03   3.56444434e+03   2.61459274e+01
   2.30963547e+02   3.81663843e+03   1.61772302e+03   4.95629082e+01
   1.77751601e+00   1.83157471e+03   1.34897217e+04   4.69463654e+01
   1.12672482e+01   2.59820614e+01   9.67505035e+01   2.20262436e+02
   2.50510895e+02   8.30987854e+01   9.87642188e+03   9.04027832e+03
   1.25594355e+04   1.96558082e+00   1.14141418e+02   1.57371307e+02
   3.91047900e+03   0.00000000e+00   1.83602344e+03   1.11259497e+03
   6.13055344e+01   1.55341211e+04   4.70864410e+01   2.63967725e+03
   0.00000000e+00   3.48630249e+02   4.03239155e+00   8.64812012e+01
   6.29049365e+03   2.52444820e+01   1.43280594e+02   1.15846148e+01
   1.28533852e+00   5.71965332e+02   5.15926758e+02   1.10567226e+01
   4.01514771e+02   7.74578662e+03   0.00000000e+00   2.87456909e+03
   3.63191620e+02   4.64892761e+02   7.54020020e+03   4.41749115e+02
   8.39107324e+03   5.86407166e+02   1.49922821e+02   9.56191483e+01
   2.79293610e+02   6.91344849e+02   8.60945358e+01   8.82979492e+03
   2.75182838e+01   3.04266396e+01   1.23062439e+01   6.18727881e+03
   1.00745331e+03   2.13631268e+01   8.77808838e+01   0.00000000e+00
   1.46362817e+03   6.08344971e+02   8.06382080e+02   7.59815576e+03
   2.56857357e+01   3.99216034e+02   3.09457617e+03   7.15656152e+03
   7.04702258e-01   4.65856104e+03   7.99917889e+00   2.16540512e+02
   0.00000000e+00   1.07565283e+04   2.20906806e+00   9.46823044e+01]
[  3.33112373e+01   5.37034851e+02   1.21816544e+02   2.55331253e+02
   3.23304810e+02   2.02544714e+03   7.25466156e+01   4.44905212e+02
   4.93227806e+01   4.09221420e+01   1.95145020e+03   1.97537415e+03
   7.23681445e+03   2.83741028e+02   5.09668262e+03   4.98052788e+01
   0.00000000e+00   3.52018463e+02   1.71787061e+03   7.94257446e+02
   2.13057053e+02   2.64988937e+01   6.60287061e+03   2.11155807e+02
   2.65164917e+02   4.22738419e+01   3.78957710e+01   7.53256083e+00
   4.27986279e+03   5.42136097e+00   9.98697400e-01   2.84473969e+02
   7.42852197e+03   5.72552986e+01   9.79982948e+00   2.20764722e+03
   5.08458838e+03   5.89808846e+00   1.87560415e+00   2.28287622e+03
   8.56120410e+03   6.46534851e+02   4.43076658e+00   2.32164636e-01
   6.26286221e+00   1.22812634e+03   4.17572314e+03   4.06051788e+01
   5.69859743e+00   2.82443142e+01   9.75353012e+01   6.57859802e+01
   3.02953882e+03   6.51232056e+02   1.31969885e+03   6.26465771e+03
   4.07805592e-01   2.88696146e+00   2.53484253e+03   7.13135449e+03
   2.47848462e+03   6.72799866e+02   9.41713086e+03   2.38895321e+00
   6.47050524e+00   6.01878174e+02   1.74358154e+02   9.37145233e+01
   8.98057747e+00   2.12635327e+03   2.84137720e+03   4.02801086e+02
   4.14978729e+02   1.58637024e+02   1.51475555e+02   1.31494080e+03
   1.37927719e+02   8.11037231e+02   4.13640820e+03   5.24808025e+00
   4.78821793e+01   1.02502274e+02   2.69906055e+03   2.97087803e+01
   1.20032495e+03   3.76735938e+03   1.86680649e+02   1.14242691e+02
   8.10066064e+03   4.93637756e+02   2.27345383e+02   2.64692932e+02
   0.00000000e+00   3.53751172e+03   3.22927551e+01   3.53432693e+01
   4.48038391e+02   3.64740894e+03   1.85481262e+02   2.98268986e+01
   6.44093018e+01   1.60909836e+02   4.38136368e+01   2.35462418e+02
   3.33647705e+03   1.64222193e+00   2.24052872e+02   1.00651885e+04
   5.16834619e+03   1.94702744e+02   4.33141174e+02   6.83688641e+00
   1.81249939e+03   3.02297607e+03   5.38291992e+02   6.55396700e-01
   1.01327576e+02   4.81448555e+01   3.29527124e+03   2.25272942e+01
   8.90316391e+01   3.61673169e+03   0.00000000e+00   7.50236320e+00
   9.09031677e+01   5.22602478e+02   3.34877747e+02   2.09073257e+02
   5.32713916e+03   1.34641147e+00   2.08824707e+02   2.69196509e+03
   2.31120605e+03   3.79887438e+00   7.87401514e+03   6.46971817e+01
   4.95382919e+01   4.68348846e+02   9.89764938e+01   1.52503748e+01
   4.16929297e+03   0.00000000e+00   8.57534851e+02   7.23456421e+01
   4.79108032e+02   1.18432579e+01   1.46927327e-01   1.39910765e+01
   4.95658517e-01   2.00063782e+02   4.95102108e-01   2.07191846e+03
   4.98296997e+02   3.72749707e+03   2.09157211e+02   6.41981934e+02
   1.80434814e+03   7.24601626e-01   2.49717505e+03   3.94771088e+02
   1.60918762e+03   3.79020923e+03   5.02869272e+00   4.85831146e+02
   5.15174561e+03   1.48332971e+03   2.34378098e+02   5.89850121e+01
   1.79998894e+01   1.94778638e+03   5.81651978e+02   7.20784903e-01
   5.78506042e+02   0.00000000e+00   9.98092747e+00   8.99685860e+00
   0.00000000e+00   4.74986133e+03   8.65796326e+02   9.32947731e+00
   2.16090729e+02   2.60075874e+01   6.64102364e+00   1.18574387e+02
   2.96961206e+03   1.78783104e-01   5.49497299e+01   1.02635451e-01
   9.90626450e+01   9.43322659e+00   3.05404911e+01   5.84539299e+01
   5.74144897e+01   4.42785919e+02   7.26885681e+02   7.15928406e+02
   3.27726166e+02   7.87692947e+01   5.78453407e+01   1.45491991e+01
   1.16884031e+01   3.87132690e+02   1.60441279e+00   2.18481216e+01
   1.06155357e+02   1.85101833e+01   3.59373550e+01   1.89815414e+02
   1.15862679e+02   4.23970070e+01   5.19255273e+03   2.42953293e+02
   1.59229028e+00   9.11071450e-02   1.56959717e+02   5.26014633e+01
   1.63562546e+02   1.03531519e+03   2.94877258e+02   9.06190643e+01
   2.00855835e+02   1.64922156e+03   5.34049339e+01   1.71224316e+03
   7.58791580e+01   6.09175758e+01   3.57064453e+03   2.67786072e+02
   4.58172168e+03   6.04571338e+03   3.88924316e+03   7.50650940e+01
   0.00000000e+00   2.08448502e+02   2.48855667e+02   2.24143457e+03
   2.60978174e+03   1.90120449e+01   4.73378076e+03   1.39800854e+03
   6.74127731e+01   3.96632233e+01   6.32006470e+02   0.00000000e+00
   9.65864441e+02   1.43625037e+03   5.01487915e+02   0.00000000e+00
   4.35336670e+02   7.42717981e+00   0.00000000e+00   8.79446533e+02
   3.10429395e+03   2.22101378e+00   5.27428865e+00   6.59757178e+03
   1.33956981e+00   3.35677246e+02   1.09610138e+02   7.36082077e+01
   4.26226611e+03   0.00000000e+00   7.49043115e+03   7.54086838e+01
   7.15291367e+01   4.87736603e+02   8.72597351e+02   9.97043945e+02
   4.35035362e+01   1.18769263e+03   2.18776276e+02   8.18187195e+02
   6.10143375e+00   1.33373523e+00   6.71572418e+01   3.71580315e+01
   4.72544708e+01   2.64027069e+02   8.68479065e+02   2.32501147e+03
   3.56728821e+01   1.08188877e+01   2.91541211e+03   2.17778816e+01
   2.00483346e+00   2.96112988e+03   3.21327057e+02   2.13340148e-01
   6.07838037e+03   4.38775978e+01   4.84583626e+01   0.00000000e+00
   1.45911243e+03   5.09460632e+02   7.44959277e+03   1.44815170e+02
   1.31423450e+03   5.92395325e+02   7.50034332e+01   3.66966309e+02
   5.90531006e+03   2.03789966e+03   5.53128910e+00   3.89182549e+01
   4.91023828e+03   3.84202271e+03   8.20967773e+03   8.01509460e+02
   2.90478325e+00   7.99812988e+02   8.11884888e+02   4.09445007e+02
   6.31542540e+00   4.28044548e+01   2.72801266e+01   1.13475513e+03
   1.75185095e+03   2.17168289e+02   2.52639191e+02   2.23323441e+00
   1.99223340e+00   3.15972632e+03   5.18946381e+01   4.16481396e+03
   1.08615913e+02   2.71220490e+02   1.32532028e+02   2.31016248e-01
   3.79746222e+00   1.25270544e+03   2.85302877e+00   1.28407228e+00
   3.23586235e+01   2.37963760e+02   9.37753967e+02   5.65081263e+00
   2.49279077e+03   3.03872375e+01   1.04986987e+03   2.74067944e+03
   3.95923145e+03   2.20106006e+03   9.49620972e+02   9.12545204e-01
   2.41067184e+02   5.43114868e+02   2.10572095e+03   1.27991669e+02
   3.23627586e+01   4.49890186e+03   2.31609583e+00   0.00000000e+00
   3.55404492e+03   2.41244259e+01   2.22586060e+03   3.19722676e+00
   5.24315723e+03   1.01928320e+03   1.14544640e+01   7.61478271e+01
   5.32449455e+01   2.11104345e+00   4.32510559e+02   2.23494507e+03
   2.77464673e+03   2.43661366e+01   2.92392609e+02   1.80864746e+02
   2.63753262e+01   2.95472670e+00   1.06963818e+04   0.00000000e+00
   5.08861328e+02   1.97138928e+03   0.00000000e+00   6.11512146e+02
   1.59284912e+03   1.07372793e+04   2.48236938e+02   7.17187378e+02
   1.08993677e+03   4.34751854e+01   1.21156021e+02   1.21997204e+01
   2.27164185e+02   1.00513992e+02   4.00873566e+01   1.20770134e+02
   2.02532190e+03   1.04271545e+02   8.10799170e+03   1.04987190e+02
   1.24055286e+03   1.47238283e+01   0.00000000e+00   1.25178070e+02
   2.20473862e+01   3.76241699e+02   4.12681824e+02   2.92295837e+02
   3.92705420e+03   2.01066895e+02   9.00461044e+01   3.94961328e+03
   3.84521777e+03   4.23465179e+02   8.45912598e+02   1.91474319e+00
   3.22716644e+02   9.68264160e+03   1.39754990e+02   2.61474243e+03
   2.72503376e+01   9.60739434e-01   2.02670689e+01   1.95226753e+00
   6.42706238e+02   5.85444971e+03   2.82057886e+03   3.66182617e+03
   1.58546326e+02   3.47813530e+01   3.18623810e+02   8.68699431e-01
   8.18108368e+01   6.83405924e+00   4.61561951e+02   4.47936426e+03
   1.45705896e+03   1.32986487e+03   9.29754199e+03   2.99978676e+01
   2.11699631e+02   3.35458228e+03   5.94316483e+00   3.95538879e+02
   2.89859131e+03   9.51497269e+00   7.74091919e+02   3.10139679e+02
   4.43773460e+01   6.81656876e+01   1.67601364e+02   1.31508469e+02
   3.80643402e+02   1.44030930e+02   8.84095001e+01   8.55773830e+00
   6.78406296e+01   2.80222950e+01   1.12926936e+00   1.26455737e+03
   7.60316357e+03   2.04925195e+03   5.72023277e+01   1.05266077e+03
   1.22290020e+04   2.87976654e+02   2.78001440e+03   2.27092791e+00
   9.18067444e+02   2.57457825e+02   1.79224014e+02   5.28004360e+00
   1.09083118e+03   1.93053479e+03   1.88866043e+01   8.12443994e+03
   8.16931934e+03   4.43339325e+02   1.53443871e+01   1.82599411e+01
   2.14659615e+01   7.49321960e+02   7.38028183e+01   4.17300323e+02
   2.94447601e+02   3.45607805e+00   3.01038342e+01   3.06844091e+00
   2.20373184e+02   2.02112415e+03   1.85862335e+02   2.21243237e+03
   4.76105309e+01   6.21371174e+00   2.51026440e+00   1.08904229e+04
   8.32061195e+00   7.93845520e+01   1.09051831e+03   2.33442041e+03
   0.00000000e+00   0.00000000e+00   8.43957153e+02   7.20421371e+01
   2.59130554e+01   1.64895154e+03   8.07538940e+02   4.93552979e+03
   2.17865430e+03   8.73949280e+01   5.12049011e+02   5.92846729e+03
   3.03138214e+02   0.00000000e+00   2.45917953e+02   8.31454785e+03
   2.64002014e+02   2.48931412e+02   4.17765869e+02   7.41340918e+03]
[  6.43893433e+02   1.64635620e+01   7.74891853e+00   1.41979561e+01
   6.45786667e+01   2.70000000e+03   7.65373459e+01   1.19499039e+02
   1.10520182e+01   1.88524683e+03   7.77507973e+00   1.54973602e+02
   9.89965454e+02   1.19303638e+03   7.21490356e+02   0.00000000e+00
   4.08982887e+01   3.84790436e+02   2.02697861e+02   1.49629164e+00
   7.85088272e+01   8.12308252e-01   1.81981842e+02   9.41823792e+02
   5.62490821e-01   3.70437927e+01   2.07059650e+01   2.44528465e+01
   8.47621822e+00   1.38083054e+02   1.99231911e+01   1.96972311e+00
   3.01781586e+02   1.89930153e+01   4.44515967e+03   1.50747278e+03
   2.13195057e+01   9.68659546e+02   6.13869362e+01   5.84746170e+01
   4.55136395e+00   1.27734154e+02   5.71012115e+01   1.48629868e+02
   6.29821253e+00   1.29299179e+02   4.16761841e+02   0.00000000e+00
   3.98045311e+01   8.39662933e+01   2.21358325e+03   0.00000000e+00
   1.49665670e+01   9.94409409e+01   4.07272220e-01   1.81209244e+02
   2.11633720e+01   8.87128639e+00   3.81782471e+02   7.58760986e+02
   5.59224892e+00   1.42014786e+02   3.63858261e+01   5.49440231e+01
   5.15692787e+01   3.19576607e+01   1.34602905e+02   9.63231468e+00
   4.46312189e+00   9.47629013e+01   2.66632442e+01   1.66027722e+03
   1.21330986e+01   1.61169121e+04   2.56334302e+03   4.70199203e+01
   2.52385941e+01   8.05694389e+00   2.01423401e+02   1.16543734e+00
   4.26406708e+01   1.01198250e+02   7.48982430e+00   1.56637278e+01
   1.86395950e+02   1.44157693e-01   7.65570129e+02   7.73851252e+00
   1.44587265e+02   3.40427551e+01   1.44135834e+02   8.47097168e+01
   2.37468452e+01   1.13789783e+03   5.20367737e+02   1.03109917e+02
   1.67890015e+01   1.91556198e+02   7.62954254e+01   3.25706444e+01
   4.08175886e-01   9.45271149e+01   8.16385956e+01   1.40070305e+01
   2.33109169e+01   2.23923244e+01   0.00000000e+00   1.10654749e+03
   2.14988403e+01   8.78839791e-01   1.66869739e+03   1.10223989e+01
   5.44782448e+00   2.36814774e+02   0.00000000e+00   3.33022587e-02
   2.46826477e+01   5.80780172e+00   3.09552222e+03   6.81020784e+00
   3.99435944e+02   1.66662483e+01   2.02092094e+01   8.45664024e-01
   9.86300170e-01   1.69174824e+04   4.17550278e+00   3.26180649e+01
   2.22874487e+03   1.93620392e+02   4.09801064e+01   2.43926422e+02
   3.60285988e+01   6.66642380e+00   6.34354883e+03   7.96872234e+00
   5.53135490e+00   5.95534039e+00   2.12938965e+03   1.21092407e+02
   9.49925327e+00   1.09848303e+03   1.72375851e+01   1.86622253e+03
   4.60971756e+01   9.18022766e+01   7.59973831e+01   4.20978271e+02
   1.05624756e+03   6.49760675e+00   2.91228790e+01   1.85847900e+02
   1.35832491e+01   5.90999031e+01   1.07909497e+03   5.34433327e+01
   1.49724915e+02   0.00000000e+00   1.81798706e+01   2.15365625e+03
   7.63657227e+03   2.61285156e+03   1.54139080e+01   7.91670036e+00
   8.47750015e+01   1.11281729e+01   9.73470535e+01   1.90349636e+01
   6.31940031e+00   5.41526451e+01   1.51702988e+02   7.65298247e-01
   6.02536869e+00   5.22623962e+02   3.08685780e+01   1.67177826e+02
   4.22851448e+01   1.65128975e+01   9.04365845e+01   1.79743274e+03
   1.26623828e+03   9.84473267e+01   6.21600952e+02   2.51184616e+02
   3.26208611e+01   1.54476120e+02   1.19397078e+01   5.48950291e+00
   1.60326660e+02   2.29028000e+02   4.39340935e+01   8.60294476e-02
   6.73779199e+03   1.17528015e+02   4.53122586e-01   2.49698620e+01
   6.12981186e+01   4.67075691e+01   5.29774704e+01   8.90650757e+02
   1.21246994e+02   1.22155733e+01   1.41377466e+03   1.34691254e+02
   5.52124290e+01   2.26379681e+00   2.09001514e+03   9.44506168e+00
   3.29210854e+01   5.40190613e+02   1.04920044e+02   1.63532305e+00
   6.07611389e+02   5.18808174e+01   8.54264069e+01   5.24828369e+02
   0.00000000e+00   2.19109833e+02   5.19722803e+03   2.72945831e+02
   0.00000000e+00   9.66088486e+00   4.75653687e+01   1.05327583e+02
   4.56083107e+01   1.65684705e+03   1.71354462e+02   3.12359047e+01
   5.22184277e+00   2.22106781e+02   1.60247841e+01   1.25973438e+03
   7.85463257e+02   2.22754883e+03   0.00000000e+00   0.00000000e+00
   1.15392166e+02   2.23607153e+03   5.26343311e+03   1.62084412e+02
   4.42980728e+01   6.28928871e+01   1.03915642e+02   0.00000000e+00
   2.19534550e+01   0.00000000e+00   9.69464417e+02   0.00000000e+00
   9.85537338e+01   1.61496429e+02   9.40965698e+02   8.24928856e+00
   2.97097054e+01   1.39010669e+03   2.40782471e+03   2.05222054e+01
   7.49774628e+01   7.71094360e+01   3.48062427e+03   1.66319672e+02
   4.48487511e+01   2.04915562e+01   8.89936584e+02   7.88642654e+01
   4.13302345e+01   0.00000000e+00   9.68821030e+01   9.35634689e+01
   1.60586274e+00   6.51122971e+01   3.95053369e+03   2.71188599e+02
   3.59500427e+01   2.05019951e+01   9.47366104e+01   5.48069229e+01
   6.63475830e+02   1.37031317e+01   1.14214344e+01   5.36589146e+00
   8.69247986e+02   5.68141479e+02   5.74325705e+00   1.14731897e+03
   3.24410706e+01   7.95865917e+00   7.86156034e+00   1.20985622e+01
   1.94706558e+02   9.00188293e+01   2.30047632e+03   7.69799271e+01
   1.72823238e+01   4.23239212e+01   1.06689957e+02   6.39865234e+02
   1.20420017e+01   1.28606873e+03   1.35141251e+02   5.88847803e+03
   1.47518295e+02   6.03800049e+01   3.29500122e+03   4.90722321e+02
   1.18402618e+02   6.91303833e+02   2.07508335e+01   1.05494409e+03
   4.03816414e+01   1.28929672e+02   3.72893363e-01   4.05369377e+01
   2.18719673e+01   1.68747025e+02   5.00441992e+03   7.95675201e+01
   2.21661475e+03   0.00000000e+00   1.57195581e+03   3.63941917e+01
   1.85550415e+02   2.83943787e+01   1.72980133e+02   1.69283981e+02
   3.26507111e+02   2.87558384e+01   1.78651829e+01   2.03318054e+02
   6.49915600e+00   5.41095047e+01   2.91757298e+00   9.05358124e+00
   0.00000000e+00   7.59850159e+02   2.54238338e+01   8.96982117e+02
   6.48163509e+00   2.09158585e+02   1.04689697e+02   6.08123291e+02
   2.31157532e+02   0.00000000e+00   7.24892807e+01   5.28222198e+01
   0.00000000e+00   2.63792443e+00   8.62042542e+01   1.99531097e+01
   1.30330086e+00   1.01962957e+01   1.94435699e+02   9.13242054e+00
   1.42334938e-01   1.82092117e+02   3.40391922e+01   8.58640332e+03
   3.08656708e+02   3.38017006e+01   2.84443569e+01   1.93957748e+01
   5.03419876e-01   3.73703217e+02   4.84880341e+02   9.32978897e+01
   2.24123218e+03   7.59557962e+00   7.43705139e+01   2.24551888e+01
   1.57080521e+02   2.72923908e+01   1.36488986e+00   1.09189502e+03
   9.30850754e+01   0.00000000e+00   2.22259293e+01   1.24459009e+01
   1.51663342e+03   8.78946364e-01   1.56580620e+01   5.00958109e+00
   1.19433708e+02   2.17874023e+03   2.11696753e+03   0.00000000e+00
   1.04265735e+03   2.91416092e+01   4.31491089e+01   2.31802225e+00
   4.05735397e+01   0.00000000e+00   4.54199854e+03   1.74857925e+02
   4.20936249e+02   1.41162766e+02   1.89775928e+03   4.02254303e+02
   9.52541016e+02   5.22683220e+01   1.44204849e+02   2.46486890e+03
   3.12720001e+02   6.11218491e+01   2.17831469e+00   4.77477431e-01
   3.94006348e+02   1.51799426e+03   1.29671583e+01   6.18029594e+01
   1.26208099e+02   3.57447906e+02   1.34188037e+03   9.12380554e+02
   6.85103130e+00   9.99175049e+02   6.28730591e+02   0.00000000e+00
   1.30749863e+02   4.26996040e+01   1.19217688e+03   3.87863464e+01
   5.41728821e+02   4.39035606e+00   2.43800262e+02   8.68776321e+00
   9.11338654e+01   1.43221265e+03   4.28732422e+02   2.03439789e+01
   1.47003301e+04   7.34453201e+01   3.37390900e+01   1.33212538e+01
   1.18389496e+02   8.27110107e+02   4.47728233e+01   3.53105493e+03
   1.22606848e+03   3.34507477e+02   3.47076225e+01   3.70182953e+01
   1.19570518e+00   2.76582422e+03   1.16247238e+02   4.12816963e+01
   2.75500450e+01   7.62366714e+01   5.53329825e-01   1.18909782e+02
   7.75512409e+00   5.57779360e+00   8.79700565e+00   2.96767139e+01
   7.16943455e+00   2.56797760e+02   1.28076797e+02   6.83702539e+03
   4.39954987e+01   2.28839233e+03   5.81910217e+02   1.23613914e+02
   1.10726562e+02   1.34213501e+03   5.46323433e+01   3.70540924e+01
   8.52777771e+02   2.24184632e+00   3.36508643e+03   6.26346436e+01
   8.82948399e+00   1.25147839e+01   5.64384422e+01   3.81249580e+01
   1.84698047e+03   1.39940735e+03   1.15629341e+02   3.54701929e+03
   1.19065762e+00   3.58120918e-01   1.56373663e+01   1.91538140e-01
   1.03844231e+02   1.48175430e+01   1.23226917e+03   0.00000000e+00
   1.65011047e+02   3.29251862e+01   3.90542984e+01   2.00594446e+03
   1.91847878e+01   0.00000000e+00   9.49103165e+01   1.99368790e+02
   9.74919739e+01   1.25111389e+03   6.21940247e+02   6.80290527e+02
   9.06008972e+02   7.22882874e+02   6.53784180e+01   3.61231499e+01
   1.20862939e+03   5.94226036e+01   4.28328943e+00   3.20393896e+03
   6.18533134e+01   2.02672546e+02   5.16790628e+00   8.31925903e+02
   4.11177979e+03   1.05760742e+03   1.09935400e+03   3.27895808e+00]
