bicycle
bus
car
motorbike
person
[ 20821374.      7300744.     29979056.     22135792.     30432998.
   4328730.5    12552398.      4084310.75    5796285.5    11491687.
   3920437.     21068980.     15305861.     12174412.     18371330.
  14013778.     18591056.     14337341.     29955862.     12015889.
   7113758.     19972278.      6453467.     28921132.      8130518.
  18662548.     11534420.     12913921.      5896454.     13796587.
  23390372.     27978962.     43485904.      3559111.75   34480068.
   1670151.375  20401848.      4786526.     15355518.      1107903.375
  14206122.     16623375.     46769296.     42662004.     19698282.
  22036858.     15847823.     19314532.      3496622.     39920032.
  37566964.     11284193.     14083549.     12010308.     14187786.
   8807978.     18715494.     11435709.      2584114.5      809422.5
    809898.625   2245062.25   10238259.      3374119.5  ]
[  3.41333160e+07   9.73501100e+06   3.24420140e+07   3.62584688e+05
   7.89857900e+06   1.32053162e+06   1.14194430e+07   2.94391113e+03
   1.47713490e+07   1.54115862e+06   3.34839580e+07   2.78992520e+07
   5.46492578e+04   4.58730150e+06   2.31350520e+07   9.69430500e+06
   1.29109300e+06   4.02915280e+07   1.37238050e+07   1.47991240e+07
   4.78724250e+05   2.48228280e+07   2.69632900e+06   2.39977820e+07
   6.45680688e+05   3.14521440e+07   6.36854600e+06   1.55465275e+06
   9.09135100e+06   1.40687803e+04   2.66784640e+07   3.70759609e+04
   3.81635825e+06   1.80964420e+07   1.18028630e+07   7.63467150e+06
   4.27813312e+05   1.01646010e+07   2.71829820e+07   1.86728700e+07
   6.27395200e+06   8.78082200e+06   1.92693475e+06   6.15457300e+06
   3.49847840e+07   2.44980160e+07   4.03030156e+05   3.53646160e+07
   2.26769500e+07   6.74921800e+06   2.90158120e+07   2.45914240e+07
   3.89721240e+07   2.12536840e+07   8.58003375e+05   2.24859060e+07
   9.79211000e+06   5.47028160e+07   5.20753800e+06   7.95718100e+06
   3.42894400e+07   1.51309485e+03   1.23930610e+07   4.49584040e+07]
[  3.53149800e+06   1.05456580e+07   2.56142529e+03   1.45830969e+05
   2.29083184e+04   6.48076094e+04   2.87947012e+04   4.64290700e+06
   5.05312383e+04   1.93785362e+06   7.35820250e+06   5.60650062e+05
   1.04284262e+06   2.14673375e+06   8.77638906e+04   1.77065141e+05
   2.91564400e+06   3.50416906e+05   5.84549375e+05   3.53047450e+06
   1.97992000e+06   7.03427266e+04   9.24494200e+06   1.18791230e+07
   1.01102860e+07   0.00000000e+00   3.80113531e+05   3.20913150e+06
   6.31011812e+05   6.39744850e+06   1.63721504e+04   9.24650500e+06
   9.36661812e+05   4.30702100e+06   2.45688650e+06   4.37661700e+06
   1.87380469e+05   1.82899540e+07   4.43133650e+06   3.60854932e+03
   5.31236900e+06   2.90960525e+06   4.59617600e+06   1.31540420e+07
   1.83764638e+06   2.38786672e+05   8.91103700e+06   3.71476328e+04
   2.64995350e+06   8.44948812e+05   2.16275650e+06   8.97842188e+04
   4.16391750e+06   1.12602988e+06   1.51530770e+07   1.09193240e+07
   1.95018862e+06   2.26719707e+04   1.06565555e+05   3.85514594e+05
   3.02719100e+06   1.50480330e+07   1.08174070e+07   3.93236625e+06
   1.84784260e+07   3.74904075e+06   1.26842140e+07   6.50885500e+06
   2.53970766e+05   1.39458900e+06   8.15798450e+06   1.12549410e+07
   1.89382588e+06   3.69397719e+05   0.00000000e+00   3.37766350e+06
   1.91467594e+05   6.66167750e+06   4.59850650e+06   2.87973496e+04
   2.86088906e+04   6.02527900e+06   2.43135150e+06   5.07003174e+03
   4.20730800e+06   6.67107800e+06   4.38740550e+06   2.88325586e+03
   5.97773250e+06   1.21464762e+06   5.91750650e+06   3.70669950e+06
   1.73673859e+05   5.60817950e+06   5.40477688e+05   5.62066050e+06
   2.42289180e+04   4.09502825e+06   2.18391050e+06   6.76997062e+05
   3.64516300e+06   1.45567888e+06   7.60667750e+05   1.29117212e+06
   3.91288306e+03   5.75905062e+05   1.75606906e+05   9.90131188e+05
   4.12299575e+06   4.92920219e+05   1.22751359e+05   8.24210700e+06
   2.21934109e+05   6.93756050e+06   5.56626100e+06   6.57189150e+06
   9.39224750e+05   9.06041375e+05   3.67024475e+06   1.39319800e+06
   2.25948650e+06   4.57493400e+06   9.34227637e+03   6.86483850e+06
   1.55592825e+06   6.15318984e+04   2.11158020e+07   7.75210596e+03]
[  4.73167100e+06   3.23077850e+06   1.47367906e+05   0.00000000e+00
   2.20434395e+04   2.63489750e+06   5.72366375e+05   1.73480488e+06
   1.44077280e+07   5.87037800e+06   8.18904800e+06   7.75497000e+06
   2.36502650e+06   2.73315938e+05   4.20875049e+03   2.43790700e+06
   1.25240888e+06   3.91188050e+06   3.66512275e+06   2.61234688e+04
   9.03564500e+06   3.50065425e+06   2.15033600e+06   1.02816781e+05
   3.47298281e+05   3.24129500e+05   1.67391688e+06   6.99851150e+06
   9.33127656e+04   5.87074200e+06   5.06055352e+04   1.31834200e+07
   5.27154400e+06   6.80470703e+04   1.87531712e+06   2.43068975e+06
   2.45144375e+06   1.11482550e+07   2.73166688e+05   5.69376562e+04
   1.70091812e+06   8.24680312e+04   3.02768398e+04   9.03317000e+05
   7.93984688e+05   1.01645830e+07   6.34455700e+06   5.58484350e+06
   3.03119275e+06   1.49241610e+07   2.60346850e+06   5.04133250e+06
   5.80584800e+06   1.71814525e+06   1.60535781e+05   2.74792000e+05
   4.73590950e+06   8.53488188e+05   1.69941437e+02   2.31294175e+06
   3.32872250e+06   6.64416700e+06   6.90702850e+06   3.49021400e+06
   6.72768625e+05   1.04126290e+07   5.32469500e+05   4.80015950e+06
   3.57112075e+06   7.36973300e+06   3.18881850e+06   1.39012360e+07
   1.07286930e+07   5.72643550e+06   1.79915400e+07   9.90705994e+02
   4.91760450e+06   1.33399400e+06   1.59196250e+07   3.19782100e+06
   3.07135175e+06   4.14582188e+04   8.71879900e+06   4.38978050e+06
   2.58995176e+04   6.48571600e+06   1.20999988e+06   2.59945850e+06
   6.86905547e+04   1.87040350e+06   9.95004531e+04   6.28021400e+06
   1.91307812e+05   1.00325240e+07   1.83815712e+06   2.93359500e+06
   8.35552312e+05   5.99077300e+06   9.03816812e+05   1.10582050e+07
   2.09191047e+05   6.22091938e+05   1.51894860e+07   5.28706738e+03
   1.98713172e+05   1.54410720e+07   3.26153600e+06   7.09840800e+06
   8.70048600e+06   6.86251850e+06   2.73182812e+04   4.74970600e+06
   6.86346312e+05   2.30886300e+07   3.96215425e+06   1.00735650e+06
   1.84871156e+05   4.44390350e+06   5.66840508e+04   1.61344141e+04
   1.44140020e+07   2.79421150e+06   2.17590527e+04   7.76604850e+06
   5.08597250e+06   2.81200150e+06   1.23836490e+07   7.77794650e+06]
[  0.00000000e+00   5.51459814e+03   1.30042550e+06   1.57143535e+04
   1.19263849e+01   1.02672340e+02   5.59703809e+03   4.33851814e+00
   2.71826025e+06   1.75318008e+04   1.21783093e+03   7.40488379e+03
   3.16766415e+01   9.00482656e+04   1.38480266e+05   1.02352900e+04
   8.43823633e+03   5.97217188e+05   4.52865186e+03   6.72093906e+04
   1.47851501e+02   5.90848633e+03   4.34820500e+05   3.12076172e+03
   1.02626484e+04   3.82854767e+02   2.04169488e+06   0.00000000e+00
   4.15400391e+03   5.11322803e+03   1.98028671e+02   1.67786972e+02
   4.98607874e+00   6.84369312e+05   5.10265391e+04   1.47413712e+06
   1.77476475e+06   5.15754248e+03   2.81518677e+03   8.10558960e+02
   2.27168237e+03   6.22581238e+02   5.63315869e+03   4.69658969e+05
   9.93255859e+03   3.53915332e+03   7.65249512e+02   9.95327759e+01
   2.48485672e+05   1.96548398e+04   2.61923926e+04   2.54649307e+02
   1.85415988e+06   3.65213000e+05   3.14560730e+02   8.30399453e+04
   4.98180531e+05   8.94629312e+05   3.00374829e+03   2.81365070e+01
   1.10611477e+05   3.03931445e+04   2.26412422e+05   9.63717734e+04
   5.44906273e+01   2.83853945e+04   1.18067810e+03   1.74107190e+03
   4.97405664e+03   1.52002672e+05   1.36525888e+06   2.19612675e+06
   0.00000000e+00   1.17681416e+04   5.41308861e+01   3.34339722e+02
   1.05012656e+04   4.47777688e+05   6.10791188e+05   1.57554672e+05
   6.55947188e+04   3.88710791e+03   1.36327881e+04   5.83381592e+03
   2.06840788e+06   2.59290700e+06   5.49686062e+05   1.66862262e+06
   1.77436766e+05   4.13408173e+02   4.26607422e+03   6.55800547e+04
   3.43130750e+05   1.66354805e+04   0.00000000e+00   1.87816953e+04
   3.76879468e+03   4.65588062e+05   2.56112012e+03   1.88581309e+04
   2.59527969e+04   1.78858691e+03   1.38264700e+06   6.76864219e+04
   3.16112744e+03   9.27545410e+03   1.58817861e+04   2.64223560e+03
   3.49960327e+02   1.23234234e+05   9.78827812e+05   2.10856953e+04
   0.00000000e+00   3.89227344e+04   1.09632734e+04   4.57756348e+03
   2.94415817e+01   1.69850021e+02   1.21803992e+03   2.26450050e+06
   1.26124082e+04   2.40814133e+01   2.14982891e+04   1.34912866e+03
   2.26184692e+03   1.19763188e+06   2.61501465e+02   0.00000000e+00
   8.78432875e+05   1.39075820e+04   8.40840527e+03   4.50975732e+03
   8.42801270e+03   1.69721588e+06   0.00000000e+00   6.80039490e+02
   3.03873800e+06   1.03678612e+06   1.20101758e+04   0.00000000e+00
   1.04891943e+04   7.30162354e+01   1.34212627e+04   6.61816250e+05
   3.92434296e+02   1.52837025e+06   3.49686572e+03   1.04802832e+03
   9.92386953e+04   2.06301605e+02   4.92837451e+03   5.29234375e+03
   1.70938078e+05   1.01706688e+05   9.09157625e+05   2.00784290e+03
   7.35339258e+03   2.74279750e+05   1.01471506e+06   3.30094031e+05
   1.66027069e+02   1.20382531e+05   1.32506262e+06   1.38424336e+04
   2.17701348e+04   2.81290050e+06   1.61977250e+06   1.45023969e+05
   3.36555312e+04   1.51493300e+06   1.83136450e+06   9.67835449e+03
   1.53328916e+04   4.95726969e+05   7.07316162e+03   1.85650508e+04
   1.77453712e+06   3.16334692e+03   2.19408550e+06   4.34149375e+04
   5.46368812e+05   1.26877023e+05   5.58730188e+05   8.60562012e+03
   5.14585742e+03   6.71039453e+03   8.09366094e+04   2.16331641e+04
   1.03701312e+06   1.42930918e+04   6.82458789e+03   2.02271638e+06
   2.23068695e+01   7.27906562e+05   0.00000000e+00   2.10233225e+06
   1.32958857e+04   5.07371031e+05   1.81476475e+06   9.79657688e+05
   3.82260040e+02   1.50837862e+06   1.42346388e+06   2.38905334e+02
   7.99810859e+04   1.13823645e+03   4.44681030e+02   8.28569531e+03
   5.64986816e+03   8.65748062e+05   3.21616031e+05   1.91052150e+06
   1.71774219e+04   1.41496855e+04   4.82375107e+01   1.88880234e+04
   1.88610718e+03   8.91085438e+05   3.94599922e+04   3.66307800e+02
   5.36385315e+02   2.66891968e+03   3.93931763e+02   1.37327766e+05
   5.77630438e+05   0.00000000e+00   9.76048401e+02   3.60404625e+05
   8.71729431e+01   8.12681625e+05   2.38204375e+04   1.00319649e+02
   1.37057375e+06   1.75044434e+04   9.89011062e+05   2.19520493e+02
   7.00270233e+01   2.68912695e+04   9.69643375e+05   6.15722461e+03
   9.58245250e+05   1.33743950e+06   3.75185522e+03   2.98635205e+03
   8.71952969e+04   1.52686553e+04   4.11415820e+03   3.31483643e+03
   5.40066553e+03   2.55929359e+05   1.39287842e+04   1.12377405e+03
   3.48300000e+03   3.27880287e+01   4.62983734e+02   5.78105000e+05]
[  2.19148300e+06   3.34848779e+03   2.55708633e+02   6.29970520e+02
   1.45783650e+06   1.41429962e+06   2.96845000e+05   1.70981091e+03
   1.52122412e+04   1.36662610e+03   1.96566565e+03   1.85259707e+04
   7.56903516e+03   4.69857734e+04   3.65777393e+03   3.19903613e+03
   2.90448704e+01   2.67496948e+02   1.26007962e+06   1.15789820e+05
   1.05939329e+00   1.61110214e+02   4.14186066e+02   3.89340312e+05
   1.83630333e+01   6.23614355e+03   0.00000000e+00   3.00852156e+05
   4.49058945e+04   1.11960426e+02   5.13543789e+04   1.20365498e+04
   4.11941553e+03   6.85936328e+04   3.51248584e+03   3.09328125e+04
   2.46120723e+04   4.60794312e+02   4.57778955e+03   0.00000000e+00
   1.58575234e+05   5.65785859e+04   1.67496016e+04   7.50812549e+03
   1.20677812e+04   1.39335703e+04   2.67059469e+05   4.63189492e+04
   1.37130281e+05   2.00501868e+03   1.42551035e+04   1.87623999e+03
   7.05405273e+03   1.48070459e+04   1.72228078e+05   1.33889797e+05
   4.41464219e+04   2.39345391e+05   7.57741328e+04   4.09872437e+02
   5.87005957e+03   9.04948828e+04   5.37237015e+01   1.18475876e+02
   0.00000000e+00   1.96440254e+04   3.25818188e+05   4.94041473e+02
   9.15962646e+02   3.77536484e+04   6.05198938e+05   1.86092621e+02
   3.60877695e+04   1.05419824e+04   2.36867617e+04   8.45695234e+04
   5.36298320e+04   2.43521543e+04   1.35828172e+05   4.54330594e+05
   3.89488586e+02   6.95453125e+03   2.12943783e+01   4.51324844e+04
   1.24860461e+03   3.13919629e+04   1.94780518e+03   2.01450957e+04
   8.45001562e+03   1.18412812e+04   1.03202549e+04   6.90565479e+03
   1.12992828e+05   5.62741812e+05   2.44593567e+02   4.71698570e+00
   1.22704719e+05   9.88064346e+01   1.45372705e+04   3.22299844e+04
   1.30426331e+03   1.89386016e+04   9.78351938e+05   1.57393753e+02
   2.14259717e+03   3.73964219e+04   6.92389766e+04   8.09555781e+04
   1.33757686e+04   1.63304075e+06   1.62591431e+02   9.06263500e+05
   5.95139465e+01   7.30687500e+02   1.17299131e+04   4.46076641e+04
   8.36490430e+03   1.80066914e+04   1.72389727e+04   5.52346562e+04
   9.44812988e+03   2.73622742e+02   4.69951367e+03   2.74607719e+05
   2.77459277e+03   6.26661133e+03   3.32062263e+01   2.19574062e+04
   1.56647742e+03   1.62683562e+06   1.94113711e+04   1.41665198e+03
   1.03449023e+04   1.56637825e+06   1.56156079e+03   3.01065332e+04
   7.36879453e+04   9.01447812e+05   2.61218726e+03   4.73724480e+01
   1.51013784e+01   3.61661841e+03   1.00733936e+04   2.93522461e+04
   5.67552109e+01   1.10123816e+03   9.93210876e+02   0.00000000e+00
   0.00000000e+00   3.26059387e+02   1.74701648e+03   1.77498376e+03
   8.03985562e+05   1.68737516e+05   6.44062805e+01   2.77657250e+05
   1.46381543e+03   8.78839397e+00   4.82529141e+04   1.32592925e+06
   8.64268799e+01   3.23031689e+03   1.22242114e+03   3.70633602e+00
   2.05547875e+05   0.00000000e+00   6.00391688e+05   7.77417188e+03
   2.83302219e+05   1.77877462e+06   2.24216431e+02   3.24931564e+01
   1.16584121e+04   2.31608078e+05   6.58808125e+05   1.62836633e+03
   7.50811523e+03   1.06643103e+03   1.89403574e+04   4.55256538e+01
   9.22763477e+03   5.88306152e+03   8.69163589e+01   1.55329160e+04
   8.12185574e+00   2.74700146e+03   4.02378828e+04   1.58177139e+04
   1.46878076e+03   4.10353668e+02   5.44324625e+05   7.23703125e+03
   1.40753204e+02   2.57603926e+04   5.53907148e+04   4.19464209e+03
   8.43358750e+04   2.79492109e+04   5.36331062e+05   6.18420792e+01
   4.29643005e+02   0.00000000e+00   4.95755875e+05   3.35414180e+04
   1.95643105e+04   3.99222290e+02   1.78807305e+04   9.70217750e+05
   1.62245828e+05   1.20450550e+06   1.46090341e+00   1.71685681e+03
   7.69251904e+03   2.85329551e+04   4.11718750e+03   2.90147062e+05
   3.56090594e+05   1.07132043e+03   1.22793320e+04   2.52035059e+03
   1.14523145e+04   2.07906289e+04   1.93553918e+03   1.45021997e+03
   0.00000000e+00   8.61144219e+04   1.49218906e+05   1.63949963e+03
   1.11880103e+03   0.00000000e+00   6.06117020e+01   8.28916699e+03
   2.53295141e+05   7.52017090e+03   1.18292288e+06   6.11738770e+03
   5.04548193e+03   1.23276312e+06   0.00000000e+00   1.10740671e+01
   2.62033911e+03   1.40594969e+05   0.00000000e+00   0.00000000e+00
   1.14733612e+02   7.30219650e+01   2.48832266e+04   4.09479053e+03
   5.39653188e+05   8.29954297e+04   6.56522109e+04   7.41631016e+04
   7.33230566e+03   7.35598125e+05   3.07047285e+04   1.32495791e+04]
[  1.81672688e+05   4.55485586e+04   5.24719971e+02   8.59352539e+02
   4.39419219e+05   5.05787158e+03   7.82840312e+04   9.77383594e+03
   4.50924377e+02   7.93889875e+05   5.19673779e+03   6.26755000e+04
   1.58393066e+04   6.15438428e+03   5.69586523e+03   8.52638733e+02
   6.65253544e+00   1.27001826e+04   1.04161224e+01   3.45326221e+03
   3.76360508e+04   1.00186445e+05   1.78775059e+04   7.61110840e+03
   1.24360291e+02   6.60454150e+03   3.67941772e+03   1.62354719e+05
   2.95031680e+04   2.97537688e+05   8.62305237e+02   2.59390254e+04
   3.94222070e+04   8.43595469e+04   4.21523193e+03   1.25819717e+04
   4.33780812e+05   1.27529750e+06   2.36641846e+03   1.29528500e+06
   6.18073425e+02   2.24361548e+03   1.05698743e+03   9.02565156e+04
   1.05672773e+04   7.20509229e+03   2.08699561e+03   8.32209609e+04
   1.82270371e+04   3.04818286e+03   1.48964766e+05   1.03454994e+06
   2.11312962e+01   5.82914505e+01   3.94951691e+02   6.27726660e+03
   7.27905945e+02   1.18685938e+05   6.00484419e+00   6.16936768e+03
   1.99838989e+03   3.70704688e+04   3.30403491e+03   9.70697461e+03
   2.84353633e+04   2.89801914e+04   1.18159512e+04   4.67061035e+03
   2.06695703e+05   6.50051523e+04   6.88938184e+03   2.03773730e+03
   2.01415234e+05   1.66198203e+04   4.27380438e+05   1.79401641e+05
   3.06577312e+05   2.40856699e+04   5.20949365e+03   2.02747681e+03
   1.89599463e+03   2.87655914e+02   7.47209844e+04   1.40500015e+02
   7.00361719e+04   5.96484009e+02   1.18543344e+05   2.08020093e+03
   0.00000000e+00   7.11158630e+02   1.49253357e+02   1.21847656e+03
   1.36575850e+04   1.02409253e+03   1.05387914e+05   2.33331226e+03
   2.76523193e+02   2.82614031e+05   4.83932219e+05   1.15078703e+05
   7.57645781e+04   4.23575977e+04   1.99252942e+03   9.93913574e+02
   4.73687383e+04   3.48418506e+03   3.41367656e+05   2.52282441e+04
   1.15053540e+03   5.72450635e+03   1.77298398e+04   5.68637109e+03
   1.66371836e+04   6.95749707e+03   1.76724451e+03   7.78559609e+04
   1.25780981e+03   9.92810156e+04   1.70272539e+04   3.08803066e+04
   8.81628571e+01   5.98567062e+05   3.36540625e+04   3.30049812e+05
   3.51939297e+04   1.09254333e+03   1.37566045e+04   6.29072151e+01
   8.82594910e+02   1.92132828e+02   1.32260205e+03   2.54207285e+04
   1.02794121e+04   5.40054004e+03   1.42937578e+04   6.85217578e+03
   7.87658936e+03   1.18936656e+05   1.70271777e+04   7.11466797e+02
   1.82506180e+02   3.59659766e+04   3.36100171e+03   5.02435312e+04
   1.99701680e+04   4.65692725e+03   9.66170410e+03   1.95386124e+01
   3.61230117e+04   1.06086328e+04   2.02102852e+04   8.08876328e+04
   3.05996216e+03   2.04704984e+05   2.84410004e+02   6.93622998e+03
   5.81845234e+04   1.17754912e+04   2.35953656e+05   7.54418640e+02
   3.37162598e+02   3.29979126e+02   8.27736426e+03   2.77707397e+02
   2.80175000e+03   1.02986738e+04   3.72950078e+04   2.40648234e+05
   1.68696252e+03   3.51833203e+04   1.02659225e+02   6.65927686e+03
   4.08400269e+03   3.03283618e+03   1.42333574e+04   1.18838359e+04
   8.80974062e+04   5.73617871e+03   6.94872656e+04   6.74396797e+04
   5.57587708e+02   9.67794688e+04   3.36722241e+03   6.74709180e+03
   4.57041055e+04   7.91903015e+02   1.51010312e+05   1.40789514e+03
   1.37770498e+04   6.20019500e+05   5.19272188e+04   3.52722681e+03
   3.91191528e+02   9.90425391e+04   1.50028091e+02   6.00462524e+02
   2.20045586e+04   1.39358262e+04   8.02065137e+03   4.21894297e+04
   4.20157471e+03   2.21992981e+02   2.85529395e+04   2.71968125e+05
   9.82743047e+04   2.13241653e+02   2.00721523e+04   5.97600195e+03
   3.50931188e+05   0.00000000e+00   8.11658447e+02   5.89476318e+03
   3.17772793e+04   2.11983652e+04   1.34964078e+05   7.13166504e+01
   2.53130098e+04   8.16553027e+03   1.70628128e+02   1.95289344e+05
   9.41064160e+03   8.10255225e+03   4.98685742e+03   5.88686963e+03
   1.87717031e+04   1.16681662e+01   9.14498596e+01   1.47202783e+04
   4.01441479e+03   3.31722266e+04   7.81769629e+03   5.04737578e+04
   1.72648328e+03   3.24343086e+04   1.14955625e+06   2.51647583e+03
   2.28372998e+03   8.88833789e+03   9.09098000e+05   7.74779443e+03
   3.74971997e+03   6.17519836e+02   3.53155615e+03   1.38362183e+03
   1.38991703e+05   4.11849500e+05   2.24604912e+01   6.05673828e+01
   2.15439844e+05   3.37527266e+04   0.00000000e+00   4.04352344e+04
   1.32434893e+04   1.56964575e+03   1.00583740e+03   3.55334082e+03]
[  1.06458630e+03   1.03186270e+04   4.51095469e+04   1.40540557e+04
   1.67373157e+03   5.02052500e+04   4.52288574e+02   2.38507959e+03
   1.14937073e+02   1.13107777e+01   5.51135156e+04   9.81602148e+03
   1.16352380e+03   4.16966992e+03   6.28078564e+03   2.64164581e+02
   1.48276660e+04   1.40720801e+04   1.44801885e+04   3.81495044e+03
   1.02476585e+02   8.92037500e+04   2.68972241e+03   4.49573456e+02
   5.93095742e+04   2.32787129e+04   8.16019141e+04   4.48972021e+03
   6.36623008e+04   1.36849844e+04   1.32711689e+04   1.22707398e+05
   1.63213848e+04   3.32880391e+04   3.35872930e+04   7.42766406e+04
   7.65038438e+04   3.54010645e+03   1.05986137e+02   3.31719492e+04
   8.30907669e+01   9.41928281e+04   5.66292227e+04   3.47140859e+04
   1.37160858e+02   6.56004297e+03   1.07043789e+04   2.58631934e+04
   0.00000000e+00   3.03253301e+04   1.20677359e+05   2.28420898e+03
   1.24339426e+00   1.26507090e+04   1.58112188e+04   6.19224561e+03
   8.57122993e+00   1.39854016e+03   4.16175323e+02   1.28351318e+03
   8.19088867e+02   1.28793930e+05   2.07280039e+04   1.14849805e+03
   3.21408789e+03   9.80941309e+03   1.52488245e+03   1.08536499e+02
   7.64987061e+03   6.63978333e+02   1.45448438e+04   1.59250500e+03
   5.34050430e+04   7.72855957e+02   1.89658909e+01   1.54594141e+03
   1.62982346e+02   4.42964249e+01   1.07561219e+05   3.12391621e+04
   9.02700806e+01   9.46213965e+03   1.45148223e+04   6.87638594e+04
   1.29195325e+03   0.00000000e+00   6.85591431e+02   1.27927600e+03
   7.40197656e+04   5.97793633e+04   1.23111475e+04   7.52278748e+01
   8.27148672e+04   2.10687031e+04   2.57913516e+04   2.56067832e+04
   2.07535645e+04   2.29190598e+02   3.54384570e+04   3.66901484e+04
   2.30979785e+03   2.81679474e+02   9.81560000e+04   3.84906152e+03
   2.26944512e+04   4.83336953e+04   2.99643628e+03   8.90276562e+04
   5.31821289e+04   1.72846045e+03   1.82492168e+04   3.78721710e+02
   1.54270186e+04   1.94766960e+01   4.48500439e+03   2.42849941e+04
   0.00000000e+00   3.55042383e+04   1.07262526e+01   3.08404941e+04
   7.98282959e+02   1.07188031e+05   1.57402715e+04   3.16381860e+03
   1.02552842e+04   2.25458477e+04   5.61388525e+03   1.78739531e+04
   2.93271523e+04   2.67801807e+03   1.67264465e+02   1.41777461e+04
   1.93422285e+04   5.01612188e+04   3.56666289e+04   8.09098663e+01
   5.48207715e+03   5.26506126e-01   1.31022449e+03   3.38559036e+01
   3.46988008e+04   1.30180249e+03   1.35642822e+04   2.82219715e+01
   3.36911255e+03   9.85018250e+02   1.85858557e+03   1.07448213e+04
   4.21380402e+02   1.08469873e+04   6.72993594e+04   4.39946631e+03
   2.28500870e+02   1.89107703e+03   8.31278763e+01   3.30050699e-02
   2.95604584e+02   1.13087329e+03   3.82653748e+02   8.70004531e+04
   1.41233721e+04   4.85036670e+03   2.11806758e+04   3.01827431e+00
   3.82199180e+04   3.93622711e+02   6.37015234e+04   2.08381622e+02
   5.45258125e+04   4.99700508e+04   9.45250916e+02   9.45168359e+03
   2.86632383e+04   3.47373962e+02   7.82029141e+04   6.13668242e+04
   3.64640234e+04   8.70708203e+03   6.11650830e+03   2.40206812e+03
   2.69736602e+04   1.06949365e+03   1.19123877e+04   2.34763379e+04
   3.13954102e+03   3.69736523e+04   4.91377695e+04   8.42482031e+03
   3.05419434e+03   1.92922839e+03   1.64768140e+03   1.42233115e+04
   1.48200967e+04   1.19789086e+05   1.03497078e+05   3.99744297e+04
   1.51025654e+04   3.25395703e+04   5.61028564e+03   1.62955884e+03
   1.02085164e+05   1.68158223e+04   9.26313858e+01   7.69369531e+04
   1.29011141e+05   5.11169983e+02   4.53101719e+04   3.42722969e+04
   1.75805099e+02   3.40168076e+01   1.06918140e+03   4.13405640e+02
   5.90692863e+01   1.21525061e+03   3.95000312e+04   2.38973022e+03
   3.62715283e+03   1.92322285e+04   1.83621309e+04   2.66735469e+04
   1.16210273e+04   8.00412422e+04   4.24611450e+02   0.00000000e+00
   3.72774805e+04   2.72040552e+03   2.16640430e+03   1.84424233e+00
   7.76176819e+02   2.18986426e+03   1.81427750e+02   5.59807053e+01
   4.52610820e+04   4.38214648e+04   9.17362969e+04   1.53691663e+03
   4.96430586e+04   3.88727075e+03   1.45565361e+04   3.69210059e+03
   9.97793555e+03   4.04557461e+04   1.15292441e+04   6.00418242e+04
   7.16993469e+02   1.17086070e+05   2.08406113e+04   2.30332088e+01
   1.08715977e+04   3.02054629e+04   2.65692559e+04   7.66334453e+04
   3.97140283e+03   1.50270984e+05   1.88257988e+04   7.16217188e+04
   6.33644375e+04   4.16159851e+02   9.48286972e+01   6.57049375e+04
   4.54629570e+04   1.29109177e+02   1.01759629e+04   1.61280090e+03
   1.68918476e+01   6.08126904e+03   1.43351929e+03   9.13568359e+04
   4.53310938e+04   1.43015601e+03   3.36974859e+00   8.98732117e+02
   4.47431738e+03   8.06703467e+03   1.02579586e+05   3.35212617e+04
   2.45879591e-01   7.40572281e+01   9.38841797e+04   7.43933154e+03
   2.03391743e+01   9.02015686e+02   9.82007812e+03   9.69698594e+04
   1.15393066e+03   4.58520361e+03   7.54830475e+01   1.06918506e+03
   6.92082764e+02   4.38760303e+03   1.40462666e+04   9.51219238e+03
   8.77260391e+04   3.33945117e+04   3.58515859e+04   1.08308899e+03
   2.02637558e+01   3.55054092e+01   4.36878438e+04   4.90855312e+04
   0.00000000e+00   2.90278101e+03   2.97373672e+04   6.91066711e+02
   4.49777405e+02   5.68703086e+04   2.85162158e+03   1.40687775e+02
   7.42440547e+04   3.92989349e+02   7.68406311e+02   6.18855859e+03
   2.79582581e+02   1.12052771e+03   5.59299766e+04   6.94699219e+04
   1.03911064e+02   4.91995703e+04   8.43294141e+03   3.49837769e+03
   1.43855392e+02   5.63191162e+03   1.00484664e+05   5.00779688e+03
   1.01965609e+05   1.09687266e+05   1.25797508e+05   6.60510156e+04
   3.48639922e+04   1.27290588e+03   2.46078262e+04   1.35309512e+04
   8.12227891e+04   9.57940369e+02   9.73116821e+02   3.86391133e+04
   2.89932137e+01   6.68400703e+04   3.80199048e+03   1.58023301e+04
   7.10558438e+04   1.65628638e+03   1.36470215e+04   2.52140598e+01
   1.12830432e+03   9.89951465e+03   1.45653994e+04   2.94916199e+02
   6.93309277e+03   8.39649780e+02   1.27977441e+04   1.18819165e+03
   1.33266711e+03   4.77355664e+04   6.68140430e+03   2.04377161e+03
   1.07825703e+05   2.39581079e+03   3.61922734e+04   3.82629805e+04
   5.79481953e+04   4.03083438e+04   1.11677231e+02   7.41960999e+02
   1.66705469e+04   1.33845142e+03   5.98324414e+04   4.20922021e+03
   5.72042852e+04   3.50387305e+03   5.01167236e+03   3.23763965e+03
   3.35611602e+04   2.57900391e+03   3.67429297e+04   5.19361035e+03
   4.36987256e+03   2.90335474e+03   1.50479993e+03   2.50903198e+02
   3.13663379e+04   2.04778047e+04   2.31340240e+02   1.97458965e+04
   1.35007922e+03   3.97174561e+03   4.91467725e+03   1.08669395e+04
   1.16146411e+03   4.43016388e+02   1.62706018e+03   8.94091187e+01
   6.13109863e+03   6.80906445e+03   3.24306328e+04   9.13694297e+04
   1.15471375e+03   9.48417297e+02   1.00323541e+03   9.10004150e+02
   3.81105576e+01   5.20790869e+03   2.62584219e+04   4.82792656e+04
   4.37457500e+04   6.16217432e+03   7.03454150e+03   2.42028656e+01
   1.98092604e+00   1.12871857e+01   8.20914844e+03   1.15146299e+04
   4.10036963e+03   4.06094116e+02   3.02967285e+04   1.48182158e+04
   1.34830432e+03   2.70829004e+04   3.51407695e+04   9.60089453e+03
   2.48839258e+03   5.95265088e+03   4.62446729e+03   5.03025664e+04
   9.91922891e+04   8.41318848e+03   3.25441816e+04   1.83439539e+03
   8.96321719e+04   1.33894434e+03   3.81669006e+02   1.03069199e+04
   6.02077266e+04   5.11664531e+04   1.51997676e+04   2.05708521e+03
   1.12804207e+02   3.08099609e+02   2.03252168e+04   8.04087793e+03
   1.22851582e+04   4.58983691e+03   1.18838730e+04   2.53206849e+00
   0.00000000e+00   2.49421191e+04   1.57621948e+02   3.45146411e+03
   1.40516045e+04   5.93458320e+04   1.55168628e+03   9.40641016e+04
   7.45110352e+03   0.00000000e+00   5.13260156e+03   0.00000000e+00
   2.16881055e+03   2.22415352e+04   6.23692665e+01   4.71757129e+03
   1.83128342e+02   9.26665625e+03   3.01661896e+02   5.33609912e+03
   2.48687715e+04   6.57965703e+04   1.34577002e+03   0.00000000e+00
   1.55107300e+03   5.75222656e+03   1.13003597e+01   9.51166016e+02
   9.26537695e+03   3.52338196e+02   9.31918823e+02   8.09101318e+02
   1.46063145e+04   4.75895752e+03   2.32410293e+04   0.00000000e+00
   9.37390060e+01   1.07171082e+03   6.20983672e+04   1.07897256e+04
   2.81806289e+04   9.73668385e+00   3.17634521e+03   0.00000000e+00
   1.26718076e+04   7.92038818e+02   1.13374336e+05   2.67229828e+02
   6.72179199e+03   2.73198560e+03   1.03616028e+03   6.73213770e+03
   3.86994531e+03   1.01011289e+05   6.58123438e+03   3.48954258e+04
   8.63391504e+03   1.08089600e+02   8.89828033e+01   2.44400938e+04
   2.23271338e+03   5.06584570e+04   4.19418457e+03   1.42422348e+02
   3.24342871e+04   3.49558746e+02   6.14760742e+02   1.28623477e+05]
[  6.95733154e+03   9.47529004e+03   8.12429993e+02   6.32027984e-01
   2.28948418e+04   1.61893320e+00   3.14329512e+04   2.58788457e+04
   5.20232305e+04   7.08001785e+01   5.27122009e+02   9.58109082e+03
   3.16726761e+01   7.01239375e+04   8.66491504e+03   1.03817001e+02
   3.32492218e+02   2.38692920e+03   8.94728516e+02   1.62688000e+03
   4.89653320e+03   1.56889307e+03   2.38055396e+03   2.73870514e+02
   3.25427216e+02   9.99523633e+03   1.24545374e+03   1.40436855e+04
   6.49086133e+03   1.97929718e+02   9.31815910e+00   2.06110672e+02
   1.35705383e+03   2.80377483e+00   2.26352142e+02   2.10096344e+02
   1.17720068e+03   3.22008057e+01   1.54723555e+04   5.96240662e+02
   2.09290488e+04   4.98530127e+03   1.48697067e+02   3.48227969e+04
   2.24437109e+03   4.90290283e+02   6.09945459e+03   1.53592090e+03
   3.41701630e+02   1.16349951e+03   5.33563232e+02   8.00520897e+00
   0.00000000e+00   1.16512607e+04   7.07368225e+02   4.38497314e+03
   4.91749561e+03   8.25859192e+02   5.35294128e+02   9.46973515e+00
   1.41131916e+01   3.94754913e+02   3.52439636e+02   4.12762543e+02
   5.20908752e+02   1.68785400e+02   8.94576855e+03   2.70660376e+03
   6.32387383e+04   1.43466415e+02   1.40520105e+01   3.18128164e+04
   9.52584839e+00   3.60013770e+03   1.78306067e+03   6.54793604e+03
   0.00000000e+00   8.88292578e+03   2.05161792e+03   1.50725510e+02
   8.77471741e+02   8.19967734e+04   3.13473945e+04   1.67365918e+04
   2.72995850e+03   3.31267586e+01   9.34686035e+03   1.01360577e+03
   9.17293274e+02   2.73168701e+02   1.54240166e+04   7.78615186e+03
   1.80796448e+03   0.00000000e+00   8.49992383e+03   8.05327320e+00
   7.84096313e+02   2.41933066e+04   3.74871558e+03   1.12853740e+04
   1.27938013e+03   7.96158643e+03   9.23790649e+02   6.20684814e+00
   1.74470840e+02   8.19623169e+02   1.59083643e+04   2.03147156e+02
   4.83056836e+04   7.25415156e+04   1.01732281e+03   4.82758148e+02
   7.54774048e+02   1.28040649e+03   7.26700000e+04   1.34335168e+03
   1.18037756e+03   1.32339929e+03   1.65202389e+01   8.90843079e+02
   1.28637939e+02   6.77535303e+03   7.32153503e+02   1.81897581e+00
   3.71532695e+04   2.85738037e+02   3.60974536e+03   2.78204834e+02
   5.73220634e+01   2.10649512e+04   8.76072540e+01   8.33633484e+02
   3.59045593e+02   6.29334229e+03   2.14557617e+04   8.24232197e+00
   1.59210922e+02   4.04285583e+02   1.40698584e+04   0.00000000e+00
   1.83282318e+01   1.98556122e+02   1.82725176e+04   4.53852081e+01
   7.02311865e+03   4.24838916e+03   1.74947949e+04   3.49281211e+04
   2.45059521e+03   2.74422559e+03   5.67560586e+04   5.75489014e+03
   1.80555840e+04   1.06808569e+03   1.05651505e+02   6.76046484e+04
   4.71432373e+03   1.60726348e+04   2.71636157e+03   3.86372729e+03
   8.45973242e+03   5.90349219e+03   0.00000000e+00   2.05561646e+02
   4.30371328e+04   5.26573096e+03   8.71448984e+04   7.20300522e+01
   7.62942871e+03   1.74956133e+04   3.45721344e+02   3.93766992e+03
   5.05987070e+04   1.37342529e+04   7.82013535e-01   1.88543091e+03
   2.80776025e+03   7.46769971e+03   1.00423462e+03   1.30642871e+03
   6.19510195e+04   1.94061511e+03   9.99701843e+02   0.00000000e+00
   9.40389062e+03   6.29499297e+04   2.60183001e+00   1.17164014e+03
   1.59020447e+03   4.65027578e+04   8.36482300e+02   1.09921643e+03
   8.11575115e-01   4.48129531e+04   6.46968359e+03   6.65865869e+03
   1.48820847e+02   2.43075840e+04   3.97512848e+02   5.19582227e+04
   1.35375947e+04   1.80612259e+02   0.00000000e+00   7.64617371e+02
   1.38053262e+04   6.70458496e+02   9.37191162e+01   1.49907458e+03
   3.06133392e+02   7.91565869e+03   1.69110046e+03   4.02065247e+02
   5.63201416e+03   6.51428125e+03   3.35509609e+04   6.36154883e+04
   2.03037188e+04   1.86833099e+02   1.64260666e+02   3.03432734e+04
   7.76596680e+03   1.18408386e+02   3.45043701e+03   6.52063828e+01
   7.30186475e+03   2.54977608e+00   8.23010840e+03   4.57524180e+04
   1.20285217e+03   1.79252148e+03   4.11287383e+04   9.37054199e+02
   8.81570511e+01   1.95461484e+04   6.17910290e+00   1.16389586e+05
   7.73372031e+04   7.82208350e+03   3.43297272e+02   1.08179993e+02
   3.43358228e+03   1.32263379e+03   2.42323120e+03   3.04266797e+03
   1.02469697e+04   6.60584131e+03   0.00000000e+00   4.39368320e+04
   8.26901093e+01   1.59814484e+02   1.14228760e+03   3.05723343e+01
   1.24099883e+04   6.21934795e+00   5.15080299e+01   2.72788574e+02
   1.25277084e+02   1.59754663e+03   7.90613477e+03   2.37493965e+04
   2.60192188e+03   1.95038342e+03   1.80634778e+03   1.79679993e+03
   6.93214783e+02   1.10109033e+04   2.47877991e+02   2.55364355e+04
   6.25026221e+03   6.12467676e+03   1.95167557e+02   8.95475037e+02
   3.91439331e+02   1.29404877e+02   1.57506108e+00   9.37357235e+00
   1.34717998e+04   0.00000000e+00   2.20770508e+03   1.75434160e+04
   2.74685376e+03   2.16649460e+02   2.34164824e+04   0.00000000e+00
   5.17337685e+01   4.05039722e+03   3.09900880e+00   1.80152617e+04
   7.03488953e+02   1.44231604e+03   2.25645432e+02   6.56442285e+03
   1.03271312e+05   9.65813574e+03   3.54588599e+03   9.85451758e+03
   3.58134297e+04   8.54798645e+02   2.11974274e+02   1.01359912e+03
   2.13787003e+01   2.86488379e+03   2.12777578e+04   9.86876264e-02
   4.44543213e+03   1.13351621e+04   8.22955933e+02   1.20587453e+05
   3.55727386e+02   5.46527344e+02   1.56790466e+02   3.69897363e+03
   2.37947441e+04   2.73456268e+01   4.46105859e+03   3.10975780e+01
   7.27188438e+04   1.24365263e+01   1.86969879e+02   6.35958496e+02
   5.19590454e+02   1.34283379e+04   1.37685371e+04   2.72346602e+04
   9.87227344e+04   3.41849091e+02   2.50487964e+03   1.23796338e+04
   1.04171155e+03   3.94176636e+01   7.23285547e+04   1.51333516e+04
   3.48453407e+01   1.00746221e+04   2.72263848e+04   2.31588916e+03
   0.00000000e+00   7.65157422e+03   2.63195404e+02   4.38006592e+01
   2.31565371e+04   2.38215918e+04   1.53166296e+03   3.77329141e+04
   1.66330872e+01   1.07211340e+03   2.57047876e+03   2.90941914e+04
   7.67359141e+04   1.48033777e+03   1.15239708e+02   4.09290015e+03
   4.27070770e+02   1.09366467e+03   9.10705859e+04   4.64074883e+04
   1.42733105e+03   4.13215088e+02   6.50194531e+03   1.55794418e+02
   3.00399219e+03   1.83457202e+03   0.00000000e+00   1.00762360e+02
   1.45607041e+04   5.57162031e+04   1.55673828e+03   1.12725645e+04
   1.70754227e+02   4.04519609e+04   1.04206362e+01   5.92209082e+03
   1.50854553e+03   8.97390547e+04   3.56274445e+02   2.93842505e+03
   7.46867294e+01   3.98258759e+02   2.86272363e+03   1.38225420e+04
   2.14625781e+04   4.87334326e+03   7.72414017e+00   1.08452148e+03
   5.55050415e+02   1.67024922e+04   3.40731445e+04   3.92992236e+03
   6.33472305e+04   4.83890332e+03   1.87862062e+00   3.38865519e+00
   1.41490459e+04   6.56500439e+03   1.17725391e+03   4.32025684e+03
   3.70645728e+03   1.57686195e+01   6.18608398e+02   3.03185571e+03
   1.95952316e+02   1.55879187e+03   1.80700156e+04   1.25273125e+04
   4.21980322e+03   2.71050472e+01   7.65843984e+04   1.13557214e+03
   7.21128174e+03   1.99424095e+01   9.77294043e+03   5.05119476e+02
   2.12538501e+03   7.94419189e+03   1.37169556e+02   0.00000000e+00
   4.19416046e+02   1.76231445e+03   6.32953711e+03   4.92982941e+02
   1.05041772e+03   5.03435669e+02   1.26859070e+03   2.38265918e+03
   4.68169385e+03   3.73514531e+04   5.48523926e+02   1.86115280e-01
   1.77540234e+03   1.34729279e+02   4.43302832e+03   2.89862344e+04
   7.34067322e+02   2.28845917e+02   1.25980200e+03   3.75292578e+03
   2.51392773e+03   7.87733948e+02   4.90372930e+04   1.15785811e+04
   8.17126270e+03   9.16141968e+02   2.09259570e+03   4.25602930e+03
   1.52109041e+01   3.59391235e+02   5.34720947e+03   6.12111389e+02
   9.73343079e+02   3.44453613e+02   0.00000000e+00   3.83728577e+02
   2.50444126e+00   0.00000000e+00   2.47413691e+04   0.00000000e+00
   2.34688973e+00   1.31970178e+03   0.00000000e+00   4.72716125e+02
   4.25927783e+03   1.65034485e+03   3.69450684e+03   1.36403650e+03
   6.16678047e+04   1.80230098e+04   1.22854041e+03   6.65814600e+03
   2.88260223e+02   2.11062422e+04   1.62188311e+04   1.59662125e+02
   7.00325134e+02   6.14694557e+01   6.59629639e+02   1.16592783e+04
   2.12739136e+03   1.75454361e+02   6.69963318e+02   0.00000000e+00
   9.43491602e+03   1.06984482e+04   1.13517554e+03   4.87002686e+02
   2.05934982e+02   3.62046173e+02   4.58465820e+04   4.52381992e+00
   4.64874817e+02   3.97611275e+01   1.11415711e+05   7.61846973e+03
   4.65129608e+02   7.92771545e+02   3.79937601e+00   6.05725244e+03
   5.11149658e+02   3.80724823e+02   8.59445312e+02   4.68271094e+03
   9.83526367e+02   2.11561182e+03   2.47704029e+01   4.01277008e+02
   2.83745142e+03   9.94674922e+04   1.32547638e+02   6.22146851e+02
   0.00000000e+00   1.80053125e+04   6.04504443e+03   5.43697607e+03]
[  8.68010712e+01   1.22986934e+04   9.01955017e+02   1.84169153e+03
   1.28041125e+03   2.43197754e+04   2.43215866e+02   1.74325352e+04
   6.74820117e+03   3.19413613e+04   1.70980444e+03   1.36144241e+02
   3.97895947e+03   2.40928633e+04   5.23709570e+03   5.12747253e+02
   2.33208545e+03   1.42125427e+03   4.60819180e+04   3.71079987e+02
   0.00000000e+00   3.85017725e+03   3.23248932e+02   6.44180908e+02
   1.45603271e+04   4.93246651e+01   1.19449697e+04   4.08936501e+01
   6.61897339e+02   3.65641431e+03   2.70376660e+03   2.50819995e+03
   3.99821997e+03   0.00000000e+00   6.94135889e+03   1.58201385e+02
   1.03931897e+03   6.61784844e+04   5.32472551e-01   4.97723633e+03
   5.74910303e+03   9.15227509e+01   7.25232029e+00   3.27464874e+02
   1.24026660e+04   2.36827637e+02   4.88766699e+03   1.75764336e+04
   2.52146072e+02   9.07856369e+01   6.76263062e+02   4.44221985e+02
   7.62113724e+01   1.46047383e+04   8.50548926e+03   2.95784902e+04
   1.00018164e+03   9.98036328e+03   3.00168438e+01   3.54601880e+03
   2.00101917e+03   2.03689380e+03   1.80004700e+03   4.23533081e+02
   2.28827515e+03   8.04106995e+02   5.74130745e+01   1.08017189e+02
   1.65606567e+02   1.24496603e+01   8.14513184e+02   1.89345410e+04
   2.17622129e+04   1.20163933e+02   1.89602344e+04   4.64288483e+01
   3.64299240e+01   1.69041077e+02   2.70366394e+02   1.71502188e+04
   6.12861389e+02   4.51655469e+04   2.41859277e+04   1.37745215e+04
   7.78059922e+04   1.48136246e+02   3.02208862e+03   1.51312021e+04
   1.20005010e+04   3.53407500e+04   1.64394436e+01   3.56346460e+03
   5.72044556e+02   9.83928125e+03   1.06509009e+03   1.42525898e+04
   2.93606914e+04   2.75562572e+00   1.42489766e+04   8.19690796e+02
   1.91498165e+01   1.24649658e+03   6.39324455e+01   7.08385986e+03
   0.00000000e+00   2.61700401e+01   9.80331665e+02   2.15165820e+04
   9.66584492e+00   2.69712188e+04   4.45439697e+02   5.57208672e+04
   4.25688818e+03   5.28195839e+01   6.70543003e+00   1.02910022e+03
   3.49170105e+02   2.39750059e+04   1.17230847e+03   7.49024353e+01
   2.40283489e+00   1.02923413e+03   1.10347119e+04   7.75965576e+01
   5.95389465e+02   1.03409658e+04   4.44283142e+02   6.41212082e+01
   3.03880646e+02   1.42165894e+02   2.17725723e+04   1.16210986e+03
   1.69775970e+02   5.26970801e+03   1.39493298e+03   8.00974707e+03
   2.94757207e+04   0.00000000e+00   2.97159748e+01   5.53919495e+02
   0.00000000e+00   9.10892868e+01   8.06200256e+02   2.26972870e+02
   1.39115906e+02   3.58577637e+03   3.29620337e+03   3.00656652e+00
   4.17692169e+02   5.06465742e+04   9.01098633e+01   1.65799707e+03
   1.15900366e+03   3.51547241e+03   2.72326019e+02   1.87544082e+04
   2.14187584e+01   4.86625427e+02   6.76811890e+02   1.48454092e+04
   2.96276398e+02   1.47500595e+02   2.41418823e+02   5.64086151e+01
   5.21668438e+04   4.35831451e+01   1.73497955e+02   8.97770813e+02
   6.69974951e+03   1.56846982e+04   0.00000000e+00   1.78113823e+01
   7.20503174e+03   5.60425476e+02   5.53753319e+01   4.99309668e+03
   3.88995859e+04   7.46865601e+02   3.99764414e+04   2.87458984e+03
   2.22684082e+04   2.85353066e+04   1.15726500e+01   5.36730713e+03
   1.69622839e+03   1.58228838e+00   3.50454468e+03   4.57633008e+03
   6.42170954e+00   6.40815735e+02   2.72658264e+02   1.90322510e+02
   1.70663391e+03   1.10126826e+04   9.22377380e+02   1.33224961e+04
   1.71544946e+03   3.37698395e+02   3.68671967e+02   3.77436865e+03
   4.86856543e+03   7.56153442e+02   6.70219177e+02   0.00000000e+00
   3.97441968e+03   2.34875336e+02   2.72523804e+03   4.58068652e+03
   6.34735840e+03   5.55954844e+04   1.93385330e+02   1.17406592e+03
   7.58936963e+03   3.93217896e+03   8.99413757e+01   1.48144268e+04
   7.81708906e+04   3.41149170e+02   6.83995911e+02   5.83311523e+03
   1.78791621e+04   2.41878494e+02   6.35905495e+01   9.82615112e+02
   2.17731918e+02   5.90032310e+01   3.73464722e+02   1.09568817e+02
   2.99287109e+02   1.57405838e+02   2.86658611e+01   1.68257236e+01
   3.35935883e+02   2.85434189e+01   1.37919617e+02   5.38970490e+01
   7.11357117e+01   4.85676636e+02   1.15593103e+03   1.38872467e+02
   1.90000200e+00   1.54811020e+02   1.71368530e+03   2.64563125e+04
   3.69263164e+04   9.83356738e+03   9.49497986e+01   2.77096387e+03
   1.42278643e+01   1.78956726e+03   2.74424408e+02   3.77549438e+01
   9.67893750e+03   1.50219714e+03   5.05438375e+00   8.72434692e+01
   4.55231348e+03   1.48639832e+02   1.03187109e+03   1.55317001e+02
   7.62352051e+02   1.48143689e+03   6.39935974e+02   1.47197380e+01
   3.55517539e+04   2.27839038e+03   2.43452520e+04   4.88079590e+03
   2.22425366e+03   5.05939913e+00   1.16213501e+02   2.02321716e+03
   1.64089554e+02   7.43413696e+01   3.60467227e+04   5.63682617e+02
   5.97832275e+02   7.45393311e+02   6.44369141e+03   4.18465967e+03
   2.87972290e+02   1.69300827e+02   1.29182666e+03   7.97641562e+04
   5.15507202e+02   1.99975671e+03   8.01531299e+03   1.50365692e+02
   2.44849945e+02   1.70425039e+04   1.39025452e+03   1.05888062e+03
   1.99990195e+04   1.50385657e+03   1.41320084e+02   7.70449768e+02
   1.13111841e+03   1.51418909e+03   5.89300195e+03   3.68889046e+01
   1.83003979e+01   4.87103882e+02   6.12048975e+03   4.64174316e+02
   2.29279141e+04   5.82783984e+04   1.44070532e+03   5.80378113e+02
   1.86269885e+03   2.68558691e+03   3.47417378e+00   4.79809863e+03
   1.39027849e-01   3.21724805e+03   2.75094312e+03   1.58398857e+04
   8.74873718e+02   5.95682422e+03   2.24094849e+02   6.33998535e+03
   1.29180312e+04   2.95456680e+04   1.21691699e+03   2.04513848e+04
   7.90007324e+01   1.09536475e+03   2.60359985e+03   1.51581702e+03
   1.91541443e+03   2.40652939e+02   8.52949414e+03   3.77082715e+03
   0.00000000e+00   4.14153955e+03   1.05595047e+02   1.81964514e+03
   1.82011475e+02   1.62446650e+04   1.00297937e+03   2.67245215e+04
   4.25737227e+04   2.20569971e+03   2.27077179e+02   1.94694595e+02
   8.01925755e+00   2.72831238e+02   3.96422305e+04   3.05856659e+02
   5.43900049e+03   7.09007080e+03   3.30298071e+03   6.25818633e+04
   3.30160309e+02   2.52455200e+03   7.31704163e+02   1.02275406e+02
   1.42543516e+04   3.50076440e+03   1.63013564e+04   5.51640511e+00
   5.23531992e+04   4.27795471e+02   3.19128027e+04   4.12509277e+02
   1.33683965e+04   2.87053009e+02   3.45760231e+01   3.47112744e+03
   2.84991302e+02   2.18578027e+03   5.17766052e+02   1.46728467e+03
   2.08016556e+02   7.68600439e+03   4.35442719e+02   1.01252648e+05
   2.20341348e+04   2.16139355e+03   7.11059717e+03   2.70509546e+03
   1.09171379e+02   1.42666141e+05   9.88578809e+03   3.37385864e+02
   4.36731873e+02   9.00336914e+03   3.55245605e+02   3.65499353e+00
   1.22083655e+03   4.64523773e+02   6.05900625e+04   3.27647266e+03
   2.59554053e+03   3.81509297e+04   6.31046992e+04   1.60542816e+02
   5.66176109e+01   1.47882275e+04   3.85881470e+03   6.71575244e+03
   2.38281616e+02   1.62212119e+04   3.50674683e+03   3.72903198e+03
   3.23519921e+00   3.94924453e+04   9.46461182e+01   2.59645752e+02
   7.93518677e+02   3.56457715e+03   1.70180542e+03   1.00182412e+04
   1.16735498e+04   1.83838025e+03   1.51548267e+03   0.00000000e+00
   2.57208716e+03   5.43735924e+01   0.00000000e+00   1.60593460e+02
   3.61269928e+02   1.92327090e+04   8.48791602e+03   3.33595157e+00
   6.62108215e+02   2.47917603e+03   9.29342468e+02   7.89051285e+01
   3.14810449e+03   7.19466260e+03   5.11452031e+04   5.11497925e+02
   1.24371104e+04   2.08793015e+02   8.25000458e+01   2.02080551e+02
   1.31350479e+02   2.48023071e+01   2.08390957e+04   2.38362932e+00
   6.61971741e+01   6.26552086e+01   2.30076065e+02   3.59762812e+00
   1.75126781e+01   1.59773066e+04   9.64812500e+02   2.31638016e+02
   1.53158972e+03   3.45864414e+04   2.28580978e+02   5.17607056e+02
   1.18622330e+02   1.32077438e+05   1.98460059e+04   2.35649633e+00
   7.61805225e+03   6.41861816e+03   2.44030449e+04   1.63529482e+04
   2.21117871e+04   1.30410059e+04   9.86437402e+03   9.62977844e+02
   1.36781211e+04   2.89561304e+03   3.78124023e+02   4.79595154e+02
   2.96721313e+02   1.59572403e+02   1.61656211e+04   1.18644941e+04
   2.07076426e+04   1.33702051e+04   9.74500427e+02   3.91736145e+02
   7.90971313e+02   1.03517090e+03   5.22512573e+02   2.36827520e+04
   2.99320044e+03   4.08261261e+01   8.84411133e+03   1.58125381e+02
   3.00787711e+00   0.00000000e+00   3.74133105e+03   1.09751587e+03
   2.05659326e+03   3.42806445e+03   3.04116699e+04   2.19792266e+04
   1.05573896e+04   3.34982544e+03   1.26157021e+02   1.42452771e+03
   2.18273657e+03   2.21152252e+02   1.43432739e+03   1.04412363e+04
   1.92163066e+04   2.21601738e+04   1.61442890e+01   1.99225110e+03
   1.80383184e+04   1.80793633e+04   2.96260956e+02   6.53111649e+01
   9.08759888e+02   6.37265015e+01   4.49319496e+01   1.38497803e+04]
[  1.98377502e+02   3.30496836e+00   0.00000000e+00   5.23850098e+03
   1.39791611e+02   1.25968428e+01   0.00000000e+00   7.40959549e+00
   2.21972687e+02   9.71251526e+01   1.01504269e+01   4.80068359e+02
   1.86220951e+01   9.88867950e+00   7.91629106e-02   0.00000000e+00
   0.00000000e+00   3.97017059e+02   0.00000000e+00   0.00000000e+00
   2.79327484e+02   1.38087217e+04   4.79480908e+03   1.49087936e+02
   9.90713596e+00   0.00000000e+00   6.19332016e-01   1.88822058e+03
   1.81626770e+02   1.16300781e+03   6.35409131e+03   4.65431519e+02
   1.61340454e+03   1.45435867e+02   1.34031212e+00   2.76240674e+03
   5.33537483e+00   9.22912402e+03   1.33058545e+03   1.87046814e+03
   7.06265967e+03   2.27173233e+01   2.71056226e+03   1.22586938e+03
   1.59594707e+01   0.00000000e+00   1.47143762e+03   1.48735474e+02
   1.14894714e+01   2.39675117e+00   1.57826319e+01   1.94967896e+03
   0.00000000e+00   5.31869507e+01   2.08427933e+02   9.51671600e+01
   4.96298438e+03   1.04865067e+02   0.00000000e+00   6.18615906e+02
   3.60822021e+02   1.23761630e+00   1.44174061e+01   6.38220337e+02
   5.39851379e+01   1.95777307e+03   3.05680561e+01   0.00000000e+00
   3.34702637e+02   1.16630688e+03   3.94339569e+02   3.17708817e+01
   1.83092270e+01   1.84496536e+02   3.26612139e+00   1.04068921e+03
   2.35989952e+00   1.16241724e+03   2.75093699e+00   4.50576019e+01
   0.00000000e+00   1.13879402e+02   4.46283661e+02   8.95611755e+02
   1.30398722e+01   2.94318676e+00   2.92601757e+01   6.78673697e+00
   1.29751660e+04   2.64947601e+02   1.13317080e+04   2.58321320e+02
   1.07744121e+04   6.26339783e+02   6.09590299e-02   5.78269592e+02
   1.15898916e+04   2.60912490e+00   3.94024536e+03   1.69013199e+02
   1.19674133e+03   2.58768177e+01   2.18793030e+01   6.68541610e-01
   1.13472998e+03   1.58470203e+03   0.00000000e+00   4.88926056e+02
   1.15251513e+01   0.00000000e+00   7.42675209e+00   2.07971024e+02
   4.30997070e+03   4.56873535e+03   3.48411903e+01   0.00000000e+00
   9.43854126e+02   1.28168384e+03   0.00000000e+00   1.15564407e+02
   0.00000000e+00   6.00307190e+02   1.64087200e+00   6.22621107e+00
   3.77741394e+01   0.00000000e+00   1.18803434e+01   0.00000000e+00
   8.65756302e+01   8.84649048e+02   6.60767029e+02   8.49794922e+02
   0.00000000e+00   2.51794052e+01   3.57692322e+02   4.13773804e+01
   1.34699980e+04   4.73663757e+02   6.00899048e+01   2.24482635e+02
   3.38423853e+03   3.23976822e+01   9.88211365e+01   3.40601123e+03
   1.35004358e+01   0.00000000e+00   2.19071865e+01   3.23344111e+00
   9.33910751e+00   0.00000000e+00   2.57954486e-02   4.58043137e+01
   5.75886230e+01   6.64126682e+00   4.96205177e+01   7.96307182e+00
   3.21262573e+02   3.21644173e+01   6.28133237e-01   4.47205353e+01
   2.43022705e+02   3.18618698e+01   1.35962832e+04   2.01067151e+03
   3.28663623e+03   8.46740234e+03   0.00000000e+00   2.91670410e+03
   6.81060486e+02   5.22330273e+03   2.00791031e-01   1.68699475e+03
   7.92461853e+01   5.97590027e+02   2.97566452e+01   8.92426252e-01
   1.32592606e+02   2.73433423e+00   2.43056946e+02   0.00000000e+00
   5.42671204e+01   1.61722632e+03   0.00000000e+00   1.72008521e+03
   1.35728455e+02   4.02030884e+03   2.08441963e+01   2.71033001e+00
   2.72325342e+03   5.82056396e+02   2.46416111e+01   1.51489010e+01
   1.01622644e+03   4.28603394e+02   3.05239136e+02   1.51507004e+02
   4.20495224e+00   1.33750696e+03   1.92099915e+03   7.21488330e+03
   3.35827675e+01   1.39379297e+04   9.62753677e+00   1.48118172e+01
   1.84198044e+02   9.92871552e+01   6.05157654e+02   1.32471814e+03
   0.00000000e+00   3.04869141e+03   3.79798608e+03   6.51748535e+02
   2.81944442e+00   3.61068010e+00   6.33669319e+01   4.39872559e+03
   2.12916992e+02   6.15953484e+01   4.31208181e+00   1.48784012e+02
   1.27057755e+02   4.34371826e+02   5.73504639e+02   3.00893474e+00
   5.41596631e+03   5.38765137e+03   4.51628637e+00   6.70962393e-01
   6.89515233e-01   7.27703064e+02   8.83342896e+01   4.27058014e+02
   2.26379074e+02   7.81350403e+02   1.16787549e+03   6.82463531e+01
   2.25251617e+01   7.74390381e+03   0.00000000e+00   8.77269226e+02
   0.00000000e+00   1.07395859e+04   4.53878174e+01   3.73500884e-01
   0.00000000e+00   4.33564636e+02   7.59227100e+03   0.00000000e+00
   2.67983484e+00   1.22031918e+01   4.42724854e+03   8.33864517e+01
   4.06416016e+01   4.49045685e+02   9.05408478e+00   1.38908398e+03
   2.44483130e+03   8.43705215e+01   5.63976431e+00   1.10953848e+04
   3.55567908e+00   1.23394333e+02   0.00000000e+00   0.00000000e+00
   0.00000000e+00   0.00000000e+00   5.46483469e+00   1.13473145e+03
   1.02899585e+03   5.98129416e+00   1.98240316e+00   1.38778040e+03
   9.86279869e+00   8.51196777e+03   3.29500513e+03   4.82093124e+01
   5.78107715e+03   7.63553543e+01   8.43351822e+01   4.18141270e+00
   1.01974144e+01   1.09577795e+03   9.45294141e+03   1.81433609e+02
   4.76272047e-01   2.23401581e+02   2.04556885e+03   1.17586380e+02
   0.00000000e+00   0.00000000e+00   1.75933914e+02   1.16966748e+03
   1.05863672e+03   2.48563065e+02   0.00000000e+00   5.88036895e-01
   1.35033615e+02   2.03003754e+02   2.87381554e+00   3.14517174e+01
   6.76921631e+02   2.56918976e+02   6.93198096e+03   0.00000000e+00
   4.44053284e+02   4.98060077e-01   8.02299271e+01   0.00000000e+00
   9.72906055e+03   0.00000000e+00   9.84537402e+03   6.72118225e+01
   6.06172142e+01   0.00000000e+00   8.08855176e-01   5.82316260e+03
   2.53830713e+03   5.03974170e+03   7.08122131e+02   1.67542130e+02
   3.29004907e+03   1.05456314e+02   7.07300425e-01   1.86847214e+02
   2.84450470e+02   0.00000000e+00   8.63341980e+01   7.89982834e+01
   2.09391312e+02   7.79734116e+01   1.40647774e+01   7.75771875e+03
   2.29859657e+01   6.54774292e+02   2.90195160e+02   1.86383386e+03
   6.57643372e+02   2.28045923e+03   4.98476416e+03   1.45050674e+02
   1.79038904e+03   0.00000000e+00   9.24884033e+01   3.87748218e+00
   1.20475281e+03   8.96752298e-01   4.20712012e+03   2.82627716e+02
   7.57177307e+02   1.25437279e+01   3.93455772e+01   3.65188643e-02
   4.11368652e+03   3.08908157e+01   0.00000000e+00   1.34033661e+02
   1.04291035e+04   3.83442432e+03   7.33959082e+03   1.07053566e+01
   1.14017601e+01   0.00000000e+00   3.46578598e+01   2.30349106e+02
   8.21561279e+02   1.51138248e+01   0.00000000e+00   2.62616791e+02
   1.52810883e+02   0.00000000e+00   1.32553772e+02   2.77803906e+03
   4.84113026e+00   2.80582245e+02   2.85218620e+01   5.46230278e+01
   4.25480461e+00   1.11824379e+01   3.53523750e+01   4.18342972e+01
   7.33071213e+01   1.13030527e+04   7.03252983e+00   7.01096729e+03
   2.60440308e+03   1.94836426e+03   1.87544702e+03   1.46914642e+02
   2.12851489e+03   8.07460205e+02   2.44724167e+02   1.44662361e+01
   1.49086914e+02   0.00000000e+00   2.83748871e+02   2.39368486e+00
   0.00000000e+00   9.70566630e-01   8.93776093e+01   2.35481293e+02
   6.57552872e+01   1.60000378e+03   5.96651514e+03   2.05730934e+01
   1.13506325e+02   6.03101311e+01   2.96590546e+02   1.15732231e+01
   7.19407415e+00   1.12281953e+04   2.06728592e+01   6.67202473e+00
   2.88992367e+01   7.66757202e+02   3.61849878e+03   1.71652435e+02
   5.15200879e+03   1.16699921e+02   3.01228476e+00   0.00000000e+00
   1.03397715e+04   7.81608704e+02   8.54747086e+01   1.73357124e+01
   3.05491241e+02   1.77444290e+02   1.47469914e+00   2.30543976e+01
   9.97838593e+00   1.40405249e+03   2.58533276e+03   2.82158127e+01
   3.60833344e+02   2.11588257e+03   9.04166504e+02   1.10549307e+01
   2.01061082e+00   2.19822900e+03   9.46234473e+03   6.46022568e+01
   1.13680410e+01   2.65608048e+00   1.99229813e+01   1.29677383e+02
   4.13115273e+01   1.09975064e+00   6.28167725e+03   6.79036523e+03
   9.72886719e+03   2.48748922e+00   8.57504654e+01   1.89967453e+02
   1.40482471e+03   2.34461379e+00   7.40889526e+02   9.17344604e+02
   9.68021317e+01   1.19411084e+04   1.86845551e+02   1.94963477e+03
   2.69326186e+00   4.89818207e+02   1.72991586e+00   3.77405548e+01
   7.57648975e+03   2.34813571e-01   1.54571793e+02   0.00000000e+00
   0.00000000e+00   4.87603760e+02   3.72786743e+02   1.22237051e+00
   2.02740677e+02   5.43531689e+03   0.00000000e+00   2.72989722e+03
   3.99262695e+02   5.85402954e+02   2.62402441e+03   1.01058228e+02
   6.56083496e+03   1.93762009e+02   9.91058044e+01   6.57330399e+01
   8.52323990e+01   1.29572327e+03   4.13611488e+01   3.09964795e+03
   1.45114546e+01   2.67258549e+00   9.23992538e+00   2.34899072e+03
   1.26259636e+02   2.63996410e+01   4.10000114e+01   0.00000000e+00
   1.40018970e+03   4.91180206e+02   3.44366150e+02   8.60587988e+03
   1.83529144e+02   7.31502380e+01   3.34563623e+03   6.76108691e+03
   0.00000000e+00   4.82977441e+03   9.26665497e+00   4.29989967e+01
   2.68969846e+00   9.17036816e+03   2.98264098e+00   3.29622879e+01]
[  1.18748789e+01   5.56124817e+02   1.73979721e+02   2.61001709e+02
   2.18796112e+02   1.16065015e+03   3.84903984e+01   2.46037354e+02
   1.58561859e+02   2.39527092e+01   1.78779553e+03   1.02479724e+03
   5.59611914e+03   6.52620163e+01   4.69770166e+03   6.86028748e+01
   3.04627776e-01   1.70303879e+02   8.62362366e+02   3.18931732e+02
   1.16139107e+02   1.12876671e+02   5.51153564e+03   1.31290649e+02
   1.90056168e+02   3.17479420e+01   9.42008877e+00   7.14888535e+01
   3.86733984e+03   3.04587440e+01   4.35575247e+00   2.64472771e+01
   5.33137207e+03   1.67800629e+02   2.87551670e+01   1.29786450e+03
   5.77277197e+03   4.96603966e-01   2.61421531e-01   1.78577380e+03
   3.85658838e+03   9.96097534e+02   1.92951465e+00   1.17557883e+00
   3.43610978e+00   5.91779053e+02   1.50912256e+03   1.29903992e+02
   1.14168110e+01   3.83091698e+01   7.57956696e+01   1.06405586e+02
   1.41014062e+03   7.89396362e+02   7.17154724e+02   5.60945850e+03
   1.27561359e+01   3.32070923e+00   1.91347046e+03   3.93512085e+03
   2.40226367e+03   3.23324615e+02   6.45174219e+03   6.03662014e+00
   1.23757820e+01   5.01158478e+02   6.94713821e+01   2.53620682e+02
   1.93975182e+01   7.13925049e+02   1.49822009e+03   2.49420959e+02
   1.05964272e+02   3.55177498e+01   1.38314301e+02   1.11667627e+03
   9.83415833e+01   4.90380554e+02   3.73790259e+03   1.38809264e+00
   1.55702572e+01   9.21794968e+01   1.48719580e+03   6.71795797e+00
   1.20516016e+03   3.30779663e+03   1.61144043e+02   8.74854279e+01
   4.35514746e+03   4.49380981e+02   2.44673569e+02   2.64069702e+02
   0.00000000e+00   3.40718042e+03   4.58450747e+00   1.62950134e+01
   3.53074066e+02   3.07555371e+03   1.51456772e+02   1.64787197e+01
   3.15453644e+01   5.05888710e+01   2.62716827e+01   4.33144798e+01
   1.29117371e+03   0.00000000e+00   1.44721375e+02   6.89307959e+03
   3.15092798e+03   1.99761444e+02   6.55674377e+02   4.72285957e+01
   1.00229749e+03   1.35149780e+03   6.48730713e+02   0.00000000e+00
   1.67827560e+02   1.38595932e+02   2.55753149e+03   1.00826355e+02
   8.15091553e+01   2.20426611e+03   4.23596144e+00   1.18014231e+01
   5.08203049e+01   4.68783722e+02   1.55376511e+02   1.07254684e+02
   3.73882495e+03   1.26528454e+00   3.12419098e+02   2.52388110e+03
   1.14744873e+03   5.91070023e+01   4.84424463e+03   2.39282322e+01
   3.97190399e+01   1.19486267e+02   1.16408752e+02   1.46155047e+00
   3.62183545e+03   0.00000000e+00   6.12601807e+02   1.44746902e+02
   4.39232086e+02   5.76950645e+00   9.28085208e-01   9.47902966e+00
   5.01931667e-01   3.88602257e+01   1.89156103e+00   5.92703857e+02
   2.57172668e+02   2.47530884e+03   1.11773834e+02   7.98338257e+02
   7.29581421e+02   2.52932620e+00   1.70391748e+03   3.05090302e+02
   6.86579651e+02   2.12760034e+03   1.69106216e+01   4.76477722e+02
   3.50800513e+03   1.52726538e+03   1.60848892e+02   4.27833672e+01
   1.26573051e+02   1.49890869e+03   4.12884155e+02   1.31953382e+00
   4.66594666e+02   3.02173734e+00   1.74368916e+01   1.70266420e-01
   3.79134483e+01   4.37556348e+03   1.30718323e+02   5.14858894e+01
   4.32401161e+01   5.43424873e+01   6.18547440e+00   7.76416702e+01
   1.76728735e+03   8.66433755e-02   8.76740494e+01   4.91184044e+00
   6.84228277e+00   1.15076340e+02   6.32429695e+00   1.48088348e+02
   3.79130249e+01   2.38165359e+02   3.58847839e+02   2.86500793e+02
   1.03856483e+02   3.74463348e+01   7.32931061e+01   3.31730080e+01
   1.14866089e+02   4.79098053e+02   8.75416470e+00   8.16281796e+00
   1.24957533e+01   7.25633545e+01   2.35994601e+00   1.80373230e+02
   2.30880451e+01   3.05919113e+01   2.66348071e+03   9.04153061e+01
   0.00000000e+00   0.00000000e+00   6.89560165e+01   1.92162903e+02
   5.60640678e+01   5.80428223e+02   2.64216461e+02   6.01916962e+01
   5.13583008e+02   9.24661621e+02   1.12317375e+02   7.67265991e+02
   9.54258347e+01   6.24444427e+01   2.75347998e+03   7.27147751e+01
   3.95918481e+03   3.90547095e+03   3.07511084e+03   1.54217346e+02
   0.00000000e+00   1.32068436e+02   3.23830292e+02   1.64762610e+03
   1.14764514e+03   3.51270409e+01   3.58963892e+03   4.90714081e+02
   1.41842010e+02   3.43039970e+01   9.30570801e+02   0.00000000e+00
   6.26715698e+02   1.89635364e+03   5.94577637e+02   0.00000000e+00
   1.01954669e+03   1.83117638e+01   5.10851502e-01   4.93777649e+02
   1.36343848e+03   2.51979023e-01   5.56685400e+00   6.47056348e+03
   4.77766216e-01   2.09197845e+02   1.81777435e+02   1.48304977e+02
   4.04277881e+03   0.00000000e+00   5.20569336e+03   3.36569290e+01
   1.01259875e+00   4.40009827e+02   6.09853455e+02   9.85652161e+02
   2.23889446e+01   8.56210999e+02   9.46968994e+01   6.04674805e+02
   7.93658663e-03   0.00000000e+00   1.65618500e+02   2.42451401e+01
   8.55325394e+01   1.32062103e+02   6.32186340e+02   9.65040955e+02
   3.90218735e+00   2.60818729e+01   3.25179395e+03   3.46579590e+01
   1.35543197e-01   1.97947217e+03   3.02166168e+02   0.00000000e+00
   3.34282422e+03   1.56779526e+02   2.21654663e+01   0.00000000e+00
   8.19612732e+02   1.52680130e+02   5.68730811e+03   1.41994843e+02
   1.13031970e+03   5.05472260e+02   2.48313885e+01   7.30441406e+02
   3.02724048e+03   2.23973950e+03   2.48944712e+00   2.00231147e+00
   3.61632007e+03   3.27581250e+03   5.65084131e+03   5.63373169e+02
   9.95030761e-01   1.00181158e+03   5.25699097e+02   1.23509438e+02
   4.24831486e+00   3.14302578e+01   2.18058319e+02   5.59157715e+02
   1.89430359e+03   2.34386108e+02   2.18517410e+02   0.00000000e+00
   1.03379097e+01   1.49153027e+03   9.58300018e+01   2.47115649e+03
   1.58367491e+01   2.37005035e+02   4.04516640e+01   0.00000000e+00
   2.73944283e+01   4.06700531e+02   4.66929197e+00   1.46551895e+01
   4.25241699e+01   2.03972656e+02   1.96767532e+02   1.12184381e+01
   8.38837036e+02   1.10339890e+01   2.96716614e+02   1.73879504e+03
   1.89782861e+03   2.50704126e+03   9.27797668e+02   4.88095999e+00
   1.40118713e+02   7.42787231e+02   2.79040381e+03   1.14118011e+02
   3.03113117e+01   3.14651685e+03   7.34081879e+01   0.00000000e+00
   4.11910449e+03   1.62820225e+01   1.37139526e+03   1.01634922e+01
   3.19903857e+03   5.52542358e+02   4.76544418e+01   7.36694336e+01
   8.95217361e+01   1.11221361e+00   3.63262787e+02   1.09225391e+03
   2.02677185e+03   5.00869632e-01   2.16759460e+02   6.70601807e+01
   8.40406570e+01   1.36104574e+01   7.18320215e+03   3.88472259e-01
   7.29861389e+02   1.38919409e+03   0.00000000e+00   4.03480927e+02
   8.18265259e+02   7.05984375e+03   1.34070297e+02   3.22730896e+02
   1.00811804e+03   2.11496506e+02   1.94909256e+02   2.45704556e+00
   1.11798653e+02   4.49345779e+01   1.05778748e+02   2.36300926e+01
   9.85629150e+02   2.63308048e+01   5.00036328e+03   2.45814095e+01
   6.79466858e+02   3.48077736e+01   1.26844764e+00   1.91075989e+02
   4.43162384e+01   1.98619904e+02   1.79309814e+02   1.96204330e+02
   3.75478394e+03   2.51360046e+02   2.60488312e+02   3.09632324e+03
   4.14228955e+03   2.24915939e+02   8.47239380e+02   1.14630194e+01
   5.83199272e+01   7.88191406e+03   1.03504692e+02   1.60678064e+03
   7.47281189e+01   5.48520565e+00   6.89568329e+01   0.00000000e+00
   3.73163147e+02   3.97106641e+03   1.58936572e+03   3.28157544e+03
   1.63954407e+02   2.38979740e+01   1.24126999e+02   3.52766812e-01
   1.14656776e+02   2.39218597e+01   2.62043823e+02   2.56134473e+03
   1.47196082e+03   8.83110413e+02   7.11986182e+03   2.09336109e+01
   2.23990051e+02   2.26321680e+03   5.33616524e+01   6.18460205e+02
   3.46121558e+03   7.76051102e+01   3.18432312e+02   2.92561615e+02
   5.81937218e+01   4.99148458e-01   6.07272377e+01   5.90960770e+01
   3.80684540e+02   2.55118378e+02   1.00661331e+02   1.07553177e-01
   3.68776093e+01   2.94115696e+01   0.00000000e+00   8.62557434e+02
   5.88851953e+03   1.49354028e+03   5.66589584e+01   8.89377686e+02
   6.72186084e+03   5.66627319e+02   1.08540686e+03   1.46732593e+00
   4.84174713e+02   1.07181053e+02   1.42430511e+02   0.00000000e+00
   1.59802515e+03   1.23575940e+03   1.56114899e+02   6.19860742e+03
   7.89769824e+03   1.03089001e+03   5.55961020e-03   5.79665489e+01
   1.70291176e+01   3.03587372e+02   4.74931755e+01   4.06794952e+02
   6.15559631e+02   3.65731478e+00   4.26904411e+01   1.64793313e+00
   2.98669769e+02   2.38577246e+03   1.37142456e+02   1.41130640e+03
   7.87729034e+01   0.00000000e+00   6.30831861e+00   5.54394824e+03
   6.16641045e+00   9.18321228e+01   1.10755896e+03   2.03718176e+03
   0.00000000e+00   0.00000000e+00   6.78392273e+02   5.52193031e+01
   1.95875988e+01   1.06186523e+03   5.64873657e+02   4.92152002e+03
   2.82752563e+03   6.80246277e+01   5.30016907e+02   3.97882471e+03
   1.23006691e+02   0.00000000e+00   2.49587830e+02   4.66523145e+03
   9.26728287e+01   2.09642944e+02   1.58443527e+02   4.54321094e+03]
[  6.30349487e+02   2.57484913e+01   1.44561744e+00   3.26604347e+01
   2.73605957e+01   2.14304565e+03   1.91530056e+01   9.75447311e+01
   4.72541380e+00   9.30363464e+02   1.26212919e+00   9.41425323e+01
   4.59257568e+02   1.83380347e+03   3.35110809e+02   0.00000000e+00
   2.98896904e+01   3.23973267e+02   1.75180191e+02   1.16951489e+00
   4.64485588e+01   5.66851616e-01   1.88851654e+02   5.96483887e+02
   6.52290463e-01   2.66870880e+01   2.39746785e+00   2.50857334e+01
   1.13176804e+01   2.02973511e+02   6.00053787e+01   1.09188974e+00
   1.24756859e+02   3.03207798e+01   2.77867749e+03   1.07194470e+03
   6.17058456e-01   9.39601074e+02   2.25978374e+01   6.42976761e+01
   1.01940641e+01   5.30788612e+01   2.22507038e+01   3.09713078e+01
   8.83666229e+00   1.48368713e+02   3.52990173e+02   2.06830931e+00
   4.57447891e+01   3.20777054e+01   1.01372156e+03   0.00000000e+00
   1.83773994e+01   9.33930206e+01   0.00000000e+00   7.10509644e+01
   1.72541962e+01   9.84762192e+00   9.92790756e+01   3.91524109e+02
   1.09014740e+01   1.44446793e+02   8.14535713e+00   4.09011688e+01
   4.27153168e+01   2.04771156e+01   2.09836349e+02   1.19475698e+01
   1.21967363e+00   7.50020905e+01   2.10731277e+01   1.06479077e+03
   4.10607452e+01   1.18606602e+04   1.76574963e+03   1.79124393e+01
   1.18337936e+01   4.02628975e+01   3.41640244e+01   6.02444220e+00
   9.46156120e+00   2.12507362e+01   2.47296391e+01   1.88480225e+01
   9.87838058e+01   1.06600034e+00   7.16712769e+02   4.11662521e+01
   1.61857529e+02   1.49845123e+01   6.89925385e+01   2.51686001e+01
   1.31795216e+01   8.74406311e+02   3.84033508e+02   1.09076996e+02
   1.30835228e+01   1.54586960e+02   5.07270012e+01   5.63031578e+01
   0.00000000e+00   7.90524063e+01   1.07305824e+02   4.79127836e+00
   9.16823292e+00   6.19991913e+01   4.30355966e-01   6.50362854e+02
   1.55764132e+01   1.04833031e+00   8.80793518e+02   1.83775578e+01
   9.34340286e+00   1.51311600e+02   0.00000000e+00   3.76035333e-01
   1.50230274e+01   2.31195068e+01   1.83600659e+03   8.41377020e-01
   3.43431213e+02   7.16350746e+00   2.63056774e+01   4.44128466e+00
   2.67428017e+00   1.15205293e+04   2.05509949e+00   2.23928280e+01
   1.66064209e+03   1.74943146e+02   2.27694607e+01   1.64302521e+02
   6.55023651e+01   2.28048878e+01   4.21630908e+03   1.08971233e+01
   1.56964035e+01   4.72774267e+00   2.30171118e+03   2.44972782e+01
   4.36980009e+00   7.71130310e+02   9.71284103e+00   1.34454956e+03
   6.30898476e+01   1.72679916e+02   3.51663246e+01   3.24621490e+02
   5.12682739e+02   1.43288364e+01   2.63835945e+01   1.20385719e+02
   8.78003120e+00   4.40040283e+01   8.10141968e+02   4.25467949e+01
   5.46518898e+01   0.00000000e+00   1.73682213e+00   1.57511255e+03
   5.61772900e+03   1.48947961e+03   1.48087645e+01   3.30311737e+01
   5.07174416e+01   5.40575676e+01   3.11750774e+01   1.57551479e+01
   1.57764168e+01   3.09641037e+01   7.08091354e+01   3.17580283e-01
   9.73777103e+00   4.32468811e+02   7.09179020e+00   1.20871109e+02
   5.91645575e+00   1.96623859e+01   5.74361801e+01   1.05788782e+03
   4.70057068e+02   5.32166748e+01   8.02831848e+02   1.26370682e+02
   1.12349533e+02   6.27229309e+01   4.83299446e+00   2.52127975e-01
   3.67774620e+01   1.31648712e+02   3.99422379e+01   6.27439678e-01
   3.99832227e+03   8.27446823e+01   1.79371047e+00   2.08518085e+01
   2.41625843e+01   1.01353775e+02   4.57640305e+01   9.15500183e+02
   7.61369934e+01   1.46151948e+00   1.36680859e+03   3.26102180e+01
   2.80445023e+01   4.14992905e+00   9.47939392e+02   3.87182379e+00
   6.53533249e+01   7.06908386e+02   1.28919464e+02   4.15955448e+00
   3.80616364e+02   5.79032974e+01   1.01998047e+02   3.34942657e+02
   0.00000000e+00   1.48170898e+02   2.95868604e+03   1.44685745e+02
   1.38103142e-01   1.13882179e+01   2.60010452e+01   3.26728745e+01
   9.01919098e+01   1.01519281e+03   1.44669403e+02   2.64826012e+01
   2.13312864e+00   1.54233719e+02   3.77458878e+01   8.61044495e+02
   2.88829376e+02   1.49764978e+03   0.00000000e+00   4.51296180e-01
   1.14748169e+02   1.24647742e+03   3.65397607e+03   4.44682350e+01
   3.77609940e+01   5.28149338e+01   4.93409576e+01   0.00000000e+00
   1.15071144e+01   8.61766100e-01   1.19636145e+03   1.50190220e+01
   6.77368469e+01   4.31080170e+01   7.66390320e+02   2.23998260e+01
   1.31989460e+01   8.19088013e+02   1.05392261e+03   3.13548779e+00
   1.50004211e+02   6.98492279e+01   2.83617236e+03   1.57642166e+02
   6.24120102e+01   1.83397846e+01   2.59547729e+02   5.66299858e+01
   3.21279564e+01   0.00000000e+00   1.34694305e+02   2.73523083e+01
   2.21428490e+00   3.54768105e+01   2.79790991e+03   2.10333359e+02
   6.70921097e+01   1.32400131e+01   1.22972801e+02   3.92614288e+01
   5.88992554e+02   3.41336708e+01   3.03529339e+01   6.94670320e-01
   7.89676575e+02   1.49443665e+02   2.42789173e+01   8.03119995e+02
   3.48144226e+01   4.78288307e+01   9.37320423e+00   2.77189388e+01
   8.13459702e+01   1.29026337e+02   1.47013049e+03   4.18306923e+01
   3.97545662e+01   2.15719185e+01   4.72891579e+01   1.96398117e+02
   1.91105480e+01   9.32389282e+02   8.06390305e+01   3.38284595e+03
   1.22684944e+02   1.05441360e+01   2.42396338e+03   3.95385223e+02
   5.69699402e+01   5.57868286e+02   4.40575066e+01   7.16094421e+02
   1.96469898e+01   1.66555542e+02   1.57354486e+00   1.84957771e+01
   2.44785824e+01   1.20715675e+02   3.49147144e+03   7.54371490e+01
   2.04244775e+03   1.11708373e-01   7.45478394e+02   1.35409958e+02
   9.58255920e+01   2.40939274e+01   9.61712341e+01   1.51122025e+02
   1.61573608e+02   1.53704117e+02   2.29195004e+01   8.44197235e+01
   3.23074150e+00   4.90307846e+01   1.46240413e+00   2.61113777e+01
   0.00000000e+00   2.57568329e+02   6.89908028e+00   4.25819672e+02
   9.65524912e-02   9.45101624e+01   1.39923691e+02   2.70566254e+02
   1.13877510e+02   0.00000000e+00   3.56469177e+02   2.07431450e+01
   2.19652820e+00   1.01293731e+00   1.25275452e+02   1.19140501e+01
   3.11791039e+01   6.68891144e+00   5.87805595e+01   4.62995768e+00
   0.00000000e+00   1.34330536e+02   3.24906540e+01   5.60660254e+03
   1.16583862e+02   1.49089661e+01   4.70976067e+01   1.72239685e+01
   6.44782162e+00   1.55341476e+02   9.92225876e+01   3.92118340e+01
   9.05315613e+02   3.22061658e+00   9.75389252e+01   3.86720123e+01
   1.06039169e+02   1.95568981e+01   1.49979162e+00   5.81276978e+02
   3.98701286e+01   4.89959449e-01   3.34473076e+01   2.20238590e+01
   1.58216907e+03   1.70913756e+00   2.82045460e+01   5.44619465e+00
   3.87524452e+01   1.51338013e+03   2.18266455e+03   0.00000000e+00
   6.49270081e+02   3.92639694e+01   4.06593590e+01   4.10814285e-01
   3.45981903e+01   0.00000000e+00   2.46352734e+03   5.46021614e+01
   2.62685364e+02   1.42138443e+02   1.46255603e+03   5.89050354e+02
   6.70146545e+02   9.36231079e+01   6.75625458e+01   1.66512000e+03
   9.83199844e+01   1.65529776e+00   1.14683132e+01   8.12603652e-01
   2.78827209e+02   1.47812769e+03   4.83364964e+00   1.22280746e+02
   1.08524956e+02   1.20083893e+02   8.53356262e+02   1.09154822e+03
   6.57147598e+00   3.46533752e+02   5.73957214e+02   0.00000000e+00
   1.13313995e+02   9.10420513e+00   8.68114319e+02   6.34514046e+01
   2.47227982e+02   9.51839352e+00   1.52997147e+02   1.01661253e+01
   1.41477707e+02   1.15093079e+03   3.75457397e+02   3.15346603e+01
   1.03580059e+04   1.95568710e+02   2.20075245e+01   4.19022598e+01
   1.24768494e+02   7.96392822e+02   8.11350937e+01   2.54281104e+03
   1.26482568e+03   1.27870277e+02   1.46182079e+01   2.37387981e+01
   2.70751476e-01   1.13718640e+03   1.69181885e+02   6.52880707e+01
   3.12831631e+01   3.02570839e+01   0.00000000e+00   6.15919456e+01
   3.47843075e+00   8.14367199e+00   2.74532070e+01   3.64380836e+01
   2.15397930e+01   2.12878601e+02   1.24628044e+02   5.10586230e+03
   4.04608231e+01   1.84961816e+03   2.70353485e+02   9.55398712e+01
   8.18666916e+01   8.61959045e+02   7.86730042e+01   3.09379959e+01
   5.95990051e+02   4.55293846e+01   2.62218652e+03   5.35484962e+01
   1.04765759e+01   7.21209240e+00   1.77097797e+01   4.44900475e+01
   1.19323352e+03   1.12315564e+03   9.33369217e+01   2.03542041e+03
   0.00000000e+00   7.35750645e-02   2.13292313e+01   4.26838756e-01
   5.96089897e+01   4.42044716e+01   6.43212524e+02   1.40068436e+00
   1.12680237e+02   6.40796356e+01   1.67874184e+01   1.01813385e+03
   3.83706360e+01   0.00000000e+00   5.70856552e+01   2.02188919e+02
   3.01325092e+01   9.60948730e+02   4.87418243e+02   5.32828369e+02
   1.48680188e+03   4.08522186e+02   9.45723953e+01   2.67817192e+01
   1.09152771e+03   4.17310066e+01   1.72316914e+01   1.89901611e+03
   7.71816940e+01   1.54911728e+02   2.73584499e+01   5.38336304e+02
   2.75583960e+03   6.14214661e+02   9.42331299e+02   3.40291440e-01]
