bicycle
bus
car
motorbike
person
[  4.91631800e+07   2.16591460e+07   5.61626000e+06   5.24437280e+07
   5.64398500e+06   1.27693150e+07   6.31882650e+06   2.86108525e+06
   1.21685950e+06   2.81380400e+07   1.14820800e+06   6.24408450e+06
   2.13461680e+07   3.64253425e+06   4.34614480e+07   3.18849440e+07
   3.96108160e+07   2.61699240e+07   4.75775750e+06   2.38985500e+06
   1.59267760e+07   5.19024440e+07   1.00944006e+06   1.13750220e+07
   1.34265650e+07   4.49258680e+07   2.78324160e+07   3.12876080e+07
   3.05426950e+06   3.61839725e+06   4.89997200e+06   7.06130960e+07
   9.00544100e+06   2.88700225e+06   8.13188320e+07   2.33333950e+06
   1.24607910e+07   3.35346525e+06   3.50319920e+07   7.48337062e+05
   3.56420000e+07   3.74833120e+07   1.12009936e+08   8.07158050e+06
   4.43420160e+07   4.01441825e+06   3.75014160e+07   4.47599560e+07
   4.24827850e+06   2.14034880e+07   8.98639920e+07   7.40288400e+06
   4.06519875e+06   3.89899975e+06   2.69448550e+06   1.97567612e+06
   3.36616550e+06   1.89998160e+07   1.02839700e+06   8.79078062e+05
   5.38236900e+06   9.70755312e+05   1.64548925e+06   8.87207400e+06]
[  6.58926240e+07   1.22639562e+06   4.80060280e+07   6.54932062e+05
   1.23116540e+07   4.46797406e+05   2.52792540e+07   2.52531836e+03
   3.36623120e+07   4.24092531e+05   4.08669160e+07   1.04403240e+07
   2.40603887e+04   2.46574900e+06   1.16283410e+07   1.86209925e+06
   2.75405150e+06   6.41291240e+07   3.19187860e+07   7.50715100e+06
   1.82598438e+05   2.46149720e+07   2.00936512e+06   6.93352150e+06
   3.45203906e+05   7.08452150e+06   1.64092350e+07   3.55086469e+05
   1.46643562e+06   1.70253632e+02   6.36978240e+07   6.35831445e+04
   1.92978350e+06   3.62547680e+07   3.14030600e+07   3.48372375e+06
   2.04050344e+05   2.32442100e+07   6.01799720e+07   5.03429560e+07
   2.12089700e+07   9.97149125e+05   1.09556680e+07   1.42996112e+06
   6.71027680e+07   5.88084400e+07   1.35975262e+06   7.32895600e+07
   3.41677120e+07   9.31925900e+06   4.93042800e+06   6.19575920e+07
   5.56051440e+07   4.89495400e+07   6.92156438e+05   5.53776960e+07
   1.78751312e+06   9.38573840e+07   4.09355825e+06   1.09665375e+06
   8.05361920e+07   1.26731836e+03   2.37762575e+06   6.50528680e+07]
[  9.35646700e+06   1.58217410e+07   1.51949854e+03   1.25084500e+05
   3.97457227e+04   5.94430508e+04   6.27399727e+04   2.31732325e+06
   2.50373398e+04   4.36786375e+05   1.71082200e+07   7.13520391e+04
   2.56601925e+06   5.69788450e+06   9.40086016e+04   9.49225625e+04
   6.75253300e+06   9.93925250e+05   1.65296725e+06   7.96212188e+05
   2.28671475e+06   2.74843105e+04   1.74279280e+07   2.00494460e+07
   1.73357260e+07   0.00000000e+00   9.41293062e+05   5.17979844e+05
   2.35945200e+06   1.57522430e+07   1.48924639e+04   1.49533688e+06
   2.97050250e+06   8.76618300e+06   6.82292250e+06   8.88111000e+06
   1.59371512e+06   2.12368900e+07   2.84631625e+06   9.64422363e+02
   1.15054840e+07   6.76608312e+05   9.89693000e+06   2.29906660e+07
   3.99130225e+06   9.52240547e+04   1.93499380e+07   1.66166289e+04
   4.60563200e+06   1.35229188e+06   2.82941500e+06   6.45747227e+04
   7.82363150e+06   2.64172500e+06   1.75894860e+07   1.89813200e+07
   2.32345969e+05   3.03415449e+04   7.65219531e+04   4.91670820e+04
   4.62092062e+05   2.33995100e+07   1.87767000e+07   9.61204500e+06
   2.85147800e+07   3.30981225e+06   2.25782480e+07   1.52337900e+07
   7.11874531e+04   3.99741925e+06   1.30498250e+07   1.40264120e+07
   1.55391988e+06   2.14936100e+06   0.00000000e+00   4.44122850e+06
   2.02692281e+05   1.15729560e+07   3.07411550e+06   4.41337930e+04
   3.26034766e+04   3.03353825e+06   1.86027838e+06   2.85874829e+03
   1.00093310e+07   1.40134325e+06   1.52504125e+06   2.60131348e+02
   1.51327290e+07   2.65513100e+06   1.05650510e+07   1.64162750e+06
   1.38342969e+05   4.12922275e+06   8.55189250e+05   4.57165500e+06
   8.02170105e+01   2.15803150e+06   6.90830625e+05   2.75340594e+05
   8.49748800e+06   3.00354250e+05   1.89222588e+06   2.61642125e+06
   7.47794385e+03   1.94054262e+06   6.92847062e+05   1.93674850e+06
   2.74184400e+06   1.20677275e+06   9.66588750e+04   1.36444060e+07
   1.62955922e+05   1.45300762e+06   1.07932720e+07   1.53183100e+07
   1.04353078e+05   1.85735038e+06   8.05508200e+06   4.36877700e+06
   3.09546844e+05   5.12915100e+06   8.59910840e+03   2.71928100e+06
   3.38864100e+06   8.48291406e+03   2.94527280e+07   3.04775238e+02]
[  3.61092175e+06   1.70598288e+06   3.10322109e+04   0.00000000e+00
   1.36498682e+04   4.03971950e+06   2.17556550e+06   1.88843338e+06
   1.81050360e+07   1.02245810e+07   5.90640850e+06   4.43022650e+06
   1.70291450e+06   3.08105094e+05   1.06254224e+03   5.12874700e+06
   1.99500188e+06   6.19497550e+06   1.23329262e+06   1.34606016e+04
   1.77539780e+07   7.44040800e+06   2.99137062e+05   4.24120312e+03
   5.27424258e+04   1.00232494e+06   3.15365050e+06   1.43069680e+07
   3.37964297e+04   1.17747490e+07   4.23087598e+03   1.96676960e+07
   5.66499200e+06   4.11293516e+04   5.16738781e+05   3.82698925e+06
   4.31969969e+05   1.18454740e+07   6.93608125e+04   1.21988164e+04
   2.59039750e+05   1.69772656e+04   2.04144609e+04   3.61324156e+05
   4.26117438e+05   1.37176410e+07   2.08608150e+06   1.08484170e+07
   5.99931850e+06   2.98442560e+07   3.45882938e+05   7.75393750e+06
   2.09571688e+06   4.34423300e+06   1.40212594e+05   1.32179047e+05
   9.99464600e+06   1.56914325e+06   0.00000000e+00   1.62501800e+06
   7.98443650e+06   3.11983675e+06   1.34537850e+07   7.47565900e+06
   4.72769219e+05   1.43627260e+07   8.09808438e+04   1.06105800e+07
   5.03945450e+06   2.46949025e+06   4.10714844e+05   1.59386460e+07
   2.45191940e+07   9.88078875e+05   2.79072260e+07   2.27200775e+01
   1.01485650e+07   2.45867875e+05   2.54685460e+07   9.88807625e+05
   7.42420438e+05   5.45174648e+04   1.74952560e+07   5.46392750e+06
   7.34065078e+04   5.56263600e+06   2.13180250e+06   5.20742625e+05
   6.71054453e+04   7.00459625e+05   9.60177891e+04   6.59485500e+06
   4.41020195e+04   1.61130740e+07   2.37312766e+05   5.89570300e+06
   2.85509875e+05   8.06287600e+06   1.36230775e+06   1.42025270e+07
   2.15953641e+05   7.20212969e+04   1.82705720e+07   8.53371582e+02
   7.38733203e+04   2.31354240e+07   3.53805475e+06   4.42082000e+06
   1.72585920e+07   2.47839400e+06   3.18274258e+04   1.01344870e+07
   1.76410250e+05   3.30758840e+07   1.14284575e+06   1.92176038e+06
   1.26896250e+05   9.62031900e+06   7.61215781e+04   8.78853516e+03
   1.88215900e+07   5.46819300e+06   5.54871973e+03   9.83077700e+06
   1.20227710e+07   7.16502125e+05   1.01155210e+07   6.81560900e+06]
[  0.00000000e+00   5.36210266e+02   1.72032738e+06   1.69739238e+04
   0.00000000e+00   8.01965237e+00   4.24955177e+01   5.58668785e+01
   4.87915650e+06   3.40848877e+03   1.55958679e+02   1.16815247e+03
   1.26580179e+00   7.62227500e+04   7.63104688e+03   1.30906211e+04
   2.58662769e+03   8.49847891e+04   7.30314453e+03   3.70704031e+05
   7.82657814e+00   8.48920508e+03   7.11581797e+04   1.01820342e+04
   5.70741113e+03   3.52868091e+03   2.86751775e+06   0.00000000e+00
   1.33592981e+03   1.00373730e+04   2.33141266e+02   3.22898041e+02
   7.20776672e+02   1.45698350e+06   4.24530078e+04   1.93116838e+06
   3.26916900e+06   1.09382080e+04   2.35820602e+02   3.51621875e+03
   5.05816864e+02   4.62829443e+03   6.63114307e+03   1.96653266e+05
   1.10398643e+04   2.01451385e+02   6.76215935e+00   1.92152557e+01
   3.83761953e+04   3.37701953e+04   6.63804297e+04   7.75507568e+02
   2.45717475e+06   3.39028203e+04   5.04966553e+02   1.44895500e+05
   4.23260906e+05   4.13375469e+05   1.36658997e+03   3.60257950e+01
   3.46316781e+05   5.52725469e+04   3.45800039e+04   8.42290078e+04
   1.12509911e+02   2.11404707e+04   3.67074921e+02   2.31464722e+02
   1.07131094e+04   7.71875469e+04   1.13125338e+06   1.78949875e+06
   0.00000000e+00   1.97594668e+04   1.87483521e+01   2.29028015e+01
   1.66780488e+04   7.42991625e+05   1.35156300e+06   5.45675750e+05
   5.31825039e+04   3.41711255e+03   6.35646826e+03   1.29142139e+03
   1.12948012e+06   3.60514375e+06   1.02195975e+06   2.24756150e+06
   5.42547000e+05   2.76535664e+01   4.20123242e+03   9.95088906e+04
   9.15554375e+05   1.03876553e+04   0.00000000e+00   2.01600410e+04
   2.55420117e+03   4.83744750e+05   7.12954834e+02   1.02061973e+04
   6.93810078e+04   3.07151289e+04   2.49300050e+06   2.96963812e+05
   1.19090508e+04   5.81996289e+03   1.82677598e+04   8.30391693e+00
   9.88457108e+00   6.38445039e+04   1.43898575e+06   2.32252930e+04
   0.00000000e+00   1.56014043e+04   1.02146057e+03   2.34918066e+03
   0.00000000e+00   1.00536713e+02   3.04205200e+03   2.18341650e+06
   2.12342480e+04   0.00000000e+00   2.68998457e+04   5.07469434e+03
   2.01870020e+04   6.16380312e+05   1.06639114e+02   0.00000000e+00
   1.92003938e+06   3.40211680e+04   1.02985742e+04   9.88467188e+03
   5.49565137e+03   7.95320438e+05   4.60604362e+01   3.98507347e+01
   5.10689300e+06   2.01236828e+05   1.94557539e+04   0.00000000e+00
   1.85456982e+03   0.00000000e+00   1.54332344e+04   4.56768031e+05
   4.16781799e+02   3.03339700e+06   4.29139795e+03   2.55466614e+02
   1.40159344e+05   0.00000000e+00   3.67090894e+03   4.26199615e+02
   8.96304141e+04   1.31951141e+05   3.96604469e+05   1.27534287e+04
   3.83802539e+03   5.10099102e+04   2.45515350e+06   8.43455875e+05
   4.35365257e+01   2.38399031e+05   8.43017750e+05   8.36841309e+03
   6.24405352e+04   3.79328650e+06   1.13071638e+06   1.49494219e+05
   2.65202312e+05   1.96810425e+06   2.07281138e+06   9.57728320e+03
   1.87206660e+04   1.17482362e+06   1.10815088e+03   2.23142266e+04
   1.95596112e+06   2.88387085e+03   2.03032400e+06   4.18957656e+04
   3.34486062e+05   4.98078398e+04   1.28457325e+06   1.30941064e+04
   3.42811304e+03   5.51341650e+03   6.23532617e+04   6.70855811e+03
   4.15294375e+05   2.57816582e+04   1.86910803e+03   3.75859575e+06
   6.08197250e+01   1.14207612e+06   0.00000000e+00   3.60870375e+06
   2.66590649e+03   1.33350700e+06   2.51425425e+06   9.12470562e+05
   9.39873886e+01   3.28000600e+06   3.63641450e+06   2.23991642e+01
   1.50532297e+05   1.78738342e+02   0.00000000e+00   1.35718408e+04
   2.86096436e+02   2.22451050e+06   1.64014672e+05   1.61131850e+06
   1.71166348e+04   4.76893516e+04   2.51395302e+01   1.56370117e+04
   6.83762390e+02   1.23492875e+06   3.76891484e+04   4.14804413e+02
   3.17919159e+01   3.91342804e+02   2.89806812e+03   1.28422062e+05
   9.02006625e+05   0.00000000e+00   1.15358435e+03   8.33295859e+04
   8.20578003e+02   1.47016750e+06   2.94581426e+04   2.69029236e+01
   1.39883625e+06   1.36728545e+04   2.90139531e+05   7.84725647e+01
   0.00000000e+00   4.72918711e+04   2.73396188e+05   6.00233008e+03
   3.48515906e+05   2.24940675e+06   2.06775952e+03   4.67134819e+01
   3.42903906e+04   1.94073535e+04   2.86689545e+02   1.92514539e+03
   1.27808734e+05   2.21070117e+04   1.40608506e+04   2.66953796e+02
   1.30645049e+04   0.00000000e+00   1.43460242e+03   5.06565586e+04]
[  1.53993800e+06   9.35483215e+02   1.01035321e+03   2.20135468e+02
   1.79207962e+06   1.68479088e+06   6.26568125e+05   1.33887781e+03
   1.70209785e+04   6.27158386e+02   9.03750000e+02   1.16676318e+04
   3.85383667e+03   2.56838613e+04   4.84789941e+03   1.24359316e+04
   7.63527822e+00   3.84068489e+01   1.33512775e+06   8.73074766e+04
   0.00000000e+00   7.04161682e+01   2.52526718e+02   1.96538109e+05
   0.00000000e+00   1.79142273e+02   6.82772398e+00   4.70242227e+04
   7.21834814e+03   1.66487335e+02   2.05822012e+04   8.56833923e+02
   7.86117578e+03   2.10322219e+05   1.09706799e+03   2.09415117e+04
   1.20056885e+04   1.38936938e+03   2.41636133e+03   0.00000000e+00
   4.79641875e+05   3.05621895e+04   3.78125195e+03   1.88971594e+03
   1.02263350e+04   3.16892676e+03   9.31665938e+04   1.95050020e+04
   1.66237391e+05   1.28182751e+03   6.24958838e+03   4.29067780e+02
   6.16878369e+03   9.45090527e+03   1.87139750e+05   3.25087344e+05
   6.91194297e+04   3.71764750e+05   8.35683203e+03   1.27316933e+02
   3.30883765e+03   6.94548047e+04   0.00000000e+00   5.15429688e+01
   0.00000000e+00   1.10968301e+04   6.49382375e+05   4.90864471e+02
   1.79873978e+02   5.72720977e+04   1.18672162e+06   1.59835403e+02
   5.81755391e+04   1.36024951e+04   3.89314688e+04   1.75593848e+04
   6.13399805e+03   3.20416211e+03   4.23115625e+04   1.57821875e+05
   4.41369476e+01   7.04994482e+03   3.39736891e+00   7.72624844e+04
   3.89742285e+03   1.05095719e+05   5.62305054e+02   1.21368818e+04
   8.54601758e+03   3.02334199e+04   4.36619434e+03   6.11347559e+03
   1.33340752e+04   6.40899297e+04   2.56055664e+02   0.00000000e+00
   6.40146250e+04   1.80344818e+02   2.68269580e+03   3.96122844e+05
   5.75386597e+02   3.35771211e+04   1.79307100e+06   2.38007526e+01
   2.16927261e+02   2.63561875e+04   7.59484922e+04   5.73643594e+04
   1.09363682e+04   2.25101675e+06   1.70648460e+01   8.98607688e+05
   7.60414171e+00   2.83399231e+02   4.72237549e+03   1.93805410e+04
   9.77845117e+03   1.19278623e+04   4.69040576e+03   1.32470125e+05
   3.88679541e+03   4.95074646e+02   1.51338025e+03   1.68513797e+05
   1.94942639e+03   4.69210938e+03   4.23799276e+00   2.57472422e+04
   8.41593384e+02   2.94869850e+06   1.08386455e+04   1.12976099e+03
   6.18296045e+03   1.80227462e+06   8.96226929e+02   1.13766221e+04
   1.49185820e+04   1.03598931e+06   1.75429077e+03   9.77763748e+01
   6.04730177e+00   4.14192676e+03   9.54622168e+03   1.60344219e+05
   0.00000000e+00   9.90117676e+02   1.79630457e+03   0.00000000e+00
   0.00000000e+00   6.64510498e+01   1.18639429e+03   2.73354834e+03
   5.02440062e+05   1.35327275e+04   2.28454315e+02   1.90436109e+05
   2.11132477e+02   3.73967628e+01   2.13470566e+04   2.10659900e+06
   1.25650101e+01   1.94476025e+03   5.46916870e+02   3.83931808e+01
   7.13699062e+05   0.00000000e+00   7.34200781e+04   3.36484668e+03
   6.88628125e+05   2.43237900e+06   2.40668839e+02   4.63412428e+00
   6.33927930e+03   4.75148031e+05   3.05648062e+05   2.79961133e+03
   1.96590955e+03   2.29012024e+02   2.76957104e+03   2.25839591e+00
   6.99924170e+03   3.66659839e+03   0.00000000e+00   2.98607695e+04
   4.10706444e+01   5.41275269e+02   2.80648789e+04   5.49223389e+03
   4.25140625e+03   2.47883816e+01   1.42067350e+06   1.97068433e+03
   1.20348234e+01   7.20009082e+03   7.00340000e+04   2.09678979e+03
   4.38864414e+04   3.81611797e+04   3.66260062e+05   3.81219077e+00
   1.97935772e+01   0.00000000e+00   3.50388844e+05   2.31155391e+04
   2.42686641e+04   1.23373299e+01   1.76582695e+04   6.82935500e+05
   6.11805352e+04   2.93277975e+06   9.90500183e+01   3.74212988e+03
   2.91359473e+03   2.23561211e+04   1.23042688e+03   8.07901688e+05
   8.02834688e+04   7.37101904e+03   1.08528877e+04   1.66614441e+03
   3.53822583e+03   2.38095312e+03   3.48586719e+03   1.80052783e+03
   0.00000000e+00   2.19066328e+05   2.98738848e+04   2.53462500e+03
   9.89737793e+02   0.00000000e+00   8.97416153e+01   2.13194609e+04
   7.57873312e+05   8.11970154e+02   1.70946400e+06   7.64178809e+03
   6.71883179e+02   1.69689550e+06   2.08501434e+00   0.00000000e+00
   4.76124878e+02   1.03872129e+04   0.00000000e+00   0.00000000e+00
   2.14564011e+02   1.50020966e+02   1.48761133e+04   2.91494781e+02
   1.78378641e+05   1.63284131e+04   2.65050664e+04   1.31143219e+05
   4.07180391e+04   1.97957672e+05   1.29415391e+04   1.23558604e+04]
[  3.87938875e+05   4.46465547e+04   7.10689697e+02   3.68955902e+02
   4.79937125e+05   1.92072949e+03   2.06306504e+04   7.72630391e+04
   2.80236743e+03   1.37331962e+06   9.66438477e+03   7.38605156e+04
   1.22159023e+04   2.12837524e+03   3.26739819e+03   1.22969543e+03
   0.00000000e+00   3.32670264e+03   2.81567287e+00   3.90042053e+02
   1.45914331e+03   4.98721836e+04   1.94306504e+04   4.43199805e+03
   1.26879565e+03   1.12592832e+04   5.14991211e+03   3.56413984e+04
   1.33535029e+04   3.09533031e+05   1.94638779e+02   5.80927734e+03
   5.74645469e+04   2.85943438e+04   2.65278625e+02   3.83477466e+03
   9.18865562e+05   1.81709750e+06   1.64022986e+03   1.41574788e+06
   3.20619995e+02   2.26947559e+03   5.36803894e+02   7.59921562e+04
   6.00084082e+03   1.17672471e+04   9.69359436e+02   9.72151562e+03
   9.11351758e+03   3.28876801e+02   8.29681055e+03   9.82723812e+05
   1.87531071e+01   7.67458344e+01   1.61693176e+02   6.01222314e+03
   2.57359229e+03   6.87873047e+04   2.50885081e+00   4.92811377e+03
   3.73832349e+03   3.28750469e+04   1.14740112e+03   1.90941638e+03
   5.42354492e+03   2.19220762e+04   8.97968848e+03   7.81143555e+03
   5.40671438e+05   9.64537734e+04   5.34502852e+04   2.24004712e+03
   4.48013125e+04   1.50104248e+04   1.45843109e+05   3.22040234e+04
   9.50979531e+04   3.40233672e+04   1.16709707e+04   1.66486359e+02
   8.89249039e+00   5.97386932e+01   4.61690078e+04   1.84145898e+03
   4.60848867e+04   1.21986685e+01   1.57671984e+05   3.91295471e+02
   5.06158066e+00   2.01705774e+03   8.42177551e+02   6.03897034e+02
   4.46469375e+04   1.15548596e+03   7.32667188e+04   2.33132676e+04
   3.15074219e+02   7.52775938e+04   1.01337712e+06   3.21358500e+05
   1.30370605e+04   5.69328828e+04   1.31862183e+02   2.86414246e+02
   7.08071719e+04   1.42670459e+03   1.64504719e+05   3.71538696e+03
   6.13974152e+01   6.74373047e+03   3.28633086e+04   1.02913467e+04
   1.41857256e+04   2.26896753e+03   3.81114197e+02   1.15769484e+05
   6.33170532e+02   2.46104062e+04   1.06351398e+05   4.15612930e+04
   6.27470350e+00   9.07510125e+05   2.42469141e+04   8.03622734e+04
   4.62924570e+04   1.58832751e+03   9.01325391e+03   0.00000000e+00
   1.66115341e+01   5.95226196e+02   2.44538544e+02   2.75267910e+04
   3.32471582e+03   3.25828418e+03   5.63274048e+02   1.39735117e+04
   1.43646191e+04   1.99915484e+05   6.66054053e+03   1.35787732e+03
   2.90799389e+01   1.83806836e+04   3.71792023e+02   1.59299258e+04
   3.55246797e+04   1.35953262e+04   6.76287256e+03   0.00000000e+00
   1.56024109e+05   5.65134375e+03   5.61671045e+03   1.35779188e+05
   8.31439392e+02   1.29408859e+05   9.92176285e+01   2.43373906e+04
   9.38538359e+04   1.79727859e+02   1.41968188e+05   4.72417145e+01
   2.95747101e+02   5.68081543e+02   1.68361777e+04   2.37815112e+03
   1.61927686e+03   1.05513452e+03   4.71429648e+04   2.73610031e+05
   5.87794373e+02   2.99707910e+04   0.00000000e+00   2.01481702e+03
   5.61403625e+02   2.63294507e+03   7.66036963e+03   6.04567676e+03
   3.86304375e+04   2.96760132e+03   2.28563750e+05   1.41632471e+04
   7.94836121e+02   1.86143633e+04   1.74719238e+04   1.48716074e+04
   3.25768555e+04   1.73813281e+03   1.29671781e+05   6.54788574e+02
   2.15977906e+05   7.57673750e+05   4.76658008e+04   3.57301367e+03
   9.31948792e+02   7.86489688e+04   1.00984535e+01   7.97342453e+01
   2.36033359e+04   2.80268481e+03   8.17995557e+03   9.49246680e+03
   2.63092944e+03   1.84607346e+02   1.60611348e+04   2.02698234e+05
   5.34340898e+04   2.24327526e+01   4.79273535e+03   1.16572383e+04
   5.18838008e+04   9.14899349e+00   2.08048438e+03   9.68442480e+03
   2.69151719e+04   2.66431777e+04   5.88656406e+04   8.62503128e+01
   3.06637964e+03   6.30469092e+03   1.88400208e+02   6.86821641e+04
   4.95345195e+04   9.35555469e+03   2.56214297e+04   3.09543926e+04
   6.43902832e+03   4.63484001e+00   3.22609070e+02   8.39196973e+03
   6.64505127e+02   3.19791777e+04   4.73801660e+03   7.06692031e+04
   9.45330750e+02   1.91146992e+04   1.35633212e+06   7.73192627e+03
   9.41995667e+02   6.23499707e+03   6.11354812e+05   1.34782520e+03
   2.14344653e+03   1.04423859e+02   1.91402344e+03   2.78093658e+02
   1.76042871e+04   7.07263500e+05   2.21430893e+01   6.25517035e+00
   1.84905844e+05   3.19541855e+04   0.00000000e+00   5.20645195e+04
   1.54610815e+03   1.77644983e+03   7.59565918e+02   1.28961416e+04]
[  1.69574707e+03   2.64997461e+04   5.52557617e+03   8.85698242e+03
   6.35730957e+02   1.17410555e+05   1.23875259e+02   1.16317568e+04
   2.29151688e+01   2.42471409e+01   4.76569219e+04   3.99034888e+03
   1.35022449e+03   1.40897207e+04   6.89167627e+03   7.03054733e+01
   2.00803223e+04   1.08857510e+04   5.27325820e+04   4.07396826e+03
   2.00029892e+02   9.78559219e+04   1.26085034e+03   9.13195953e+01
   4.47394414e+04   9.07718652e+03   1.20749844e+05   1.05357803e+04
   9.67653203e+04   1.34055518e+04   8.36675879e+03   1.22407398e+05
   3.42061758e+04   1.72181289e+04   1.26733994e+04   1.30371602e+05
   7.41836719e+04   1.41848218e+03   3.08818340e+01   3.96033008e+04
   1.13432022e+02   1.22476742e+05   2.90773750e+04   7.35647969e+04
   5.23725464e+02   1.51467949e+04   8.71279688e+03   4.05260547e+04
   0.00000000e+00   6.59537422e+04   1.02404773e+05   5.45618164e+02
   0.00000000e+00   1.17186641e+04   9.33420508e+03   1.14703564e+04
   3.20824768e+02   1.62175293e+03   1.63964734e+03   2.57840515e+02
   2.64645172e+02   1.62205125e+05   2.57596621e+04   1.57030164e+03
   1.33854150e+03   4.26978320e+03   2.91978851e+02   9.00661240e+01
   2.16628633e+04   1.15933826e+03   2.50919844e+04   9.94210266e+02
   4.51786797e+04   3.20380933e+03   0.00000000e+00   1.75210083e+03
   3.67827484e+02   1.60493946e+00   6.14967500e+04   3.85021992e+04
   9.94109535e+00   4.02243921e+03   3.42529907e+03   4.13893945e+04
   5.96497168e+03   0.00000000e+00   1.12180145e+02   4.60932471e+03
   1.58624109e+05   2.45048203e+04   1.49545439e+04   7.54652328e+01
   1.70507078e+05   1.36502917e+03   1.61255527e+04   4.98410352e+03
   5.91430156e+04   1.49768066e+02   5.68655938e+04   2.04628906e+04
   1.68273398e+04   1.24911575e+02   1.31403938e+05   4.40796436e+03
   3.79107812e+04   1.03678750e+04   8.59303589e+02   8.60184375e+04
   9.32064297e+04   1.38697180e+03   7.19570801e+03   2.64114471e+02
   4.30217070e+04   5.14335098e+01   9.76061020e+01   3.71576836e+04
   0.00000000e+00   3.30664297e+04   3.46630020e+01   7.20583438e+04
   5.74696167e+02   3.46351016e+04   2.22404902e+04   2.26928906e+03
   1.41918359e+04   3.48696719e+04   2.08075122e+03   4.23848320e+04
   1.07934307e+04   2.28527759e+03   2.70551178e+02   1.50724561e+04
   1.23438965e+04   1.18253828e+04   3.31361836e+04   4.38999605e+00
   7.85208301e+03   6.91826965e+02   2.72885400e+03   9.54705048e+00
   2.95292832e+04   7.87563660e+02   9.54136523e+03   2.48281250e+01
   9.32191833e+02   4.38642181e+02   1.92646924e+03   5.95387402e+03
   3.87015961e+02   1.80722461e+04   8.65061016e+04   2.33292480e+03
   5.73981689e+02   1.11402271e+03   2.60712860e+02   7.17649078e+00
   1.83599808e+02   2.86072906e+02   2.50117996e+02   1.29175984e+05
   3.02052871e+04   4.29039551e+03   1.05641680e+04   1.20012960e+01
   7.69747578e+04   1.67135020e+04   7.81913906e+04   2.78184700e+01
   1.34868838e+04   2.88028984e+04   2.52401382e+02   9.64052441e+03
   8.74336426e+03   2.46377954e+03   3.48788906e+04   4.22338008e+04
   2.45197832e+04   2.24785957e+04   1.61690088e+04   8.82402344e+01
   3.68608086e+04   1.84489514e+03   2.30392383e+04   1.74784785e+04
   5.28401074e+03   2.24309336e+04   5.40878086e+04   6.05570947e+03
   1.25114734e+03   1.54058521e+03   3.33342896e+03   2.19109062e+04
   4.79651172e+03   1.08336125e+05   1.30851820e+05   7.00011484e+04
   2.16843066e+04   1.75902793e+04   7.95100952e+02   3.04229810e+03
   1.30213461e+05   2.71943481e+03   2.03338871e+01   7.97580625e+04
   5.80419648e+04   6.98480225e+02   2.13297246e+04   5.72321641e+04
   2.95215845e-01   0.00000000e+00   8.06756531e+02   5.63063293e+02
   8.31812561e+02   3.64733612e+02   3.08612344e+04   3.45021460e+03
   7.34312744e+03   6.77004883e+03   1.41438057e+04   1.04150957e+04
   6.02628564e+03   8.80710859e+04   3.19292367e-01   5.93118134e+01
   4.69216953e+04   5.46832520e+03   1.40422241e+03   1.14519119e+01
   1.23279626e+03   4.16212158e+03   3.39049561e+02   2.39970894e+01
   7.48782891e+04   4.86228047e+04   5.76367227e+04   2.63945996e+03
   5.44316406e+04   4.38306738e+03   2.08910605e+04   1.40954990e+04
   9.68769922e+03   2.52727520e+04   3.36342212e+03   2.99933125e+04
   1.41611926e+03   8.69790078e+04   2.95216455e+03   2.02135506e+01
   4.55577578e+04   2.53325996e+04   3.90548555e+04   3.79596914e+04
   1.54971716e+03   1.11323062e+05   2.38531777e+04   4.83381523e+04
   1.17261102e+05   3.09910004e+02   5.84350243e+01   8.60437812e+04
   8.64434531e+04   3.70414047e+01   3.80006494e+03   2.28692261e+03
   5.62152290e+00   1.39069131e+04   4.41604523e+02   8.83927578e+04
   7.55096729e+03   2.45163184e+03   5.47379875e+00   7.55331238e+02
   7.59224512e+03   9.13527832e+03   1.08509648e+05   2.43778691e+04
   0.00000000e+00   6.69082737e+00   1.37590844e+05   9.42883301e+03
   1.87681532e+00   1.07577087e+03   1.46503723e+03   8.88385078e+04
   7.09696167e+02   3.50340723e+03   4.46389351e+01   4.86831482e+02
   7.81206848e+02   1.49221787e+04   1.38056602e+04   2.29919556e+03
   4.21346211e+04   1.24273828e+04   9.30032344e+04   7.65388428e+03
   1.38873459e+02   4.83264875e+00   2.85721836e+04   6.66822188e+04
   1.63641083e+02   2.34415332e+03   9.22191992e+03   1.45554733e+01
   7.88756775e+02   4.32374062e+04   2.38410693e+03   6.26700134e+01
   7.69882578e+04   5.15112457e+01   8.14782288e+02   4.33307959e+03
   6.35401794e+02   1.27419812e+03   5.85244922e+04   1.13403961e+05
   3.79552422e+01   4.27894102e+04   5.30822998e+03   1.64516328e+04
   4.59947693e+02   5.32875342e+03   9.92746953e+04   4.23178809e+03
   1.58692109e+05   1.17128711e+05   8.03284766e+04   2.03750742e+04
   2.87752695e+04   1.71994922e+03   2.25858418e+04   3.56455518e+03
   6.80150391e+04   1.07875488e+03   4.03624420e+02   8.84162812e+04
   1.53550934e+02   5.71352002e+03   2.47503174e+03   1.39537539e+04
   6.87106875e+04   2.54731812e+03   5.89101123e+03   7.23743973e+01
   7.60359573e+01   8.18816602e+03   2.31190234e+04   6.09524994e+01
   1.65913047e+04   1.07818103e+03   4.62609727e+04   2.41971359e+02
   3.26532837e+02   8.07835547e+04   6.79288916e+03   5.65267639e+02
   8.50524219e+04   2.23655106e+02   4.98476094e+04   5.58707764e+03
   2.82262246e+04   9.06633516e+04   5.01422821e+02   4.05079102e+02
   1.37859155e+03   8.32467957e+02   8.21852188e+04   4.80591943e+03
   2.57017891e+04   1.11124629e+04   2.21616250e+04   6.07374365e+03
   1.47659463e+04   1.44712250e+02   1.67090371e+04   9.46607520e+03
   1.86137268e+03   5.97746582e+03   8.81791992e+01   1.40184433e+02
   1.29599561e+04   4.17711182e+03   2.07438019e+02   2.70192090e+04
   1.17977529e+04   4.30554785e+03   1.41193054e+03   2.23399199e+04
   1.25354163e+03   4.09506409e+02   3.44538354e+03   4.02565857e+02
   8.15706885e+03   1.44440684e+04   3.67618828e+04   1.06505172e+05
   3.15300503e+01   7.81771774e+01   4.34551416e+03   1.29521957e+02
   3.93751411e+01   1.34304385e+04   1.97084277e+04   1.11583734e+05
   1.74581465e+04   1.36448564e+04   3.66243799e+03   1.63113785e+01
   7.68277645e+00   2.67457752e+01   3.78610449e+03   1.20342842e+04
   5.45694873e+03   1.06605005e+03   7.19983672e+04   3.66141055e+04
   1.65234119e+03   1.69217500e+04   2.07531875e+04   1.31656211e+04
   3.28685596e+03   3.51616382e+03   4.41487695e+03   6.43083789e+04
   1.01923430e+05   1.25773994e+04   2.95088652e+04   9.34970605e+03
   9.23539453e+04   9.67680237e+02   2.11819717e+02   3.92934644e+03
   5.75947852e+04   5.07767617e+04   6.93699072e+03   7.10205420e+03
   2.89259857e+02   1.41140540e+03   3.17271270e+04   1.04083145e+04
   2.02887285e+04   2.84004419e+03   1.47994067e+03   2.16179466e+00
   0.00000000e+00   3.96789180e+04   4.90493240e+01   1.52854248e+04
   5.43715149e+02   1.01670180e+05   1.37435828e+03   5.27436289e+04
   1.41276152e+04   0.00000000e+00   2.92752197e+03   0.00000000e+00
   4.60007812e+02   4.26988789e+04   3.70766754e+01   1.19116956e+03
   8.35472641e+01   1.14325703e+04   2.44016708e+02   1.49768887e+04
   9.99283691e+03   1.09641844e+05   1.58983063e+02   4.20893955e+00
   6.71076172e+02   4.29796973e+03   9.20551872e+00   1.29806875e+04
   1.61692598e+04   1.70577278e+01   2.54433398e+03   1.44698010e+03
   4.64313672e+04   5.72697656e+03   6.41250703e+04   0.00000000e+00
   2.69973755e+02   8.59366797e+03   3.99584414e+04   2.60747070e+03
   1.07189678e+04   2.58843193e+01   2.92700623e+02   1.84605217e+01
   7.19226904e+03   2.34514542e+02   1.73078234e+05   5.05801855e+03
   6.23205811e+03   1.88563105e+04   1.07222393e+04   2.59890723e+03
   4.91123779e+03   1.36739812e+05   1.66921016e+04   7.01832500e+04
   6.32571228e+02   8.83011398e+01   7.85778713e+00   4.38709297e+04
   6.43959534e+02   1.08174852e+05   3.47375977e+03   0.00000000e+00
   5.70645391e+04   1.86906158e+02   3.24772827e+02   1.48627906e+05]
[  9.78246191e+03   1.14569023e+04   2.95772705e+03   2.78777623e+00
   4.70045312e+04   5.01951027e+00   8.47163047e+04   1.65904688e+04
   8.32457266e+04   1.40326904e+02   5.05372543e+01   2.93888086e+04
   1.74251556e+01   1.05750711e+05   7.14325244e+03   3.80981483e+01
   3.56513843e+03   4.52787695e+03   1.01908923e+03   1.72336792e+03
   2.11876978e+03   4.07810620e+03   9.58427185e+02   7.56644669e+01
   2.06172028e+02   3.59571641e+04   2.02723096e+03   1.07857959e+04
   9.44950623e+02   1.51879303e+02   1.75695324e+00   6.59219131e+01
   1.20746692e+03   0.00000000e+00   1.84039917e+03   1.15001472e+02
   1.52261084e+03   6.29779148e+00   4.56114961e+04   2.86413361e+02
   1.01580449e+04   3.01530078e+03   4.90998840e+00   4.14358008e+04
   2.70182275e+03   4.16129333e+02   2.54576416e+03   1.87133679e+03
   5.34822693e+02   7.76720123e+01   1.02246106e+03   2.59170952e+01
   0.00000000e+00   8.79922852e+03   4.35277783e+03   1.70027480e+04
   2.10316992e+04   5.65474609e+02   5.16708313e+02   4.19662207e-01
   0.00000000e+00   2.46874536e+03   1.41806592e+03   5.02869995e+02
   5.46050476e+02   8.08939285e+01   9.21824316e+03   5.41344043e+03
   8.10883828e+04   4.21006714e+02   1.95871487e+01   1.98631152e+04
   7.72659111e+00   6.68892432e+03   7.46873047e+02   6.19070190e+02
   1.07960427e+00   6.37129492e+03   2.19632416e+02   1.91750891e+03
   1.15104565e+03   1.06222266e+05   5.69292070e+04   9.49111328e+03
   8.31861694e+02   4.02647362e+01   6.25298096e+03   6.32436157e+02
   7.33217236e+03   5.21582642e+02   1.66976016e+04   1.61854746e+04
   1.44302246e+03   0.00000000e+00   6.16749365e+03   1.72831482e+02
   1.19677161e+03   8.31572266e+03   4.96152783e+03   3.35245117e+03
   4.24484375e+03   2.83074805e+03   1.09946716e+03   2.60898447e+00
   6.65493042e+02   2.67623926e+03   4.88997383e+04   6.30732346e+01
   3.62827109e+04   9.71317188e+04   2.14147021e+03   5.65637573e+02
   5.99628906e+02   2.34108496e+03   5.39128203e+04   2.98091895e+03
   1.61981705e+02   8.47619202e+02   5.16121483e+01   1.50202576e+02
   4.76788368e+01   3.61779272e+03   8.73687805e+02   6.07119560e+00
   4.21062344e+04   3.42337990e+01   7.87950146e+03   1.01141418e+03
   3.30242577e+01   2.12010156e+04   3.48152962e+01   2.63562469e+02
   7.48315857e+02   1.54221680e+04   2.31000820e+04   1.59752998e+01
   2.00987366e+02   1.48283249e+02   2.34405762e+04   0.00000000e+00
   6.81068802e+01   7.13225327e+01   2.75353394e+03   1.24850639e+02
   1.10718774e+03   8.15973022e+02   2.26737817e+03   3.12514570e+04
   4.20909210e+02   6.04665967e+03   8.17218984e+04   6.46766455e+03
   1.62642617e+04   1.34425586e+03   6.26468353e+01   4.84645430e+04
   3.12185962e+03   4.07566992e+04   1.74282910e+03   4.55433154e+03
   1.64624402e+03   9.95754297e+03   0.00000000e+00   4.10692719e+02
   2.59530195e+04   4.43426025e+02   8.95340312e+04   5.81408310e+00
   8.38191797e+03   4.77148926e+03   9.50025330e+02   2.32292896e+03
   7.01027422e+04   1.03143047e+04   0.00000000e+00   2.38968918e+02
   3.83847974e+03   1.14993281e+04   6.12091675e+02   7.13693787e+02
   8.02180469e+04   6.02472412e+02   1.14222693e+03   0.00000000e+00
   1.32815361e+04   7.82965312e+04   2.64588213e+00   1.33089258e+03
   3.75109596e+01   8.49851406e+04   2.91432349e+03   4.00941238e+01
   1.31297941e+01   1.24498031e+05   5.89686865e+03   2.50684399e+03
   5.22629204e+01   2.19008652e+04   4.58800201e+02   2.31004355e+04
   1.96436289e+04   1.70033936e+02   0.00000000e+00   3.62601662e+01
   2.33726504e+04   5.83830994e+02   1.56544601e+02   5.54321045e+03
   6.95837402e+01   5.31231885e+03   1.94523511e+03   2.16582794e+02
   3.53280249e+03   9.29475586e+03   5.75682852e+04   7.83240469e+04
   4.38468398e+04   6.36256447e+01   3.07271545e+02   5.87045977e+04
   7.75729736e+03   1.14419228e+02   3.89951807e+03   2.05054306e+02
   9.73805957e+03   4.75016975e+01   4.78954395e+03   6.23677930e+04
   9.79421875e+02   5.16794775e+03   3.68277148e+04   1.16420837e+02
   3.92156464e+02   2.93295166e+03   0.00000000e+00   1.12958969e+05
   9.05812422e+04   4.30674072e+03   2.10052681e+01   4.48122482e+01
   1.82091064e+03   7.78308899e+02   2.29463329e+01   3.28921167e+03
   1.02389111e+04   2.94374707e+03   0.00000000e+00   8.51591797e+04
   9.56411591e+01   1.63283646e+02   2.05431396e+03   3.22981758e+01
   8.30883105e+03   4.18070412e+00   2.87596531e+01   7.23957825e+01
   2.19497910e+02   5.20726318e+02   6.50375488e+03   1.16308154e+04
   3.33017676e+03   9.40535645e+02   4.22585266e+02   6.27511230e+02
   4.85237122e+02   1.30939971e+04   1.37073029e+02   1.07923730e+04
   2.94047095e+03   1.31397568e+04   1.40875168e+02   8.06673828e+02
   2.99893555e+02   2.94150574e+02   2.60083656e+01   5.56706333e+00
   2.15780527e+04   0.00000000e+00   7.18304504e+02   2.32383730e+04
   9.37514844e+03   3.33050598e+02   2.64363516e+04   0.00000000e+00
   9.86960411e+00   1.73846426e+04   8.96368313e+00   5.05106211e+04
   1.02892998e+02   7.50109924e+02   2.49687164e+02   3.56259619e+03
   7.76279062e+04   1.17315752e+04   3.82588696e+03   5.34538281e+03
   4.98004102e+04   1.15183984e+03   4.78220367e+01   1.81103210e+03
   7.11453676e+00   1.82080420e+03   2.63309746e+04   0.00000000e+00
   6.43173047e+03   1.36719473e+04   2.28511914e+03   6.80017500e+04
   9.48356384e+02   1.69324722e+02   4.91128265e+02   4.19647021e+03
   5.38879141e+04   1.07501431e+01   2.45206030e+03   4.08640747e+02
   7.93915000e+04   2.51025314e+01   1.13150124e+02   2.21553299e+02
   7.90777710e+02   2.51447656e+04   1.79222095e+03   4.96346133e+04
   8.29056953e+04   1.20752983e+02   3.30881738e+03   1.98694609e+04
   1.78667572e+02   6.60200596e+00   6.13396211e+04   2.70575645e+04
   2.07156693e+02   1.38844397e+03   2.55509707e+04   4.82163232e+03
   4.56641054e+00   1.39360254e+04   4.36995758e+02   9.39815826e+01
   1.32154580e+04   2.87481006e+03   2.30224292e+03   7.72825391e+04
   2.86056549e+02   5.01459033e+03   3.23218414e+02   2.32632480e+04
   5.30478398e+04   3.79889435e+02   2.38555298e+02   9.54347070e+03
   2.60456970e+02   7.08829199e+03   9.33597891e+04   3.15661660e+04
   1.07947461e+03   6.65135727e+01   2.22417324e+04   4.84881134e+01
   1.95849365e+03   8.72907288e+02   1.80671072e+00   3.45756264e+01
   1.46091475e+04   6.82986797e+04   4.73869354e+02   1.52768164e+04
   2.80165314e+02   6.45501211e+04   4.34111786e+00   1.87909790e+03
   1.58703625e+03   8.77518906e+04   5.36674622e+02   2.89927515e+03
   2.84833221e+02   1.33278061e+02   4.02409473e+03   2.68705918e+04
   3.83550024e+03   2.49130469e+03   1.21086243e+02   1.90342438e+02
   4.43405640e+02   4.91847812e+04   2.39544512e+04   9.16572754e+03
   7.86715000e+04   3.75494604e+03   0.00000000e+00   4.71665878e+01
   5.33733594e+03   6.37446045e+03   6.22504150e+02   5.00223242e+03
   6.09646680e+03   2.92205563e+01   4.06217041e+02   1.01495343e+03
   1.29442993e+02   4.02077319e+03   2.45288008e+04   1.21605889e+04
   1.12920898e+04   0.00000000e+00   9.63702031e+04   2.73404053e+02
   4.67549170e+03   1.48299198e+01   3.63719102e+04   2.70164764e+02
   2.55815552e+03   5.49198438e+03   1.17864380e+02   0.00000000e+00
   2.34470425e+01   1.76728479e+03   6.09386426e+03   9.39346924e+02
   1.76415564e+03   6.96212402e+02   2.17475952e+02   4.90228320e+03
   2.26088550e+03   6.23832812e+04   4.48103424e+02   2.16054878e+01
   6.57918018e+03   7.32737961e+01   2.79023584e+03   3.54816484e+04
   3.30006104e+02   2.24046814e+02   6.89222656e+02   1.34108813e+03
   4.83505518e+03   1.55358728e+03   6.28285508e+04   3.15480420e+03
   3.08261895e+04   6.16302368e+02   4.98225439e+03   3.05965527e+03
   3.00249481e+01   5.64764526e+02   1.17710742e+04   6.18739563e+02
   3.40653839e+02   1.35009293e+02   0.00000000e+00   1.00264929e+03
   3.60000759e-01   0.00000000e+00   9.49733887e+03   0.00000000e+00
   3.29886466e-01   2.58859937e+03   0.00000000e+00   3.09108582e+02
   3.02045947e+03   4.59178711e+02   7.74681201e+03   3.30564148e+02
   9.18444922e+04   2.02705977e+04   3.47131004e+01   1.96198499e+03
   3.36991028e+02   1.91530195e+04   2.53528047e+04   4.43235321e+02
   4.62615356e+02   8.82057037e+01   9.37530212e+02   2.91983643e+03
   2.91003345e+03   1.49883118e+02   6.49129150e+02   5.80959558e+00
   1.15105498e+04   6.94614551e+03   1.95083618e+03   2.35174828e+01
   2.92401978e+02   2.01448669e+03   3.02616875e+04   4.33880186e+00
   6.10404968e+02   3.96666748e+02   1.00032492e+05   2.30647422e+04
   8.62373199e+01   1.09878090e+02   3.19558001e+00   4.20144727e+03
   1.13793152e+03   6.28723907e+01   6.30114746e+02   6.89933008e+03
   2.42063062e+03   3.27149609e+03   1.53285980e+01   3.84764374e+02
   7.79144104e+02   9.35446172e+04   1.26103378e+02   6.55639893e+02
   0.00000000e+00   2.73314355e+04   1.65441445e+04   3.46882275e+03]
[  3.67585083e+02   2.15467188e+04   1.01772285e+02   1.66498547e+03
   9.03568726e+02   3.37371914e+04   3.34934845e+01   7.30997217e+03
   6.47481934e+03   2.96384336e+04   3.92718140e+02   4.97059669e+01
   2.53140137e+03   2.44766699e+04   2.51137061e+03   3.15572754e+02
   2.01472375e+03   3.19468481e+03   6.94098125e+04   2.70783051e+02
   2.77487850e+00   3.59819409e+03   8.53333511e+01   2.14225146e+03
   1.40410859e+04   8.70801315e+01   6.42724561e+03   9.07445450e+01
   5.61075562e+02   2.63333862e+03   5.19945801e+02   3.74110742e+03
   7.20047180e+02   0.00000000e+00   4.63109912e+03   5.62588768e+01
   7.71630798e+02   8.67880781e+04   0.00000000e+00   8.01712646e+03
   3.73278760e+03   1.21177511e+01   3.57407951e+01   3.33886566e+02
   6.46641895e+03   7.70313873e+01   4.74013428e+03   1.34909834e+04
   3.40372681e+02   6.78979950e+01   7.35641418e+02   1.71322601e+02
   2.15667706e+01   2.10567793e+04   1.35961504e+04   4.98403047e+04
   3.67128052e+02   2.59365039e+04   3.76632195e+01   6.18924512e+03
   3.39993604e+03   7.02431702e+02   1.36092749e+03   3.31024139e+02
   3.88717700e+03   2.81311951e+02   1.24095390e+02   5.29889641e+01
   8.41861801e+01   7.00544834e+00   1.52710901e+03   1.72532500e+04
   6.10976992e+04   5.44279938e+01   2.39100742e+04   1.75850735e+01
   1.95955032e+02   3.92912201e+02   2.68742456e+03   2.13544219e+04
   7.41119019e+02   3.41630508e+04   2.07633984e+04   7.97169043e+03
   8.43686641e+04   2.18360168e+02   2.31716333e+03   9.62577539e+03
   8.79361816e+03   2.86031562e+04   2.88568759e+00   6.30550977e+03
   1.76478176e+01   6.18839941e+03   7.98023865e+02   6.49043701e+03
   8.94498438e+03   8.51221466e+00   2.59258047e+04   6.49112061e+02
   3.05949478e+01   1.18185144e+03   7.09560242e+01   2.01180261e+03
   4.66363640e+01   8.11338997e+00   1.83995593e+03   3.69315703e+04
   1.33250580e+01   2.59051016e+04   6.78035095e+02   5.17687305e+04
   1.56725464e+03   5.56842499e+01   3.21842384e+00   6.55271423e+02
   3.44107269e+02   1.71972734e+04   4.19739899e+02   2.53370628e+01
   8.12200010e-01   2.22402441e+03   6.87203857e+03   2.30032822e+02
   7.37563782e+02   9.08018848e+03   1.90443634e+02   5.45337868e+01
   1.44626678e+02   3.05494751e+02   1.28838652e+04   9.65193542e+02
   1.57175644e+02   1.54504382e+03   7.57977417e+02   5.93875049e+03
   6.33126289e+04   0.00000000e+00   8.76000061e+01   3.11732254e+01
   6.91965818e-01   2.21827225e+02   4.16699036e+02   3.69962067e+02
   3.63223969e+02   2.13222168e+03   3.75612280e+03   3.57171869e+00
   4.70939980e+01   7.62079922e+04   7.58329391e+01   6.52855408e+02
   2.82129211e+02   9.66008984e+03   3.34109406e+02   1.75202168e+04
   1.79438424e+00   6.55085815e+02   7.59742676e+02   6.57180273e+03
   2.17543945e+02   6.33741150e+02   4.19657532e+02   1.60878174e+02
   6.57462266e+04   3.32845573e+01   3.71579895e+02   5.76615234e+02
   9.69390820e+03   9.44822461e+03   6.46801519e+00   7.35537186e+01
   7.21906299e+03   8.22986084e+02   2.20226517e+01   2.71740015e+03
   6.71675547e+04   1.82950058e+02   4.18361797e+04   2.99704321e+03
   1.74642598e+04   2.55393340e+04   7.79763746e+00   3.63982471e+03
   3.31176422e+02   0.00000000e+00   2.12948022e+03   3.10922119e+03
   9.41236496e+00   2.45830017e+02   2.17311966e+02   1.72070099e+02
   2.45852661e+03   9.84359766e+03   1.33210461e+03   1.07736162e+04
   1.92379053e+03   3.76710602e+02   1.15522041e+02   2.79403564e+03
   4.68412598e+03   5.62403320e+02   5.74471191e+02   0.00000000e+00
   4.83056104e+03   2.01104752e+02   2.68565430e+03   1.12598279e+03
   7.33877490e+03   9.23680625e+04   9.17878494e+01   1.05062231e+03
   3.05722119e+03   1.38372422e+04   3.39011475e+02   2.00963945e+04
   8.62171172e+04   1.38653290e+02   1.04615005e+02   7.32938965e+03
   9.73134180e+03   2.63808990e+02   7.53590698e+01   2.99167798e+03
   9.79672302e+02   6.74495163e+01   2.43169052e+02   9.81777802e+01
   1.87227246e+03   1.29653992e+02   1.42409353e+01   1.34588303e+02
   8.11631226e+02   3.78254738e+01   2.43932419e+02   7.17460480e+01
   9.24193573e+01   2.25896423e+02   1.83453870e+03   8.86983795e+01
   1.91917820e+01   2.57010773e+02   1.47700208e+03   2.01488516e+04
   3.37647109e+04   7.99987354e+03   8.06020508e+01   1.45445874e+03
   4.61210518e+01   6.23457861e+03   1.16027002e+03   5.42566719e+01
   9.75272852e+03   5.42436096e+02   4.64907932e+00   6.36841164e+01
   4.85814990e+03   3.45704727e+01   6.61875061e+02   8.26094971e+01
   5.30574036e+02   1.19092700e+03   1.80918259e+02   5.35250397e+01
   4.84282852e+04   9.75052979e+02   3.97977773e+04   9.80857605e+02
   2.02676575e+03   7.69392395e+01   8.20500641e+01   1.47123853e+03
   7.36735992e+01   6.64140015e+01   2.72110352e+04   9.62133606e+02
   7.83563354e+02   1.05827222e+03   4.38429834e+03   1.35411904e+04
   2.72941040e+02   8.73363953e+01   5.35540710e+02   8.76302266e+04
   2.16486377e+03   3.57834521e+03   9.28642090e+03   1.58156403e+02
   4.22316986e+02   1.10889707e+04   1.73274585e+03   3.26120996e+03
   8.76721680e+03   1.53483752e+03   7.09943237e+01   1.81056116e+03
   1.27883223e+04   1.29091199e+03   6.56840283e+03   8.22437572e+00
   2.68846822e+00   4.71232513e+02   1.47448223e+04   3.71323204e+01
   1.43918008e+04   8.32530000e+04   1.37071716e+03   8.18889404e+02
   5.99250195e+03   4.46405225e+03   0.00000000e+00   2.20688110e+03
   0.00000000e+00   2.90087061e+03   1.59843652e+03   8.52190918e+03
   4.23076111e+02   6.36418604e+03   1.22429222e+02   6.40377197e+03
   3.05162891e+03   5.00117305e+04   1.40979565e+03   3.60007539e+04
   1.45328690e+02   1.38923865e+03   2.74317407e+03   3.09206329e+02
   4.74734894e+02   1.85097122e+02   4.50837549e+03   2.23362988e+03
   0.00000000e+00   2.17820142e+03   1.15519638e+02   2.85117505e+03
   1.77715271e+02   5.32025488e+03   7.04402954e+02   3.69952422e+04
   2.64086094e+04   1.08402771e+03   2.24116425e+02   1.43169968e+02
   7.28565216e+00   2.48832443e+02   2.02857012e+04   6.73344580e+03
   4.99231689e+03   1.93998145e+04   3.30796802e+03   6.78095391e+04
   2.94701691e+02   2.46143604e+03   2.88356763e+03   1.79550995e+02
   2.59795527e+04   2.19917432e+03   1.20849512e+04   3.79305649e+01
   7.47636172e+04   2.88742249e+02   3.33477656e+04   1.70807007e+03
   8.50448535e+03   2.88585602e+02   2.99318523e+01   4.32341162e+03
   3.91032227e+02   1.79857288e+03   1.04388939e+02   1.57103235e+03
   4.03827271e+02   7.41321533e+03   8.32069092e+01   1.09054883e+05
   1.80675234e+04   5.28682129e+02   1.57304089e+03   1.47421155e+03
   9.47830811e+01   1.63349984e+05   3.87040796e+03   6.69709091e+01
   4.11604889e+02   5.47834766e+03   6.93809662e+01   7.30481720e+00
   2.35166553e+03   1.46344055e+03   7.04306094e+04   4.48411768e+03
   2.50754834e+03   3.99381992e+04   5.92689336e+04   1.97062027e+02
   5.88089218e+01   5.28704150e+03   4.03327075e+03   5.84047412e+03
   6.00208679e+02   1.00377910e+04   5.17657593e+02   1.97183069e+03
   1.41205149e+01   1.25294961e+04   2.03509274e+01   3.97496002e+02
   7.11171387e+02   8.33939551e+03   1.00953979e+03   6.48801221e+03
   1.12189668e+04   3.58825226e+02   1.28773315e+03   1.88125753e+00
   3.13002954e+03   4.02558563e+02   0.00000000e+00   1.57616028e+03
   2.24197205e+02   1.36943164e+04   1.57419053e+04   3.16917152e+01
   7.75997070e+02   6.51300635e+03   1.10543262e+03   8.70006638e+01
   3.11427734e+03   8.87916406e+03   4.43525273e+04   7.26062317e+02
   9.53167871e+03   4.73587433e+02   1.18581818e+02   2.72944183e+02
   3.24074951e+02   2.11569071e+00   4.09275859e+04   1.43440428e+01
   7.45803452e+01   4.62088203e+01   8.84963913e+01   2.39887044e-01
   2.70246677e+01   2.54140000e+04   8.47966187e+02   1.52506897e+02
   1.32195825e+03   1.68673398e+04   1.09644608e+02   1.00466882e+03
   4.47960320e+01   1.61602547e+05   3.43603906e+04   2.60995150e+00
   2.47370630e+03   1.79064863e+04   7.64823096e+03   1.76411758e+04
   1.00776582e+04   2.04091953e+04   7.36380518e+03   2.53717331e+02
   1.93583086e+04   2.27616846e+03   4.47793518e+02   1.64331039e+02
   5.87971985e+02   1.78006180e+02   1.11164414e+04   1.35563457e+04
   1.30753418e+04   9.93856641e+03   4.26106598e+02   1.23479128e+01
   8.01147339e+02   1.16640649e+03   1.17325342e+03   1.02839326e+04
   2.40113696e+03   2.28919601e+02   2.09920449e+04   3.59891891e+01
   0.00000000e+00   0.00000000e+00   4.33384424e+03   2.84859558e+02
   2.24187891e+03   1.35649160e+04   5.46934297e+04   1.27645537e+04
   2.04213457e+04   1.70238562e+03   3.87366119e+02   7.34997375e+02
   1.81152747e+03   1.43690271e+01   1.37586914e+03   2.90685571e+03
   2.31145078e+04   3.01502949e+04   4.55524292e+01   2.33903662e+03
   7.74607520e+03   3.92113125e+04   8.72410278e+01   2.58439674e+01
   1.69709717e+02   5.07537365e+00   6.69309006e+01   1.63435723e+04]
[  2.26429504e+02   1.00889826e+00   0.00000000e+00   9.74725586e+03
   1.35659882e+02   4.31746254e+01   3.00309682e+00   1.44623411e+00
   4.58739357e+01   1.06093124e+02   3.08947105e+01   2.33805939e+02
   2.36962662e+01   1.60978394e+01   7.40722466e+00   2.27046385e-01
   0.00000000e+00   4.20285736e+02   0.00000000e+00   0.00000000e+00
   1.69546356e+02   1.73357871e+04   7.25220605e+03   2.13071869e+02
   6.56890154e+00   0.00000000e+00   0.00000000e+00   1.01503479e+03
   3.70688782e+02   4.70342010e+02   6.52752393e+03   6.46762573e+02
   9.94954651e+02   1.04983536e+02   3.35299611e+00   7.42143066e+02
   2.06270905e+01   1.11945879e+04   1.15349805e+03   1.78693970e+03
   7.63082861e+03   1.48440765e+02   2.40202319e+03   2.38832471e+03
   2.66397381e+00   2.70010900e+00   2.73540332e+03   7.71658301e-01
   3.78259315e+01   2.60034657e+00   4.31244202e+01   2.30325464e+03
   0.00000000e+00   6.31531715e+01   4.68983841e+01   5.58327026e+01
   4.18739160e+03   3.38384674e+02   0.00000000e+00   1.03035385e+02
   2.92337952e+02   2.58131504e+01   1.13662171e+00   6.81009094e+02
   1.32228256e+02   1.63743567e+03   1.71514530e+01   6.27625823e-01
   4.73055817e+02   1.75301013e+03   1.36214645e+02   4.22047195e+01
   1.13507023e+01   4.93428764e+01   1.29956427e+01   2.76480835e+03
   1.69153118e+00   1.48584351e+03   1.52966547e+00   1.03660561e+02
   0.00000000e+00   3.95586891e+01   1.58262665e+02   2.82213403e+03
   1.66408600e+02   1.98362312e+01   1.11029259e+02   2.99486470e+00
   1.61122002e+04   2.03921112e+02   1.31035732e+04   7.37201996e+01
   1.57998262e+04   3.65011719e+02   0.00000000e+00   3.87704193e+02
   9.57869141e+03   6.81970310e+00   2.56355957e+03   4.99848900e+01
   7.80388062e+02   3.74861946e+01   1.04988737e+01   1.12377048e+00
   1.42193494e+03   8.73592712e+02   0.00000000e+00   2.34441895e+02
   4.63014460e+00   0.00000000e+00   2.12629719e+01   2.07551971e+02
   2.70142065e+03   6.15495361e+03   2.38741570e+01   5.06876290e-01
   5.08891266e+02   8.38143677e+02   2.98817322e+02   1.48384720e+02
   0.00000000e+00   5.30734009e+02   0.00000000e+00   5.48936558e+00
   1.11938133e+01   7.28802538e+00   4.49755669e+00   6.45485401e-01
   5.15111237e+01   2.21730322e+03   2.76297394e+02   7.22767151e+02
   0.00000000e+00   2.70709896e+01   1.01951947e+03   8.59543991e+01
   7.36772656e+03   6.21574020e+01   2.23068115e+02   6.90137634e+01
   2.81703516e+03   2.51771641e+01   1.61491592e+02   4.42064746e+03
   2.90525093e+01   9.48947296e-02   7.09434586e+01   1.36575103e+00
   3.22905636e+00   4.24792862e+00   0.00000000e+00   3.07799034e+01
   3.46622124e+01   2.22242775e+01   4.99979897e+01   2.18970037e+00
   8.30065735e+02   1.98406620e+01   0.00000000e+00   8.28765297e+00
   1.74772781e+02   1.17696381e+01   1.41229668e+04   3.56531830e+02
   2.14411548e+03   8.79762891e+03   0.00000000e+00   2.23175635e+03
   6.18714050e+02   4.24277979e+03   0.00000000e+00   1.69008459e+03
   1.51075630e+01   1.10344604e+03   3.49517326e+01   3.08390409e-01
   8.59127884e+01   0.00000000e+00   7.86981964e+01   0.00000000e+00
   5.55113697e+00   2.82914404e+03   0.00000000e+00   1.72685767e+03
   1.42306427e+02   4.93433008e+03   2.73014164e+01   4.67374573e+01
   5.06889551e+03   1.51472992e+02   9.79421806e+00   1.08021193e+01
   2.85453638e+03   5.13622375e+02   1.79912811e+02   3.44440948e+02
   2.05795884e+00   1.87685474e+03   5.44916504e+03   7.46648047e+03
   1.66504326e+01   1.33146084e+04   1.13296442e+01   2.39461155e+01
   2.42143509e+02   1.03282661e+01   1.38420837e+03   9.82886353e+02
   0.00000000e+00   1.66846167e+03   5.84127979e+03   9.02625366e+02
   0.00000000e+00   0.00000000e+00   2.73193298e+02   3.87160718e+03
   6.10362396e+01   6.59812927e+00   1.99332523e+01   2.37284508e+01
   9.89244156e+01   1.11343285e+02   3.90261688e+02   1.18165171e+00
   5.92853857e+03   6.66746973e+03   5.33698261e-01   1.09130216e+00
   8.82112563e-01   9.48649414e+02   7.92058945e+01   5.33051514e+02
   1.64073242e+02   9.59945557e+02   1.11904089e+03   3.66860046e+01
   2.39798565e+01   5.04600195e+03   1.25695653e-02   1.48263110e+03
   0.00000000e+00   1.15333418e+04   5.77932777e+01   1.94479871e+00
   0.00000000e+00   2.70912964e+02   6.34646289e+03   0.00000000e+00
   0.00000000e+00   2.46255474e+01   1.09492656e+04   1.86574707e+02
   2.02286854e+01   9.80944214e+01   1.64262314e+01   1.02903467e+03
   8.10497498e+02   4.25212908e+00   1.45020321e-01   6.74821826e+03
   6.68579865e+01   1.20212303e+02   0.00000000e+00   0.00000000e+00
   4.19401795e-01   0.00000000e+00   2.42570567e+00   1.60755078e+03
   1.91567908e+03   1.21512527e+01   6.18198156e-01   3.57263184e+03
   2.12575531e+00   1.35299668e+04   7.31160254e+03   3.82844009e+01
   4.06712866e+03   3.03160973e+01   1.92167397e+01   8.59887600e+00
   1.18332815e+00   3.76355164e+02   1.20560029e+04   2.17068634e+02
   7.54795313e+00   1.64606171e+02   2.13343481e+03   8.24493484e+01
   2.34916782e+00   2.17456226e+01   1.44759178e+01   2.75714917e+03
   1.67691675e+03   2.29105225e+02   0.00000000e+00   0.00000000e+00
   8.23788452e+01   1.91306564e+02   2.83867359e+00   5.15230179e+01
   3.14065582e+02   1.20966785e+03   8.33773535e+03   0.00000000e+00
   5.39260193e+02   0.00000000e+00   1.25398735e+02   1.40618563e-01
   1.13365791e+04   0.00000000e+00   8.72394434e+03   1.35515347e+01
   1.09196005e+01   0.00000000e+00   1.07085018e+01   8.09057568e+03
   3.64002173e+03   5.24285938e+03   1.71496802e+03   8.56779516e-01
   1.25148413e+03   4.33176899e+00   1.27891121e+01   2.55746368e+02
   5.28301819e+02   0.00000000e+00   1.55725088e+01   9.39277878e+01
   2.28075073e+02   1.55469160e+01   3.00397282e+01   4.37110107e+03
   2.96214333e+01   7.89633179e+02   2.94776184e+02   3.82711426e+03
   1.41555286e+03   3.68866187e+03   4.93588428e+03   3.73944206e+01
   1.23402466e+03   3.78420241e-02   1.62255051e+02   2.34043169e+00
   1.46938416e+03   7.50417233e-01   4.04209985e+03   4.99070129e+01
   1.51870825e+03   4.11603749e-01   1.64271774e+01   0.00000000e+00
   5.67816553e+03   1.87616463e+01   5.40748471e-03   1.66075485e+02
   6.48903564e+03   5.20789307e+03   4.32269678e+03   5.88941622e+00
   1.00379286e+01   9.92635250e-01   9.44948654e+01   3.04258179e+02
   1.36147202e+02   5.25962334e+01   0.00000000e+00   2.17657898e+02
   1.74690781e+02   0.00000000e+00   3.59634583e+02   5.84325244e+03
   7.40600128e+01   2.87457062e+02   3.30114822e+01   5.08446159e+01
   0.00000000e+00   6.58989191e-01   1.36637598e-01   8.07081757e+01
   1.44260468e+02   1.36960674e+04   5.35216331e+00   6.95191504e+03
   5.29486389e+02   3.00792310e+03   1.57781201e+03   1.29443924e+02
   1.85833777e+03   6.86615540e+02   4.71169067e+02   1.47148714e+01
   6.85428810e+00   3.36070418e-01   1.69298950e+02   4.27963982e+01
   0.00000000e+00   2.34742212e+00   2.47195724e+02   1.76709167e+02
   2.15192856e+02   1.23778821e+03   5.93170410e+03   2.34665394e+01
   1.81930786e+02   1.42507401e+01   1.30006699e+02   1.18408527e+01
   1.85718193e+01   9.49710547e+03   6.16599846e+00   2.18226128e+01
   9.61395454e+00   6.50265137e+02   4.05061108e+03   1.42626144e+02
   9.91104883e+03   3.43804108e+02   1.03985929e+00   0.00000000e+00
   1.54449258e+04   9.93037903e+02   1.36186495e+01   7.08937645e-02
   7.65806763e+02   1.23806747e+02   1.32881093e+00   8.96168442e+01
   8.62162352e-01   1.45848694e+03   2.59798218e+03   5.86482430e+00
   1.20737106e+02   2.71382471e+03   1.30444189e+03   2.99514294e+01
   1.15392172e+00   7.33865540e+02   1.16828506e+04   2.38016109e+01
   9.36920166e+00   2.40552425e+00   1.57517281e+01   9.75035858e+01
   4.72884331e+01   1.72946930e+01   1.02100498e+04   7.76274512e+03
   9.78962695e+03   5.56056082e-01   1.04401642e+02   1.42393478e+02
   4.03811963e+03   1.14645946e+00   1.19295959e+03   4.16603088e+02
   9.22170258e+01   1.29471211e+04   8.46042252e+01   2.40533276e+03
   0.00000000e+00   1.90212662e+02   5.12021904e+01   1.15501152e+02
   5.70675830e+03   1.86208057e+01   9.87393570e+01   0.00000000e+00
   2.38525963e+00   2.88027191e+02   1.95224014e+02   2.41393833e+01
   1.30010376e+02   5.69286963e+03   1.05741143e-01   2.09631714e+03
   2.19521118e+02   3.00578705e+02   6.63628467e+03   6.09136414e+02
   6.09350879e+03   4.68260162e+02   1.53292038e+02   5.29204865e+01
   4.24543091e+02   6.37323120e+02   9.21378403e+01   8.21129297e+03
   3.76749523e-02   2.12173748e+01   9.00136089e+00   5.40853223e+03
   4.73645905e+02   3.19727087e+00   1.89458103e+01   0.00000000e+00
   1.64328540e+03   6.56526123e+02   1.15375952e+03   5.89450586e+03
   4.12079620e+01   4.74552536e+01   2.94047266e+03   6.53946973e+03
   0.00000000e+00   4.10649609e+03   3.49175787e+00   2.14033646e+02
   0.00000000e+00   8.25553320e+03   6.93486154e-01   8.35194855e+01]
[  1.87339649e+01   3.62361786e+02   8.43820953e+01   3.05488251e+02
   2.68347870e+02   1.53416443e+03   4.10727997e+01   2.37757080e+02
   2.41011353e+01   4.58183022e+01   1.52669836e+03   1.47918420e+03
   6.23820801e+03   2.28131897e+02   3.76198047e+03   1.28984741e+02
   4.36949193e-01   4.72377808e+02   1.05117896e+03   6.03035706e+02
   8.99374390e+01   2.66469765e+01   5.01852295e+03   1.53985107e+02
   4.02368866e+02   4.09537201e+01   6.02969122e+00   6.42622471e+00
   3.39516919e+03   9.46756172e+00   3.64113140e+00   3.55596085e+01
   5.86658252e+03   4.31588173e+01   1.02504845e+01   2.10056299e+03
   4.21445557e+03   9.13642311e+00   7.65922904e-01   1.42358875e+03
   7.94457080e+03   6.00990601e+02   1.53226638e+00   0.00000000e+00
   2.04781985e+00   1.04162524e+03   4.32926611e+03   1.43095608e+01
   2.43507881e+01   2.56678162e+01   7.21279373e+01   3.67532005e+01
   2.67092651e+03   4.22699097e+02   1.02892981e+03   4.73659180e+03
   1.59445906e+00   4.30315351e+00   2.30481812e+03   5.16839697e+03
   1.91754236e+03   2.03050034e+02   8.02335010e+03   0.00000000e+00
   8.27931583e-01   5.41105774e+02   1.06726250e+02   8.66321259e+01
   7.24376297e+00   1.40743665e+03   2.33333032e+03   4.43388519e+02
   3.33238495e+02   7.52130508e+01   7.32772446e+01   1.03618701e+03
   6.08227654e+01   4.86863831e+02   3.25379590e+03   2.31921411e+00
   1.51015320e+01   6.39071274e+01   2.02718677e+03   5.75201988e+00
   1.09067480e+03   3.54933179e+03   1.51655701e+02   1.15965141e+02
   6.51965430e+03   4.07911987e+02   1.07320015e+02   1.62317810e+02
   0.00000000e+00   2.86373022e+03   8.90073204e+00   1.14637213e+01
   2.90614563e+02   2.88215576e+03   1.65082260e+02   7.88964510e+00
   9.75827713e+01   4.24491577e+01   9.18485031e+01   2.01972473e+02
   2.95863208e+03   1.07256069e+01   1.90530701e+02   7.24453271e+03
   4.52583887e+03   1.65435242e+02   3.42205170e+02   8.88894367e+00
   2.11329736e+03   1.65284314e+03   3.23105865e+02   5.05131483e-01
   1.27317360e+02   2.74803333e+01   2.59363745e+03   6.78022842e+01
   3.90068817e+01   3.03949023e+03   1.62732577e+00   1.59300318e+01
   5.09253006e+01   4.32976379e+02   6.66993332e+01   1.71871017e+02
   4.25561670e+03   2.51992321e+00   1.47429108e+02   3.01622021e+03
   1.66979224e+03   5.23379755e+00   7.02010889e+03   4.57554340e+00
   7.70231390e+00   1.65474182e+02   6.43107834e+01   3.62778449e+00
   3.03355420e+03   0.00000000e+00   6.14090576e+02   7.92249069e+01
   2.47128525e+02   1.02776775e+01   1.11701131e+00   1.28253851e+01
   1.47690743e-01   2.15161392e+02   4.63518429e+00   1.71840405e+03
   2.62678864e+02   3.23504272e+03   2.73040405e+02   3.71102203e+02
   1.31464954e+03   7.38386679e+00   2.16952588e+03   3.39675201e+02
   1.07799231e+03   2.84558667e+03   8.27969074e+00   5.84215088e+02
   4.68117432e+03   7.76229370e+02   2.63345001e+02   1.42094612e+01
   1.69432621e+01   1.69731873e+03   3.69957794e+02   3.96634728e-01
   2.33587280e+02   0.00000000e+00   8.70816326e+00   2.34589887e+00
   1.49712443e+00   3.90733105e+03   6.80550415e+02   9.54584885e+00
   1.09085320e+02   1.88147774e+01   2.85407352e+00   9.55074921e+01
   2.82027490e+03   2.04366899e+00   4.68390274e+01   2.41645008e-01
   1.48458648e+00   4.93823624e+00   1.79632587e+01   1.09279747e+02
   7.08794327e+01   1.65276443e+02   1.14104431e+03   6.80500793e+02
   1.08696114e+02   6.18582191e+01   3.62115555e+01   1.14092007e+01
   6.10780478e+00   1.64153534e+02   1.03115284e+00   1.04611073e+01
   7.29015503e+01   2.47714615e+01   1.29804640e+01   1.78850784e+02
   2.15727081e+01   5.22230301e+01   4.35633057e+03   3.99222290e+02
   1.01607047e-01   1.31334186e-01   1.68331879e+02   4.05911255e+01
   7.08707581e+01   1.04531201e+03   4.05882141e+02   4.23016701e+01
   1.93951141e+02   1.10680310e+03   6.51620483e+01   1.05436243e+03
   4.38604927e+01   1.69499531e+01   3.46398657e+03   2.86905914e+02
   4.42246533e+03   5.35721729e+03   3.22843994e+03   8.61493988e+01
   0.00000000e+00   9.50568542e+01   2.64551880e+02   1.78683313e+03
   2.16493506e+03   9.18565273e+00   3.78828198e+03   1.01795959e+03
   6.78466892e+00   8.18151169e+01   3.80200287e+02   0.00000000e+00
   8.55501282e+02   1.04470764e+03   3.26354492e+02   0.00000000e+00
   3.14808624e+02   9.68222141e+00   0.00000000e+00   6.34624390e+02
   2.77943018e+03   0.00000000e+00   1.23139286e+01   5.55344580e+03
   4.98213863e+00   1.84313309e+02   7.26598053e+01   7.25245056e+01
   3.75330811e+03   0.00000000e+00   7.13998438e+03   6.91165543e+01
   1.10967798e+01   2.55338898e+02   7.40462097e+02   1.18003162e+03
   5.10757904e+01   7.39613953e+02   8.93899536e+01   5.37113953e+02
   0.00000000e+00   1.10074915e-02   9.40617752e+01   9.49292679e+01
   6.78821030e+01   1.88173386e+02   8.67900940e+02   1.85764941e+03
   9.16104031e+00   9.10092640e+00   2.48515210e+03   2.51541901e+01
   6.17140979e-02   2.06277466e+03   1.87738342e+02   0.00000000e+00
   5.09850244e+03   3.53710327e+01   1.74429493e+01   2.81136870e-01
   1.50479395e+03   3.76363281e+02   5.38456934e+03   1.47586655e+02
   1.04577234e+03   4.56552521e+02   6.44605103e+01   2.42376205e+02
   5.05756836e+03   1.14709375e+03   6.35344028e-01   1.00137448e+00
   4.11380615e+03   2.96814062e+03   7.53553076e+03   3.23485168e+02
   8.23632121e-01   3.49587036e+02   5.17906433e+02   2.07635056e+02
   3.49583775e-01   6.74546890e+01   7.12008429e+00   5.40864136e+02
   1.04151758e+03   1.48155548e+02   1.55561447e+02   0.00000000e+00
   8.74334946e-02   2.82101538e+03   2.45683022e+01   3.31169556e+03
   1.29768188e+02   1.50845795e+02   1.93252426e+02   5.92282891e-01
   2.59216080e+01   9.65840271e+02   4.90416193e+00   8.64358234e+00
   3.81869507e+01   2.04575302e+02   5.40389282e+02   1.21266508e+01
   2.23433643e+03   4.15744476e+01   8.99272888e+02   2.77420557e+03
   3.08284985e+03   1.96143396e+03   8.86571777e+02   9.10430074e-01
   9.48782120e+01   9.11825317e+02   1.46907874e+03   1.04212151e+02
   3.83910637e+01   3.94092407e+03   2.81380415e+00   0.00000000e+00
   3.40847144e+03   1.78620796e+01   1.99175623e+03   3.64613438e+00
   4.08841846e+03   5.87568787e+02   7.00193453e+00   2.31591110e+01
   4.02320938e+01   4.20056283e-01   3.44449677e+02   1.68159180e+03
   1.97154785e+03   1.97222900e+00   2.11442688e+02   1.77861481e+02
   6.39337273e+01   8.61686993e+00   8.90986621e+03   0.00000000e+00
   3.76889008e+02   1.33998376e+03   0.00000000e+00   3.87716949e+02
   1.27150842e+03   9.33093066e+03   1.69177719e+02   5.34395996e+02
   9.33631836e+02   2.52392635e+01   9.97008667e+01   1.87436066e+01
   4.69658447e+02   5.04438248e+01   5.46482048e+01   2.98654308e+01
   1.93530725e+03   5.38805733e+01   7.40574756e+03   3.12375450e+01
   1.13986633e+03   2.51830254e+01   0.00000000e+00   6.38403206e+01
   3.07613354e+01   1.91227951e+02   3.44462921e+02   2.01146332e+02
   2.56396826e+03   1.66378510e+02   5.46240845e+01   3.29765283e+03
   3.16864771e+03   1.91039291e+02   6.80764038e+02   2.00627327e+00
   1.15243767e+02   8.10174414e+03   1.36538467e+02   1.98973047e+03
   1.55686235e+01   0.00000000e+00   1.93475132e+01   2.23017991e-01
   4.11833649e+02   4.42684326e+03   2.17121045e+03   2.93468921e+03
   1.45364670e+02   4.87647438e+01   1.64525360e+02   9.98276114e-01
   6.67120285e+01   7.19179583e+00   2.66331268e+02   3.30692383e+03
   1.11242517e+03   1.62930481e+03   7.87703076e+03   2.69365215e+01
   1.65776840e+02   2.06520020e+03   4.14957619e+01   2.14012466e+02
   2.25225415e+03   1.16102734e+01   4.89112030e+02   1.72407120e+02
   2.98882732e+01   7.52267408e+00   5.03492012e+01   9.13784866e+01
   1.23515762e+02   1.47623215e+02   1.00206886e+02   9.53464222e+00
   5.05976372e+01   4.25710335e+01   1.61192811e+00   1.75607910e+03
   7.22092139e+03   1.62274011e+03   1.97566814e+01   5.82547424e+02
   1.10567588e+04   1.94749008e+02   1.73056702e+03   2.05539560e+00
   5.18254150e+02   1.03415703e+02   1.79583984e+02   1.30210221e-01
   8.39360840e+02   1.51592981e+03   6.14343643e+01   7.54843213e+03
   6.95636279e+03   3.74487579e+02   1.95047534e+00   3.23915443e+01
   1.90364113e+01   7.46987854e+02   5.63308487e+01   5.08582184e+02
   1.94065598e+02   1.72930762e-01   1.02840023e+01   1.58669829e+00
   1.22625839e+02   1.32873364e+03   1.30562195e+02   1.24764612e+03
   4.81909485e+01   2.04849625e+00   3.33102083e+00   9.38106836e+03
   9.43932152e+00   3.33848152e+01   8.05678345e+02   1.94162708e+03
   0.00000000e+00   0.00000000e+00   6.29490601e+02   5.85173454e+01
   1.60365028e+01   1.54788599e+03   4.74567200e+02   4.60122461e+03
   1.41083032e+03   8.48545837e+01   3.19044922e+02   5.27118896e+03
   1.46286621e+02   0.00000000e+00   2.33109360e+02   6.16925293e+03
   8.51746140e+01   1.29175034e+02   6.23979065e+02   6.55338281e+03]
[  5.29844849e+02   9.33591080e+00   1.76365006e+00   5.43540716e+00
   1.79025307e+01   1.72520117e+03   4.41973801e+01   6.45780334e+01
   1.06661372e-01   1.25572778e+03   1.99869132e+00   1.75931686e+02
   9.36148865e+02   1.07605737e+03   4.80174591e+02   0.00000000e+00
   1.51677580e+01   4.01281281e+02   6.36976395e+01   2.11711955e+00
   6.41975250e+01   2.53082216e-01   1.74927612e+02   9.77620056e+02
   9.00170565e-01   4.73980675e+01   1.11784744e+01   5.90603209e+00
   3.27173448e+00   7.57179184e+01   1.92180653e+01   2.50489759e+00
   1.91274460e+02   6.99894381e+00   3.60382593e+03   1.19331238e+03
   4.41480789e+01   8.30366943e+02   7.24748182e+00   6.67985611e+01
   2.56204939e+00   4.34989815e+01   8.79546738e+01   5.14598808e+01
   1.17030251e+00   6.63890762e+01   2.28367706e+02   1.20310163e+00
   3.90833130e+01   3.82047081e+01   2.03653503e+03   0.00000000e+00
   2.17004566e+01   6.51561584e+01   3.81089002e-01   6.03325500e+01
   1.22219734e+01   4.66540146e+00   2.99535645e+02   4.40631470e+02
   3.32527685e+00   1.27004326e+02   5.50554752e+00   2.38138218e+01
   1.83656479e+02   2.99651661e+01   7.68818665e+01   1.01677160e+01
   9.91305828e+00   2.64880161e+01   4.39111633e+01   1.47763501e+03
   1.96455841e+01   1.34523359e+04   1.95696057e+03   2.12199802e+01
   3.87723656e+01   3.50181389e+00   5.94451485e+01   2.28165317e+00
   6.34746456e+00   4.95281715e+01   5.27035379e+00   1.98770714e+01
   1.36862137e+02   8.89763355e-01   6.77187988e+02   1.73291435e+01
   1.38415924e+02   1.79595737e+01   6.03510284e+01   1.30895935e+02
   2.10067177e+01   6.44499451e+02   3.50927979e+02   6.14492111e+01
   2.45553703e+01   1.27795670e+02   3.82658043e+01   2.21685390e+01
   1.81342319e-01   8.18536606e+01   7.02839813e+01   2.21543388e+01
   1.88220768e+01   2.60351448e+01   2.50233436e+00   1.22632776e+03
   7.69926643e+00   7.65744507e-01   1.41869434e+03   5.11986303e+00
   1.08295736e+01   2.15789581e+02   0.00000000e+00   0.00000000e+00
   1.27700510e+01   8.45947647e+00   2.32275366e+03   3.52600646e+00
   3.23277252e+02   7.63393497e+00   1.03601847e+01   4.13959885e+00
   9.65147972e-01   1.48945625e+04   9.05801713e-01   3.19038525e+01
   1.46038904e+03   1.61543411e+02   1.92003498e+01   2.52887848e+02
   4.11257401e+01   6.27986526e+00   4.83220850e+03   2.92788625e+00
   4.05022055e-01   2.02759910e+00   1.86433862e+03   8.11880798e+01
   4.45370531e+00   9.24799438e+02   8.98289013e+00   1.19533691e+03
   3.28148384e+01   8.94657059e+01   3.17877140e+01   1.70707657e+02
   8.40347351e+02   4.87659311e+00   1.62513371e+01   1.80483597e+02
   2.89490986e+00   3.93553581e+01   7.87042419e+02   3.69212990e+01
   3.39473610e+01   0.00000000e+00   8.40477657e+00   1.85502039e+03
   6.50426465e+03   2.92286450e+03   1.26024342e+01   6.79042006e+00
   4.96332893e+01   2.18047810e+01   4.43264389e+01   2.38670635e+01
   3.80551410e+00   2.94460487e+01   4.49311066e+01   0.00000000e+00
   5.29078913e+00   6.31145020e+02   2.13184681e+01   1.45673126e+02
   3.03292580e+01   5.24903059e+00   6.80641479e+01   1.46725720e+03
   1.30768604e+03   1.19111710e+02   5.28704407e+02   2.87593231e+02
   6.63714981e+01   8.82448044e+01   1.70408344e+00   9.21584249e-01
   3.57796478e+01   1.22493439e+02   5.12368011e+01   5.00086308e-01
   5.39927979e+03   3.59586792e+01   1.88822299e-01   1.43444681e+01
   1.70186977e+01   3.99919014e+01   4.56954803e+01   1.11645789e+03
   7.63457031e+01   7.78133214e-01   8.91896606e+02   4.10241508e+01
   2.44637585e+01   1.31590903e+00   1.77770862e+03   9.99811649e+00
   1.74807529e+01   3.43542542e+02   4.04329109e+01   2.63991618e+00
   2.55486069e+02   4.87417068e+01   6.60491486e+01   3.34248840e+02
   0.00000000e+00   2.09290436e+02   4.58776660e+03   1.38405258e+02
   0.00000000e+00   8.43274021e+00   3.18899512e+00   5.90126534e+01
   5.81587219e+01   1.09561902e+03   1.17649002e+02   3.46203461e+01
   3.50857854e-01   7.40618439e+01   7.51712322e+00   1.01094611e+03
   1.08470544e+03   1.93766211e+03   0.00000000e+00   0.00000000e+00
   1.18066978e+02   1.77483850e+03   4.18831348e+03   2.58232841e+01
   2.44569130e+01   6.53147354e+01   5.44869461e+01   0.00000000e+00
   3.06384315e+01   0.00000000e+00   9.03694397e+02   1.98604167e-01
   3.65264359e+01   7.22481918e+01   1.02381757e+03   4.57087231e+00
   5.06703329e+00   1.04432727e+03   1.61665381e+03   1.53875315e+00
   6.31581955e+01   2.83996353e+01   2.51707300e+03   1.03058533e+02
   3.10977802e+01   1.07170982e+01   1.10720227e+03   4.63252754e+01
   2.35615044e+01   0.00000000e+00   1.08686874e+02   3.85873489e+01
   1.26972663e+00   2.73333130e+01   2.98918579e+03   2.51415024e+02
   2.08537483e+01   1.64674282e+01   6.24650002e+01   3.45121384e+01
   3.98893097e+02   3.68189087e+01   4.65182829e+00   3.67842388e+00
   5.62509827e+02   3.45030975e+02   2.11481857e+01   1.01398108e+03
   3.25556641e+01   2.45615482e+00   1.77467327e+01   9.65028191e+00
   1.67696960e+02   6.87656097e+01   1.58177344e+03   1.63060608e+01
   1.44058475e+01   1.69354630e+01   8.47606506e+01   5.08129822e+02
   4.89783573e+00   1.07435010e+03   1.17537773e+02   5.64932715e+03
   1.13259216e+02   5.29870834e+01   2.49796753e+03   4.39265930e+02
   7.47908783e+01   5.02408051e+02   2.77723999e+01   7.21130676e+02
   2.82838116e+01   8.97122879e+01   2.54170328e-01   4.41557264e+00
   2.16668015e+01   9.38813248e+01   3.94531152e+03   4.23816681e+01
   2.21395898e+03   0.00000000e+00   1.33990344e+03   5.30849342e+01
   1.34611435e+02   1.08165607e+01   9.35230408e+01   2.51172913e+02
   2.61048828e+02   1.70809669e+01   2.73428593e+01   1.07206154e+02
   2.57257271e+00   2.61327305e+01   6.46736920e-02   8.92914963e+00
   0.00000000e+00   4.76232941e+02   9.69301796e+00   8.14093140e+02
   3.65105534e+00   4.71137466e+01   4.65261841e+01   4.97005188e+02
   1.51571045e+02   1.06851511e-01   5.06317978e+01   5.84934311e+01
   0.00000000e+00   2.02344036e+00   4.91933441e+01   1.87203007e+01
   1.52674270e+00   1.03372889e+01   6.24400864e+01   1.79682600e+00
   3.51115763e-02   2.36969223e+02   1.49035492e+01   7.24445215e+03
   1.18518250e+02   3.45600586e+01   1.63733578e+01   1.46414957e+01
   5.41867781e+00   2.27469086e+02   1.32158798e+02   7.18699951e+01
   1.73053186e+03   2.17286873e+00   4.49747086e+01   2.95814705e+01
   6.07375221e+01   7.90012407e+00   1.72369316e-01   7.78577026e+02
   8.06243210e+01   0.00000000e+00   1.65596085e+01   3.98953009e+00
   1.25513696e+03   1.27563703e+00   9.92277718e+00   2.82218385e+00
   1.43827267e+01   1.82829919e+03   1.49184155e+03   0.00000000e+00
   7.94675171e+02   1.93326664e+01   3.28611183e+01   2.08184981e+00
   2.75031242e+01   0.00000000e+00   3.66114111e+03   1.27679062e+02
   2.87085785e+02   1.31180328e+02   1.35073486e+03   4.34364990e+02
   6.46681274e+02   4.27251854e+01   3.44281235e+01   1.72135693e+03
   1.96612198e+02   3.23603487e+00   1.53417730e+00   1.54078913e+00
   2.21118561e+02   1.19128357e+03   1.82472858e+01   9.28127518e+01
   1.14219589e+02   2.47670074e+02   1.28518213e+03   4.90712311e+02
   6.90372753e+00   8.04472046e+02   5.50521423e+02   6.41794503e-02
   1.04147537e+02   5.53710651e+00   1.08035876e+03   5.58829918e+01
   3.95408966e+02   2.14873600e+00   1.86188080e+02   6.94369078e+00
   9.74616241e+01   1.12120386e+03   3.35877838e+02   1.36719322e+01
   1.20819814e+04   1.02975754e+02   2.93774300e+01   1.54296150e+01
   7.10414734e+01   8.45375916e+02   9.11202545e+01   2.48805420e+03
   1.18879822e+03   9.25646133e+01   3.20390282e+01   8.31247025e+01
   1.08722076e+01   2.12127734e+03   1.42591431e+02   3.30958595e+01
   5.85893173e+01   3.29799004e+01   2.21941307e-01   1.19499535e+02
   1.51436186e+00   1.59268284e+00   5.31008530e+00   3.71020546e+01
   1.99194241e+00   1.46726456e+02   9.26485672e+01   4.90698438e+03
   3.42541351e+01   1.88180847e+03   5.27249756e+02   6.99437637e+01
   3.55924072e+01   1.15043018e+03   3.27015953e+01   4.78535271e+01
   9.69986450e+02   8.28196812e+00   2.75523242e+03   6.16541367e+01
   1.79903674e+00   5.80100250e+00   5.13275948e+01   7.68885269e+01
   1.30084924e+03   9.41528931e+02   4.00421333e+01   2.70447510e+03
   1.47781581e-01   7.98309207e-01   3.85906315e+00   1.50744212e+00
   7.05533371e+01   2.50162487e+01   9.60289429e+02   4.71926570e-01
   9.85995483e+01   2.40543957e+01   1.91766224e+01   1.66425024e+03
   1.23683125e-01   0.00000000e+00   1.01741753e+02   5.81928902e+01
   1.99270782e+01   9.92549805e+02   5.09920288e+02   5.08375336e+02
   7.66546692e+02   4.75181488e+02   8.08442230e+01   2.34634686e+01
   1.66504224e+03   2.20685673e+01   6.47502089e+00   2.58392261e+03
   2.04103374e+01   1.51750946e+02   4.68582487e+00   5.04030304e+02
   3.10817334e+03   9.95680542e+02   1.10513098e+03   2.19830275e+00]
