bicycle
bus
car
motorbike
person
[  2.36571500e+06   1.99133288e+06   8.53571040e+07   2.97270300e+06
   9.35662800e+07   2.23591200e+06   2.97058360e+07   9.41655800e+06
   2.82387440e+07   2.74959950e+06   1.62620550e+07   5.37810600e+07
   2.44039040e+07   1.98273760e+07   2.23650600e+06   1.81352700e+06
   1.95962000e+06   1.36001812e+06   9.42444000e+07   2.42603120e+07
   9.75246125e+05   4.11470075e+06   1.17139870e+07   5.57955440e+07
   1.10534950e+06   3.06057300e+06   2.33410500e+06   2.19413075e+06
   6.91375000e+06   3.22376680e+07   5.62296840e+07   3.62877350e+06
   9.92036880e+07   1.37531312e+06   4.38660500e+06   1.02194562e+06
   3.40343800e+07   6.56122850e+06   1.90215012e+06   3.88564975e+06
   2.94595625e+06   2.12764425e+06   5.77723050e+06   1.10198024e+08
   2.11368450e+06   5.75302240e+07   2.38322200e+06   2.47865925e+06
   2.16064125e+06   8.70350800e+07   4.88150900e+06   2.39031820e+07
   3.41137800e+07   3.02269640e+07   2.31501380e+07   3.21231480e+07
   5.39185880e+07   1.10640450e+07   1.74849400e+07   8.00790900e+06
   2.28242850e+06   2.42931925e+06   3.27757180e+07   8.85624625e+05]
[  1.69370620e+07   2.36123920e+07   2.43937040e+07   2.45024172e+05
   1.28317460e+07   4.05874725e+06   4.37565800e+06   3.91422168e+03
   1.69685012e+06   1.99655525e+06   5.03569440e+07   5.46178480e+07
   4.97737188e+04   1.14558062e+06   4.98260240e+07   3.25547640e+07
   2.39220125e+06   3.71852360e+07   5.94385750e+06   2.33360260e+07
   1.46647625e+05   5.90066480e+07   5.01236125e+05   6.71444640e+07
   5.17013625e+05   8.16665520e+07   1.09544225e+06   2.33661700e+06
   3.17772000e+07   5.72143164e+03   3.40791800e+06   2.99005469e+04
   1.02140456e+06   8.89599900e+06   2.04144825e+06   8.92895400e+06
   2.27269391e+05   1.62992725e+06   2.96265625e+06   2.66630625e+06
   2.07185988e+06   1.21620800e+07   9.81477875e+05   1.90498980e+07
   2.99833640e+07   3.04482050e+06   1.57664969e+05   1.68568700e+07
   2.05606200e+07   1.93371988e+06   6.69801680e+07   2.85219375e+06
   5.42781280e+07   7.82918950e+06   6.83155500e+05   3.27467075e+06
   3.45570000e+07   5.64435800e+07   8.78434800e+06   2.44936200e+07
   4.27863950e+06   7.43261182e+03   3.49026240e+07   5.52382720e+07]
[  5.42281750e+05   9.48840100e+06   5.34075898e+04   5.54231016e+04
   2.58205898e+04   1.95411680e+04   8.09828359e+04   1.00717280e+07
   2.74703496e+04   2.92993925e+06   8.45452375e+05   2.36304175e+06
   2.63117469e+05   3.02112344e+05   1.18261807e+04   2.05003320e+04
   6.78703375e+05   2.49357453e+05   2.44711438e+05   1.18579300e+07
   1.96382475e+06   6.94001831e+02   5.09789800e+06   1.25877870e+07
   5.34340200e+06   0.00000000e+00   1.90565812e+05   1.00623490e+07
   7.66305156e+04   1.01310594e+06   1.15243887e+04   2.24428040e+07
   1.88214688e+05   1.46386888e+06   5.15643062e+05   1.17186850e+06
   9.49496406e+04   2.09271060e+07   6.05180000e+06   2.11287402e+03
   1.19629212e+06   8.98356100e+06   5.94265000e+05   1.04278830e+07
   3.62178375e+06   2.13590703e+05   2.60255125e+06   5.49933398e+04
   5.29831688e+05   1.23144602e+05   4.65553844e+05   3.10221172e+04
   1.89253188e+06   1.21586828e+05   1.91350100e+07   8.72783500e+06
   5.14288850e+06   6.47868359e+03   9.22634375e+04   3.46107969e+05
   6.23007850e+06   1.21479610e+07   5.15204550e+06   3.59416094e+05
   1.49991170e+07   2.91749500e+06   9.09289200e+06   9.11518625e+05
   2.44107609e+05   3.15038469e+05   5.43928500e+06   1.13412440e+07
   1.38862862e+06   6.40658008e+03   0.00000000e+00   1.17128700e+06
   2.42876719e+04   3.57876725e+06   9.78287300e+06   2.25454438e+05
   1.02814922e+04   1.34956490e+07   6.96866300e+06   6.60225098e+03
   5.89466938e+05   1.41222150e+07   8.96926800e+06   4.97751038e+02
   7.10513875e+05   1.49548578e+05   6.35452900e+06   8.70967800e+06
   2.93282219e+05   8.23439300e+06   3.19671781e+05   1.18360030e+07
   1.21712852e+04   4.78211150e+06   2.84608550e+06   1.43811531e+05
   8.17788875e+05   2.18060375e+06   5.31536719e+04   2.67438062e+05
   1.61562373e+04   2.15254344e+05   2.09890586e+04   1.80033156e+05
   7.67442400e+06   5.78918398e+04   4.41473516e+04   5.34816350e+06
   3.93305594e+05   1.73624540e+07   1.12321762e+06   1.12006362e+06
   5.17295200e+06   1.92793859e+05   7.03714500e+05   2.25040641e+05
   7.62264050e+06   9.09843100e+06   4.20418594e+04   1.36444700e+07
   2.80587781e+05   2.47227988e+04   2.06711340e+07   1.62955293e+04]
[  3.94989850e+06   4.59439800e+06   7.14378125e+05   0.00000000e+00
   4.48011914e+03   2.53677175e+06   3.33151000e+05   1.39585925e+06
   1.54756650e+07   2.01925425e+06   1.73027200e+07   1.35786600e+07
   5.11736750e+06   3.42669438e+05   1.79094629e+04   5.32684500e+05
   3.54385650e+06   8.98070000e+05   3.89754750e+06   1.93471172e+04
   4.92285350e+06   8.57527188e+05   5.92261800e+06   3.26728125e+04
   2.14510650e+06   5.12840977e+04   1.92866656e+05   2.10236250e+06
   1.02006430e+05   1.31536712e+06   1.39919250e+05   1.27441920e+07
   5.20508000e+06   2.97462625e+05   3.42943425e+06   2.43267525e+06
   7.06859200e+06   1.52143240e+07   1.35932766e+05   4.46105781e+04
   5.45146750e+06   3.49376484e+04   3.02258379e+04   8.53981812e+05
   2.53820000e+06   7.51164400e+06   1.36412630e+07   2.29087575e+06
   7.77209188e+05   6.78411400e+06   7.19949150e+06   3.51246800e+06
   1.37915320e+07   2.63613031e+05   5.71856953e+04   1.08553648e+05
   1.24675800e+06   2.44220703e+05   1.04010229e+01   7.51462700e+06
   8.30244062e+05   1.46828360e+07   2.69968525e+06   5.08338969e+05
   3.52352875e+05   1.07925670e+07   2.51037594e+05   1.03389838e+06
   5.41705900e+06   1.64108490e+07   5.17298800e+06   1.54611940e+07
   1.44748012e+06   1.56922090e+07   1.46585240e+07   9.43815918e+03
   1.61071388e+06   5.91290350e+06   1.27490820e+07   6.78727850e+06
   5.77012600e+06   1.99872090e+04   4.65147450e+06   3.64353175e+06
   3.09354277e+04   8.74437800e+06   2.86598219e+05   8.59878400e+06
   2.60057637e+04   6.96778938e+05   3.54189297e+04   1.34817520e+07
   2.15454438e+05   7.01960300e+06   3.22195875e+06   1.62877588e+06
   4.81459375e+05   8.06975400e+06   2.66055062e+05   1.45834000e+07
   8.61345703e+04   1.87911391e+05   1.81448860e+07   8.24178284e+02
   1.71424266e+05   1.42709950e+07   3.92781675e+06   1.28904150e+07
   3.67134250e+06   1.60837420e+07   6.76160339e+02   1.46970325e+06
   3.41824000e+05   2.23817500e+07   9.16340400e+06   2.01081750e+05
   8.23318125e+05   1.04052675e+06   1.09405020e+04   3.67903398e+04
   1.73199200e+07   3.59732625e+05   3.93172539e+04   9.94100800e+06
   7.71103625e+05   3.54084375e+06   2.08390640e+07   1.26763550e+07]
[  0.00000000e+00   1.32431143e+04   1.60008788e+06   7.60470068e+03
   6.60361719e+00   7.75850983e+01   1.24667896e+03   0.00000000e+00
   1.02313356e+06   5.47282148e+04   1.21826239e+01   1.78766523e+04
   0.00000000e+00   4.59631133e+04   5.67505820e+04   1.97401871e+02
   1.45423340e+04   1.64191800e+06   3.81756787e+03   6.31032764e+03
   8.51843929e+00   1.70758435e+03   1.47829562e+06   1.12498059e+03
   4.51849727e+04   5.35863831e+02   1.58580225e+06   0.00000000e+00
   1.26139941e+03   2.96643677e+03   7.60276337e+01   1.01293900e+02
   0.00000000e+00   1.96988516e+05   3.34795234e+04   1.85000612e+06
   1.93117775e+06   2.43292554e+03   5.18236133e+03   2.10379370e+03
   1.44031943e+04   7.81060562e+01   6.02458069e+02   8.64011062e+05
   9.39044043e+03   2.23564062e+03   3.42534676e+01   5.20363274e+01
   6.58518281e+04   1.26793818e+04   2.28538062e+03   7.55207977e+01
   1.95470200e+06   1.47344388e+06   1.17705622e+01   1.35549092e+04
   7.34348812e+05   1.97150525e+06   1.12925378e+03   0.00000000e+00
   7.78977832e+03   8.95148633e+03   9.63487938e+05   3.77156602e+04
   5.05576973e+01   3.35500024e+03   3.69081470e+03   1.27410815e+03
   9.27778418e+03   7.63828281e+04   1.91971238e+06   1.68968250e+06
   0.00000000e+00   1.81483008e+04   0.00000000e+00   8.77671738e+01
   5.68390234e+03   9.63210625e+04   7.87956484e+04   2.58530859e+04
   1.33001406e+05   3.75921704e+03   4.51936279e+03   3.07400610e+03
   3.26858400e+06   2.25982575e+06   8.58829375e+04   2.06749025e+06
   6.10533643e+03   1.14480957e+02   9.56070068e+02   2.11469551e+04
   9.56964297e+04   9.76207324e+03   0.00000000e+00   1.20788834e+02
   7.08587793e+03   1.27003350e+06   8.18428906e+03   2.36468223e+04
   5.11130127e+03   3.60159595e+03   1.07918825e+06   1.55627168e+04
   2.54367480e+03   1.99932764e+03   9.76598511e+02   9.06018555e+03
   2.51333499e+00   4.87596484e+04   4.29755594e+05   1.44042246e+04
   0.00000000e+00   8.86672266e+03   9.94351660e+03   1.16946367e+04
   0.00000000e+00   3.81504492e+03   6.06713965e+03   2.99219050e+06
   2.36221719e+04   9.82662354e+02   1.48776465e+04   6.80104919e+02
   2.51994736e+02   2.23440975e+06   1.18378426e+02   0.00000000e+00
   1.28750555e+05   1.39115312e+04   2.00240845e+03   1.52873027e+04
   1.14711641e+04   2.37594550e+06   0.00000000e+00   9.32055762e+03
   2.29353175e+06   1.53121350e+06   5.68985400e+03   1.72012005e+01
   2.15973750e+04   1.28293835e+03   5.03518372e+02   9.70772000e+05
   2.05389114e+02   1.72927875e+06   7.37268494e+02   6.16975212e+01
   8.73063984e+04   0.00000000e+00   7.49317432e+03   6.71937402e+03
   1.06715227e+05   2.34487500e+04   1.36421850e+06   8.14906311e+02
   9.59926270e+03   7.11670125e+05   2.08079484e+05   5.10148125e+04
   1.03541885e+04   4.85258906e+04   2.22701975e+06   1.35715918e+04
   5.02421973e+03   2.11188025e+06   2.53345675e+06   1.05835258e+05
   2.65440371e+04   1.39808500e+06   1.49707625e+06   3.60682526e+01
   8.06689355e+03   1.44848500e+05   1.83995352e+04   6.24524841e+02
   2.56298050e+06   2.59599878e+03   3.05487100e+06   1.07130633e+05
   7.78430375e+05   9.23875000e+04   3.39328359e+04   8.53734180e+03
   1.91223887e+04   1.01229785e+04   5.13826562e+04   5.85413320e+04
   1.83106950e+06   4.31742090e+03   3.73578418e+03   3.90882938e+05
   0.00000000e+00   3.70461969e+05   0.00000000e+00   6.80527188e+05
   7.75772363e+03   7.81137734e+04   1.33270512e+06   1.44615275e+06
   2.71313820e+01   9.95429688e+05   2.00937844e+05   2.21154150e+03
   2.58116543e+04   1.51799286e+02   1.63710480e+02   1.22476172e+03
   7.24185742e+03   8.98557344e+04   5.94906875e+05   2.62831475e+06
   4.14331494e+03   1.69734727e+04   0.00000000e+00   1.39693604e+04
   3.24785736e+02   1.59678162e+06   3.02349707e+04   2.72579765e+01
   1.25158350e+03   2.74921802e+03   2.20763040e+00   6.10182852e+04
   4.71898500e+05   0.00000000e+00   0.00000000e+00   4.16423250e+05
   7.97115250e+01   1.12695850e+06   4.01954570e+04   1.02545752e+03
   1.28408700e+06   1.67748154e+02   1.91655488e+06   1.43205688e+02
   4.01244019e+03   4.42041797e+04   1.47366412e+06   4.24055023e+01
   1.14002762e+06   1.24361388e+06   2.49946045e+02   6.36441162e+03
   1.98999355e+04   2.68727173e+03   3.13460083e+02   8.89371777e+03
   1.51896729e+03   1.46915200e+06   7.93069629e+03   9.88541931e+02
   2.66934814e+02   0.00000000e+00   1.62241993e+01   1.09162912e+06]
[  2.18542275e+06   1.26857803e+04   5.54402771e+01   6.68405762e+02
   2.05815825e+06   1.44186900e+06   4.18375664e+04   9.73760376e+02
   6.18621240e+03   1.94914050e+03   1.78543289e+02   3.35182983e+03
   3.47888135e+03   2.14178613e+04   8.26179102e+03   3.25942773e+03
   8.02794075e+00   3.89232147e+02   1.23618112e+06   5.26450195e+04
   0.00000000e+00   7.62037964e+02   1.35198389e+03   1.25696212e+06
   1.38985844e+01   1.15083203e+04   0.00000000e+00   9.29204750e+05
   3.03482402e+04   0.00000000e+00   1.31522666e+04   3.68538403e+03
   1.03491758e+04   1.90338945e+04   5.49846973e+03   7.09951416e+03
   2.24122793e+04   1.30078873e+02   1.11783203e+03   0.00000000e+00
   1.49419395e+04   3.99583477e+04   9.15152539e+03   3.39248682e+03
   4.22933643e+03   9.25816699e+03   9.11143375e+05   2.00875273e+04
   5.33014258e+04   7.51583939e+01   6.67453223e+03   1.10258701e+04
   1.13586708e+02   6.15390283e+03   5.11877719e+05   9.97692344e+04
   2.67796406e+04   7.52562734e+04   2.62108922e+05   2.75658374e+03
   3.71642871e+03   3.46045898e+04   0.00000000e+00   1.12342415e+02
   0.00000000e+00   1.27958848e+04   4.70817500e+04   2.00595779e+02
   3.66971375e+02   4.32640332e+03   7.23969812e+05   1.29841375e+01
   9.11800000e+03   8.89938867e+03   2.42810957e+04   7.23027812e+04
   4.17670664e+04   1.15634258e+04   2.80502402e+04   9.63627500e+05
   1.11890717e+01   1.56942344e+04   8.28992844e+00   2.49310098e+04
   9.26924805e+02   9.41017969e+03   1.06556433e+03   1.32131680e+04
   1.10515996e+04   5.08761914e+03   3.07464600e+03   6.17828613e+03
   2.68602832e+04   1.52602062e+06   1.11761841e+03   0.00000000e+00
   5.57904500e+05   7.70927370e-02   1.19166982e+04   8.76063672e+03
   7.68799561e+02   5.59868408e+03   2.33711359e+05   0.00000000e+00
   8.05832275e+02   1.60910205e+04   4.63617383e+04   1.48954203e+05
   7.03901611e+03   1.55980488e+06   1.16521240e+03   7.65472812e+05
   2.01530113e+01   1.28097473e+03   1.31356543e+03   1.14965869e+04
   1.69628891e+02   1.34005244e+04   8.86039941e+03   1.62024854e+04
   1.36237280e+03   1.26367531e+02   4.04933765e+03   2.33967516e+05
   4.26605133e+02   2.08145312e+03   0.00000000e+00   1.20837373e+04
   9.83711052e+00   2.08863788e+06   2.76674180e+04   2.45694260e+02
   1.34314978e+03   1.82451388e+06   1.01226819e+03   1.24290127e+04
   2.37530312e+04   6.49049875e+05   2.25990738e+02   5.33824110e+00
   6.02278900e+00   2.54773486e+03   2.60842188e+03   1.81649355e+04
   0.00000000e+00   1.02081085e+03   2.66489844e+03   0.00000000e+00
   0.00000000e+00   4.81452667e+02   3.81242447e+01   8.42935913e+02
   1.08969212e+06   3.39844156e+05   0.00000000e+00   4.09782625e+05
   9.31052429e+02   0.00000000e+00   9.92673730e+03   1.47680988e+06
   1.68859033e+03   1.13272705e+04   4.29912256e+03   0.00000000e+00
   5.83990273e+04   0.00000000e+00   1.00071906e+06   2.19450049e+03
   3.40373320e+04   1.75798938e+06   0.00000000e+00   1.98771267e+01
   3.19545684e+04   3.82252617e+04   9.17387562e+05   2.81401660e+03
   1.29041748e+03   7.41218994e+03   1.03006748e+04   2.91036844e+00
   3.93361182e+03   3.94093481e+03   3.79701843e+01   7.74577832e+03
   0.00000000e+00   1.32501389e+02   2.89850488e+04   1.10249512e+04
   2.54004517e+03   3.59377213e+01   1.96756875e+05   2.04982275e+03
   3.75851936e+01   1.27252998e+04   1.63750654e+04   2.34004956e+03
   3.36836484e+04   6.49585742e+03   4.59920500e+05   0.00000000e+00
   3.71674347e+01   0.00000000e+00   9.25594375e+05   1.61412529e+04
   1.66854492e+04   8.80067978e+01   1.33843174e+04   6.39079188e+05
   8.42219062e+04   1.31115438e+05   0.00000000e+00   5.31442383e+02
   1.66419373e+03   2.02187910e+04   2.15991364e+02   2.75665176e+04
   5.59750500e+05   5.41333008e+03   4.48528467e+03   8.44954956e+02
   7.33635254e+03   1.30393369e+04   1.18274094e+02   1.20054797e+03
   0.00000000e+00   3.69179805e+04   9.29325625e+04   6.73074316e+03
   1.00606537e+03   0.00000000e+00   1.92743835e+02   1.09208752e+03
   2.02591191e+04   6.05264795e+03   1.02217338e+06   1.61084814e+03
   1.07078198e+03   7.36131688e+05   0.00000000e+00   2.75528660e+01
   1.50129443e+03   6.57885812e+05   0.00000000e+00   0.00000000e+00
   2.09908569e+02   4.60088310e+01   2.66027222e+03   6.38380957e+03
   1.38792225e+06   7.26838562e+05   1.21751299e+04   3.10317402e+04
   1.08903308e+03   8.82106688e+05   3.97091821e+03   1.87523809e+04]
[  9.38595234e+04   2.06828340e+04   9.61550781e+02   7.37066833e+02
   1.61963484e+05   4.21533789e+03   1.23834736e+04   2.27860229e+03
   7.12947632e+02   6.28512250e+05   7.09350146e+03   2.41246035e+04
   6.44227979e+03   5.10130615e+03   1.32680640e+03   9.32931671e+01
   0.00000000e+00   3.13521729e+03   1.95497246e+01   6.39993286e+02
   1.80684297e+04   4.17517062e+05   2.30539414e+04   5.76541846e+03
   4.95422478e+01   1.77590173e+03   1.37021301e+03   4.10642062e+05
   1.03611113e+04   5.53156438e+05   5.86457367e+01   7.91642090e+03
   2.95994043e+04   7.71003125e+04   1.68621106e+03   4.27661768e+03
   3.57844281e+05   1.37007200e+06   1.34712061e+03   1.66821975e+06
   2.09685376e+03   2.80909619e+03   1.35402812e+04   1.45157236e+04
   1.37713662e+04   2.47522925e+03   1.68502466e+03   1.29276475e+04
   1.48499395e+04   2.71113281e+03   5.28317617e+04   8.67092750e+05
   2.49511414e+01   7.37869644e+01   5.24487427e+02   1.99444324e+03
   7.67114307e+03   3.90622500e+05   0.00000000e+00   1.42601680e+04
   2.00181915e+02   4.13436367e+04   7.01218079e+02   1.17647041e+04
   7.73121484e+03   7.57718896e+03   5.84895312e+03   3.15711035e+03
   2.12940039e+04   5.08282891e+04   1.74580508e+04   1.19134155e+03
   6.51101406e+04   1.09218398e+04   6.22062250e+05   4.16394648e+04
   1.09246438e+05   1.72104180e+04   2.99435645e+03   2.31256226e+03
   3.57305641e+01   5.37120667e+01   6.17516250e+04   4.90636566e+02
   5.33203398e+04   1.22733011e+01   2.44080801e+04   1.16485466e+02
   8.10818768e+00   1.12402466e+03   4.30644875e+01   1.81649280e+03
   6.77433105e+03   1.53818628e+03   7.61756172e+04   9.25330505e+02
   6.96285546e-01   5.58404000e+05   5.45058375e+05   1.20354951e+04
   3.98067656e+04   1.34831377e+04   2.40024734e+02   1.31214099e+03
   2.61476016e+04   3.14632568e+03   9.84704500e+05   4.30456250e+04
   3.12374786e+02   2.71373779e+03   8.13879053e+03   5.46158936e+03
   2.64240801e+04   2.76277319e+03   4.92768738e+02   1.85583301e+04
   8.12481201e+02   1.73571516e+05   3.46900234e+04   6.01217734e+04
   4.68472958e+00   1.04343619e+06   3.25503145e+04   4.66453750e+05
   7.92063086e+03   1.89163989e+03   1.57558975e+04   6.21812744e+01
   4.28467468e+02   3.34015198e+01   4.78899017e+02   2.33296191e+04
   1.78718574e+04   8.26045020e+03   2.33990991e+03   7.56774023e+03
   9.64919434e+03   6.89258125e+04   4.04466016e+03   3.83603851e+02
   3.47377357e+01   2.05212227e+04   4.41582123e+02   4.59566914e+04
   7.63019287e+03   3.20652563e+03   2.50626973e+04   4.15017281e+01
   2.93652891e+04   2.46703418e+03   9.87419238e+03   6.23121719e+04
   2.76962671e+03   8.96913906e+04   3.81520111e+02   5.34419531e+03
   4.88716797e+04   7.53605469e+02   2.65385031e+05   3.27764587e+02
   2.33811691e+02   6.78205848e-01   5.67663818e+03   8.36102600e+02
   1.07057935e+03   1.43289282e+03   2.24435605e+04   8.27654453e+04
   8.95612427e+02   2.19391035e+04   3.27278471e+00   3.02214014e+03
   9.19022705e+02   2.85494897e+03   6.44397539e+04   9.58690186e+02
   4.21294375e+04   5.34060547e+03   2.27830547e+04   3.08611289e+04
   1.80530640e+02   4.99480195e+04   5.71488770e+03   2.07275830e+03
   9.50122031e+04   1.03661121e+03   4.71621016e+04   2.20245438e+02
   5.16292725e+03   2.70611500e+05   5.31557148e+04   3.23417749e+03
   1.24829742e+02   6.10951172e+04   1.35268764e+01   5.30068054e+02
   3.35801719e+04   9.81161035e+03   6.21151807e+03   1.55535938e+04
   6.66249463e+03   5.50535202e+01   1.42914268e+04   1.52965797e+05
   2.57173953e+05   2.74088409e+02   6.89109814e+03   9.15147266e+03
   4.94622312e+05   0.00000000e+00   2.88745605e+03   4.93772266e+03
   2.97360449e+04   1.56422773e+04   7.67756328e+04   4.75837135e+00
   3.40041699e+03   8.93857910e+03   3.95494156e+01   5.85853164e+04
   1.63668762e+03   7.09270569e+02   2.79722632e+03   1.47082593e+03
   8.16108125e+04   0.00000000e+00   2.45127029e+01   2.08282793e+04
   1.05847375e+03   1.83623398e+04   1.16438779e+04   1.11674500e+05
   5.64372742e+02   4.62445078e+04   1.56454400e+06   5.50698877e+03
   1.04100610e+03   5.54525879e+03   1.51921138e+06   2.21776904e+03
   4.22718115e+03   2.08952576e+02   6.49156189e+02   2.29540234e+03
   2.15134355e+04   2.44628109e+05   1.02470827e+00   6.81987143e+00
   1.21778109e+05   7.38252197e+03   0.00000000e+00   3.89697930e+04
   7.50456885e+03   9.49625671e+02   2.68283752e+02   4.32516895e+03]
[  6.73450012e+02   4.43105371e+03   6.02809570e+04   6.91893281e+04
   8.81097595e+02   9.97477188e+04   1.14786938e+03   1.07891223e+03
   5.73463669e+01   2.15096798e+01   1.00083383e+05   7.62703271e+03
   3.17106323e+03   3.06035840e+03   3.71947632e+03   2.26663193e+02
   1.48881680e+04   3.30429141e+04   4.46174453e+04   2.02272583e+03
   1.70068542e+02   7.84912734e+04   6.22605469e+02   5.38585758e+00
   4.65607227e+04   1.58790928e+04   7.44328984e+04   1.06567456e+03
   7.94463750e+04   4.03410078e+04   1.31910557e+04   1.22869000e+05
   3.06234521e+03   3.65935156e+04   4.73229961e+04   4.59323633e+04
   1.34277688e+05   2.95087964e+03   1.04236588e+02   2.52735254e+04
   3.04164677e+01   1.33465406e+05   5.81527305e+04   2.86222656e+04
   4.22388191e+01   2.46678735e+03   4.85103174e+03   2.85759692e+03
   0.00000000e+00   7.30725391e+03   4.23689727e+04   2.59175354e+02
   0.00000000e+00   1.77232305e+04   2.47483105e+03   7.16854297e+03
   2.25653839e+01   9.82412170e+02   3.75211310e+00   1.19478264e+02
   1.50003491e+03   1.21272227e+05   2.29783984e+04   2.11561475e+03
   2.29026416e+03   1.60924766e+04   1.00783929e+03   1.76306381e+01
   2.63890210e+03   1.42006311e+03   7.62398672e+04   1.25158313e+03
   9.23109375e+04   3.51971130e+02   6.16014242e-01   1.82745270e+02
   3.48153639e+00   9.24575615e+00   1.41591609e+05   9.32572891e+04
   6.97606125e+01   5.91538477e+03   3.90219922e+04   1.15255688e+05
   6.98702332e+02   0.00000000e+00   2.12492355e+02   4.48479858e+02
   1.19805195e+05   1.22460695e+05   2.76060986e+03   2.26766777e+01
   8.03242734e+04   4.52115664e+04   6.87910625e+04   9.84262207e+03
   2.93506763e+03   8.23130569e+01   5.34745312e+04   2.24073359e+04
   3.91387817e+03   7.94971771e+01   1.51679078e+05   4.12875244e+03
   3.61735078e+04   2.54174961e+04   3.11190796e+02   6.89538906e+04
   1.07269516e+05   1.42792468e+03   2.04116138e+03   2.05932083e+02
   3.59875049e+03   4.96188402e+00   1.04598679e+02   2.82754688e+04
   6.86456040e-02   1.39463428e+04   6.95523911e+01   7.26712305e+03
   1.03840430e+03   1.32817688e+05   1.82190996e+04   1.13727942e+03
   1.63625586e+03   6.83092578e+04   3.12727002e+03   2.23911206e+03
   2.60201836e+04   6.53554980e+03   5.24368347e+02   8.60019336e+03
   1.26041592e+04   1.10641826e+04   5.44463516e+04   1.01988280e+00
   3.15934863e+03   0.00000000e+00   5.62668037e+01   8.89500523e+00
   4.76653672e+04   8.07503052e+01   1.85605605e+04   0.00000000e+00
   8.99439087e+02   2.21629355e+04   9.14005798e+02   2.60973975e+03
   2.63831848e+02   5.16954443e+03   1.42758391e+05   4.72152051e+03
   1.28271509e+03   1.27849475e+03   1.86646385e+01   0.00000000e+00
   9.11516647e+01   2.42237381e+02   4.55569000e+02   8.87706172e+04
   3.90346899e+03   1.24772095e+03   3.28351836e+04   0.00000000e+00
   2.15840605e+04   7.07747574e+01   7.86040391e+04   8.71888809e+01
   8.86485625e+04   3.61916211e+04   8.94017395e+02   5.47456445e+03
   7.20345938e+04   2.29006763e+03   3.99884766e+04   9.29775625e+04
   1.97989316e+04   5.82345215e+02   9.87833191e+02   7.18116272e+02
   4.75491553e+03   9.45672512e+00   3.43134492e+04   1.77722988e+04
   1.75277856e+03   2.22728848e+04   1.19065469e+05   6.42359180e+03
   2.08651074e+03   6.66234741e+02   4.80117096e+02   6.20866602e+03
   6.12790576e+03   1.19698719e+05   6.13177227e+04   2.42276680e+04
   3.90956406e+04   2.05607617e+04   6.36348975e+03   4.98503510e+02
   1.07664562e+05   3.14114570e+04   6.39498672e+01   6.05251992e+04
   1.29543305e+05   4.63583794e+01   6.18315234e+04   1.32524469e+05
   1.06549561e-01   2.10693240e+00   1.19854240e+02   1.62295776e+02
   4.93251038e+01   1.02895325e+03   4.34454023e+04   1.89447485e+03
   2.46903711e+03   7.19952881e+03   5.02598164e+04   1.22440596e+04
   4.43547119e+03   7.78226562e+04   0.00000000e+00   1.89596510e+00
   3.44776172e+04   1.85975635e+03   7.86351868e+02   0.00000000e+00
   4.99705391e+01   4.29760712e+02   5.50731850e+01   2.00912762e+01
   4.76932383e+04   6.21283555e+04   7.44432969e+04   4.01180511e+02
   5.35679062e+04   3.88484161e+02   5.68176172e+03   2.16630176e+03
   1.95806426e+04   1.95818789e+04   2.49017261e+03   2.34500605e+04
   5.40493347e+02   1.85842359e+05   3.55436523e+03   0.00000000e+00
   1.14919092e+04   4.67281602e+04   1.03994473e+04   7.11434609e+04
   4.38091113e+03   1.26525031e+05   3.92946021e+03   4.69391914e+04
   7.49627812e+04   6.97121582e+02   1.03912373e+01   6.43329688e+04
   4.60919531e+04   5.77222252e+00   4.64646680e+03   4.87599396e+02
   1.24897089e+01   2.64804883e+03   3.58227264e+02   1.25302102e+05
   9.40575000e+04   1.10353195e+02   2.43716860e+00   2.31633789e+02
   3.32945581e+03   3.16835059e+03   1.09318250e+05   3.56673477e+04
   0.00000000e+00   2.86959572e+01   8.13253359e+04   2.74679834e+03
   1.38666449e+01   3.54912048e+02   1.04497402e+04   1.06483961e+05
   1.11454468e+03   2.30379272e+03   0.00000000e+00   2.31767761e+02
   1.48162796e+02   4.15258887e+03   1.02704199e+04   2.48967637e+04
   5.40881758e+04   2.96918945e+04   7.93759814e+03   5.11467773e+02
   4.25588417e+01   2.72385044e+01   2.00414434e+04   1.21960055e+05
   1.88278520e+00   9.05039429e+02   1.70897227e+04   8.16513920e+00
   5.09676117e+02   5.56219531e+04   1.25128699e+03   3.69127472e+02
   4.14827109e+04   1.15707385e+03   1.84537411e+01   2.40710938e+04
   3.33100586e+01   7.15193115e+02   9.77588359e+04   2.23545234e+04
   1.23216829e+01   6.29250625e+04   1.33200469e+04   1.60477148e+03
   3.28323059e+01   1.49158945e+04   1.20123227e+05   1.23820984e+03
   6.79043750e+04   9.45247344e+04   1.65903156e+05   2.89994102e+04
   3.58288125e+04   6.39772705e+02   7.67630078e+04   4.57952100e+03
   8.78325156e+04   1.52253372e+02   3.91169214e+03   5.91287773e+04
   5.81716980e+02   9.33790332e+03   1.83849915e+03   4.37042227e+04
   6.45900781e+04   3.75154480e+02   1.01665127e+04   6.09174957e+01
   2.51605320e+01   6.51528467e+03   1.20543789e+04   4.28768402e+02
   1.72711646e+03   1.72422119e+02   4.17546836e+04   5.33080444e+01
   8.18999268e+02   2.88257910e+04   2.02650000e+03   6.23769470e+02
   1.01747594e+05   7.78068237e+02   2.81066484e+04   9.45038770e+03
   5.18591250e+04   1.38519727e+04   2.29165173e+01   3.23791779e+02
   5.31432739e+02   1.63570178e+03   8.78974766e+04   1.49471130e+03
   7.66922031e+04   4.22783203e+02   2.62215771e+03   8.08287811e+01
   7.89442139e+03   6.78422485e+02   5.44006484e+04   1.69535801e+04
   1.41185974e+03   9.12498291e+02   1.36819809e+02   9.82906103e-01
   4.29840117e+04   1.14835488e+04   6.23368530e+02   9.76605762e+03
   5.08301941e+02   8.29433350e+02   1.11078796e+03   1.98858223e+04
   5.94390137e+02   6.70178604e+01   1.49434973e+03   2.94843079e+02
   3.68005469e+03   5.25645215e+03   2.82263418e+04   4.94524062e+04
   4.32018524e+02   4.53567871e+02   2.36163184e+03   3.97245178e+02
   8.31113052e+00   2.31684277e+03   6.53505898e+04   1.03108305e+05
   8.04057422e+04   7.43918457e+03   4.15003418e+03   1.84026070e+01
   8.61369073e-01   0.00000000e+00   3.98009883e+04   9.79026855e+03
   1.40764221e+03   6.20664711e+01   2.43656172e+04   8.83906934e+03
   1.79469849e+02   5.02401855e+03   4.60123086e+04   4.97250098e+03
   2.18224878e+03   4.44400488e+03   2.03836987e+03   5.37154180e+04
   2.08778516e+04   8.82499707e+03   1.34135801e+04   1.02321368e+03
   8.95819844e+04   1.51231006e+03   3.08342255e+02   6.58138672e+03
   5.90432773e+04   1.10392441e+04   2.91610195e+04   1.30596985e+03
   2.09298859e+02   6.05668884e+02   3.29899727e+04   1.30907119e+04
   3.34194258e+04   5.06395020e+03   5.37578027e+03   0.00000000e+00
   0.00000000e+00   1.76735020e+04   7.49315720e+01   1.00802631e+03
   4.46006195e+02   2.04535801e+04   8.33423035e+02   1.03193383e+05
   2.38998555e+04   0.00000000e+00   1.74814856e+03   0.00000000e+00
   1.37585242e+03   2.45102368e+03   6.77425690e+01   2.04755896e+03
   1.09895862e+03   9.18713965e+03   1.06232857e+02   7.32375305e+02
   2.41720566e+04   6.34518867e+04   3.91004333e+02   4.58781586e+01
   7.19976868e+02   3.03318091e+03   0.00000000e+00   6.98721924e+01
   4.61214160e+03   3.68438911e+01   1.24482935e+03   1.78968298e+03
   4.92594580e+03   7.37595020e+03   3.47614355e+03   0.00000000e+00
   6.69816589e+01   4.91796661e+02   7.54377344e+04   3.31031523e+04
   5.52807715e+03   2.40546780e+01   3.11151221e+03   3.44943023e+00
   1.01523877e+04   2.56340527e+03   1.19002391e+05   2.61405392e+01
   1.83051973e+04   5.20457458e+02   8.07971191e+02   2.55044873e+03
   4.14853760e+03   9.90333906e+04   2.01295120e+02   6.10709277e+03
   1.73464111e+03   4.26173134e+01   2.32816291e+00   4.28579639e+03
   2.69787769e+03   1.55596211e+04   3.09090649e+03   0.00000000e+00
   2.47260137e+04   8.26587036e+02   3.25810028e+02   1.48342828e+05]
[  1.64636426e+03   3.57504395e+03   8.31052551e+02   2.98916321e+02
   2.98265254e+04   0.00000000e+00   5.88052148e+04   1.98435312e+04
   1.07653078e+05   3.23326988e+01   1.41669144e+02   9.94686340e+02
   4.31176910e+02   7.17068438e+04   5.65490283e+03   2.83166885e+00
   1.48104785e+03   6.29425964e+02   1.06675293e+03   7.21551270e+02
   5.64073779e+03   3.37904834e+03   1.71484399e+03   2.39917488e+01
   4.71673965e+01   1.44808923e+03   8.78545837e+02   3.35998828e+04
   1.29965820e+03   6.46837158e+02   3.27850914e+00   7.07174072e+01
   1.83045364e+02   6.82351142e-02   1.98216080e+02   2.90178009e+02
   1.77849463e+03   1.02114353e+01   6.43887549e+03   9.37811890e+01
   9.81160840e+03   3.46026611e+03   3.55206299e+02   1.30889688e+04
   1.24920251e+03   1.22082507e+03   5.71756201e+03   3.77717133e+01
   1.23564856e+03   9.43767334e+02   1.28991079e+01   1.41354704e+01
   0.00000000e+00   3.27897314e+03   1.04734119e+03   4.86681709e+01
   2.76165454e+03   2.85861389e+02   3.42844391e+01   0.00000000e+00
   0.00000000e+00   2.49626205e+02   1.79095734e+02   7.80390503e+02
   2.53581161e+02   2.10816071e+02   5.54157568e+03   9.15890820e+03
   2.80491074e+04   1.75500275e+02   1.09463844e+01   8.13196641e+04
   1.97889066e+00   1.50773010e+02   3.26239258e+02   8.21089783e+02
   0.00000000e+00   2.57579541e+03   4.85189362e+02   3.77950859e+01
   5.12426025e+02   1.16760117e+05   3.50355352e+04   1.51862988e+04
   5.09740143e+02   6.58808613e+00   7.07778418e+03   8.91438660e+02
   2.22966699e+03   1.24683037e+02   2.03481602e+04   2.67991260e+03
   1.87384521e+03   0.00000000e+00   1.26213647e+03   9.07441139e+00
   2.37449677e+02   1.60862148e+04   1.17993057e+04   3.45149878e+03
   4.72871399e+02   1.17837988e+03   1.52033984e+03   1.21443567e+01
   7.54192810e+01   5.92036194e+02   2.56261035e+03   9.35147285e+00
   8.23197812e+04   8.14586094e+04   1.51815369e+02   1.10197083e+02
   7.64580002e+01   1.13293994e+03   7.98906875e+04   1.67609998e+03
   2.02366104e+02   1.51526550e+03   1.95274508e+00   5.44030418e+01
   7.39855042e+01   2.90562769e+03   1.63840588e+03   2.01802135e+00
   2.60469766e+04   2.01615334e+01   2.20006042e+02   1.13240540e+02
   2.42995697e+02   3.83159922e+04   3.58824277e+00   8.94481812e+02
   7.72430847e+02   7.20297119e+03   1.92927617e+04   3.39375162e+00
   1.44074507e+01   4.52327942e+02   1.38580723e+04   8.44387627e+00
   4.78132401e+01   1.06053055e+02   1.11048164e+04   8.79086792e-01
   7.25676270e+03   2.18535527e+04   2.04772998e+03   5.28453750e+04
   7.40955811e+02   6.63642090e+02   7.54750625e+04   3.87830688e+03
   1.65100840e+04   7.07185059e+01   1.39313446e+02   8.55547031e+04
   4.58730273e+03   8.78023535e+03   1.94918054e+03   4.15181055e+03
   3.48047729e+03   3.53335791e+03   0.00000000e+00   1.90989136e+02
   4.46850781e+04   1.71374243e+03   8.34086953e+04   1.98561335e+00
   2.47502856e+03   2.77048730e+04   3.64128967e+02   6.70379517e+02
   9.37805781e+04   2.36481035e+04   1.46837702e+01   7.70107605e+02
   3.01950256e+02   1.62938682e+04   6.96203491e+02   4.66669617e+02
   1.00467516e+05   2.19762939e+02   7.78881592e+02   0.00000000e+00
   2.00635215e+04   6.27975391e+04   0.00000000e+00   1.87048584e+02
   4.68445221e+02   7.10521484e+04   2.10911606e+02   4.15384216e+01
   1.09418335e+01   3.31108594e+04   2.64330957e+03   6.02505176e+03
   4.50384369e+01   7.59866113e+03   2.02694849e+03   6.86828984e+04
   4.51598359e+04   6.07140884e+01   1.85642540e+00   7.07757080e+02
   9.18190527e+03   1.41846725e+02   4.61126312e+02   1.88313220e+03
   1.98751526e+01   1.52344556e+03   3.04675629e+02   8.77367096e+01
   6.92087256e+03   4.48259326e+03   3.92188203e+04   7.29452656e+04
   5.41906758e+04   4.91474335e+02   2.43198456e+02   3.25289141e+04
   2.03398750e+04   2.34179306e+01   1.47820911e+03   2.33717976e+01
   8.75062109e+03   1.68866646e+00   4.01397241e+03   3.74430430e+04
   1.08233276e+03   3.02186328e+03   9.35775156e+04   3.89414490e+02
   3.14501434e+02   8.68416699e+03   6.00568056e+00   9.41316719e+04
   7.24431562e+04   6.18052063e+02   7.42290421e+01   1.14617472e+01
   2.25274219e+03   1.03556855e+04   1.38307022e+02   1.59048364e+03
   4.65976221e+03   2.32703613e+03   0.00000000e+00   1.02540633e+05
   3.71603107e+00   7.51279526e+01   1.07294958e+03   1.06838684e+01
   4.81137061e+03   1.42399445e+01   0.00000000e+00   4.69252510e+01
   5.21954285e+02   4.73953613e+03   8.74678162e+02   1.71772412e+03
   7.41316452e+01   1.20184460e+03   9.74496643e+02   1.03350635e+03
   2.67832520e+02   1.32324326e+04   1.97016663e+02   1.64876602e+04
   5.08308984e+03   2.51523779e+03   3.01272003e+02   3.83116119e+02
   5.62639404e+02   2.28651810e+00   5.76912835e-02   5.29748802e+01
   1.76351094e+04   0.00000000e+00   1.46781689e+03   6.89207812e+03
   1.62209253e+03   3.12500629e+01   1.93240449e+04   0.00000000e+00
   2.53981705e+01   8.83753320e+03   0.00000000e+00   6.63676074e+03
   1.00435280e+02   4.63719116e+02   4.04973488e+01   1.58752551e+03
   6.31227695e+04   5.33101123e+03   4.94856055e+03   1.21536514e+04
   6.67356562e+04   3.01860535e+02   3.77122375e+02   9.98827087e+02
   0.00000000e+00   8.58557983e+02   1.48274414e+04   0.00000000e+00
   1.46361121e+03   2.46649102e+04   8.50078308e+02   7.42877500e+04
   1.20380468e+01   1.80426010e+02   2.99347610e+01   3.35380249e+03
   1.18765977e+04   4.61252861e+01   4.86563751e+02   1.64173172e+02
   3.65275625e+04   0.00000000e+00   4.27860069e+01   9.54507980e+01
   3.04119507e+03   2.58911172e+04   3.27968086e+04   3.33364966e+03
   7.85997891e+04   1.09830112e+01   1.68150061e+03   8.11402441e+03
   9.45645996e+02   1.31561985e+01   9.69633828e+04   5.35080977e+04
   3.13708405e+02   8.73514893e+02   5.46777783e+03   2.39010181e+03
   0.00000000e+00   3.11566748e+03   4.18548431e+02   9.44209213e+01
   1.47637773e+04   4.83423633e+03   1.93349805e+03   3.17149453e+04
   1.48253763e+00   1.05366199e+03   4.12873611e+01   9.39009668e+03
   5.73880273e+04   7.65004501e+01   5.80264893e+02   2.29600146e+03
   5.13561279e+02   3.48813525e+03   1.03383758e+05   4.32621602e+04
   1.11239441e+03   2.84674683e+02   6.12723755e+02   7.80163956e+00
   9.49435840e+03   7.51402710e+02   8.92739582e+00   2.97104340e+02
   2.07039844e+04   1.13918135e+04   3.05866626e+03   1.38334463e+04
   3.26356125e+01   2.37547539e+04   1.70104384e+00   2.15704766e+04
   7.45264954e+02   8.35055703e+04   3.42084869e+02   8.24388672e+02
   1.39652756e+02   1.78657928e+02   9.91945007e+02   2.42623047e+04
   2.13828770e+04   4.25379199e+03   4.27134722e-01   5.82463562e+02
   9.74503174e+02   1.93936406e+04   5.98759258e+04   5.32077698e+02
   5.10580039e+04   9.26995117e+02   4.79637623e+00   4.42895927e+01
   3.21160620e+03   1.93967053e+03   1.59578516e+03   6.88010352e+03
   3.40546191e+03   5.90744853e-01   5.44124413e+01   8.81020630e+02
   6.74942078e+02   1.24979346e+03   1.61284814e+04   2.87194082e+04
   3.10026978e+03   0.00000000e+00   6.47031797e+04   7.52602615e+01
   2.33755396e+03   1.24016104e+01   2.90261322e+02   1.20702551e+03
   4.26162451e+03   7.45943506e+03   1.21293671e+02   0.00000000e+00
   2.94162540e+01   9.39303711e+02   5.02476025e+03   1.52620316e+02
   5.73744812e+02   3.09861984e+01   1.19987793e+04   3.18235718e+03
   7.52241211e+03   1.02609990e+04   2.96788727e+02   0.00000000e+00
   1.87485828e+03   6.32339783e+01   1.71689258e+03   5.04885664e+04
   9.56198633e+03   7.48141022e+01   2.62597931e+02   2.80175171e+03
   1.62094934e+03   7.17058838e+02   7.52339844e+04   1.78031562e+04
   8.84219434e+03   9.03706909e+02   3.04362573e+03   1.57119495e+03
   1.33081417e+01   7.17518372e+02   2.94185638e+02   1.04722400e+03
   1.41905579e+02   5.91169800e+02   0.00000000e+00   5.50601501e+01
   1.62962079e+00   0.00000000e+00   1.11719502e+04   2.56170559e+00
   0.00000000e+00   2.70103798e+01   5.95221853e+00   4.88460999e+01
   7.92677197e+03   5.84127075e+02   1.05065859e+04   2.40411667e+02
   8.11692422e+04   3.75506680e+04   1.11235754e+03   1.58453979e+03
   1.86264893e+02   7.39943164e+03   2.86227754e+04   4.91696350e+02
   1.12564842e+02   7.76214838e+00   1.25323645e+03   3.20452588e+03
   2.91894604e+03   3.85994453e+01   2.85671069e+03   0.00000000e+00
   3.48468726e+03   5.03276074e+03   1.25422559e+03   1.39354797e+02
   8.53874695e+02   2.67093140e+02   4.70847969e+04   4.10925102e+00
   2.37014099e+02   3.41687317e+02   7.28069141e+04   1.04698926e+04
   1.98499023e+02   5.15344887e+01   6.59179258e+00   1.24123291e+04
   1.26493762e+03   6.06548615e+01   2.78336029e+02   2.79286768e+03
   4.01984528e+02   7.67112549e+02   4.78880196e+01   5.60597046e+02
   4.03078644e+02   1.18284328e+05   1.93676090e+01   4.75246796e+02
   0.00000000e+00   1.17981191e+04   2.64791064e+03   3.10940601e+03]
[  2.42620148e+02   6.72427539e+03   3.64887360e+02   1.92741992e+03
   2.92005249e+02   2.58563926e+04   1.41303162e+02   1.12850684e+04
   6.82283984e+03   5.33059805e+04   5.91075562e+02   3.90361443e+01
   4.96829053e+03   4.04994883e+04   2.17482397e+03   4.34570923e+02
   1.08338330e+03   9.74078857e+02   7.61402969e+04   9.61724670e+02
   4.43688822e+00   2.07632715e+03   1.15720467e+02   6.97342102e+02
   5.85335400e+03   2.76258984e+01   1.80157734e+04   2.42662018e+02
   7.34658813e+02   1.08957483e+03   1.03028235e+03   5.19459717e+02
   1.20708778e+02   0.00000000e+00   4.25692139e+03   1.31580057e+01
   5.80877625e+02   7.08178750e+04   1.24113429e+00   2.54576245e+03
   5.82761816e+03   3.13661075e+00   0.00000000e+00   5.31330566e+01
   5.43541992e+03   6.15827332e+02   6.57686865e+03   5.85793652e+03
   2.96508827e+01   9.81853783e-01   1.00567029e+03   7.30452930e+03
   1.01360077e+02   5.43936084e+03   2.02256836e+04   3.10259648e+04
   5.68006653e+02   1.34366719e+04   2.48501511e+01   9.42422729e+02
   1.06296338e+03   8.27141235e+02   9.20627319e+02   3.63786087e+01
   2.43619434e+03   2.50672867e+02   1.32513275e+02   9.13079910e+01
   2.26228142e+01   4.95793772e+00   3.12642761e+02   1.10632207e+04
   3.89464180e+04   2.55633133e+02   3.43358633e+04   6.01210642e+00
   7.85072327e+00   1.03325508e+02   8.87155609e+01   1.92797793e+04
   6.19853882e+02   2.40972051e+04   2.73485215e+04   3.53945898e+03
   6.44509570e+04   1.34397125e+01   8.99464783e+02   1.14518350e+04
   1.07007168e+04   2.04564004e+04   4.02649117e+00   2.63713892e+03
   4.27379120e+02   6.56748926e+03   9.45478638e+02   3.61226611e+03
   5.44269629e+03   6.84514999e+00   7.02937500e+03   2.40035538e+02
   1.30432692e+01   5.48852539e+02   9.28797073e+01   2.09325977e+03
   0.00000000e+00   6.93750441e-01   1.21541357e+03   5.95823906e+04
   0.00000000e+00   1.56735527e+04   9.03461838e+01   7.51916562e+04
   3.60470093e+03   6.18516541e+01   3.84928322e+00   6.52231384e+02
   2.45146744e+02   2.55123164e+04   3.69353973e+02   5.96281004e+00
   0.00000000e+00   3.22815857e+02   9.24410059e+03   1.81774349e+01
   9.50279694e+01   6.80144189e+03   2.71640320e+02   3.33866310e+00
   5.49827576e+02   2.91973419e+02   2.43877832e+04   4.57339417e+02
   8.66645584e+01   1.33020386e+03   2.41544067e+02   4.03503906e+03
   4.42182109e+04   0.00000000e+00   2.57368744e+02   1.98475780e+01
   2.62588859e+00   7.21818237e+01   6.13035698e+01   2.49076645e+02
   1.69837170e+01   1.71109607e+03   2.02928503e+03   0.00000000e+00
   2.07746506e+02   4.45989805e+04   1.43437738e+01   1.78850412e+00
   1.09515857e+03   6.90270264e+02   3.73374481e+02   1.94324395e+04
   5.93555737e+00   8.24631226e+02   3.94844940e+02   9.06608105e+03
   1.01688515e+02   1.87028751e+01   1.08598122e+02   3.04319835e+00
   4.27006484e+04   5.25955057e+00   1.27505615e+02   1.40940518e+04
   5.36978076e+03   2.49150039e+04   0.00000000e+00   2.62353592e+01
   4.82016260e+03   9.55659851e+02   2.59773941e+01   2.76279590e+03
   3.41296641e+04   4.27637085e+02   4.25751133e+04   1.99239465e+03
   4.17596406e+04   2.33653496e+04   2.17504001e+00   5.51256445e+03
   2.60632251e+03   5.18163013e+00   1.24328540e+03   2.94414478e+03
   2.56252885e-01   2.39153687e+02   3.54004211e+02   4.23320808e+01
   8.92993774e+02   6.09581055e+03   6.40563049e+02   1.72130176e+04
   1.85365063e+03   3.86203552e+02   3.69050537e+02   3.44013208e+03
   3.14710236e+02   1.25011938e+03   1.74867725e+03   0.00000000e+00
   5.23464478e+02   1.33346786e+02   1.47047839e+03   1.15466101e+03
   5.54823486e+03   7.04134922e+04   3.02392101e+01   3.82087952e+02
   3.02084937e+03   1.23727771e+03   3.31427345e+01   4.60312354e+03
   6.26349531e+04   1.00472803e+01   8.96743240e+01   6.70021606e+02
   8.20664746e+03   9.61695480e+01   1.01136589e+01   1.02289508e+03
   2.46589264e+02   7.11568909e+01   5.95439816e+00   5.28453560e+01
   2.16119003e+02   4.28791542e+01   9.35118408e+01   3.86399727e+01
   9.59334595e+02   3.54721298e+01   1.17613319e+02   1.15375261e+01
   1.53769875e+01   3.19141113e+02   1.00978394e+03   8.59764328e+01
   1.81623554e+01   3.85319448e+00   1.67078906e+03   6.20690195e+04
   3.71797227e+04   7.36944385e+03   2.38773071e+02   6.39828918e+02
   7.37136364e+00   5.68888664e+01   2.05948658e+01   1.29320969e+02
   7.99918018e+03   2.67216614e+02   0.00000000e+00   4.46249542e+02
   1.43674268e+03   5.65914536e+01   1.19956079e+03   5.52966728e+01
   4.59721191e+02   5.62454102e+02   1.27863861e+02   1.10589170e+01
   5.01249844e+04   1.75113440e+03   4.96581719e+04   1.11386192e+02
   2.62301904e+03   4.36254883e+00   1.82003265e+02   2.04031387e+02
   3.27569427e+01   5.01926720e-01   6.48794531e+04   3.68775421e+02
   2.47806958e+03   1.02304291e+02   4.36907764e+03   1.09912734e+04
   5.03858887e+02   1.17568306e+02   2.75264984e+02   7.41268516e+04
   5.37093140e+02   7.08660339e+02   6.79522998e+03   4.09484161e+02
   1.03782629e+03   1.15667598e+04   1.65576526e+03   6.23350098e+03
   1.03213447e+04   9.43937073e+02   1.31050354e+02   6.52071899e+02
   2.43376392e+03   1.01347754e+03   4.69014258e+03   1.32524773e-01
   1.53271139e+00   6.39260437e+02   9.99041113e+03   1.77064743e+01
   1.32035664e+04   5.32866406e+04   9.92543335e+02   2.88483325e+03
   7.82246924e+03   2.89747925e+03   5.30825317e-01   3.67410474e+03
   0.00000000e+00   2.77780444e+03   3.60715796e+03   1.72768242e+04
   4.72930359e+02   2.93526538e+03   2.14436646e+02   2.32538750e+04
   5.29593164e+03   7.62275488e+03   2.06120923e+03   3.54317852e+04
   6.78859406e+01   5.50378304e+01   1.62892615e+03   7.55431091e+02
   3.35191650e+02   1.56795517e+02   9.71854688e+03   5.35858301e+03
   0.00000000e+00   2.30079453e+02   3.27461548e+02   1.78850793e+03
   5.82316475e+01   4.98506982e+03   1.42685828e+03   9.99546289e+03
   3.50591367e+04   5.48060364e+02   4.07960022e+02   1.68400772e+02
   5.54637051e+00   3.03617096e+02   1.99618340e+04   1.81315991e+03
   9.58594922e+03   2.49248047e+03   5.19383301e+03   8.25169688e+04
   3.99809837e+01   1.50693018e+03   9.63858521e+02   2.86761383e+02
   1.86879941e+04   1.96030176e+03   3.08638594e+04   2.30778694e+00
   5.28711875e+04   2.19543137e+02   3.72490234e+04   3.00824683e+03
   6.07899023e+03   5.45374878e+02   7.94195175e+01   4.08691284e+03
   2.57351471e+02   1.75765381e+03   2.48022964e+02   6.35566992e+03
   3.11678009e+02   4.46806836e+03   3.36646088e+02   1.24610945e+05
   9.14882422e+03   1.20665247e+03   3.22119092e+03   1.16936426e+03
   5.84815216e+00   1.29326633e+05   3.64243823e+03   8.79043579e+02
   5.47729858e+02   4.64202930e+03   1.55788956e+01   0.00000000e+00
   8.52922607e+02   4.84128235e+02   7.04627344e+04   4.19874561e+03
   9.45047729e+02   4.58265508e+04   7.58195156e+04   4.99330750e+01
   2.18420296e+01   5.98307520e+03   2.63025073e+03   7.56325928e+03
   1.52029022e+02   4.37470352e+04   1.25309204e+03   2.40924536e+03
   9.98766661e-01   1.69415449e+04   4.94869766e+01   2.60279150e+03
   8.37642883e+02   6.98848755e+02   1.19032324e+03   1.42832549e+04
   1.22003174e+04   5.61408997e+02   1.47029736e+03   2.90788263e-01
   1.44541516e+03   2.21903290e+02   0.00000000e+00   4.36838493e+01
   1.40170822e+02   4.44253164e+04   3.47393262e+03   2.11597424e+01
   3.16582672e+02   1.34299229e+04   1.54738770e+02   1.46045715e+02
   1.56117664e+03   2.50800439e+03   3.79164492e+04   1.67281342e+01
   5.64222363e+03   2.12583191e+02   7.36663513e+01   1.63235275e+02
   1.41083431e+00   0.00000000e+00   1.34511445e+04   3.50676966e+00
   2.66352234e+01   1.14911407e+02   2.35503368e+01   0.00000000e+00
   6.15815163e+01   1.42052881e+04   1.83446320e+02   3.74937622e+02
   1.20906592e+03   2.94986797e+04   5.51846657e+01   1.11946716e+03
   1.67030975e+02   1.48025062e+05   2.67303066e+04   5.52177658e+01
   7.59010559e+02   4.62779492e+03   2.90097578e+04   4.08837524e+03
   2.01130840e+04   1.28563828e+04   6.38225342e+03   1.55963513e+03
   6.14528809e+03   2.06344312e+03   2.44369232e+02   1.51664444e+02
   4.92907867e+02   6.70111179e-01   7.95298193e+03   1.12356348e+04
   1.51675117e+04   1.55603564e+04   4.23963013e+02   5.63850975e+01
   2.74660217e+02   1.50233777e+03   5.19690063e+02   3.74418008e+04
   5.55314111e+03   1.67549500e+02   1.24666191e+04   1.71682022e+02
   0.00000000e+00   0.00000000e+00   3.93640552e+03   5.66513733e+02
   1.11138940e+03   1.05707373e+04   6.44844727e+04   1.51613760e+04
   4.49806006e+03   1.00221271e+03   1.19599815e+02   1.31059546e+03
   1.31531323e+03   5.55535793e+00   1.90863867e+03   4.10271533e+03
   1.88890840e+04   1.77840430e+04   1.43175335e+01   4.79576233e+02
   1.11137705e+04   5.52167334e+03   3.43545227e+02   6.81429243e+00
   1.32250214e+02   3.29496307e+01   5.78479958e+01   1.31191787e+04]
[  3.27377899e+02   0.00000000e+00   1.96728662e-01   5.30381104e+03
   1.10818367e+02   1.30169735e+01   1.19143927e+00   4.27196950e-01
   1.08778069e+02   1.15292826e+01   7.10023880e+00   3.14656250e+02
   5.47794771e+00   4.12335541e+02   6.33263469e-01   1.49583983e+00
   2.75642425e-01   1.65294037e+02   0.00000000e+00   0.00000000e+00
   3.49160065e+02   1.25748408e+04   4.55061719e+03   1.31337830e+02
   9.25196826e-01   0.00000000e+00   0.00000000e+00   7.28595215e+02
   4.75056686e+01   9.37983398e+02   7.08359814e+03   5.39539856e+02
   2.78883813e+03   1.27995415e+02   3.68108273e+00   1.36892078e+03
   6.75847149e+00   1.09414102e+04   2.34884399e+03   9.23288818e+02
   4.16948389e+03   2.40015745e+00   1.79394910e+03   2.69146210e+02
   2.29078732e+01   2.58144264e+01   3.12442651e+03   1.16194935e+01
   2.93074970e+01   1.94618607e+00   1.26330547e+01   1.25840942e+03
   0.00000000e+00   5.88142853e+01   1.67518158e+02   2.58165741e+01
   3.44369751e+03   5.94527466e+02   0.00000000e+00   1.62927261e+02
   1.84537491e+02   9.41119790e-01   0.00000000e+00   4.11520538e+02
   3.09285011e+01   2.23657373e+03   2.03624654e+00   0.00000000e+00
   2.07767899e+02   3.74771753e+03   1.69687378e+02   1.07633163e+02
   8.48717690e+00   5.07344940e+02   1.02666333e-01   1.32840735e+03
   7.00569344e+00   6.24371948e+02   0.00000000e+00   5.09555206e+01
   0.00000000e+00   9.12470932e+01   1.58976105e+02   2.93389771e+03
   8.43819141e+00   1.13209391e+00   0.00000000e+00   2.64522266e+00
   5.81404785e+03   2.93150024e+02   1.07290225e+04   7.70300980e+01
   1.44854668e+04   9.18093262e+01   0.00000000e+00   4.03597015e+02
   9.40491211e+03   3.28080797e+00   4.19467725e+03   8.80239334e+01
   3.74500824e+02   3.44509870e-01   7.26796818e+00   1.79925010e-01
   6.91344910e+02   1.35517676e+03   0.00000000e+00   1.31087845e+02
   6.38977098e+00   0.00000000e+00   1.19879856e+01   5.60254936e+01
   1.47132983e+03   1.25448914e+03   2.33048401e+01   0.00000000e+00
   2.05993164e+03   5.07897522e+02   3.16715755e+01   2.34248524e+01
   0.00000000e+00   2.58782867e+02   0.00000000e+00   0.00000000e+00
   2.22224197e+01   1.37635961e-01   1.17297659e+01   0.00000000e+00
   3.92644501e+00   7.73195801e+02   6.48151184e+02   7.29996582e+02
   1.41690493e+00   3.27330446e+00   1.97479309e+02   5.23927040e+01
   8.95606934e+03   1.05318565e+02   2.09849052e+01   2.22813171e+02
   2.17905493e+03   1.15725746e+01   6.95280609e+01   7.19438574e+03
   2.57451992e+01   0.00000000e+00   3.38439331e+01   0.00000000e+00
   6.40296757e-01   8.69900608e+00   8.39993536e-01   6.25994682e+01
   8.56986465e+01   9.36080647e+00   8.18813324e-01   0.00000000e+00
   4.65974670e+02   2.37327027e+00   2.28186440e+00   1.44710398e+00
   1.80165024e+02   5.33527946e+01   1.42170400e+04   6.22457092e+02
   6.37010498e+02   6.66004883e+03   0.00000000e+00   3.22539966e+03
   4.30531097e+02   3.92380542e+03   1.40451231e+01   5.77133691e+03
   1.43050277e+00   1.54422287e+02   3.42456770e+00   0.00000000e+00
   5.25052986e+01   5.13002825e+00   1.70201538e+02   0.00000000e+00
   3.10793915e+01   2.62031836e+03   0.00000000e+00   9.59152222e+02
   2.30823120e+02   9.56976270e+03   6.91088295e+00   5.01677513e+00
   4.40636621e+03   1.25722206e+02   6.96604013e+00   6.56020050e+01
   2.08556836e+03   1.04599480e+02   3.34316711e+02   1.34099915e+02
   1.63292015e+00   1.46345349e+03   2.10390186e+03   1.69962622e+03
   9.91933155e+00   1.24345176e+04   1.76458776e+00   6.00381672e-01
   1.47508430e+01   2.10793190e+01   9.29595642e+02   4.34465381e+03
   0.00000000e+00   1.58425659e+03   2.65384326e+03   1.09056445e+03
   0.00000000e+00   0.00000000e+00   6.92904053e+01   1.54715063e+03
   2.87228790e+02   6.63933945e+00   2.99468666e-01   1.62132690e+02
   6.30499992e+01   7.60528336e+01   2.53752335e+02   1.22803288e+01
   6.41541357e+03   7.80587012e+03   0.00000000e+00   0.00000000e+00
   1.44945249e-01   1.86002335e+02   3.65280418e+01   1.88820343e+02
   8.15835571e+00   6.34785278e+02   3.18580347e+03   4.38486557e+01
   4.17387486e+00   1.19009883e+04   0.00000000e+00   6.08461914e+02
   0.00000000e+00   1.18679727e+04   3.79451203e+00   0.00000000e+00
   0.00000000e+00   2.65107819e+02   6.78166992e+03   2.75377917e+00
   0.00000000e+00   1.03817606e+00   5.04019434e+03   0.00000000e+00
   5.79373970e+01   1.79362316e+01   2.51596975e+00   8.64562256e+02
   9.68895386e+02   9.18912292e-01   0.00000000e+00   5.93965674e+03
   4.61853409e+01   4.26698837e+01   0.00000000e+00   0.00000000e+00
   0.00000000e+00   0.00000000e+00   1.43385720e+00   6.49553772e+02
   2.51078354e+02   2.76930054e+02   0.00000000e+00   4.54718384e+02
   6.94286680e+00   1.28891025e+04   2.21610938e+03   3.95497537e+00
   3.69099683e+03   2.80055866e+01   3.50814934e+01   0.00000000e+00
   7.28598862e+01   8.97679443e+02   7.95170801e+03   1.73751434e+02
   0.00000000e+00   1.50708145e+02   5.91855103e+02   1.20059252e+01
   2.32882276e-01   2.90757370e+00   1.73793884e+02   2.82142627e+03
   6.76716187e+02   2.99864960e+02   0.00000000e+00   0.00000000e+00
   2.65841389e+01   3.04005646e+02   1.25701723e+01   6.06214285e-01
   4.05954559e+02   1.33478424e+02   5.21000732e+03   0.00000000e+00
   2.38175735e+02   0.00000000e+00   5.58557968e+01   0.00000000e+00
   7.09962012e+03   0.00000000e+00   1.07246719e+04   2.00561867e+01
   1.06837969e+01   0.00000000e+00   3.17415285e+00   6.08971387e+03
   3.75315088e+03   2.79287793e+03   1.03382645e+01   7.09217072e+00
   1.38466211e+03   6.53546143e+01   1.95937519e+01   2.01083664e+02
   9.69514771e+01   7.32244968e-01   4.39443350e+00   5.22112541e+01
   2.35711914e+02   3.52741623e+00   0.00000000e+00   3.92944043e+03
   4.87053909e+01   7.92458923e+02   2.81055573e+02   2.90713159e+03
   3.50942474e+02   1.65909937e+03   6.94949316e+03   2.04361668e+01
   1.04243604e+03   0.00000000e+00   1.21805305e+01   1.76428378e-01
   2.29596680e+03   6.76412642e-01   3.29191699e+03   1.07845367e+02
   3.50452347e+01   6.11018105e+01   5.22367935e+01   1.37460554e+00
   2.25364844e+03   1.70106400e+02   0.00000000e+00   1.76480026e+01
   2.71723511e+03   4.99886035e+03   5.91651367e+03   3.32408142e+00
   3.59991989e+01   0.00000000e+00   1.55299759e+01   2.04111725e+02
   2.48986969e+02   4.31633606e+01   0.00000000e+00   3.27086792e+02
   1.73827728e+02   0.00000000e+00   5.97709503e+01   1.95356348e+03
   1.37632608e+00   5.94156837e+01   1.76444454e+01   9.95773392e+01
   9.47825164e-02   2.43545647e+01   1.38077155e-01   1.61400864e+02
   4.16127205e+01   1.58396572e+04   8.48344135e+00   5.51373389e+03
   7.96884827e+02   4.57984009e+02   2.88258984e+03   1.53144598e+00
   3.76955664e+03   4.21350952e+02   4.92765472e+02   9.64692497e+00
   2.71466064e+01   0.00000000e+00   1.99235325e+01   5.58351288e+01
   0.00000000e+00   1.06316936e+00   1.33519638e+02   7.27025070e+01
   6.43473434e+01   9.85162109e+02   9.44112695e+03   1.86921787e+00
   1.07217188e+01   1.58867540e+01   2.09658417e+02   7.15703058e+00
   1.93127096e+00   9.71964355e+03   8.06003189e+00   6.30464840e+00
   1.84403110e+00   3.50516083e+02   3.34809473e+03   9.25253983e+01
   3.51663013e+03   2.43091777e-01   0.00000000e+00   0.00000000e+00
   2.00212305e+04   6.24299072e+02   5.64424896e+01   3.39277446e-01
   2.63125092e+02   1.91412918e+02   0.00000000e+00   5.43780422e+00
   3.38768578e+00   1.22873497e+02   2.37666992e+03   4.00242281e+00
   2.44863338e+01   9.49877136e+02   3.39394653e+02   4.79590263e+01
   6.03919315e+00   3.59862610e+02   1.22218203e+04   2.35609474e+01
   2.17499561e+01   0.00000000e+00   1.82155609e+00   3.29350739e+01
   5.70200872e+00   0.00000000e+00   6.08436670e+03   5.14978564e+03
   1.10640195e+04   1.54659808e+00   2.63268127e+02   4.71710091e+01
   2.76631519e+03   5.36053753e+00   6.65144165e+02   1.21117105e+01
   1.20876373e+02   1.02894609e+04   1.13223587e+02   1.23175476e+03
   5.33578102e-04   3.48074493e+02   2.53156567e+01   2.66441784e+01
   6.86827832e+03   1.93343124e+01   7.76778698e+00   0.00000000e+00
   0.00000000e+00   2.99324371e+02   1.82610764e+02   1.06061900e+00
   7.21405487e+01   2.73762939e+03   9.26585868e-02   7.40570618e+02
   4.14666870e+02   9.34699402e+01   3.52769580e+03   6.06769753e+01
   4.08536865e+03   5.47552032e+01   1.66362900e+02   5.59930077e+01
   1.37261932e+02   1.65607886e+03   6.73666840e+01   6.45514844e+03
   4.25045431e-01   3.28071690e+00   1.43703258e+00   5.64001562e+03
   1.41858377e+01   4.84552383e+00   8.69274139e+00   0.00000000e+00
   5.16912598e+03   2.94197784e+02   5.43338684e+02   4.63499561e+03
   3.36129272e+02   1.77014328e+02   1.45292151e+03   2.55358936e+03
   6.94624960e-01   4.27480371e+03   7.31254244e+00   4.83232498e+01
   0.00000000e+00   8.49928027e+03   2.92190914e+01   2.23285492e+02]
[  5.55357170e+01   5.27135010e+02   4.87383080e+01   2.41911179e+02
   1.34788712e+02   1.18745776e+03   9.02014389e+01   8.88800735e+01
   1.43145294e+01   3.67587924e+00   8.18005371e+02   2.63768616e+02
   1.54393420e+03   1.50919846e+02   2.65155078e+03   9.86393494e+02
   3.38785362e+01   3.51348358e+02   6.56384583e+02   1.63210464e+02
   1.55385559e+02   1.50720072e+01   2.94833423e+03   8.57450562e+01
   2.01843929e+01   4.99213028e+01   1.11524401e+01   2.07145548e+00
   6.49931982e+03   1.85796871e+01   1.00641537e+00   5.73635674e+01
   2.97599805e+03   7.21005173e+01   9.86933231e+00   9.85147247e+01
   6.20794043e+03   2.80431867e-01   2.67665720e+00   1.38373938e+03
   4.32108691e+03   2.87366425e+02   0.00000000e+00   1.76969481e+00
   0.00000000e+00   2.87577515e+02   4.82144580e+03   7.71015778e+01
   5.19802284e+01   2.88062344e+01   4.67067528e+01   9.00373001e+01
   6.15533936e+02   6.27229980e+02   2.90994110e+02   3.77889014e+03
   1.65373540e+00   4.84333467e+00   1.27724902e+03   2.45842505e+03
   2.09520605e+03   2.77043213e+02   5.87153711e+03   0.00000000e+00
   1.60522008e+00   1.89157730e+02   1.76398758e+02   9.42367477e+01
   3.75553207e+01   2.60049591e+02   2.19440918e+03   2.30528955e+03
   1.12800117e+02   2.16012783e+01   2.67854176e+01   1.61659534e+03
   7.39173584e+01   3.09552338e+02   3.78603662e+03   1.85992575e+00
   4.34148550e-01   1.64750336e+02   3.00341650e+03   6.65230274e+00
   1.22667871e+03   3.97985376e+03   5.56931686e+01   7.26655273e+01
   3.20177490e+03   3.50063843e+02   2.73492462e+02   1.50291138e+02
   0.00000000e+00   2.11360474e+03   2.84461713e+00   1.65412273e+01
   2.24705597e+02   4.36675488e+03   1.46515640e+02   1.34685669e+02
   1.15341496e+00   1.12024772e+00   8.83417435e+01   2.08336258e+00
   1.32121606e+03   2.81235248e-01   2.08087616e+01   3.15479688e+03
   2.66084009e+03   1.25734581e+02   5.43939575e+02   4.98801003e+01
   2.23290063e+03   4.20330475e+02   3.65719299e+02   9.27515566e-01
   1.38133979e+00   6.82340002e+00   3.43475342e+03   8.25749683e+00
   7.93084183e+01   2.27437231e+03   0.00000000e+00   6.18923683e+01
   7.47963309e-01   4.18959808e+02   8.46261597e+00   5.07487579e+02
   4.36756250e+03   1.41293371e+00   1.43847198e+02   2.21301880e+03
   8.96338440e+02   1.24381933e+01   9.43309375e+03   3.24285817e+00
   4.68380213e-01   7.76088562e+02   1.60167465e+01   8.31101462e-02
   4.79471436e+03   0.00000000e+00   7.29351196e+02   8.09385300e+01
   1.28627823e+02   2.46662915e-01   0.00000000e+00   7.36173725e+00
   0.00000000e+00   3.14379940e+01   3.81840968e+00   6.91476822e+01
   3.15360809e+02   1.52484082e+03   2.09127151e+02   2.29220874e+03
   1.70066748e+03   3.25108200e-01   1.48414783e+03   3.98511475e+02
   6.82616821e+02   2.21736548e+03   1.11547785e+01   1.72545990e+02
   4.31602930e+03   6.08320618e+02   1.73253632e+02   4.25074234e+01
   1.66222038e+01   1.51237317e+03   3.73977753e+02   0.00000000e+00
   2.64700592e+02   4.07760048e+00   7.80967484e+01   4.76538754e+00
   0.00000000e+00   3.04970264e+03   8.33426743e+01   3.01585126e+00
   1.60515701e+02   5.60709152e+01   1.52411497e+00   1.07406303e+02
   4.88016016e+03   1.55332756e+00   8.52356186e+01   1.44313991e+00
   0.00000000e+00   6.05966663e+00   2.50021648e+00   4.55290802e+02
   4.13477821e+01   1.98620712e+02   3.58000763e+02   3.55442017e+02
   2.19739761e+01   3.58606434e+00   9.96898651e+00   0.00000000e+00
   1.13703814e+01   5.26357613e+01   3.93917203e-01   2.05076218e+00
   5.43690262e+01   3.73607588e+00   0.00000000e+00   1.61095718e+02
   1.16931181e+01   1.17149377e+00   9.75528076e+02   1.83380707e+02
   0.00000000e+00   0.00000000e+00   3.89688225e+01   9.05973282e+01
   5.64648867e+00   4.80409210e+02   1.81416443e+02   2.63599434e+01
   3.05470367e+02   7.40041931e+02   2.04538193e+02   1.56131714e+03
   1.28020887e+01   5.52143822e+01   2.14747363e+03   5.86514626e+01
   2.12011426e+03   3.19605786e+03   3.02777612e+03   4.82534370e+01
   0.00000000e+00   1.13957718e+02   2.88449585e+02   6.58768555e+02
   1.81112109e+03   1.30642462e+00   2.19075659e+03   1.85826172e+02
   3.17549729e+00   2.02818115e+02   1.77859039e+02   7.46234460e-03
   5.15965820e+02   4.47733276e+02   2.86438995e+02   0.00000000e+00
   4.25049591e+02   9.22279119e-01   0.00000000e+00   2.05193390e+02
   1.21830103e+03   0.00000000e+00   2.24791527e+00   5.97767383e+03
   7.84080386e-01   1.38466370e+02   1.53845657e+02   8.46808910e+00
   4.36606787e+03   0.00000000e+00   5.78345703e+03   6.52634735e+01
   1.39751244e+00   1.11849518e+02   1.92420242e+02   1.30220508e+03
   1.24977064e+01   4.73187195e+02   1.49978857e+01   4.90251007e+02
   0.00000000e+00   1.51371192e-02   1.65641842e+01   5.33690529e+01
   8.59562397e+00   6.17812653e+01   1.51260291e+03   6.00632202e+02
   2.62958860e+00   1.17400406e+02   5.16584766e+03   7.92383492e-01
   4.92682993e-01   3.35183691e+03   1.95761780e+02   1.64857578e+00
   3.59487134e+03   8.19771042e+01   1.77301941e+01   9.02364194e-01
   2.14307358e+02   2.79777863e+02   3.28254224e+03   4.19217825e+00
   1.50779553e+03   9.45326462e+01   8.68372421e+01   4.17292023e+02
   2.55163574e+03   3.68486389e+02   4.69772875e-01   1.99458003e+00
   4.95477441e+03   2.74451978e+03   7.68270020e+03   2.81587799e+02
   2.01496053e+00   2.11108948e+02   2.15886993e+02   6.18764687e+00
   1.03367805e+00   6.84905090e+01   6.59879074e+01   5.60439819e+02
   5.02706482e+02   1.24463631e+02   6.20313538e+02   8.69437695e+00
   1.74442446e+00   1.48256287e+03   8.29495525e+00   4.96751367e+03
   5.38855972e+01   2.15600235e+02   3.14856995e+02   3.46428757e+01
   4.87116843e-01   6.91623535e+01   1.53234267e+00   1.91798744e+01
   4.89051857e+01   7.76538467e+01   4.45759491e+02   1.02731848e+01
   1.20029938e+02   7.65093445e+02   6.99973526e+01   2.09840894e+03
   9.39377808e+02   7.70803833e+02   2.08389722e+03   9.92288947e-01
   1.32380524e+02   1.61848840e+03   1.65035864e+03   7.92854385e+01
   2.06301910e+02   3.66297900e+03   7.37004328e+00   0.00000000e+00
   5.05771191e+03   4.99642181e+01   1.23061023e+03   2.63417697e+00
   7.00272034e+02   4.26557037e+02   1.98374084e+02   1.74828205e+01
   1.24176693e+01   7.37110424e+00   9.39616547e+01   9.97534973e+02
   4.79228485e+02   2.82953691e+00   3.34407830e+00   4.20720406e+01
   2.31858063e+01   1.10322571e+00   2.79608667e+03   3.06364975e+01
   1.64790146e+02   1.14966492e+03   0.00000000e+00   4.14675232e+02
   1.38656177e+03   8.76711230e+03   1.48487015e+02   3.20402313e+02
   4.66501038e+02   4.73615532e+01   1.01570549e+02   5.26904869e+01
   9.50621567e+01   1.97577408e+02   3.99137306e+01   6.79776733e+02
   2.26312988e+03   5.28067932e+01   7.48180811e+03   5.67218399e+01
   3.93265137e+02   1.28771286e+01   0.00000000e+00   6.14258652e+01
   0.00000000e+00   5.08316956e+02   7.50073242e+01   3.76558838e+02
   2.78270605e+03   1.29225052e+02   4.77191010e+01   4.46260986e+03
   2.94269189e+03   4.01343842e+02   4.78859283e+02   7.80838847e-01
   5.10333519e+01   6.74288086e+03   2.10049667e+02   8.43547729e+02
   1.25665855e+02   0.00000000e+00   6.26124477e+00   0.00000000e+00
   5.73775574e+02   1.61068030e+03   7.52897705e+02   1.13815173e+03
   9.49433746e+01   3.94017863e+00   3.42285004e+02   0.00000000e+00
   3.15976849e+01   4.50697851e+00   1.33398880e+02   1.43557788e+03
   5.06122711e+02   6.21384766e+02   9.59837402e+03   9.88842249e-01
   1.40575199e+01   1.97779407e+03   1.06987595e+02   1.99994690e+02
   2.10571265e+03   1.94873028e+01   8.87113571e+01   3.90492981e+02
   2.93361068e+00   1.40809546e+01   1.24160629e+02   6.12033348e+01
   1.53909470e+02   1.46738632e+02   8.03244171e+01   2.03918386e-02
   3.11339402e+00   1.06067121e+00   0.00000000e+00   2.26184058e+03
   9.01018652e+03   2.39451147e+03   7.29997635e+01   6.02612488e+02
   8.24855273e+03   1.76731232e+02   1.13621252e+03   1.18169203e+01
   4.51599884e+02   4.68159294e+01   4.79197055e-01   0.00000000e+00
   1.35563513e+03   5.57354004e+02   9.04608917e+01   6.57703564e+03
   6.46818018e+03   5.79968445e+02   0.00000000e+00   9.67627563e+01
   7.75866270e-01   2.22829529e+02   2.29471959e-02   2.21087695e+03
   1.36385937e+01   3.98261147e+01   3.83566380e+00   8.47812533e-01
   1.35085861e+02   7.29291138e+02   5.94323540e+01   7.25265137e+02
   1.02568108e+02   1.73520243e+00   7.92595959e+00   6.50653467e+03
   1.25851321e+00   5.46440201e+01   3.41321533e+02   6.36820496e+02
   0.00000000e+00   0.00000000e+00   3.67205383e+02   1.16494637e+02
   3.05278645e+01   1.44621167e+03   7.15409180e+02   3.33415576e+03
   8.90781494e+02   6.19534225e+01   3.39300049e+02   3.90816431e+03
   7.28090744e+01   0.00000000e+00   1.48128143e+02   3.48575586e+03
   1.26582823e+01   4.81588959e+02   5.22253227e+01   2.82707812e+03]
[  5.21799988e+02   2.59089336e+01   1.48787129e+00   5.63902497e-01
   1.61651115e+01   1.35027014e+03   5.67296753e+01   4.90888691e+00
   2.02972746e+00   4.18583771e+02   5.22659264e+01   6.07277260e+01
   5.17545227e+02   1.71950427e+03   1.20675102e+02   0.00000000e+00
   1.45274429e+01   5.69692078e+02   4.39329796e+01   5.00474358e+00
   5.55403023e+01   0.00000000e+00   3.48470650e+01   1.76263794e+03
   0.00000000e+00   2.14635658e+01   1.25916224e+01   3.07926197e+01
   2.80927525e+01   4.73942490e+01   4.66697884e+01   9.58601594e-01
   1.11578346e+02   2.31536331e+01   2.28143262e+03   2.00263904e+03
   1.25556288e+01   2.10072461e+03   1.03468063e+02   5.78821411e+01
   9.79045105e+00   3.03462811e+01   7.17397854e-02   3.67804551e+00
   2.95741916e+00   5.72729301e+01   5.56198792e+02   0.00000000e+00
   6.60487213e+01   5.70259209e+01   5.94457092e+02   0.00000000e+00
   4.93566370e+00   7.28602524e+01   0.00000000e+00   2.41264999e-01
   1.61712086e+00   1.87529697e+01   8.97477875e+01   2.97572365e+01
   1.32599533e+00   1.78180676e+01   1.05145607e+01   1.01370525e+00
   2.15462875e+01   1.99135246e+01   3.17622131e+02   1.47114658e+00
   7.65761337e+01   3.78621712e+01   1.95972443e+01   1.43865649e+03
   1.07527332e+01   1.09166748e+04   1.79784729e+03   2.82284975e-01
   8.34299207e-01   1.50538683e+01   7.70542145e+01   3.21984005e+00
   3.56496048e+01   5.37161293e+01   3.60003805e+00   3.42287216e+01
   1.28078842e+02   0.00000000e+00   8.47489502e+02   8.66311646e+00
   1.72629791e+02   5.95056105e+00   4.37696791e+00   1.92257786e+01
   1.43446293e+01   1.24882996e+02   1.53996887e+02   5.18213158e+01
   1.54057932e+01   7.97184753e+01   4.77466316e+01   4.15813370e+01
   0.00000000e+00   3.39978790e+01   4.41883125e+01   6.93294373e+01
   5.64083433e+00   3.64710770e+01   2.08948016e+00   2.76891113e+03
   3.07271252e+01   9.27952170e-01   8.25527573e+01   1.42401047e+01
   3.33678508e+00   5.23884811e+01   0.00000000e+00   0.00000000e+00
   5.21143532e+00   5.66532707e+01   3.59318237e+03   2.17607498e+01
   9.63198013e+01   4.43329000e+00   8.70127106e+00   6.05894089e-01
   5.96935272e+00   1.41056807e+04   1.69321406e+00   3.11304450e+00
   3.49967560e+02   2.91221252e+02   1.77859325e+01   2.28004303e+02
   7.31752319e+01   6.23420572e+00   1.40026709e+03   1.09777726e-01
   0.00000000e+00   2.81378579e+00   2.03974683e+03   3.52992134e+01
   1.80760651e+01   1.03911829e+03   1.77545810e+00   7.63427063e+02
   3.40099382e+00   3.98755646e+01   5.88144779e-01   1.18359070e+02
   5.01065430e+02   3.15548205e+00   4.54404984e+01   5.60268433e+02
   3.41985931e+01   1.17825994e+01   1.17027405e+03   7.27600937e+01
   6.77162600e+00   0.00000000e+00   1.94661343e+00   1.24020752e+03
   4.40986133e+03   4.65709375e+03   3.67922544e-01   2.42140446e+01
   6.88633575e+01   6.01380393e-02   1.23573433e+02   4.05988007e+01
   3.57101631e+00   4.37670612e+00   2.31568176e+02   0.00000000e+00
   0.00000000e+00   8.34381897e+02   6.46446609e+01   1.35771973e+02
   1.17433059e+00   6.13801050e+00   4.56216469e+01   9.18889954e+02
   2.37694504e+02   4.46038604e-01   1.23730042e+03   4.54642944e+02
   7.13770981e+01   9.80270920e+01   4.83574688e-01   0.00000000e+00
   6.10824356e+01   1.00871567e+02   4.95246353e+01   3.51003432e+00
   5.05298633e+03   2.40732574e+01   1.63667119e+00   4.58330727e+01
   3.32284737e+01   3.29115448e+01   8.66189651e+01   1.68701599e+03
   6.56966496e+00   3.74579668e-01   6.13700073e+02   1.15791283e+01
   7.59256959e-01   3.60051079e+01   1.88547974e+03   7.53210068e-01
   3.42873192e+01   1.49378296e+02   9.55495071e+01   4.19007254e+00
   4.55709412e+02   6.58126297e+01   1.76663956e+02   4.36837738e+02
   0.00000000e+00   7.76736298e+01   1.70383838e+03   5.29935364e+02
   0.00000000e+00   2.60312295e+00   1.16064906e+00   5.02443790e+00
   4.71517601e+01   7.76323792e+02   3.28635483e+01   8.10349045e+01
   6.96888161e+00   1.67933521e+01   4.04530334e+00   1.62791711e+03
   5.12227661e+02   1.02387372e+03   0.00000000e+00   0.00000000e+00
   3.77655716e+01   3.66133008e+03   1.64409058e+03   1.46802521e+01
   1.00412292e+02   7.90357437e+01   3.49703293e+01   0.00000000e+00
   3.93967962e+00   0.00000000e+00   1.83925232e+03   0.00000000e+00
   9.53189182e+00   4.47165070e+01   9.13233215e+02   4.39256287e+01
   1.04701734e+00   1.02126569e+03   2.21084946e+02   2.63954449e+01
   7.40908909e+00   8.07240200e+00   8.84869141e+02   1.19679398e+02
   2.94466003e+02   5.13995647e+00   4.14328247e+02   2.78186932e+01
   1.11569490e+01   0.00000000e+00   1.69685608e+02   1.21223164e+00
   1.07088089e+00   5.25337410e+01   3.34431445e+03   3.91798370e+02
   7.85699997e+01   8.04277137e-02   5.09693489e+01   6.08801575e+01
   3.04023224e+02   1.18118086e+01   2.66161976e+01   4.00424719e+00
   6.90330200e+02   1.36147293e+02   6.81439590e+01   1.22027576e+03
   5.21058388e+01   5.69966011e+01   1.25531139e+01   4.75689354e+01
   6.24135933e+01   7.23441010e+01   1.63558569e+03   1.29255304e+01
   7.34303236e+00   2.03686008e+01   4.15202141e+01   1.73479939e+01
   4.59257927e+01   7.64774780e+02   6.52992153e+00   5.10556641e+03
   4.42260803e+02   5.43481293e+01   2.29081958e+03   3.43303345e+02
   1.55330521e+02   8.83015671e+01   1.57626362e+01   1.59461594e+02
   4.06436653e+01   5.98909302e+01   0.00000000e+00   2.09753056e+01
   3.04593968e+00   2.31115513e+01   7.85826721e+02   4.53828583e+01
   2.16838623e+03   9.08383012e-01   7.72844360e+02   2.11995678e+01
   6.21784424e+02   1.76761913e+01   6.81796341e+01   1.89573776e+02
   8.79506073e+01   9.07711029e+01   0.00000000e+00   1.43436188e+02
   7.15517998e-01   1.35754900e+01   0.00000000e+00   3.06894279e+00
   0.00000000e+00   1.36313538e+02   2.14378095e+00   3.22566895e+02
   1.11822510e+00   5.47168961e+01   1.15446281e+01   7.24512573e+02
   7.48144150e+00   3.62720191e-01   1.29674927e+02   3.69203072e+01
   0.00000000e+00   1.79277405e-01   7.67839813e+01   3.32708397e+01
   0.00000000e+00   1.93623600e+01   5.21488380e+01   9.89446068e+00
   0.00000000e+00   1.20656815e+02   3.64326935e+01   4.01191724e+03
   1.04364723e+02   9.22026672e+01   1.00849838e+02   1.16710196e+01
   0.00000000e+00   1.19972321e+02   8.87966003e+01   3.31976738e+01
   1.09829041e+03   1.65494084e+00   2.54101601e+01   0.00000000e+00
   1.98838463e+01   6.83481903e+01   0.00000000e+00   5.71290771e+02
   2.00827408e+00   0.00000000e+00   1.16020241e+01   1.53753071e+01
   2.04729578e+03   1.07770710e+01   2.93505728e-01   4.60406876e+00
   4.64127617e+01   2.86978076e+03   9.19755615e+02   0.00000000e+00
   3.28049957e+02   1.03378456e+02   2.48379517e+01   7.62705863e-01
   3.65408516e+01   0.00000000e+00   1.76852917e+03   3.14279919e+01
   9.15447769e+01   6.66019211e+01   1.61285840e+03   5.11438721e+02
   2.66185516e+02   4.99331894e+01   1.37331486e+01   1.52792114e+03
   1.97005463e+01   4.78025293e+00   6.63540936e+00   3.87931883e-01
   1.01591873e+02   1.49052893e+03   3.33393745e+01   7.90838394e+01
   1.12207575e+01   1.16499969e+02   5.67902405e+02   8.12147888e+02
   1.98756332e+01   1.59815967e+03   5.45314758e+02   0.00000000e+00
   6.63239441e+01   5.39402819e+00   2.35098267e+03   1.50191088e+01
   1.48614639e+02   6.94398880e+01   1.32915405e+02   3.32072449e+00
   7.79515533e+01   1.77718762e+03   9.58256760e+01   2.61825352e+01
   1.10454346e+04   1.60613159e+02   5.33817253e+01   8.52725697e+00
   5.88320580e+01   1.00523456e+03   2.61011200e+01   1.10085388e+03
   1.91853198e+03   1.81711636e+01   5.91945190e+01   9.74266129e+01
   1.16417255e+01   1.01921014e+03   2.58682861e+02   9.29778061e+01
   1.94193006e+00   6.44405975e+01   0.00000000e+00   6.53962479e+01
   1.08152418e+01   4.98732746e-01   3.53804684e+00   2.90830956e+01
   2.98715562e-01   8.66497040e+01   6.47052336e+00   2.65626489e+03
   9.75439453e+00   4.52067139e+03   2.35068863e+02   1.74751320e+01
   1.79264923e+02   4.23518677e+02   1.14216576e+02   8.86473541e+01
   1.21182190e+03   3.53470445e-01   1.29040723e+03   1.71852295e+02
   2.23450394e+01   5.58470192e+01   9.04592361e+01   1.40200821e+02
   8.15759155e+02   2.64704224e+03   6.43031693e+01   9.91234497e+02
   1.45045576e+01   0.00000000e+00   2.47512221e+00   1.33275056e+00
   4.71564674e+01   5.95874901e+01   2.12483179e+03   4.91574764e-01
   8.71468124e+01   4.71227837e+00   8.29451065e+01   2.35511572e+03
   0.00000000e+00   9.82283428e-02   1.90059261e+01   6.87869110e+01
   1.29649639e+01   1.50050342e+03   6.00570923e+02   1.78011975e+03
   1.65170911e+03   5.26604767e+01   1.13581627e+02   1.65232563e+01
   2.52417749e+03   4.88369656e+00   2.66234994e+00   1.76829187e+03
   8.53657837e+01   3.18071259e+02   1.94612427e+01   1.31179169e+02
   1.03891541e+03   6.37442993e+02   1.77178723e+03   8.35598087e+00]
