bicycle
bus
car
motorbike
person
[  4.66770050e+06   1.35326000e+06   7.75816720e+07   2.99418400e+06
   8.34415680e+07   2.07586450e+06   2.84971940e+07   8.42357000e+06
   2.62914280e+07   1.73124725e+06   1.58113300e+07   5.11343160e+07
   2.79773980e+07   2.16403100e+07   4.20827400e+06   1.93043638e+06
   9.60681000e+06   1.06860660e+07   8.39311360e+07   2.43077960e+07
   9.11830500e+05   3.24176900e+06   1.18903240e+07   5.91526280e+07
   6.40842500e+06   2.58231650e+06   1.63201225e+06   1.85699750e+06
   8.38828250e+06   3.13109560e+07   5.41427200e+07   4.48480300e+06
   9.88299200e+07   2.51186675e+06   4.80516550e+06   1.13973825e+06
   3.82786640e+07   5.66909950e+06   1.94083425e+06   3.73293925e+06
   1.97993688e+06   7.28548050e+06   6.58955250e+06   1.04326944e+08
   2.73586975e+06   5.41804880e+07   2.46799425e+06   7.02314300e+06
   2.05569700e+06   8.75366720e+07   5.02888250e+06   2.40609980e+07
   3.24611780e+07   2.84270960e+07   2.62539120e+07   2.80299460e+07
   4.80622160e+07   1.58821520e+07   1.79271100e+07   7.85892200e+06
   3.06642675e+06   2.63198300e+06   2.95787640e+07   6.78216312e+05]
[  1.77339300e+07   2.28577300e+07   3.41111040e+07   7.54748594e+04
   1.04887070e+07   5.85761500e+06   5.29174850e+06   2.67563232e+02
   1.98266788e+06   5.19213900e+06   4.83579120e+07   5.50455520e+07
   1.12985391e+04   5.15044050e+06   5.34277840e+07   2.72062720e+07
   1.05750238e+06   4.08929680e+07   9.61710700e+06   2.54119940e+07
   7.43896250e+04   5.19323080e+07   4.19594600e+06   6.51978400e+07
   3.31251594e+05   7.81759840e+07   9.49806000e+05   1.76901375e+06
   2.92905100e+07   4.57379608e+02   7.10690200e+06   5.60353564e+03
   5.03827650e+06   8.73414400e+06   1.47908462e+06   1.03028840e+07
   2.73116375e+05   1.94127512e+06   3.86532525e+06   2.62289975e+06
   9.51433000e+06   1.40128100e+07   1.42621594e+05   1.74014440e+07
   2.68853260e+07   3.46043275e+06   1.43985297e+05   2.22016360e+07
   2.03372920e+07   9.58190200e+06   6.15488840e+07   5.67012100e+06
   5.52358760e+07   9.12313800e+06   2.94554781e+05   4.24026300e+06
   2.99281480e+07   5.34765720e+07   7.78352900e+06   2.21153380e+07
   1.52893520e+07   6.53951709e+03   3.02345540e+07   5.30362280e+07]
[  5.67441375e+05   1.02993090e+07   1.15907023e+05   8.34796797e+04
   1.68264375e+04   2.70938203e+04   4.19109531e+04   9.81314700e+06
   1.20146504e+04   2.07776188e+06   1.01431556e+06   1.92781925e+06
   5.89243938e+05   3.20602812e+05   8.50483008e+03   7.60558906e+04
   1.78915762e+06   4.25982844e+05   5.96659938e+05   1.02571420e+07
   2.61071500e+06   3.08793812e+05   5.55587350e+06   1.14717500e+07
   6.13292250e+06   0.00000000e+00   8.10281719e+04   8.76007500e+06
   1.30606180e+05   1.37646125e+06   3.99718457e+03   2.11925060e+07
   9.13944297e+04   1.60735262e+06   4.08854875e+05   1.31452125e+06
   2.38963574e+04   2.23585820e+07   7.30267200e+06   1.56940955e+03
   2.94346925e+06   7.70516800e+06   8.84125938e+05   1.02943470e+07
   4.01655250e+06   1.72487312e+05   3.99644400e+06   3.73321484e+04
   8.20385125e+05   1.12020914e+05   5.76499500e+05   2.51900996e+04
   2.08499950e+06   1.47135812e+05   2.01416600e+07   9.69325500e+06
   3.71930600e+06   3.69619531e+03   5.20982031e+04   5.57321188e+05
   6.09618450e+06   1.26799820e+07   6.72005850e+06   5.29435125e+05
   1.67139080e+07   4.12935575e+06   9.34866300e+06   1.05562000e+06
   2.96467344e+05   2.04074000e+05   7.61190700e+06   1.18010090e+07
   1.60767262e+06   1.25793800e+06   0.00000000e+00   2.68714250e+06
   3.86444844e+04   3.95585275e+06   8.94737200e+06   4.44853219e+05
   1.93503066e+04   1.12171530e+07   6.99473950e+06   1.42873389e+03
   5.79445312e+05   1.46315660e+07   8.70214800e+06   5.06797168e+03
   8.19893812e+05   1.98430562e+05   6.48026000e+06   9.50431700e+06
   2.21034281e+05   8.17904950e+06   1.76931250e+05   1.14362180e+07
   1.15215986e+04   6.50732450e+06   2.96754800e+06   8.18969625e+05
   8.88368750e+05   2.32541775e+06   7.34756172e+04   1.69405891e+05
   9.36399316e+03   2.28815625e+05   3.43196641e+04   1.57782562e+05
   8.34985300e+06   4.51685742e+04   1.08411748e+04   5.27298050e+06
   3.13591062e+05   1.52440880e+07   9.22230688e+05   1.79442412e+06
   4.88377200e+06   1.73684750e+05   6.79275312e+05   1.38773812e+05
   6.68531200e+06   7.72313400e+06   2.34852852e+04   1.34201610e+07
   4.68377125e+05   2.19312109e+04   2.15714420e+07   1.30787490e+04]
[  5.21087600e+06   5.63311000e+06   6.39824000e+05   0.00000000e+00
   5.09434375e+03   2.91799475e+06   2.78313781e+05   1.50175162e+06
   1.59634260e+07   3.07358325e+06   1.72016480e+07   1.49643400e+07
   4.18518450e+06   4.53427250e+05   8.41689453e+03   5.20071500e+05
   3.06868250e+06   2.47688750e+06   5.38053850e+06   1.07357100e+04
   6.28307650e+06   1.60443650e+06   4.65885650e+06   1.22562930e+05
   2.06013238e+06   5.35359062e+05   2.83047562e+05   1.97944675e+06
   2.07292875e+05   2.73522700e+06   1.53905406e+05   1.31126280e+07
   6.51931850e+06   9.38953750e+05   4.72193100e+06   2.12053450e+06
   6.18117700e+06   1.52464240e+07   1.71870125e+05   3.29219609e+04
   4.06264075e+06   6.55857109e+04   6.59941846e+03   6.01982312e+05
   2.09049062e+06   8.37258400e+06   1.29521800e+07   2.56954225e+06
   1.05087750e+06   7.36893950e+06   6.00902050e+06   3.52461775e+06
   1.29027250e+07   2.65214469e+05   3.16612520e+04   7.57390812e+05
   2.26851475e+06   1.65915094e+05   1.47595387e+01   6.32099400e+06
   9.51216875e+05   1.28165780e+07   2.88133400e+06   8.55938312e+05
   1.02171288e+06   1.18410790e+07   7.29275062e+05   1.60549000e+06
   4.66944350e+06   1.67277440e+07   5.61028300e+06   1.64115380e+07
   2.54116625e+06   1.46489190e+07   1.66859740e+07   3.39008765e+03
   2.18674750e+06   5.25371850e+06   1.24825040e+07   6.69203050e+06
   6.65904350e+06   1.52716855e+04   5.26861300e+06   3.36625100e+06
   7.78948486e+03   9.71173100e+06   1.20180025e+06   7.39643450e+06
   1.73118984e+04   1.92503750e+06   4.74635469e+04   1.15843610e+07
   3.69406438e+05   8.76209200e+06   3.27737100e+06   1.20980400e+06
   6.24650062e+05   8.12778600e+06   3.31302594e+05   1.49374920e+07
   3.93183594e+04   7.86309188e+05   1.93121840e+07   3.47224030e+02
   9.79391484e+04   1.47789100e+07   3.98298725e+06   1.36433880e+07
   3.90911200e+06   1.47337820e+07   1.20928198e+03   2.35356625e+06
   6.80219750e+05   2.31932000e+07   9.13479500e+06   5.26945375e+05
   1.00169925e+06   1.08555688e+06   2.61376348e+04   3.32076914e+04
   1.71569600e+07   1.54783800e+06   2.30123320e+04   1.03687660e+07
   9.17384875e+05   4.05747675e+06   2.11503340e+07   1.17394740e+07]
[  0.00000000e+00   9.65767969e+03   1.54045325e+06   1.01296328e+04
   3.32375122e+02   3.74867627e+03   8.56085547e+04   0.00000000e+00
   1.23843475e+06   4.65713320e+04   8.31175766e+01   1.11784541e+04
   7.03790140e+00   3.58715156e+04   2.34592969e+05   8.50448340e+03
   5.43793203e+04   1.72885825e+06   2.82985620e+03   1.04117129e+04
   6.96219158e+00   7.46085266e+02   1.16591162e+06   1.41598291e+03
   3.30233789e+04   2.78225861e+02   1.83179312e+06   0.00000000e+00
   7.88214990e+03   1.14505661e+02   1.03514038e+02   4.32007885e+00
   1.04021907e+00   1.90380562e+05   3.97624297e+04   1.68508525e+06
   1.90445562e+06   1.28544006e+03   4.09605029e+03   7.48589966e+02
   1.04482900e+04   1.22647408e+02   9.10325195e+02   1.04015888e+06
   1.31525645e+04   1.80307092e+03   9.26940079e+01   8.22375565e+01
   2.06771734e+05   1.38620723e+04   5.19544678e+03   2.01117163e+03
   1.90749938e+06   1.13448375e+06   1.89621086e+01   2.21983379e+04
   6.93733938e+05   1.59587988e+06   1.07313330e+03   0.00000000e+00
   1.12903359e+04   6.62200195e+03   9.80307875e+05   3.76691484e+04
   5.22277908e+01   1.27721367e+05   3.02905200e+03   1.53780420e+03
   8.62351660e+03   1.95545641e+05   2.33571225e+06   2.08681125e+06
   0.00000000e+00   1.52179922e+04   1.21048510e+00   2.76217560e+02
   3.86094043e+03   1.21328070e+05   1.12521898e+05   1.73066309e+04
   2.05670688e+05   7.50166797e+03   6.70626172e+03   5.55848633e+02
   3.32245325e+06   2.21723750e+06   1.10428656e+05   1.94935150e+06
   1.96953301e+04   9.29065552e+01   8.65060120e+02   2.56456816e+04
   7.70810547e+04   1.16291855e+04   0.00000000e+00   1.32298315e+03
   4.49456299e+03   1.21059300e+06   1.95461450e+03   1.45024219e+04
   1.73233105e+04   3.75053040e+02   9.93863438e+05   1.00038486e+04
   1.25509644e+03   3.72934570e+03   2.13044873e+03   7.28818018e+03
   0.00000000e+00   2.55777750e+05   8.17976188e+05   1.14586465e+04
   0.00000000e+00   1.30818740e+04   4.28696406e+04   1.15975918e+04
   0.00000000e+00   7.73642090e+02   1.23743225e+03   2.85661075e+06
   1.65636738e+04   2.47117939e+01   1.45555625e+04   9.60051025e+02
   2.81665131e+02   2.39801350e+06   3.08360000e+04   0.00000000e+00
   1.72224656e+05   9.41783398e+03   1.49643604e+03   6.70404492e+03
   7.16827539e+03   2.55683650e+06   0.00000000e+00   7.28955957e+03
   2.33270800e+06   1.70063888e+06   3.85948755e+03   1.26451530e+01
   2.91841211e+04   0.00000000e+00   4.42859473e+03   1.07647125e+06
   5.80792053e+02   1.55072412e+06   2.38000781e+03   2.62590759e+02
   1.57643562e+05   2.17469311e+00   5.83637109e+03   6.63181201e+03
   9.11730156e+04   3.21940078e+04   1.45030662e+06   3.26772499e+01
   8.73872754e+03   6.50904062e+05   2.76610375e+05   4.48967461e+04
   9.25670703e+03   5.02285117e+04   2.24599775e+06   1.20151963e+04
   4.24471191e+03   2.54928950e+06   2.49967950e+06   7.60000469e+04
   1.17260176e+04   1.64388400e+06   1.95114250e+06   1.32687088e+02
   8.40347461e+03   1.40818781e+05   1.92789570e+04   1.64267102e+03
   2.75156125e+06   1.80830029e+03   3.29913500e+06   1.10041852e+05
   6.40935500e+05   9.22418203e+04   6.90910938e+04   2.82627969e+04
   3.19548848e+04   9.91067578e+03   3.82552344e+04   8.25987031e+04
   1.70609438e+06   9.91412734e+04   2.85593945e+03   7.82513000e+05
   0.00000000e+00   6.38104750e+05   0.00000000e+00   7.25480500e+05
   4.80339160e+03   2.03209391e+05   1.38431338e+06   1.36070775e+06
   1.48093896e+03   1.11102450e+06   2.19119109e+05   5.20345093e+02
   3.07453633e+04   2.95734463e+01   2.16745581e+03   1.44239429e+03
   6.10266553e+03   1.20591336e+05   7.85974812e+05   2.34090975e+06
   4.24503271e+03   2.78131602e+04   0.00000000e+00   1.94889492e+04
   6.61367371e+02   1.37639400e+06   2.29351055e+04   6.54812050e+00
   3.41446777e+03   2.63406372e+03   0.00000000e+00   3.76839180e+04
   4.69964406e+05   0.00000000e+00   2.94046783e+00   5.50323188e+05
   6.41290131e+01   8.29849375e+05   3.35432773e+04   1.48916367e+02
   1.50808725e+06   1.84828015e+03   1.86425738e+06   1.98451099e+03
   2.63550879e+03   1.12387812e+04   1.80950938e+06   5.83016434e+01
   1.38792288e+06   1.10977950e+06   7.78184082e+02   4.70680811e+03
   2.58182516e+05   3.20717334e+03   3.83934082e+02   6.80025977e+03
   1.96379639e+03   1.22191575e+06   6.11546973e+03   1.07565259e+03
   1.64013269e+03   0.00000000e+00   0.00000000e+00   1.15392812e+06]
[  2.59469475e+06   1.01540918e+04   1.94754431e+03   8.44381943e+01
   2.23203600e+06   1.67971825e+06   1.54900391e+05   3.08825439e+02
   4.84708008e+03   1.99198889e+03   4.37651703e+02   3.27771680e+03
   4.20684180e+03   2.73813613e+04   6.83450879e+03   2.70031128e+03
   2.99771881e+00   8.22689026e+02   1.39012788e+06   8.28321719e+04
   0.00000000e+00   6.93617432e+02   7.93544250e+02   9.77169062e+05
   1.19140780e+00   1.34426182e+04   0.00000000e+00   8.57542250e+05
   9.20203672e+04   5.64742374e+00   1.02990039e+04   5.50333057e+03
   1.62690254e+04   1.74762480e+04   3.68233618e+03   6.52072803e+03
   1.86861074e+04   2.67904816e+02   1.08637354e+03   0.00000000e+00
   1.92610215e+04   3.93527891e+04   6.55810498e+03   2.76313232e+03
   3.48113599e+03   5.59527695e+04   8.08145438e+05   3.85968359e+04
   1.01540062e+05   4.17615509e+02   6.92650586e+03   7.67719971e+03
   2.93786621e+02   3.35395703e+03   4.28782969e+05   1.27342086e+05
   3.03351523e+04   5.97961484e+04   1.37471734e+05   1.22191431e+03
   5.78640137e+03   3.92876562e+04   7.88281262e-01   4.03806061e+02
   0.00000000e+00   3.29744727e+04   1.14871734e+05   2.69046143e+02
   7.29827271e+02   3.58711719e+03   7.67721688e+05   1.25369835e+02
   6.64017578e+03   5.41496387e+03   2.08369961e+04   8.99671328e+04
   7.87307656e+04   9.52886562e+04   9.46490391e+04   1.11166288e+06
   1.40466995e+01   2.21787832e+04   7.81949854e+00   1.68398594e+04
   4.14512970e+02   2.46090508e+04   9.72979065e+02   1.43062148e+04
   1.10818379e+04   7.79416748e+03   8.77405273e+03   5.49040283e+03
   3.72295469e+04   1.48608462e+06   6.13295776e+02   0.00000000e+00
   4.03100250e+05   0.00000000e+00   9.28013086e+03   5.78159766e+03
   3.61438354e+02   2.32727026e+03   2.53596344e+05   1.80065414e+02
   5.26704590e+02   1.89509863e+04   4.60069766e+04   2.05792109e+05
   3.47228125e+04   1.47470325e+06   1.96381726e+03   9.98852125e+05
   1.22618017e+01   2.05739014e+03   2.31125732e+03   4.47639219e+04
   3.58558624e+02   1.35827930e+04   1.06003350e+04   1.20160352e+04
   1.01160674e+04   2.64626579e+01   1.92535083e+03   2.91930750e+05
   2.49798877e+03   2.80295776e+03   0.00000000e+00   8.49239746e+03
   2.53072720e+01   1.99944025e+06   2.58884551e+04   1.63668530e+03
   1.81132068e+03   1.75788400e+06   1.52371729e+03   4.47507500e+04
   1.74471859e+05   7.05652562e+05   2.84587939e+03   2.01756401e+01
   2.45848351e+01   2.13120190e+03   4.41931641e+03   2.28116133e+04
   0.00000000e+00   1.25668591e+03   1.31328528e+03   0.00000000e+00
   0.00000000e+00   7.06426392e+02   1.03537689e+02   3.26528137e+02
   1.27781712e+06   3.13150219e+05   0.00000000e+00   4.16167312e+05
   1.18086304e+03   1.73365536e+01   6.54081641e+04   1.35841738e+06
   5.53156982e+03   8.41318359e+03   3.71867139e+03   1.66024411e+00
   4.40846914e+04   0.00000000e+00   1.24072625e+06   2.28691089e+03
   4.57244648e+04   1.68468775e+06   1.02062042e+02   7.04828501e+00
   2.82722988e+04   1.49270938e+05   8.66037500e+05   2.22465576e+03
   7.11502869e+02   5.37568994e+03   1.28250977e+05   4.12462616e+00
   5.21739355e+03   3.25759766e+03   2.18367752e+02   9.51019824e+03
   0.00000000e+00   8.65525024e+02   3.56252305e+04   1.46047607e+04
   4.68366547e+02   1.09153450e+02   2.35339141e+05   1.47282349e+03
   9.17549973e+01   4.23924961e+04   2.35887070e+04   2.88808984e+03
   2.78947676e+04   1.04579092e+04   7.20841625e+05   4.23834562e+00
   3.57479362e+01   0.00000000e+00   8.79089375e+05   1.50245410e+04
   1.04512051e+04   1.40345430e+01   1.34494600e+04   1.05417900e+06
   8.98334062e+04   1.75914062e+05   0.00000000e+00   2.71999023e+02
   1.43665979e+03   1.74911719e+04   1.99328442e+03   3.74077578e+04
   4.58891938e+05   2.17146533e+03   5.59876318e+03   4.63050964e+02
   8.92551758e+03   1.45814854e+04   1.14093359e+03   7.39367371e+02
   0.00000000e+00   7.18723281e+04   1.28737250e+05   4.41665781e+04
   1.91180151e+03   0.00000000e+00   0.00000000e+00   4.19228760e+03
   2.74984668e+04   9.42610254e+03   1.04214131e+06   1.99117395e+03
   6.63895312e+03   8.96801562e+05   8.57058716e+00   1.65673428e+01
   1.40904419e+03   6.25944938e+05   0.00000000e+00   0.00000000e+00
   1.00074493e+03   2.73802066e+00   8.31564062e+04   3.26455493e+03
   1.11901750e+06   6.25045562e+05   1.25371742e+05   3.94772344e+04
   1.98251111e+03   1.04401106e+06   1.26169502e+04   9.45400000e+04]
[  6.46135469e+04   2.61458613e+04   3.49504669e+02   6.57041809e+02
   2.39128688e+05   2.42323364e+03   9.23323047e+04   4.14331006e+03
   1.60855057e+02   6.99569688e+05   9.43176270e+03   1.69720176e+04
   7.44679199e+03   4.83407373e+03   7.81726868e+02   1.66633530e+02
   0.00000000e+00   3.81217432e+03   1.09987885e+02   9.43548462e+02
   3.53135625e+04   3.90829219e+05   2.41625898e+04   5.48483203e+03
   2.26829281e+01   1.09546411e+03   3.53746631e+03   3.25783156e+05
   1.19692314e+04   6.97116188e+05   3.31817657e+02   5.89618701e+03
   2.06040000e+04   8.22265938e+04   2.46642944e+03   8.47921680e+03
   3.96145938e+05   1.45922538e+06   1.23737500e+03   1.77485475e+06
   1.63469971e+03   7.18520203e+02   1.27958096e+04   1.44981750e+05
   3.07853848e+04   2.59475415e+03   1.13704346e+03   1.02572031e+05
   3.68821602e+04   2.18185693e+03   1.47984125e+05   1.07550175e+06
   5.67647820e+01   0.00000000e+00   1.82879590e+03   3.00231104e+03
   1.16809521e+04   3.19120406e+05   1.39887059e+00   1.03754043e+04
   4.38751373e+02   6.13804883e+04   1.66352930e+03   1.31801191e+04
   1.36770264e+04   8.20020410e+03   4.69927637e+03   3.87221216e+03
   3.08383906e+04   7.31891875e+04   6.93698682e+03   1.62160217e+02
   6.82186484e+04   8.38971094e+03   6.28146500e+05   1.27473141e+05
   2.44097203e+05   1.26171934e+04   1.62069031e+03   1.01561621e+03
   9.29475327e+01   3.89098755e+02   6.74623203e+04   1.64310120e+02
   3.65316719e+04   3.60667557e-01   2.66563457e+04   8.96898422e+01
   9.89542961e+00   1.01620306e+03   9.41067123e+00   1.78157654e+03
   8.53249414e+03   7.63912170e+02   9.33810078e+04   8.72815186e+02
   8.19230118e+01   5.24380562e+05   3.84403188e+05   3.36459766e+04
   9.53707500e+04   7.48851709e+03   5.56973999e+02   1.69125195e+03
   2.15816797e+04   3.79272803e+03   8.07841875e+05   5.10705938e+04
   7.74138977e+02   1.55444385e+03   8.16652100e+03   2.71968188e+03
   2.24477148e+04   1.71952490e+03   1.04037988e+03   2.25516660e+04
   1.96746277e+02   3.26705625e+05   2.72936738e+04   4.10490469e+04
   1.06755257e+01   9.92934875e+05   2.71081152e+04   4.30098969e+05
   5.73372412e+03   2.29736963e+03   1.66415996e+04   5.13138313e+01
   8.96499878e+02   6.60871887e+02   1.45659314e+03   1.30018145e+04
   1.68394238e+04   8.11718311e+03   1.82124062e+04   6.08889307e+03
   3.44985718e+03   5.78170312e+04   3.48361694e+03   3.61331024e+02
   5.32660103e+00   1.51544521e+04   4.03678711e+02   8.38773047e+04
   1.42765889e+04   1.22921729e+03   2.39945312e+04   1.20584974e+01
   2.77014512e+04   2.39203076e+03   9.45273828e+03   5.66885625e+04
   1.99648474e+03   2.43623875e+05   5.02702789e+02   3.64440137e+03
   5.66479570e+04   1.85552112e+03   3.81302375e+05   9.52462845e+01
   1.38486072e+03   9.40395660e+01   2.84896973e+03   5.57036972e+01
   9.55207947e+02   4.64298193e+03   3.44317617e+04   1.32184094e+05
   8.67035828e+02   1.74814883e+04   1.95496735e+02   5.28960107e+03
   3.53776016e+04   1.00938086e+03   9.07974766e+04   8.84482910e+03
   6.20827344e+04   6.91445117e+03   1.28306621e+04   4.38719258e+04
   4.21319916e+02   1.15681789e+05   1.45879858e+03   1.59905237e+03
   9.82343516e+04   7.39831482e+02   1.00110312e+05   5.31771362e+02
   7.68733594e+03   4.23368656e+05   5.19545547e+04   1.98970801e+03
   2.69552155e+01   4.15180664e+04   1.36506338e+01   3.26583179e+03
   2.41282148e+04   1.05360850e+04   4.68669629e+03   7.58363984e+04
   1.18543652e+03   4.38478622e+01   2.22326621e+04   2.19495250e+05
   2.05503906e+05   6.22967163e+02   2.65207227e+04   8.16873486e+03
   6.51196750e+05   1.89582384e+00   1.19095205e+04   3.68978955e+03
   2.56108066e+04   1.13552441e+04   9.23081797e+04   9.72275543e+00
   4.96024512e+03   1.94907910e+04   4.90908718e+00   1.33635781e+05
   2.03776855e+03   1.72416724e+03   3.76549927e+03   1.79050427e+03
   8.83392422e+04   2.70702267e+00   1.49932575e+01   3.34264492e+04
   5.38951172e+02   1.28025820e+04   1.91564180e+04   8.06132656e+04
   1.05788440e+03   5.17547891e+04   1.61394512e+06   3.19810449e+03
   1.44603918e+03   5.93513330e+03   1.51591312e+06   1.54425659e+03
   1.91690845e+03   1.21664459e+02   2.77210785e+02   1.85924268e+03
   1.59730766e+05   2.81510438e+05   2.77213440e+01   2.44921379e+01
   1.35282109e+05   1.42126719e+04   0.00000000e+00   4.92169375e+04
   8.15055127e+03   9.16845703e+02   3.82942322e+02   2.89017993e+03]
[  4.42937775e+02   9.22108789e+03   5.40668828e+04   5.67128867e+04
   7.69976562e+02   9.29902500e+04   1.29199976e+03   7.26729187e+02
   7.15605392e+01   3.97007108e+00   9.50664062e+04   1.26229180e+04
   1.99112854e+03   2.90944336e+03   4.76249072e+03   3.75920105e+02
   1.76919766e+04   3.15560156e+04   2.55126777e+04   3.91450659e+03
   1.21399279e+01   1.08010750e+05   8.68113770e+02   6.72944641e+01
   3.97492461e+04   3.45539570e+04   7.15766719e+04   4.06430151e+03
   8.73042422e+04   3.15937402e+04   2.49442285e+04   1.39232094e+05
   3.64197925e+03   4.17967422e+04   3.90054023e+04   7.42390078e+04
   1.08764555e+05   2.75229785e+03   1.23552589e+02   2.63145586e+04
   6.23724556e+00   1.20048023e+05   6.99607266e+04   2.45679980e+04
   1.41302856e+02   3.15705444e+03   8.46884375e+03   9.95943359e+03
   0.00000000e+00   1.11613379e+04   8.24188047e+04   8.71643860e+02
   0.00000000e+00   1.88645352e+04   2.19486206e+03   1.35092402e+04
   0.00000000e+00   1.22857666e+03   1.73132248e+02   2.05898636e+02
   3.81869629e+03   1.47504016e+05   3.25501562e+04   4.13590234e+03
   3.34894995e+03   1.45189629e+04   2.86559814e+02   5.78547554e+01
   3.52856958e+03   1.05853320e+03   5.89161328e+04   9.71781738e+02
   9.17246719e+04   6.25473022e+02   3.63011289e+00   9.99273682e+02
   2.70388393e+01   4.77674294e+01   1.38080188e+05   8.92082422e+04
   1.13114563e+02   7.89911572e+03   4.72515742e+04   1.19824250e+05
   3.74320129e+02   0.00000000e+00   1.14731091e+03   6.74753479e+02
   9.93980000e+04   1.31399797e+05   1.01684590e+04   1.66242798e+02
   7.04492656e+04   3.88371797e+04   6.43177656e+04   3.05268027e+04
   3.93353101e+03   2.47938477e+02   5.69017422e+04   3.70065625e+04
   1.84791870e+03   7.80344849e+01   1.54615109e+05   1.46512998e+04
   3.79504844e+04   4.41840234e+04   3.29357886e+03   7.85103047e+04
   8.86809609e+04   1.23755273e+03   1.49184365e+04   1.69225684e+03
   3.97164575e+03   2.66493378e+01   3.05840137e+03   3.21613047e+04
   0.00000000e+00   2.21088613e+04   4.62774277e+00   6.15224365e+03
   8.61078064e+02   1.35631484e+05   2.20051094e+04   1.10205786e+03
   1.40544209e+04   5.55417148e+04   7.77809961e+03   4.28604492e+03
   4.00226211e+04   9.25946777e+03   4.99744415e+02   5.72338477e+03
   1.95789922e+04   4.24226289e+04   4.69185391e+04   4.06762657e+01
   3.40397754e+03   0.00000000e+00   3.20693695e+02   3.03588820e+00
   6.24443555e+04   4.05311188e+02   2.81733828e+04   0.00000000e+00
   1.00222498e+03   1.02615830e+04   7.13699768e+02   8.52425195e+03
   5.00235547e+03   9.04651172e+03   1.34099328e+05   5.73136035e+03
   1.52195471e+03   2.84974854e+02   7.37647552e+01   0.00000000e+00
   1.76496628e+02   1.65341537e+02   7.52844360e+02   9.81184141e+04
   9.30302246e+03   1.59681287e+03   2.50011836e+04   0.00000000e+00
   2.15496035e+04   3.22408676e+01   7.65021797e+04   5.02888153e+02
   9.84641406e+04   3.24693887e+04   6.30580566e+02   5.05854346e+03
   5.65689922e+04   1.89462476e+03   5.19695078e+04   1.12879266e+05
   3.15172910e+04   6.63214783e+02   2.41769971e+03   7.35709656e+02
   1.38342969e+04   8.55195045e+00   3.64061641e+04   1.31601094e+04
   1.61616223e+03   4.63958047e+04   1.22518680e+05   5.22554639e+03
   1.52640967e+03   2.00548657e+03   6.52792175e+02   1.60681982e+04
   1.11029316e+04   1.39373062e+05   7.74063359e+04   3.97205039e+04
   4.69169492e+04   2.54235000e+04   1.27206836e+04   6.98181152e+02
   1.03438953e+05   3.58757969e+04   7.84741592e+01   7.18164219e+04
   1.66535406e+05   1.00574455e+02   7.51317812e+04   1.08927203e+05
   3.25374786e+02   2.38111786e+02   1.80179260e+02   1.85726868e+02
   4.20501434e+02   1.04777100e+03   5.49005156e+04   4.85556445e+03
   2.45717847e+03   1.55277588e+04   4.89306172e+04   2.07127090e+04
   1.08055410e+04   9.90684844e+04   8.68694592e+00   0.00000000e+00
   4.06708789e+04   1.66435010e+03   8.13840088e+02   0.00000000e+00
   3.20806702e+02   2.49201614e+02   1.15037262e+02   1.53478355e+01
   5.79133555e+04   6.08385039e+04   8.02191562e+04   1.84015656e+02
   5.91112500e+04   2.94832910e+03   4.99798047e+03   5.05688477e+03
   1.67938496e+04   1.09082061e+04   1.08349619e+04   4.60129258e+04
   7.43280701e+02   1.72721344e+05   1.53166992e+04   0.00000000e+00
   1.35802852e+04   4.78907461e+04   1.86921387e+04   7.64447422e+04
   4.75520557e+03   1.67895953e+05   2.86502246e+03   4.78197969e+04
   5.80888203e+04   6.29259888e+02   6.93066788e+01   9.41627578e+04
   5.03847188e+04   2.46234951e+01   1.22178027e+04   5.14730347e+02
   1.99531460e+01   5.37553125e+03   1.75350793e+03   1.19296984e+05
   1.03473102e+05   1.91532516e+02   2.64964628e+00   8.57147217e+02
   4.88830762e+03   3.92198120e+03   1.22982367e+05   4.15190039e+04
   7.32954550e+00   3.44251587e+02   9.82201094e+04   5.61323633e+03
   2.33448524e+01   8.38553345e+02   1.75658496e+04   1.08308883e+05
   1.99055823e+03   2.03247131e+03   7.80595446e+00   9.92794647e+01
   6.55977661e+02   4.34217725e+03   1.53385928e+04   1.43411973e+04
   9.88132812e+04   3.37463281e+04   9.29492969e+03   5.87518616e+02
   6.06412086e+01   8.68795624e+01   2.30651133e+04   1.16760422e+05
   5.40306211e-01   9.66454163e+02   2.73445273e+04   3.26594124e+01
   3.43670227e+02   6.71104297e+04   1.34243164e+03   5.28388550e+02
   5.54302031e+04   1.10973413e+03   1.30558945e+02   2.05959688e+04
   1.72109814e+01   7.93023071e+02   9.01663359e+04   2.47681992e+04
   5.02124062e+01   6.16227617e+04   1.79179141e+04   5.28543213e+03
   4.53726721e+00   2.21964844e+04   1.44619531e+05   1.30008301e+03
   9.26537734e+04   1.04183375e+05   1.71502141e+05   5.33506484e+04
   5.38754375e+04   3.54833832e+02   7.42598750e+04   4.66933105e+03
   8.65712734e+04   9.14991882e+02   5.58894580e+03   5.48444453e+04
   3.62948517e+02   3.79804258e+04   2.83964478e+03   4.35467148e+04
   8.00526406e+04   3.01879614e+03   1.54734092e+04   1.06920633e+01
   2.61196041e+01   1.07447715e+04   1.49475840e+04   2.11500195e+03
   3.04977295e+03   2.05733200e+02   2.85691133e+04   5.04426849e+02
   5.60347351e+02   3.04626133e+04   2.38335840e+03   1.05270776e+03
   9.59503203e+04   3.57741119e+02   3.43827578e+04   4.37236367e+04
   5.12284336e+04   1.48813203e+04   1.73051300e+02   3.04433929e+02
   1.33936885e+04   1.64079114e+03   9.05490781e+04   4.33629736e+03
   8.07063047e+04   1.55611816e+03   3.31872046e+03   3.28037689e+02
   3.33811562e+04   3.28451172e+03   5.01840859e+04   1.17159648e+04
   5.19944189e+03   1.34704956e+03   3.41687744e+03   6.87363815e+01
   3.82233438e+04   1.63318330e+04   4.93862183e+02   2.66780449e+04
   6.40257324e+02   9.29617859e+02   5.08803857e+03   1.58880654e+04
   7.56900391e+02   2.98550934e+02   1.96430518e+03   8.02958221e+01
   6.63009863e+03   3.35441162e+03   3.60222617e+04   7.04947188e+04
   5.06486084e+03   4.06812451e+03   5.78889209e+03   2.47868317e+02
   2.20146751e+01   1.49409021e+03   7.73711719e+04   6.69670000e+04
   7.58757812e+04   5.32700879e+03   1.12784854e+04   1.27243910e+01
   6.63697147e+00   3.03249741e+00   3.68145508e+04   1.23882734e+04
   7.01926465e+03   3.30434380e+01   3.17074004e+04   1.03846436e+04
   2.53338577e+02   1.47052803e+04   6.74351719e+04   6.46406396e+03
   1.67984106e+03   7.70862207e+03   2.58930908e+03   7.27828672e+04
   2.92311445e+04   1.37386631e+04   3.46351484e+04   5.88625610e+02
   1.16077672e+05   1.36970752e+03   1.38958374e+02   9.50744434e+03
   6.13361836e+04   1.58942539e+04   3.01592988e+04   1.03513159e+03
   9.00873947e+01   5.23018372e+02   3.28900508e+04   1.66520859e+04
   2.62907656e+04   7.95995654e+03   6.08579346e+03   4.08508968e+00
   0.00000000e+00   3.25391973e+04   2.78915157e+01   1.50645630e+03
   1.19708018e+04   3.49248008e+04   1.43154895e+03   9.82605312e+04
   1.36230869e+04   0.00000000e+00   3.11787476e+03   0.00000000e+00
   1.86075183e+03   9.85746680e+03   2.99365784e+02   5.99609180e+03
   9.68130676e+02   8.78199121e+03   1.68423080e+02   2.06946240e+03
   3.45214023e+04   7.27999375e+04   3.26059387e+02   1.35684328e+01
   4.15247833e+02   3.55832715e+03   1.02647901e+00   2.47261139e+02
   9.20079199e+03   2.19026031e+01   9.89345337e+02   1.24687085e+03
   6.49233594e+03   4.99722363e+03   4.98561328e+03   0.00000000e+00
   3.09666290e+01   1.54004257e+02   8.36507422e+04   3.41144609e+04
   1.15901816e+04   1.58759346e+01   2.83214355e+03   2.63169193e+00
   9.07334570e+03   3.96700977e+03   1.42405594e+05   8.23305908e+02
   1.97210957e+04   1.45475372e+02   7.59489014e+02   6.78987988e+03
   5.73712354e+03   1.01735406e+05   2.75514191e+02   1.14381768e+04
   1.76325000e+03   1.70511532e+01   0.00000000e+00   5.03039404e+03
   5.38602246e+03   2.99997422e+04   3.27535669e+03   0.00000000e+00
   2.70266992e+04   1.75354102e+03   7.01061768e+02   1.56247672e+05]
[  2.60049976e+03   6.20127344e+03   1.32190430e+03   2.09572510e+02
   2.27988555e+04   0.00000000e+00   5.35450820e+04   2.99401875e+04
   1.04506336e+05   2.61232719e+01   3.86891266e+02   9.91164490e+02
   2.35545288e+02   8.47497422e+04   5.75045947e+03   5.55910158e+00
   4.01955292e+02   9.45095703e+02   1.83304663e+03   2.49484521e+03
   5.10358691e+03   2.62092236e+03   3.65128955e+03   1.15638802e+02
   9.38915482e+01   2.09661841e+03   3.71294006e+02   2.99630312e+04
   7.52340881e+02   1.89744720e+02   1.09584541e+02   3.18716812e+01
   1.52679114e+03   0.00000000e+00   1.03153595e+02   6.80884949e+02
   1.16080090e+03   1.86028595e+01   7.45000049e+03   1.49397385e+02
   9.33457715e+03   6.59405713e+03   2.85714691e+02   4.08175508e+04
   2.20542603e+03   8.78347717e+02   7.30686816e+03   1.84786968e+01
   1.28400146e+03   1.00892926e+03   2.64436981e+02   5.78672075e+00
   0.00000000e+00   1.43972480e+04   1.36740210e+03   6.31038696e+02
   6.24931592e+03   1.38926331e+02   7.54439163e+01   0.00000000e+00
   3.29838490e+00   2.55668671e+02   1.56081238e+02   6.97769287e+02
   2.08227707e+02   1.73796616e+02   6.08137646e+03   7.04997607e+03
   4.96480195e+04   1.29311600e+02   5.32902031e+01   6.58162891e+04
   8.91934872e+00   3.70809509e+02   1.63431747e+02   3.83837842e+03
   0.00000000e+00   3.32515161e+03   3.72530792e+02   1.57131729e+01
   1.56556909e+03   1.27673180e+05   3.54610391e+04   1.06470801e+04
   3.14622827e+03   0.00000000e+00   1.10946738e+04   1.27736194e+03
   1.85963098e+03   6.54374329e+02   1.15731816e+04   1.04471846e+04
   2.93669702e+03   0.00000000e+00   1.64247363e+03   3.37011681e+01
   1.81355911e+02   2.01323828e+04   1.44038613e+04   1.35090469e+04
   5.86920837e+02   1.68547461e+04   2.71930713e+03   7.35794067e+00
   3.44617767e+01   5.81915771e+02   4.49438281e+03   2.01886978e+01
   7.52842109e+04   6.74229844e+04   3.00458221e+02   8.50392990e+01
   4.07691528e+02   2.66495392e+02   8.72088359e+04   1.29554480e+03
   7.60284119e+01   1.84076538e+03   9.10456238e+01   4.15077972e+02
   3.08993103e+02   3.56533350e+03   1.87820691e+03   5.58615637e+00
   3.01952266e+04   8.42101898e+01   5.21049194e+02   4.11649414e+02
   9.39373245e+01   3.61230820e+04   4.61239777e+01   1.07802637e+03
   2.70116272e+02   1.38601699e+04   2.37781973e+04   3.86629486e+00
   7.56454086e+01   3.43231110e+02   1.20689043e+04   0.00000000e+00
   1.62442169e+02   1.84217728e+02   2.16380742e+04   5.12644625e+00
   1.79071035e+04   1.74130078e+04   3.41266357e+03   5.52771211e+04
   1.52570483e+03   6.65449890e+02   9.83923516e+04   3.29391846e+03
   2.92783242e+04   2.92861603e+02   1.72357666e+02   8.11721953e+04
   1.17421631e+04   1.57904209e+04   1.45734314e+03   4.02657617e+03
   5.94191650e+03   3.92946753e+03   0.00000000e+00   5.77304260e+02
   5.49533242e+04   1.80423438e+04   7.91591719e+04   5.94778597e-01
   1.59107898e+03   3.43389805e+04   7.66683838e+02   1.81437732e+03
   8.56453828e+04   2.76595156e+04   3.71921577e+01   1.90404614e+03
   3.91297046e+03   1.03701172e+04   1.05062439e+03   1.48921738e+02
   1.06952680e+05   4.40979523e+02   1.11345276e+03   0.00000000e+00
   1.56997539e+04   6.30199102e+04   6.89709246e-01   8.15507202e+01
   5.51696533e+02   6.70644688e+04   2.11802612e+02   2.61334724e+01
   3.50616035e+01   3.41432656e+04   3.80728540e+03   5.20281299e+03
   4.18055868e+00   2.39307441e+04   1.26200061e+03   7.84670469e+04
   5.09248320e+04   1.62600403e+02   1.45343342e+01   9.59060974e+02
   1.15303799e+04   1.35489120e+02   5.79925476e+02   2.39297852e+03
   4.38699913e+01   1.53685342e+04   7.26067078e+02   1.34617203e+02
   1.03560557e+04   6.33647363e+03   4.59791055e+04   9.24389766e+04
   3.72490820e+04   4.57662567e+02   1.51842407e+02   4.47575781e+04
   1.29878467e+04   1.51888153e+02   1.82280457e+03   8.15806961e+00
   5.03241064e+03   1.24941311e+01   3.04746069e+03   4.56519180e+04
   1.12405872e+03   2.80560522e+03   9.01373281e+04   3.78395020e+03
   2.49885544e+02   1.85908594e+04   2.98836493e+00   1.16354312e+05
   7.94689922e+04   1.76374890e+03   1.67566071e+02   1.16350319e+02
   1.11594873e+03   9.42004199e+03   3.89219604e+03   6.72696289e+02
   5.40280957e+03   2.10271655e+03   0.00000000e+00   9.70890625e+04
   0.00000000e+00   8.68202591e+01   2.59269653e+03   2.52123833e+01
   9.08510840e+03   1.80624924e+01   1.35927486e+00   6.00926285e+01
   2.96907745e+02   3.20470459e+03   1.91289709e+03   8.00766943e+03
   3.46713531e+02   6.60332703e+02   6.96581836e+03   1.36176807e+03
   1.63641800e+02   1.57451113e+04   2.22910217e+02   1.51515859e+04
   5.76477441e+03   4.02157251e+03   1.94491028e+02   9.27285156e+02
   1.48059595e+03   1.99237091e+02   4.49986649e+00   1.11818371e+01
   2.03933223e+04   0.00000000e+00   1.72137671e+03   1.58547148e+04
   1.78377832e+03   3.39088020e+01   1.81666133e+04   0.00000000e+00
   1.48834200e+01   9.57641602e+03   1.85384977e+00   1.79053965e+04
   3.37341797e+02   5.28954590e+02   2.19151878e+01   4.50218018e+03
   7.84969219e+04   3.15447217e+03   1.66038027e+04   3.00175098e+04
   7.23573750e+04   4.33952179e+02   5.62849182e+02   1.05985986e+03
   1.28791630e+00   7.14502075e+02   1.81403184e+04   9.48573208e+00
   6.30292188e+03   2.22429414e+04   1.07413745e+03   1.16840766e+05
   2.65785542e+01   3.87042770e+01   1.09906174e+02   3.22118896e+03
   1.40695537e+04   1.27211213e+00   6.37031067e+02   1.68476715e+02
   5.84202812e+04   8.07716548e-01   9.87651901e+01   2.33792603e+02
   9.72393848e+03   1.67679473e+04   3.88174961e+04   7.83553809e+03
   1.10650836e+05   2.36919296e+02   1.14760535e+03   6.49934131e+03
   2.97595642e+02   5.04827118e+00   9.56134375e+04   3.72308711e+04
   5.10893341e+02   4.11226807e+03   1.92841211e+04   2.54156494e+03
   0.00000000e+00   3.93983081e+03   2.94531219e+02   1.82094284e+02
   2.00346758e+04   1.57724668e+04   4.21893848e+03   3.58789102e+04
   2.13573575e+00   1.65992676e+03   8.05536499e+01   2.00831719e+04
   8.38122578e+04   1.58584937e+03   2.88683350e+03   4.44319922e+03
   1.11753308e+03   1.93490356e+03   1.11596266e+05   4.82843242e+04
   1.01333142e+03   2.68746094e+02   1.36258850e+03   1.24746838e+01
   9.26032812e+03   5.49094849e+02   1.59244895e+00   1.82569016e+02
   2.28653262e+04   2.11895566e+04   2.69818652e+03   1.37131484e+04
   6.55546799e+01   3.49280703e+04   3.11841259e+01   1.31533633e+04
   1.61531384e+03   9.34512969e+04   2.46075134e+02   7.52023376e+02
   7.26555176e+01   1.07596954e+02   5.13028992e+02   2.04201758e+04
   2.64868926e+04   4.37198828e+03   6.90381622e+00   1.08235876e+03
   9.97553833e+02   2.06811895e+04   6.12200039e+04   4.17679932e+02
   6.40414609e+04   1.92183667e+03   1.02030051e+00   0.00000000e+00
   6.14024951e+03   4.52063428e+03   9.80214905e+02   7.76188525e+03
   2.27743726e+03   4.13432980e+00   1.00534752e+02   7.69563416e+02
   3.79062775e+02   7.75362793e+02   1.02504023e+04   2.32505938e+04
   4.08476855e+03   2.94524610e-01   6.95816875e+04   8.53650391e+02
   2.65382129e+03   1.16375055e+01   2.55713913e+02   1.02235962e+03
   8.80036523e+03   3.32671973e+03   6.49592743e+01   0.00000000e+00
   5.87236786e+01   1.45749646e+03   4.97717822e+03   4.37821808e+02
   1.93877411e+02   2.66364708e+01   1.02436338e+04   2.85394629e+03
   6.34465869e+03   1.69228242e+04   2.30212051e+02   2.28027296e+00
   2.24554810e+03   2.91725082e+01   1.63295447e+03   5.27867188e+04
   1.38416416e+04   2.09068817e+02   2.50023834e+02   4.43323047e+03
   1.61301001e+03   6.85224304e+02   9.01543828e+04   2.72742949e+04
   6.88445312e+03   5.89853149e+02   2.02666345e+03   2.93728906e+03
   6.50355053e+00   1.48129663e+03   2.24142554e+03   6.62807129e+02
   3.71732178e+02   1.09136133e+03   0.00000000e+00   1.91045273e+02
   2.24502888e+01   0.00000000e+00   2.59831719e+04   0.00000000e+00
   0.00000000e+00   1.08208939e+02   5.47315884e+00   1.50849030e+02
   8.25584863e+03   6.19440613e+02   1.41623262e+04   4.22837677e+02
   7.78830312e+04   3.14854551e+04   1.03881104e+03   1.25393545e+04
   4.68922844e+01   1.98390273e+04   3.56099453e+04   3.58517151e+02
   4.73958282e+02   6.46384299e-01   7.97372437e+02   9.96822363e+03
   2.21764893e+03   4.09228180e+02   1.77096338e+03   0.00000000e+00
   3.19445752e+03   8.45142871e+03   5.89146973e+02   2.22303131e+02
   8.33290771e+02   2.76334625e+02   5.79202812e+04   5.00047188e+01
   8.19293900e+01   1.87968811e+02   1.02542008e+05   1.99956133e+04
   3.42453308e+02   8.25409775e+01   9.11017990e+00   1.98920547e+04
   7.67545593e+02   4.29250603e+01   1.92597183e+02   5.35147314e+03
   8.64359192e+02   5.90279541e+02   3.28050659e+02   5.95994385e+02
   3.05094116e+02   1.31461375e+05   6.95209732e+01   2.59215088e+02
   0.00000000e+00   1.28310859e+04   1.61081262e+03   2.64596216e+03]
[  4.22601700e+01   1.66097344e+04   2.61006012e+02   2.53661719e+03
   2.79077417e+03   2.75757969e+04   1.71595795e+02   1.26748682e+04
   1.14950361e+04   4.90471367e+04   7.66590393e+02   4.40030914e+02
   5.66784326e+03   4.40998281e+04   3.20722485e+03   4.63651031e+02
   2.08369165e+03   1.80342078e+03   8.25532500e+04   6.12534363e+02
   1.92847610e+00   5.95177979e+03   1.31463776e+02   9.36230164e+02
   1.43478799e+04   1.05430975e+01   2.41854570e+04   5.95926094e+01
   5.21329956e+02   2.56586621e+03   2.66434839e+03   1.04865710e+03
   8.13855347e+02   0.00000000e+00   3.51574438e+03   2.60733582e+02
   8.01337769e+02   7.91145000e+04   4.86000919e+00   5.54201660e+03
   5.10281592e+03   4.15389862e+01   1.21445382e+00   3.41996521e+02
   1.08117832e+04   5.07850800e+02   1.23895957e+04   6.61557275e+03
   1.26730682e+02   2.20077705e+01   1.26167310e+03   3.12353613e+03
   1.15526985e+02   7.23380225e+03   1.54399893e+04   2.75979004e+04
   4.21105042e+02   1.27101250e+04   3.40776558e+01   1.23123083e+03
   1.18599243e+03   1.30226807e+03   9.15312378e+02   5.70993500e+01
   2.95242798e+03   2.95747620e+02   2.55915634e+02   8.29968948e+01
   2.23621750e+02   1.52216095e+02   5.36723938e+02   1.19416504e+04
   2.59945352e+04   1.76303772e+02   3.43278125e+04   2.95457268e+01
   4.06164284e+01   1.20057045e+02   1.87772964e+02   2.60663066e+04
   6.01770813e+02   4.14905117e+04   2.95748008e+04   7.57618213e+03
   8.08542188e+04   9.86413498e+01   7.03384155e+02   1.10387520e+04
   1.09270850e+04   2.21875645e+04   1.49094810e+01   3.54946558e+03
   7.70364075e+02   1.21412227e+04   8.10192505e+02   8.43601270e+03
   2.06640996e+04   1.94907629e+00   1.08700771e+04   4.41027252e+02
   1.84741116e+01   1.86842456e+03   4.35889740e+01   5.91351221e+03
   3.12163329e+00   4.83627319e+00   5.10809143e+02   5.11227656e+04
   1.62620389e+00   1.95600254e+04   1.65298553e+02   7.49351484e+04
   6.15233594e+03   3.91428795e+01   3.34317356e-01   6.37415894e+02
   2.77257233e+02   3.16604336e+04   1.94805023e+02   0.00000000e+00
   1.16477275e+00   4.11090942e+02   5.47450781e+03   2.06745300e+01
   2.64648010e+02   1.39486611e+04   2.51461655e+02   2.83349876e+01
   4.37002228e+02   1.92273392e+02   2.43720977e+04   6.92315552e+02
   5.17885818e+01   2.98253711e+03   2.95437744e+02   8.61639062e+03
   4.19325703e+04   0.00000000e+00   7.51791306e+01   3.99078903e+01
   2.85231423e+00   2.99572773e+01   9.79416046e+01   4.42783661e+02
   1.13370827e+02   1.53828589e+03   3.89645435e+03   6.36388898e-01
   3.32654541e+02   5.62180469e+04   3.81905746e+01   4.77704736e+03
   1.58128748e+03   3.02663086e+03   3.38748901e+02   1.76649336e+04
   5.19430637e+00   7.30131409e+02   4.18026581e+02   7.05269043e+03
   3.84296417e+01   4.19346222e+02   1.06212883e+02   1.18002546e+00
   5.89488320e+04   2.91757469e+01   1.82344803e+02   6.79202832e+03
   5.52634863e+03   2.47839883e+04   0.00000000e+00   2.27505302e+01
   6.76616699e+03   6.20355896e+02   1.75215893e+01   1.32862671e+03
   4.39211992e+04   5.85921509e+02   4.80330938e+04   3.81874268e+03
   4.12279258e+04   2.30719473e+04   1.60865967e+02   3.17559985e+03
   2.25030933e+03   2.52099085e+00   2.24332959e+03   3.90091113e+03
   4.21126032e+00   2.85974945e+02   2.69121948e+02   2.42037491e+02
   2.30227344e+03   6.03844092e+03   4.82018646e+02   1.70082656e+04
   1.82182495e+03   1.02347986e+03   2.38100052e+02   3.97076733e+03
   2.09019336e+03   1.69615833e+03   8.99896606e+02   0.00000000e+00
   1.35999438e+03   2.11932739e+02   3.22691650e+03   1.98758411e+03
   4.19316797e+03   7.63341172e+04   2.89916573e+01   4.34726166e+02
   5.89777734e+03   1.12226868e+03   1.66039715e+01   6.20397852e+03
   8.47293984e+04   9.02040787e+01   1.35564285e+02   3.14279688e+03
   1.55758906e+04   5.92870293e+01   2.22595947e+02   1.25806384e+03
   5.58383423e+02   7.27856522e+01   6.23427612e+02   1.87621246e+02
   1.34129181e+02   8.07071533e+01   1.91459869e+02   4.13276978e+01
   3.05785620e+03   7.67917938e+01   5.14766731e+01   2.13556633e+01
   7.51023331e+01   3.42039398e+02   1.37475903e+03   2.38126049e+01
   5.28383923e+00   1.53968887e+01   1.31546899e+03   4.96928906e+04
   3.82921250e+04   1.01114600e+04   9.32152634e+01   1.64901794e+03
   1.99514866e+00   1.29516312e+02   1.58266953e+02   1.62547256e+02
   1.06614297e+04   1.67593640e+03   1.11696949e+01   4.25834808e+02
   3.51845386e+03   4.22479153e+00   1.72731689e+03   8.11987762e+01
   4.76421692e+02   1.78098950e+03   1.51538574e+02   1.79959469e+01
   4.95493633e+04   2.38978931e+03   4.96445078e+04   4.18690704e+02
   5.13148193e+03   2.13945746e+00   1.90925812e+02   5.18500977e+02
   2.33787632e+01   2.08447003e+00   6.90699297e+04   4.20982819e+02
   1.80259546e+03   2.54813339e+02   3.62080420e+03   6.57971729e+03
   6.90015076e+02   2.05762985e+02   6.32558838e+02   8.58239375e+04
   5.25951965e+02   6.70034729e+02   1.55365635e+04   3.17744537e+02
   9.56447937e+02   8.51094336e+03   2.10623071e+03   4.56233154e+03
   1.67107969e+04   5.90457581e+02   8.29538574e+01   8.74594727e+02
   2.29831250e+03   1.12154700e+03   8.01516455e+03   2.17092419e+01
   4.45094299e+00   1.04109082e+03   9.20827930e+03   5.00868896e+02
   1.90254844e+04   5.79973125e+04   6.34352112e+02   2.18727686e+03
   6.89569287e+03   2.64004248e+03   0.00000000e+00   2.74922437e+03
   0.00000000e+00   2.83092700e+03   4.53092383e+03   1.99319922e+04
   8.47872314e+02   5.14067969e+03   3.83440369e+02   1.66628926e+04
   2.78655859e+03   2.32200840e+04   3.55771313e+03   3.09092148e+04
   7.97319565e+01   4.56535950e+02   1.05887463e+03   7.39931274e+02
   6.91459839e+02   3.82759583e+02   8.12054688e+03   6.10774170e+03
   4.65095615e+00   5.61215430e+03   1.20806923e+02   2.01676379e+03
   3.19319820e+01   6.58030957e+03   1.53712842e+03   2.16161992e+04
   4.43258281e+04   1.00629541e+03   2.83578430e+02   1.67986084e+02
   2.41130877e+00   4.46182068e+02   1.82835762e+04   1.36301599e+03
   1.27209775e+04   7.62609277e+03   4.67494238e+03   8.30105625e+04
   1.56589035e+02   1.65838428e+03   1.66540405e+03   1.66470108e+02
   2.00439258e+04   4.19274121e+03   2.85125547e+04   0.00000000e+00
   6.46002422e+04   2.97894806e+02   4.21467070e+04   2.72003101e+03
   9.97896973e+03   3.33991821e+02   8.81450500e+01   3.12535205e+03
   1.59093567e+02   1.55370569e+03   3.31622314e+02   2.92836768e+03
   2.01129410e+02   4.66129053e+03   5.81624939e+02   1.28682164e+05
   1.54128057e+04   1.28877222e+03   8.82208203e+03   1.02029968e+03
   1.09456911e+01   1.66520094e+05   3.89094263e+03   6.91495972e+02
   3.90791077e+02   8.14593604e+03   6.46497269e+01   1.00473118e+00
   4.25567841e+02   5.99948914e+02   6.91132969e+04   3.84015820e+03
   2.37360596e+03   5.11357852e+04   7.47134766e+04   7.36158905e+01
   3.48510666e+01   1.45036230e+04   3.25588477e+03   5.24309766e+03
   7.38263855e+01   4.04640703e+04   4.79652686e+03   3.13458643e+03
   1.88005619e+01   2.14203066e+04   3.00852737e+01   1.39955872e+03
   1.31461792e+03   1.51218164e+03   1.00099207e+03   1.31762773e+04
   1.07882715e+04   4.87109497e+02   2.41318579e+03   2.02653718e+00
   1.86517297e+03   1.26652534e+02   0.00000000e+00   4.23272591e+01
   3.48299896e+02   4.44559297e+04   3.09851123e+03   5.60380983e+00
   6.72235046e+02   1.16220498e+04   9.81024414e+02   4.12954369e+01
   1.96023450e+03   4.18906689e+03   5.12500742e+04   2.82495556e+01
   1.55996357e+04   2.18027740e+02   1.20520912e+02   9.00003586e+01
   4.07587395e+01   2.12968063e+00   1.83531094e+04   3.17564225e+00
   1.84715672e+01   8.25370331e+01   1.05666443e+02   0.00000000e+00
   2.85946426e+01   1.55792393e+04   2.94930603e+02   2.18282166e+02
   9.30790894e+02   3.82401797e+04   1.74056763e+02   5.67252563e+02
   1.63175537e+02   1.77453453e+05   3.23110859e+04   6.74786091e+00
   3.51628223e+03   3.55709033e+03   2.87833848e+04   3.68338501e+03
   2.57480664e+04   1.66684551e+04   5.16342041e+03   1.37933008e+03
   1.30110195e+04   5.16860791e+03   4.73355774e+02   9.02961121e+01
   1.10287317e+03   5.76176300e+01   6.13780615e+03   1.78498750e+04
   2.24570137e+04   1.56895264e+04   7.56623230e+02   4.07390228e+02
   1.88292953e+02   1.12583960e+03   5.40210254e+03   2.97405352e+04
   5.28360547e+03   3.20336731e+02   7.72957031e+03   2.03645654e+03
   2.73142624e+01   0.00000000e+00   7.52940625e+03   9.73507812e+02
   1.13753931e+03   5.92015137e+03   6.00138125e+04   2.21468672e+04
   4.03959497e+03   1.53357434e+03   7.01391373e+01   2.47005640e+03
   2.29514502e+03   9.28297729e+01   2.32628198e+03   4.38266260e+03
   1.97240234e+04   3.31644648e+04   9.93614578e+00   8.02358643e+02
   2.15482598e+04   8.64868262e+03   2.61099579e+02   8.68907642e+00
   2.18899384e+02   1.22794792e+02   6.22666245e+01   1.65549883e+04]
[  2.41075333e+02   9.10237491e-01   1.51703930e+00   7.08046973e+03
   2.75189545e+02   2.52413788e+01   1.18031621e+00   1.12641764e+00
   4.41722488e+01   1.70031418e+02   1.57344160e+01   8.56293869e+01
   1.85861433e+00   2.93297028e+02   4.84544486e-01   0.00000000e+00
   0.00000000e+00   2.94844574e+02   0.00000000e+00   0.00000000e+00
   6.56192017e+02   1.83131172e+04   5.38487646e+03   1.60279419e+02
   3.32872123e-01   0.00000000e+00   0.00000000e+00   1.00551886e+03
   6.29389839e+01   8.98018799e+02   6.17155518e+03   3.40635071e+02
   3.26675000e+03   2.09142395e+02   3.60663414e+00   3.06132495e+03
   1.98550453e+01   1.13858408e+04   2.57865869e+03   1.96579675e+03
   6.21100439e+03   6.72250824e+01   2.63476392e+03   4.89075500e+02
   5.44898558e+00   2.96777306e+01   2.94722437e+03   2.00508842e+01
   3.92420692e+01   1.24666662e+01   2.78973846e+01   2.37403418e+03
   0.00000000e+00   1.75175095e+02   9.18767929e+01   8.07238083e+01
   5.97195215e+03   4.42833649e+02   0.00000000e+00   8.42357727e+02
   3.23558105e+02   5.74220371e+00   2.55554295e+00   4.12017700e+02
   5.65037117e+01   1.25192041e+03   3.56605682e+01   1.58169067e+00
   2.63444122e+02   2.87752246e+03   2.39785431e+02   1.29549088e+02
   4.06728792e+00   3.70684845e+02   1.77798116e+00   6.18833008e+02
   1.04606819e+00   1.40728259e+03   1.58598385e+01   9.01036072e+01
   0.00000000e+00   8.72954025e+01   2.25899216e+02   2.15024219e+03
   4.22843056e+01   1.48973954e+00   1.57669663e+00   3.92399073e+00
   9.60371484e+03   2.99164337e+02   1.17082881e+04   1.46737045e+02
   1.64837930e+04   1.17394821e+02   0.00000000e+00   4.79968170e+02
   9.64130371e+03   4.43878975e+01   4.50108252e+03   1.49195679e+02
   9.24571777e+02   4.41308594e+01   1.79205489e+00   0.00000000e+00
   1.44016931e+03   1.61778821e+03   0.00000000e+00   1.29006943e+02
   2.64582767e+01   0.00000000e+00   3.04284263e+00   1.63462769e+02
   3.91775610e+03   4.36371436e+03   6.18193512e+01   9.36524034e-01
   1.81670105e+03   1.18897180e+03   5.89789734e+01   3.35886459e+01
   0.00000000e+00   1.80643356e+02   0.00000000e+00   5.69311857e+00
   6.36395264e+00   1.09356213e+00   1.10047760e+01   0.00000000e+00
   1.10938797e+01   1.45064355e+03   1.00671936e+03   5.86798096e+02
   1.14070034e+00   1.11927299e+01   2.57439911e+02   1.45173248e+02
   9.66360645e+03   2.02380600e+02   2.83971214e+01   1.87500977e+02
   3.27306519e+03   8.48756504e+00   5.16174126e+01   6.73335889e+03
   5.94530678e+01   3.38946381e+01   1.93178215e+01   0.00000000e+00
   6.95456791e+00   1.72534335e+00   1.48208588e-01   5.37414513e+01
   8.88659286e+01   5.12792015e+00   4.50551510e+00   9.14196205e+00
   6.04331543e+02   1.01136856e+01   6.81362009e+00   6.80768156e+00
   1.85308533e+02   8.80757828e+01   1.45716992e+04   1.11172937e+03
   2.43736719e+03   8.79022852e+03   0.00000000e+00   3.88375366e+03
   6.62179260e+02   5.58563184e+03   8.01580906e+00   5.87904248e+03
   3.06727276e+01   1.52091309e+02   1.41303921e+01   2.09342852e-01
   5.82831421e+01   7.32720184e+00   1.98655777e+02   0.00000000e+00
   1.28775299e+02   2.02605859e+03   0.00000000e+00   1.82680310e+03
   6.52866745e+01   8.27714258e+03   7.52838564e+00   4.16255742e-01
   3.04732544e+03   1.19947876e+02   3.75834694e+01   2.31927872e+01
   1.53824304e+03   9.84257431e+01   5.66361511e+02   1.41766556e+02
   6.51355591e+01   2.72303467e+03   3.63307251e+03   5.41000684e+03
   1.17459450e+01   1.28704863e+04   4.47002983e+00   3.69589663e+00
   6.93277130e+01   1.93327656e+01   9.68159790e+02   4.78201953e+03
   0.00000000e+00   1.43331873e+03   3.44588037e+03   1.09180334e+03
   0.00000000e+00   1.58585999e-02   6.26001015e+01   3.70923657e+03
   2.33514679e+02   1.19939718e+01   4.81834459e+00   1.15850395e+02
   5.69441185e+01   1.08801041e+02   1.58323242e+02   4.77619457e+00
   6.64001221e+03   9.06300879e+03   0.00000000e+00   5.75908065e-01
   0.00000000e+00   2.60736115e+02   4.84712677e+01   2.97553314e+02
   6.22981186e+01   1.09122229e+03   1.45949634e+03   3.06906624e+01
   1.89928169e+01   1.18786055e+04   1.55087543e+00   1.26264441e+03
   0.00000000e+00   1.45966816e+04   1.08039543e+02   4.30778503e+00
   0.00000000e+00   4.10898621e+02   9.12096777e+03   1.92188966e+00
   1.79901524e+01   7.40152931e+00   5.58967773e+03   8.91268611e-01
   4.21099806e+00   1.43931290e+02   8.17165947e+00   1.21107617e+03
   1.37324402e+03   1.21200075e+01   1.23757839e+01   7.81600049e+03
   9.14859238e+01   1.99763016e+02   0.00000000e+00   0.00000000e+00
   1.83924213e-01   0.00000000e+00   3.28799987e+00   1.32271619e+03
   1.18913550e+03   6.05798759e+01   7.18852043e+00   1.21418640e+03
   1.29986563e+01   1.41208047e+04   3.44442090e+03   3.32667656e+01
   6.22031104e+03   4.10934830e+01   7.53284073e+01   1.21009386e+00
   3.85078335e+00   4.70931122e+02   1.13775400e+04   1.89297791e+02
   1.14194334e+00   2.02280853e+02   8.01504578e+02   1.09669029e+02
   0.00000000e+00   6.81978178e+00   1.51468796e+02   2.53153345e+03
   1.42339490e+03   2.03295715e+02   0.00000000e+00   0.00000000e+00
   2.12818237e+02   2.05178741e+02   2.88279324e+01   1.74864843e-01
   8.06276428e+02   1.65002182e+02   7.31412451e+03   0.00000000e+00
   4.41912781e+02   0.00000000e+00   2.52486553e+01   1.81344306e+00
   1.00389814e+04   0.00000000e+00   9.91057031e+03   1.93288021e+01
   7.21848221e+01   0.00000000e+00   5.86847496e+00   7.29420654e+03
   3.78711206e+03   4.69262158e+03   4.94366989e+01   2.69983940e+01
   1.13595312e+03   5.86274223e+01   1.75721283e+01   8.90608063e+01
   1.82116196e+02   0.00000000e+00   3.15447092e+00   1.62859802e+01
   3.12303650e+02   2.05555859e+01   3.09102879e+01   5.38076123e+03
   9.72601089e+01   6.55233704e+02   2.58996826e+02   3.02128516e+03
   4.16950806e+02   2.30113086e+03   7.71483057e+03   5.85060310e+01
   1.28655786e+03   4.49566960e-01   1.95098629e+01   1.24737430e+00
   2.14132349e+03   2.56444335e+00   3.92625879e+03   3.16219757e+02
   2.35544662e+02   6.13314781e+01   2.95325241e+01   0.00000000e+00
   2.29489917e+03   1.01252724e+02   0.00000000e+00   2.13544617e+01
   5.46134424e+03   4.83743555e+03   7.02230029e+03   2.56755471e-01
   1.35245018e+01   4.78835672e-01   8.20866776e+00   1.43146759e+02
   6.50918640e+02   6.10290260e+01   0.00000000e+00   3.55799591e+02
   1.15138855e+02   0.00000000e+00   5.15279236e+01   3.80551196e+03
   7.96546221e+00   2.16959324e+01   4.01601028e+00   8.84246063e+01
   1.33262610e+00   2.93995171e+01   6.49030256e+00   1.10506966e+02
   7.92963638e+01   1.68710527e+04   3.73802261e+01   4.74465088e+03
   2.61998315e+03   1.11938708e+03   3.19952319e+03   5.37855301e+01
   5.88229834e+03   7.00195190e+02   5.19083862e+02   3.28814011e+01
   1.16292896e+01   3.68511349e-01   3.65345306e+01   1.38003082e+02
   0.00000000e+00   4.05006737e-01   1.85846924e+02   9.73856735e+01
   3.68165092e+01   1.41770605e+03   7.17943848e+03   5.39993382e+00
   2.33257751e+01   4.80074730e+01   1.68028610e+02   1.19310322e+01
   1.02168503e+01   1.17776279e+04   1.02800484e+01   1.66312668e+02
   8.19436073e+00   7.74418335e+02   3.85896362e+03   1.32865341e+02
   5.52114355e+03   2.90050626e+00   1.39274970e-01   2.02094841e+00
   1.82693184e+04   7.39576416e+02   7.85573196e+01   0.00000000e+00
   2.79195007e+02   1.71950638e+02   0.00000000e+00   1.33848934e+01
   6.74898243e+00   4.77185211e+02   3.38564062e+03   1.35095911e+01
   2.69786957e+02   2.76117871e+03   1.04658289e+03   1.83167095e+01
   2.03661213e+01   1.75780835e+03   1.36334375e+04   3.48968620e+01
   1.95535927e+01   3.64521575e+00   1.87940693e+01   4.07370575e+02
   4.56848259e+01   5.85244608e+00   6.28531738e+03   6.05871045e+03
   1.13236025e+04   0.00000000e+00   2.13774429e+02   1.80227585e+02
   3.01487939e+03   7.96208680e-01   6.93190613e+02   1.89384201e+02
   1.54548395e+00   1.25006377e+04   1.57478531e+02   2.39502246e+03
   0.00000000e+00   2.30517929e+02   7.91181259e+01   2.22050781e+01
   7.10279980e+03   5.25896263e+00   4.94895935e+01   0.00000000e+00
   0.00000000e+00   3.84690796e+02   3.56949829e+02   4.39367324e-01
   9.37680130e+01   5.22869141e+03   1.29784179e+00   1.06779773e+03
   3.99978119e+02   4.50941803e+02   3.80426978e+03   9.10537949e+01
   6.57404639e+03   9.74696503e+01   3.02653992e+02   2.25557652e+01
   1.45828705e+01   1.96610510e+03   1.21087044e+02   8.57179688e+03
   5.27489805e+00   3.35755014e+00   3.52763891e+00   5.86033057e+03
   9.57332153e+01   1.15992403e+01   5.58732262e+01   0.00000000e+00
   3.42413721e+03   3.97869263e+02   5.01359772e+02   8.90314453e+03
   3.78470581e+02   2.92765179e+01   3.98010303e+03   5.62237012e+03
   3.98349476e+00   3.30174756e+03   4.80652714e+00   7.86708221e+01
   0.00000000e+00   9.57543164e+03   5.66526508e+00   1.85277145e+02]
[  2.11027622e+01   6.97530701e+02   1.72609081e+01   2.92213043e+02
   1.82360504e+02   1.58725793e+03   1.34002396e+02   2.22217331e+02
   7.74124670e+00   1.19089813e+02   1.76197473e+03   5.09718994e+02
   4.68680957e+03   1.73843826e+02   4.54500635e+03   4.93937347e+02
   4.35395584e+01   2.22266022e+02   6.66733826e+02   2.36936905e+02
   1.87534241e+02   3.95542412e+01   4.67253369e+03   6.74966125e+01
   1.22864449e+02   4.69047279e+01   2.13321686e+00   1.79789658e+01
   5.44931152e+03   1.51618938e+01   2.48985529e+00   2.74680748e+01
   5.92653906e+03   2.15336990e+02   2.30929017e+00   3.63984833e+02
   6.00015967e+03   2.16718650e+00   1.39124584e+00   2.58892163e+03
   5.90167383e+03   6.51511780e+02   6.20094985e-02   0.00000000e+00
   9.42447484e-01   4.28915131e+02   4.18416602e+03   8.75145340e+01
   3.01832008e+01   1.18117771e+01   1.06776649e+02   6.25733185e+01
   1.20010742e+03   9.08068970e+02   6.01601318e+02   4.78966699e+03
   2.98165941e+00   1.40691566e+01   1.71178955e+03   4.54916943e+03
   1.99558325e+03   2.63786163e+02   8.59368457e+03   2.50988102e+00
   4.59522057e+00   2.46929916e+02   5.15344582e+01   4.83938484e+01
   3.88316994e+01   8.29780640e+02   2.67353271e+03   1.17220203e+03
   1.18408234e+02   1.53793259e+01   4.25584984e+01   1.67244080e+03
   1.12202744e+02   6.43477722e+02   3.93537012e+03   2.75939441e+00
   3.99758983e+00   1.88343903e+02   3.70080933e+03   6.28564930e+00
   1.01974817e+03   4.16534521e+03   1.12706985e+02   6.30751266e+01
   4.53317334e+03   5.45116699e+02   1.94282761e+02   2.12945679e+02
   0.00000000e+00   3.52741992e+03   2.48348498e+00   9.15234661e+00
   3.08738129e+02   4.25020801e+03   2.88327820e+02   9.55324097e+01
   1.05187714e+00   2.01694908e+01   1.31903214e+02   6.50517273e+00
   1.65938647e+03   4.13835239e+00   5.27926025e+01   5.61198828e+03
   2.82551221e+03   4.34391205e+02   8.99396606e+02   1.21083145e+01
   2.26650391e+03   1.07901758e+03   4.93651733e+02   0.00000000e+00
   9.29811668e+00   7.57048340e+01   4.25389502e+03   3.08067131e+01
   2.62675110e+02   3.16600073e+03   8.76823485e-01   2.43462334e+01
   1.39512568e+01   3.20674011e+02   8.88208771e+01   3.48124420e+02
   4.17716016e+03   5.41189313e-01   1.37656647e+02   2.58653638e+03
   1.44940552e+03   1.30921354e+01   9.55552637e+03   1.06832433e+00
   6.15097466e+01   1.01803912e+03   7.05915604e+01   1.29138517e+00
   4.81000635e+03   0.00000000e+00   1.22421936e+03   5.13138351e+01
   3.79909607e+02   2.60842395e+00   3.36965966e+00   8.53132343e+00
   0.00000000e+00   9.11773586e+00   1.36402428e+00   3.62523468e+02
   3.64177734e+02   1.84298083e+03   1.83150055e+02   1.41819885e+03
   1.49871375e+03   3.20925999e+00   2.45119238e+03   4.27801666e+02
   1.00662219e+03   3.20947046e+03   8.09830284e+00   3.34281799e+02
   3.87096094e+03   1.57767639e+03   1.78128326e+02   5.58318424e+00
   9.20753956e+00   1.37296008e+03   2.35538086e+02   0.00000000e+00
   6.20786438e+02   4.30045605e+00   1.05769173e+02   2.89215279e+00
   2.90399575e+00   4.06520435e+03   8.59454422e+01   2.57338977e+00
   2.17723587e+02   1.46707525e+01   2.76071191e+00   7.99840698e+01
   4.22078223e+03   1.11005701e-01   5.03844109e+01   0.00000000e+00
   4.79001075e-01   1.83266373e+01   4.12231159e+00   5.20909973e+02
   3.79625702e+01   1.87779419e+02   1.72823273e+02   1.43573013e+02
   1.18578499e+02   9.86124420e+00   1.64179707e+01   4.34012032e+00
   7.27881622e+01   1.38886734e+02   2.22826481e+00   1.24995184e+00
   1.18622293e+01   6.10540104e+00   1.82593608e+00   1.51199066e+02
   3.97118034e+01   7.43740177e+00   2.17485498e+03   2.76521332e+02
   7.56605983e-01   0.00000000e+00   2.72271805e+01   1.59625748e+02
   5.09376717e+01   5.87714233e+02   4.87543762e+02   3.01305294e+01
   3.46129608e+02   1.39753699e+03   1.54455750e+02   1.17185291e+03
   3.67922440e+01   2.84439125e+01   3.51593848e+03   5.15380287e+01
   3.62677612e+03   5.55461230e+03   3.42533179e+03   1.63912735e+02
   0.00000000e+00   1.42253632e+02   3.69856781e+02   1.81262573e+03
   1.47508887e+03   6.41101742e+00   3.52075171e+03   3.27821655e+02
   4.06621265e+00   1.71174606e+02   3.70144104e+02   0.00000000e+00
   5.54918518e+02   1.27815613e+03   1.95244446e+02   0.00000000e+00
   6.93276978e+02   2.20472908e+00   0.00000000e+00   5.66299133e+02
   1.93121216e+03   0.00000000e+00   1.30702329e+00   5.86672705e+03
   0.00000000e+00   2.85406311e+02   3.00076485e+01   1.77233772e+01
   4.25307861e+03   1.33876115e-01   7.24062305e+03   6.60813446e+01
   2.81100731e+01   1.79657089e+02   5.26465393e+02   2.09450879e+03
   3.40719032e+01   8.19346008e+02   5.90373116e+01   7.02627502e+02
   0.00000000e+00   0.00000000e+00   9.56869736e+01   6.77117691e+01
   2.54335785e+01   1.21859711e+02   9.20551880e+02   1.11696008e+03
   6.76416874e+00   1.67855625e+01   3.38922046e+03   3.71117139e+00
   4.07272279e-01   3.28873682e+03   1.59429413e+02   2.98486257e+00
   4.45146436e+03   6.92841339e+01   6.30503654e+01   0.00000000e+00
   4.83516632e+02   4.74097778e+02   5.75612598e+03   3.45146599e+01
   1.69001062e+03   2.60744232e+02   6.97095261e+01   9.65940247e+02
   4.30711914e+03   1.31952136e+03   8.44305134e+00   9.36169052e+00
   5.87636572e+03   2.49351587e+03   8.68400977e+03   4.06793304e+02
   1.85901034e+00   3.84723816e+02   3.98178802e+02   1.53086567e+01
   0.00000000e+00   3.94925613e+01   2.74518337e+01   1.63163660e+03
   1.48482568e+03   1.44313263e+02   7.61643188e+02   0.00000000e+00
   5.18757868e+00   1.91015759e+03   1.35256393e+02   3.96340942e+03
   3.73911209e+01   4.55151428e+02   3.65992859e+02   0.00000000e+00
   2.18634224e+00   2.34886765e+02   1.87513983e+00   4.72070360e+00
   4.40207863e+01   4.22133560e+01   2.87234039e+02   5.98151159e+00
   2.92857483e+02   3.89973297e+02   9.59288406e+01   2.18841431e+03
   1.84323865e+03   1.58291895e+03   1.28531274e+03   1.94791698e+00
   1.04770157e+02   1.56038318e+03   2.20292383e+03   1.63882004e+02
   9.81308212e+01   4.66538281e+03   1.05513706e+01   0.00000000e+00
   4.49888184e+03   3.77404709e+01   1.96606628e+03   2.17528591e+01
   3.34024976e+03   5.93954651e+02   1.28148682e+02   4.49300194e+01
   4.39185219e+01   3.66394711e+00   2.16415054e+02   1.99470679e+03
   1.08986365e+03   1.90625966e+00   1.11699333e+01   3.17162609e+01
   2.10989876e+01   3.01772499e+00   5.77834521e+03   1.63767576e+00
   2.22276459e+02   1.67108801e+03   0.00000000e+00   4.17449768e+02
   1.31059363e+03   9.54723438e+03   2.31800140e+02   6.61727478e+02
   1.00011609e+03   1.11324593e+02   1.10548584e+02   9.76499462e+00
   1.72945328e+02   1.61439941e+02   5.12665367e+01   4.17491821e+02
   2.68511938e+03   2.83182087e+01   8.65678613e+03   9.46582413e+01
   5.47964783e+02   1.36970673e+01   0.00000000e+00   1.32544449e+02
   2.99396992e+00   5.83950500e+02   1.57670959e+02   3.83348724e+02
   2.44699902e+03   4.83894043e+02   3.70821342e+01   4.09807422e+03
   3.02945923e+03   2.40560730e+02   6.13283813e+02   4.03675222e+00
   1.00069290e+02   9.17753320e+03   1.66744522e+02   1.17642896e+03
   1.07184372e+02   2.33419018e+01   1.51623545e+01   0.00000000e+00
   8.69213013e+02   2.90177808e+03   1.73991406e+03   2.37745776e+03
   1.26234024e+02   5.89648628e+00   4.67660828e+02   0.00000000e+00
   4.67661667e+01   2.00223217e+01   1.47997162e+02   1.77268347e+03
   9.71333435e+02   9.32056885e+02   8.69821875e+03   2.61390343e+01
   1.45347519e+02   2.59775684e+03   9.28665009e+01   2.13712753e+02
   3.33408032e+03   8.66357327e-01   3.09459290e+02   2.29595108e+02
   1.23087177e+01   2.80811043e+01   1.23553009e+02   7.70908585e+01
   1.01280045e+02   3.89001678e+02   1.28636673e+02   0.00000000e+00
   8.04803314e+01   4.74248962e+01   9.29639876e-01   2.43459302e+03
   8.30576953e+03   2.58771045e+03   7.79426956e+01   1.17124133e+03
   1.02933975e+04   3.53697693e+02   1.22366699e+03   9.47868824e-01
   6.54483643e+02   9.15812073e+01   5.39942055e+01   0.00000000e+00
   1.29935388e+03   7.84312988e+02   5.93962555e+01   6.91254980e+03
   7.22497168e+03   5.12340515e+02   6.01179183e-01   7.80098953e+01
   4.95714874e+01   4.09195190e+02   1.71137261e+00   1.92745312e+03
   8.91819458e+01   1.14087830e+01   1.02767010e+01   4.44210529e+00
   1.94734604e+02   1.44898108e+03   9.65039520e+01   1.29694189e+03
   1.48363815e+02   2.25059819e+00   2.90678024e+01   8.38168652e+03
   5.69612741e+00   8.87038803e+01   6.41294250e+02   1.18956299e+03
   4.96978617e+00   0.00000000e+00   8.24818726e+02   1.16646980e+02
   5.18986702e+00   1.42753601e+03   5.88468811e+02   4.46207227e+03
   1.45894788e+03   7.60395279e+01   4.55015839e+02   4.17246680e+03
   2.64688385e+02   0.00000000e+00   1.55689468e+02   5.42533203e+03
   1.82558502e+02   1.01739494e+02   1.45607328e+01   4.15352734e+03]
[  4.55305481e+02   1.97502384e+01   2.20766425e+00   8.80213833e+00
   9.83503914e+00   2.62534253e+03   1.94295788e+01   2.71873207e+01
   4.23073483e+00   9.92070557e+02   3.65970612e+01   2.14229717e+01
   5.33763062e+02   1.34907007e+03   2.83987823e+02   1.17100269e-01
   1.87480221e+01   4.70140930e+02   1.45381805e+02   4.88393021e+00
   3.02522144e+01   2.50436425e-01   9.60891876e+01   1.69533740e+03
   1.68671116e-01   5.25869656e+00   1.97705710e+00   2.10405903e+01
   1.09452057e+01   9.41313324e+01   5.66155357e+01   4.15409356e-01
   1.00205856e+02   1.91142616e+01   3.49722144e+03   1.73476599e+03
   1.44695110e+01   8.96603943e+02   2.84615688e+01   3.07097225e+01
   1.28839178e+01   4.04650688e+01   3.49030828e+00   5.57196960e+01
   9.82656765e+00   5.80739555e+01   7.14022888e+02   0.00000000e+00
   7.64823380e+01   5.99027519e+01   1.21958997e+03   0.00000000e+00
   3.72529030e+01   3.33307800e+01   0.00000000e+00   2.76871538e+00
   1.22279339e+01   7.31328630e+00   7.99403687e+01   4.12572113e+02
   7.62856483e+00   5.54505043e+01   6.05705566e+01   5.91427994e+00
   1.75469093e+01   1.24861917e+01   3.31418549e+02   3.25975342e+01
   1.25993862e+01   5.63587570e+01   4.56702309e+01   1.51687073e+03
   1.93116570e+01   1.29968936e+04   2.69244043e+03   7.00004816e+00
   4.83795452e+00   4.86603642e+00   3.22796211e+01   4.80511236e+00
   5.56936979e+00   5.31205750e+01   1.13939209e+01   2.00650349e+01
   1.01653534e+02   1.49447227e+00   8.89193237e+02   2.31855259e+01
   1.54595184e+02   3.06667194e+01   2.26111164e+01   2.25818577e+01
   8.08507156e+00   4.08735870e+02   4.07997772e+02   9.11285858e+01
   6.42926483e+01   7.58618622e+01   9.07850113e+01   2.20280628e+01
   1.07040715e+00   3.33748322e+01   5.44254227e+01   4.64152222e+01
   4.80389500e+00   5.56418228e+00   2.71985710e-01   1.87208875e+03
   4.92065506e+01   2.89145201e-01   4.56662933e+02   5.83296728e+00
   1.93835411e+01   1.61193253e+02   0.00000000e+00   0.00000000e+00
   7.20719576e+00   1.01692757e+02   2.91210010e+03   2.19893789e+00
   2.14424149e+02   8.35272789e+00   6.16779804e+00   2.61613679e+00
   7.45364857e+00   1.54376865e+04   1.01000524e+00   2.05798359e+01
   1.37267151e+03   2.81110107e+02   2.71934052e+01   3.07452393e+02
   8.34914780e+01   8.10640240e+00   4.21281738e+03   6.26060545e-01
   1.89971352e+00   7.58224583e+00   1.87717334e+03   4.36260109e+01
   7.76479864e+00   1.01580115e+03   3.68345308e+00   1.40485730e+03
   2.83022537e+01   1.43152725e+02   5.61820650e+00   1.05902603e+02
   7.54436218e+02   1.86814060e+01   3.45915108e+01   2.86728088e+02
   2.77452507e+01   1.75258236e+01   1.15891235e+03   3.50044746e+01
   4.02586975e+01   0.00000000e+00   3.06819344e+00   2.32904126e+03
   6.35762598e+03   3.35641650e+03   2.35755444e-01   2.79331131e+01
   1.04886719e+02   3.80766983e+01   5.06884842e+01   5.71518784e+01
   9.50826740e+00   8.72269821e+00   1.15823570e+02   0.00000000e+00
   2.12942839e+00   8.75096375e+02   1.72028522e+01   1.11076141e+02
   1.33048086e+01   2.77157764e+01   7.44675446e+01   1.15450171e+03
   3.90140442e+02   9.85394363e+01   1.30146191e+03   2.77130585e+02
   9.28177643e+01   7.81170502e+01   0.00000000e+00   2.28941393e+00
   1.53626907e+02   2.40366730e+02   2.22894421e+01   7.73807883e-01
   6.30395020e+03   8.96878052e+01   2.04753065e+00   1.85383263e+01
   3.47760239e+01   2.76748924e+01   4.84928513e+01   1.52133325e+03
   4.76860733e+01   4.84262526e-01   1.07722913e+03   6.84663239e+01
   1.33179545e+00   3.31550598e+01   2.11638623e+03   3.63072062e+00
   3.81088181e+01   4.42976715e+02   3.81241760e+01   5.41270876e+00
   4.41350037e+02   1.49314680e+01   1.39919464e+02   2.77137024e+02
   0.00000000e+00   7.69165115e+01   3.30984473e+03   5.57005798e+02
   0.00000000e+00   5.82346582e+00   1.95893707e+01   2.27868118e+01
   1.13223221e+02   9.29808289e+02   6.10234413e+01   1.15524826e+02
   1.47609544e+00   1.47113525e+02   1.84286842e+01   1.43954541e+03
   3.02883698e+02   1.25596985e+03   0.00000000e+00   7.91247189e-01
   1.12802399e+02   3.00733667e+03   3.06835156e+03   9.82176361e+01
   4.93701248e+01   6.95881729e+01   6.41075058e+01   0.00000000e+00
   1.24109173e+00   1.60646722e-01   1.42225549e+03   1.05718672e-01
   6.31316528e+01   6.95022354e+01   1.07366650e+03   7.34945387e-02
   3.49514008e+00   1.48141406e+03   8.15900879e+02   5.77208185e+00
   2.75883274e+01   4.00587769e+01   2.22676245e+03   1.29897522e+02
   2.47549896e+02   1.39912872e+01   6.30918152e+02   4.83482628e+01
   3.20714836e+01   0.00000000e+00   1.28631805e+02   2.83023758e+01
   1.44650161e-01   3.86037407e+01   3.89750977e+03   2.67847931e+02
   8.51270447e+01   9.58830357e-01   6.47683945e+01   3.87928543e+01
   4.91320557e+02   1.61428852e+01   2.51389866e+01   2.79698105e+01
   9.72695984e+02   9.24604187e+01   1.01497910e+02   9.44348572e+02
   5.06895561e+01   5.89501762e+01   8.86564922e+00   2.70675659e+01
   7.08839645e+01   3.69456902e+01   1.74328723e+03   4.18642235e+01
   4.67470818e+01   4.58389053e+01   3.33563423e+01   1.89837128e+02
   2.63981438e+01   1.21727246e+03   9.00934067e+01   5.57673242e+03
   3.00898346e+02   1.35637503e+01   2.95504419e+03   2.88692505e+02
   1.28138199e+02   2.98530457e+02   1.67450294e+01   8.49394714e+02
   3.99818268e+01   8.61668777e+01   9.97896910e-01   1.90993061e+01
   1.20427322e+01   4.82741356e+01   3.00619165e+03   3.41353416e+01
   2.56965527e+03   1.22203566e-01   1.47649756e+03   7.15427780e+01
   2.85730835e+02   1.50514088e+01   6.38195038e+01   1.94381927e+02
   8.22981491e+01   9.76063232e+01   1.61165670e-02   9.55738068e+01
   1.60377836e+00   1.01050301e+01   3.42794108e+00   1.03182478e+01
   0.00000000e+00   3.66455170e+02   8.94438934e+00   5.15956055e+02
   1.19409072e+00   7.95717087e+01   5.38235779e+01   5.43087280e+02
   1.32151230e+02   0.00000000e+00   8.47729187e+01   2.68824406e+01
   0.00000000e+00   2.20734477e+00   7.53435898e+01   1.65094643e+01
   4.46696758e+00   5.65750313e+00   2.35421543e+01   1.22338879e+00
   6.10689707e-02   1.39016617e+02   1.94157124e+01   6.53050586e+03
   1.13221031e+02   6.39218826e+01   6.27630043e+01   1.39165430e+01
   2.99590039e+00   1.77908691e+02   6.27962532e+01   4.20501862e+01
   1.44155164e+03   7.89959812e+00   2.06100983e+02   1.66743946e+00
   9.71183777e+01   4.29287415e+01   0.00000000e+00   6.23253357e+02
   3.94763107e+01   0.00000000e+00   1.90891094e+01   6.72878981e+00
   1.42072009e+03   2.15215540e+00   2.32141571e+01   5.84008217e+00
   4.26904526e+01   2.26964526e+03   1.75798230e+03   0.00000000e+00
   5.01763611e+02   1.08475349e+02   2.01800537e+01   5.92406392e-01
   2.34851322e+01   0.00000000e+00   3.41692310e+03   1.65290642e+01
   9.41259155e+01   1.27611023e+02   1.42711230e+03   6.78604187e+02
   2.63423218e+02   5.37448769e+01   5.73110008e+01   1.86551355e+03
   5.95383835e+01   1.84329662e+01   2.51562710e+01   9.98794556e-01
   2.03546738e+02   1.39381177e+03   1.86470413e+01   1.55809540e+02
   9.78355865e+01   1.66263824e+02   9.69065125e+02   9.07858215e+02
   1.29219151e+01   1.02066571e+03   5.70675049e+02   0.00000000e+00
   1.22663002e+02   2.66114640e+00   2.07646899e+03   1.49624672e+01
   2.41589798e+02   4.54641037e+01   1.55757324e+02   1.39842749e-01
   5.33312149e+01   1.08606946e+03   3.75748505e+02   9.70688629e+00
   1.25242295e+04   1.80398483e+02   8.92489548e+01   1.31201620e+01
   1.10670326e+02   8.75203552e+02   5.79004822e+01   2.80416260e+03
   2.07024634e+03   9.00441055e+01   1.59060726e+01   6.20625305e+01
   2.16005630e+01   1.89698267e+03   1.11835449e+02   6.87578430e+01
   4.06264572e+01   4.10984421e+01   6.63965940e-01   1.49710556e+02
   2.06187725e+01   2.27932048e+00   4.03928614e+00   2.46124592e+01
   5.08312702e+00   1.82484787e+02   2.09224182e+02   4.99425098e+03
   5.76142168e+00   2.79147363e+03   2.35906540e+02   6.59759827e+01
   1.45733353e+02   8.33719543e+02   3.71321640e+01   4.52128334e+01
   1.28714014e+03   2.95523715e+00   2.39313623e+03   8.04662476e+01
   5.25652218e+00   3.41726913e+01   1.36732452e+02   5.11794128e+01
   1.27189990e+03   1.93158325e+03   4.72216492e+01   2.18071313e+03
   2.12712407e+00   5.56159079e-01   4.49349117e+00   7.56809473e-01
   7.60424957e+01   1.70401134e+01   1.05512817e+03   1.85907149e+00
   1.18586906e+02   2.05047245e+01   6.15264206e+01   1.81674170e+03
   3.26336050e+00   3.11375111e-01   1.90765018e+01   1.54720276e+02
   1.22096186e+01   9.60513367e+02   5.66461792e+02   1.46278442e+03
   6.37051392e+02   4.38534271e+02   8.46693192e+01   2.43391685e+01
   2.34471948e+03   9.99690473e-01   1.29681149e+01   2.17657764e+03
   1.21680069e+02   3.03657013e+02   3.22333298e+01   3.77331940e+02
   1.77472693e+03   5.81882812e+02   6.11409119e+02   2.59770584e+00]
