bicycle
bus
car
motorbike
person
[  5.09681400e+07   1.73276312e+06   5.86191560e+07   1.94157900e+07
   6.38733760e+07   1.21870025e+06   3.08843900e+07   1.09505520e+07
   1.54529070e+07   4.04931500e+06   8.57419600e+06   4.01517960e+07
   7.69034240e+07   1.86120240e+07   4.83346000e+07   1.97842060e+07
   5.65193440e+07   4.96778960e+07   6.17876760e+07   1.78023820e+07
   3.32601500e+06   3.60831080e+07   7.66511600e+06   6.31632400e+07
   3.03487760e+07   1.03560050e+07   4.52739600e+06   1.24642840e+07
   1.12913600e+07   2.38865280e+07   4.04049200e+07   7.68719440e+07
   7.22774080e+07   5.85636300e+06   4.48203000e+07   7.39354375e+05
   5.88904400e+07   5.83707700e+06   1.28029110e+07   2.25010300e+06
   4.84516350e+06   5.82052640e+07   7.86660240e+07   7.78584560e+07
   2.24638740e+07   4.02266520e+07   2.74916060e+07   6.19965840e+07
   5.79542350e+06   1.06745480e+08   3.49175240e+07   3.42259840e+07
   2.52667500e+07   2.30482880e+07   1.92586340e+07   2.03492560e+07
   3.52116800e+07   6.09469760e+07   8.48922900e+06   4.09383100e+06
   7.55365000e+05   1.70503262e+06   1.95881360e+07   9.77045400e+06]
[  4.12676560e+07   1.62947220e+07   1.05614280e+08   4.13842906e+05
   8.78201700e+06   2.42386625e+06   4.45514500e+06   5.65185059e+02
   6.86056800e+06   1.50796112e+06   6.67591160e+07   4.16995120e+07
   1.60146631e+04   3.04966100e+06   5.55281800e+07   2.08840240e+07
   7.06017000e+05   8.44034960e+07   5.83021300e+06   2.91343620e+07
   2.17776609e+05   4.08442920e+07   1.49811325e+06   4.98023760e+07
   6.10356000e+05   6.04834160e+07   2.64279175e+06   2.24598775e+06
   1.75643560e+07   1.20123364e+03   9.11647600e+07   2.04074434e+04
   4.89407350e+06   2.12681080e+07   4.15814425e+06   1.07365860e+07
   1.76822141e+05   2.49771240e+07   5.43076080e+07   4.01108200e+07
   7.77099200e+07   1.14178460e+07   4.65677219e+05   1.24007000e+07
   3.86089200e+07   3.80181600e+07   1.81679938e+06   9.30241920e+07
   5.04095280e+07   2.82192420e+07   4.90503160e+07   5.54715720e+07
   8.53610000e+07   6.23938800e+07   4.30231406e+05   4.42301960e+07
   2.19637760e+07   1.24834000e+08   1.32268410e+07   1.46401170e+07
   8.73437120e+07   8.53404419e+02   2.29713220e+07   7.24295360e+07]
[  1.28245180e+07   2.29586280e+07   1.06651230e+04   2.16003781e+05
   4.82568789e+04   6.12495430e+04   1.60134619e+04   1.34830030e+07
   2.04470742e+04   2.67952750e+06   3.86293050e+06   1.16268938e+06
   2.34390575e+06   9.76310625e+05   6.49225928e+03   1.01648812e+05
   8.26571950e+06   3.40226125e+06   4.56612950e+06   7.47200050e+06
   5.96662350e+06   2.81661621e+04   2.00870840e+07   2.15703940e+07
   2.53303120e+07   0.00000000e+00   1.38332859e+05   6.71768500e+06
   9.15974200e+06   1.49259130e+07   1.36265088e+04   1.59261120e+07
   2.62276531e+05   3.63005575e+06   1.25447512e+06   5.07929300e+06
   8.70054750e+05   3.29557640e+07   9.57458900e+06   2.90547632e+03
   1.63894500e+07   5.70927750e+06   1.20272460e+07   3.20628820e+07
   1.98053812e+06   3.57662000e+05   1.74548700e+07   4.80114258e+04
   9.13597600e+06   3.43226000e+05   3.72470675e+06   1.46864781e+05
   3.56014425e+06   6.38494600e+06   2.86867920e+07   2.74571860e+07
   3.79360100e+06   2.95476543e+04   4.92641211e+04   2.20976953e+05
   4.95060300e+06   3.04692080e+07   1.84833900e+07   5.81372300e+06
   3.12297520e+07   3.56609425e+06   2.41584080e+07   1.42391280e+07
   1.56994844e+05   7.50287062e+05   1.70957760e+07   1.95009240e+07
   4.28423450e+06   8.72658200e+06   0.00000000e+00   1.24078580e+07
   1.00099664e+05   5.80333100e+06   8.42352300e+06   6.53297070e+04
   6.21002686e+03   1.04347700e+07   9.94322700e+06   1.60963684e+03
   1.56205488e+06   1.05726540e+07   6.62892050e+06   1.82779602e+03
   1.18272230e+07   3.62007350e+06   1.20900300e+07   1.11900330e+07
   1.33352422e+05   6.52081600e+06   2.92819675e+06   1.39790060e+07
   9.01891309e+03   8.32761650e+06   3.25500475e+06   7.06006812e+05
   5.31979500e+06   2.18953175e+06   1.68563812e+05   1.31127350e+06
   1.46266484e+04   1.63856531e+05   2.85625650e+06   5.00900312e+05
   6.14646300e+06   1.34963641e+05   8.70002422e+04   9.69794300e+06
   1.07836164e+05   1.23792360e+07   7.70058700e+06   1.60342240e+07
   2.53304800e+06   1.80887550e+06   4.18040700e+06   3.70635844e+05
   4.67089950e+06   6.59551300e+06   1.65175801e+04   1.04583460e+07
   8.82967500e+06   3.28535547e+04   3.78739600e+07   1.05309209e+04]
[  6.25419950e+06   4.35828250e+06   3.87005625e+05   0.00000000e+00
   6.98730762e+03   5.56687550e+06   7.00073050e+06   1.69467088e+06
   2.65257260e+07   1.19003480e+07   1.53418760e+07   1.41411200e+07
   4.09555225e+06   2.59372172e+05   9.39932617e+03   5.79304000e+06
   1.94703325e+06   6.12514100e+06   4.09382450e+06   2.02177773e+04
   2.61252180e+07   2.11608075e+06   4.24314100e+06   2.50841934e+04
   9.74881938e+05   1.17670875e+06   2.92264100e+06   6.35882650e+06
   5.34514414e+04   1.29823980e+07   7.18750156e+04   2.36723940e+07
   5.08372200e+06   1.64393328e+05   2.32562375e+06   2.21189900e+06
   4.29040900e+06   1.85739400e+07   1.65105219e+05   4.43995547e+04
   3.62255775e+06   6.49972539e+04   3.29915703e+04   1.69058438e+06
   1.85452600e+06   1.68044900e+07   1.00439170e+07   5.11059300e+06
   9.54884900e+06   2.81088500e+07   5.03890450e+06   9.34046100e+06
   9.72311000e+06   3.81729656e+05   8.07445703e+04   1.77329250e+05
   4.11556650e+06   4.78881400e+06   3.76805162e+00   5.16793850e+06
   9.58387600e+06   1.11259010e+07   9.95149900e+06   6.50323850e+06
   1.18864638e+06   2.35805960e+07   6.42824438e+05   4.84272650e+06
   3.92517125e+06   1.35087700e+07   4.35862850e+06   2.62862060e+07
   2.03814980e+07   1.13872830e+07   3.89601280e+07   6.02769922e+03
   8.99061500e+06   3.49682425e+06   2.18980640e+07   4.41954900e+06
   4.04188900e+06   3.45703203e+04   1.64352920e+07   3.80774000e+06
   5.41498281e+04   1.44447120e+07   7.01146500e+06   6.97990250e+06
   4.59684219e+04   1.75476962e+06   1.16636445e+05   1.25527760e+07
   2.24609031e+05   2.05354760e+07   2.71275250e+06   3.60738675e+06
   1.16194375e+06   1.93525640e+07   4.13046650e+06   2.20044480e+07
   1.43693672e+05   4.86145719e+05   3.28502780e+07   1.72728198e+03
   2.50160859e+05   2.54548440e+07   5.92480250e+06   1.55874260e+07
   1.49780780e+07   1.20071970e+07   5.64460400e+03   7.79900600e+06
   6.89747125e+05   3.68733080e+07   6.34628700e+06   3.98345469e+05
   3.36151594e+05   8.66768400e+06   4.68745625e+04   1.71954980e+04
   3.05695900e+07   6.59742850e+06   6.05255625e+04   1.72274720e+07
   1.57688860e+07   4.06173200e+06   2.90176720e+07   1.79838580e+07]
[  0.00000000e+00   1.13682275e+04   2.42704900e+06   9.60326758e+03
   0.00000000e+00   2.87946930e+01   6.05877869e+02   2.91443501e+01
   4.52987250e+06   2.47115547e+04   2.44226894e+01   2.31037129e+04
   0.00000000e+00   1.48306484e+05   7.95095625e+04   5.47479858e+02
   1.00352715e+04   9.81565250e+05   9.76885352e+03   3.10411152e+04
   7.08509903e+01   5.67441309e+03   1.02398881e+06   1.15421182e+04
   2.38360391e+04   1.88535492e+02   3.55938700e+06   0.00000000e+00
   2.88422461e+03   5.05686963e+03   3.93028961e+02   1.84084641e+02
   1.10467529e+02   1.90647262e+06   6.10088555e+04   2.92743800e+06
   4.91372150e+06   1.54787852e+04   3.66938257e+03   3.92881982e+03
   1.23105029e+04   6.23043262e+03   1.99026035e+04   9.39652188e+05
   1.43537139e+04   1.58488098e+03   3.87227368e+00   5.60900269e+01
   1.32859500e+05   1.58987930e+04   1.53073344e+05   7.01334381e+01
   3.28257825e+06   9.28031125e+05   1.71035187e+02   2.25379781e+05
   8.18186500e+05   1.46762400e+06   2.09962305e+03   6.60545731e+01
   5.92864922e+04   4.00481172e+04   5.57313062e+05   4.95568281e+04
   3.21380539e+01   4.31812695e+04   1.06636240e+04   1.50388818e+03
   1.21597139e+04   1.24663570e+05   2.34784700e+06   3.20328825e+06
   0.00000000e+00   1.96273555e+04   1.80484863e+03   2.98824482e+01
   2.14278234e+05   4.62159219e+05   1.33915800e+06   2.44451523e+04
   1.15124180e+05   1.38468809e+04   6.27950342e+03   2.58782715e+03
   3.05201225e+06   4.57472000e+06   1.28238538e+06   1.79655688e+06
   1.31363266e+05   6.13506714e+02   1.35531367e+04   1.04487875e+05
   2.87269938e+05   7.71496191e+03   0.00000000e+00   8.83656738e+03
   1.56262275e+04   6.86717625e+05   6.24187207e+03   1.28904043e+04
   7.42613516e+04   1.26774805e+04   4.09813925e+06   6.28640117e+04
   9.45952820e+02   4.40155762e+03   2.59268066e+04   4.77101465e+03
   0.00000000e+00   4.33531523e+04   2.47513850e+06   2.26659316e+04
   0.00000000e+00   4.24801445e+04   5.56174512e+03   7.27108008e+03
   0.00000000e+00   3.83893860e+02   1.12267197e+04   4.05205275e+06
   1.46662469e+05   6.58707886e+01   3.90088086e+04   2.74804077e+03
   1.32825752e+04   2.04245300e+06   1.54038254e+02   0.00000000e+00
   2.38650875e+06   3.78245859e+04   2.28877910e+04   1.14148008e+04
   1.97848340e+04   2.30071100e+06   1.31393909e+00   1.09597227e+04
   6.42612500e+06   1.47996075e+06   1.80718398e+04   0.00000000e+00
   1.01869824e+04   7.33082891e-01   5.53373877e+03   1.62515050e+06
   1.32992419e+03   3.93330550e+06   1.76249023e+03   8.52140137e+03
   6.64472188e+04   9.78536224e+00   8.11374902e+03   3.83063062e+03
   2.80988312e+05   9.24240703e+04   1.19230238e+06   1.76465674e+03
   1.09737100e+04   5.01096562e+05   3.72227050e+06   8.60073438e+04
   7.62851105e+01   1.04384469e+06   2.25825325e+06   1.36654570e+04
   1.54320518e+04   3.09373825e+06   2.02749000e+06   7.09077891e+04
   1.45909375e+04   2.05854062e+06   2.25310575e+06   3.04058952e+01
   8.00363184e+03   8.49312875e+05   1.52753701e+04   1.30019092e+04
   3.60612975e+06   1.15584155e+03   5.98664250e+06   6.46270195e+04
   7.38572375e+05   1.44145297e+05   5.69275125e+05   1.81741621e+04
   1.41734756e+04   3.92839883e+04   5.00408281e+04   5.98353867e+04
   1.92905312e+06   1.57015146e+04   1.57524805e+04   3.46895175e+06
   1.31843071e+01   3.99811438e+05   1.14128580e+01   1.77312175e+06
   8.88392285e+03   8.85282875e+05   4.09811000e+06   1.58248600e+06
   1.77955765e+02   3.97896850e+06   7.54137312e+05   7.87023560e+02
   1.48813938e+05   8.77754150e+02   4.34158554e+01   1.08231445e+04
   5.50035596e+03   1.47811688e+06   4.42481719e+05   4.43130700e+06
   4.60251855e+03   3.53044766e+04   6.42670364e+01   2.31647344e+04
   1.56681494e+03   1.27321375e+06   4.72790430e+04   2.08309595e+03
   1.36333069e+03   2.91986279e+03   1.65750940e+03   7.82177031e+04
   5.76681812e+05   0.00000000e+00   2.92418747e+01   5.81575250e+05
   1.86991684e+02   1.73919925e+06   1.39394443e+04   1.09738403e+03
   3.23390700e+06   1.32598047e+04   1.42796188e+06   1.25375598e+03
   2.44799121e+03   9.89066211e+03   1.24863912e+06   4.25617790e+01
   1.29299638e+06   1.45850100e+06   1.75063049e+03   3.58847778e+03
   7.06148906e+04   6.86757422e+03   4.18888206e+01   5.82250928e+03
   4.49388906e+05   8.46665500e+05   2.72131113e+04   5.08749603e+02
   1.98737051e+04   0.00000000e+00   4.91994189e+03   8.09255938e+05]
[  3.71052000e+06   1.43877998e+04   2.90305969e+02   5.10841248e+02
   1.68425825e+06   3.30121450e+06   2.41810047e+05   7.37053271e+03
   2.03273848e+04   1.59983557e+03   1.60486951e+03   8.76778418e+03
   3.57064404e+03   5.55562383e+04   8.68302637e+03   1.14320254e+04
   2.19632471e+03   4.77994804e+01   1.63453962e+06   1.03203250e+05
   0.00000000e+00   6.00744820e+01   2.15187109e+03   1.15110525e+06
   2.61363602e+01   2.02978638e+03   0.00000000e+00   5.61629812e+05
   3.27921016e+04   3.47549225e+02   3.15400430e+04   5.31842139e+03
   6.38367773e+03   1.08399844e+05   1.31007544e+03   1.37044756e+04
   2.52161367e+04   3.83072601e+02   7.52961035e+03   0.00000000e+00
   7.28357109e+04   7.18959688e+04   1.18181758e+04   3.48938037e+03
   1.06647666e+04   1.84931797e+04   6.68821438e+05   2.86153613e+04
   9.59250391e+04   6.44939514e+02   4.73849170e+03   1.18497021e+03
   3.24746533e+03   1.33110527e+04   4.20556594e+05   8.42553359e+04
   2.26673184e+04   1.26521825e+06   2.01843953e+05   3.46225293e+03
   3.78047925e+03   6.12123789e+04   0.00000000e+00   8.53547516e+01
   0.00000000e+00   1.43987607e+04   7.20751375e+05   6.38707764e+02
   1.19915076e+03   3.32707461e+04   2.31747700e+06   1.90953201e+02
   4.30487891e+04   2.20584746e+04   2.84951055e+04   7.15007891e+04
   3.58864180e+04   1.56200508e+04   8.10108672e+04   7.64441312e+05
   8.69606018e+00   9.86605469e+03   4.12473106e+00   1.36354641e+05
   1.15223889e+03   3.31685438e+05   1.35029016e+03   1.05672578e+04
   6.44570264e+03   1.20356670e+04   1.24080342e+04   1.54913770e+04
   3.32438633e+04   1.17763675e+06   5.45417664e+02   0.00000000e+00
   3.66486438e+05   0.00000000e+00   1.10089639e+04   1.33158281e+04
   2.04384827e+02   1.51769316e+04   2.74136875e+06   1.51432510e+02
   1.47602612e+03   2.70236797e+04   1.19008852e+05   1.88554016e+05
   2.45210254e+04   3.45261025e+06   1.59243759e+02   7.08202375e+05
   1.11169462e+01   7.74317566e+02   1.70957441e+04   5.00663125e+04
   1.90409883e+04   1.97724609e+04   3.35935571e+03   2.94024453e+04
   3.74458496e+03   9.44571533e+01   1.01272002e+04   3.58147812e+05
   1.79835083e+03   1.10328594e+04   7.15307415e-01   2.59030566e+04
   1.39911243e+03   4.34484050e+06   1.98401211e+04   2.64160913e+03
   4.19047607e+03   2.46266100e+06   5.26796997e+02   2.86269180e+04
   3.76300938e+04   1.39031838e+06   9.48299744e+02   1.51954333e+03
   0.00000000e+00   4.05215118e+02   3.64517773e+03   9.93505500e+05
   0.00000000e+00   1.50037988e+03   3.21469897e+03   0.00000000e+00
   0.00000000e+00   1.24310950e+03   2.13970337e+03   5.14892517e+02
   1.69311638e+06   2.54704016e+05   4.32797470e+01   3.65812562e+05
   2.10493945e+03   4.21316223e+01   1.30318750e+04   2.90758525e+06
   3.01832245e+02   5.71965918e+03   5.35611511e+02   0.00000000e+00
   9.41186641e+04   0.00000000e+00   8.67049250e+05   3.99949146e+03
   1.08242508e+05   3.10561350e+06   1.43764420e+02   1.58324089e+01
   4.53075352e+04   7.42818625e+05   8.84767125e+05   1.21120186e+04
   5.43214844e+03   6.82966699e+03   1.48407939e+04   5.17806578e+00
   9.14318750e+03   5.89006299e+03   1.47052155e+02   2.28640188e+05
   1.66762180e+01   2.79562256e+02   3.30698008e+04   1.09213066e+04
   3.82276123e+03   4.07405319e+01   2.07986038e+06   5.03350684e+03
   1.22357239e+03   1.45677734e+04   6.10366914e+04   4.96252588e+03
   1.94813156e+05   2.24340957e+04   4.46904719e+05   5.71080923e+00
   3.81890259e+01   0.00000000e+00   7.33697750e+05   4.00093359e+04
   1.46725723e+04   4.18124924e+01   1.20271260e+04   1.39071238e+06
   1.42162500e+05   2.14943525e+06   1.35222870e+02   1.33653491e+03
   1.61737988e+04   2.28313730e+04   4.83552063e+02   7.69138625e+05
   5.05250562e+05   4.72941064e+03   1.86380605e+04   1.68605359e+03
   1.11089297e+04   2.22179492e+04   1.38048125e+04   5.55105957e+02
   1.30346575e+01   1.13363250e+05   9.86983828e+04   3.27441504e+03
   4.85011505e+02   0.00000000e+00   2.47932419e+02   3.29474023e+04
   1.34751281e+05   3.39834497e+03   2.58813000e+06   1.70176836e+04
   2.17596021e+03   2.59783425e+06   0.00000000e+00   2.91433573e+00
   2.44160065e+02   3.81776188e+05   5.15032530e-01   0.00000000e+00
   3.62502899e+01   9.02166367e+00   2.15249062e+04   4.83850977e+03
   1.03252925e+06   4.12593062e+05   6.06002148e+04   3.27153781e+05
   1.69460375e+05   7.84430188e+05   3.12455078e+04   3.64171133e+04]
[  8.44383188e+05   3.96106836e+04   6.38970825e+02   4.64111023e+02
   1.19203338e+06   3.87111548e+03   1.99163438e+04   4.27638469e+05
   2.21592627e+03   1.41605750e+06   4.72860645e+03   2.42405266e+05
   2.16451719e+04   4.78511621e+03   5.78183936e+03   2.65582129e+03
   2.18799305e+00   6.27671094e+03   1.24167049e+00   2.68188354e+03
   1.83490117e+04   3.37916688e+05   1.73825898e+04   7.36001855e+03
   1.67800464e+03   4.71723145e+03   3.73345459e+03   3.85783125e+05
   1.09795986e+04   3.58474062e+05   7.85856384e+02   9.73111621e+03
   3.46364375e+04   7.07142500e+04   1.00437207e+03   3.51722144e+03
   7.50705000e+05   3.02091600e+06   1.44919141e+03   2.20908125e+06
   8.54233154e+02   1.92762756e+03   4.02561719e+03   3.09801074e+04
   6.82967920e+03   3.94024531e+04   1.01926862e+03   2.50287871e+04
   2.12787344e+04   3.26817676e+03   6.79963906e+04   1.56183825e+06
   9.75659668e+02   3.39789810e+01   2.62710571e+02   1.04018232e+04
   3.42484277e+03   3.26569312e+05   0.00000000e+00   1.49008408e+04
   1.46036304e+03   4.47235547e+04   4.20840869e+03   8.50195020e+03
   1.50793086e+04   2.38584570e+04   1.16360166e+04   9.58790625e+03
   1.30108594e+05   1.92928438e+05   1.23522900e+04   1.83750806e+03
   9.43662656e+04   1.23100996e+04   6.81486375e+05   6.05187539e+04
   1.77467422e+05   2.22945273e+04   1.03761084e+03   5.49844727e+02
   2.29640827e+01   1.76458466e+02   9.36098203e+04   8.40203735e+02
   7.40086797e+04   1.22094421e+01   3.61151875e+05   2.44665329e+02
   0.00000000e+00   2.38558740e+03   5.25073425e+02   1.21127673e+03
   5.52582812e+04   3.58060425e+03   1.05150578e+05   1.78877734e+05
   8.52802002e+02   4.82555344e+05   9.54649250e+05   4.22094500e+05
   3.21540664e+04   1.99008457e+04   3.96680115e+02   8.19783569e+02
   5.14461133e+04   2.35891016e+03   7.34723438e+05   3.23382578e+04
   1.86190857e+02   1.15295107e+04   8.69004590e+03   1.83817305e+04
   2.60622012e+04   3.08828638e+03   6.18866882e+02   3.22703828e+04
   1.80232941e+02   1.43134703e+05   3.63121055e+04   5.58243438e+04
   2.47399292e+01   1.92580900e+06   2.97411699e+04   4.54004281e+05
   9.60358008e+03   2.00859875e+03   1.65649609e+04   2.02887173e+01
   7.85039307e+02   2.90498718e+02   6.36502197e+02   2.79915312e+04
   1.95761387e+04   7.73513721e+03   2.29428687e+03   1.81036152e+04
   6.38772510e+03   9.77325859e+04   6.90441943e+03   3.93205737e+03
   4.81000443e+01   3.25089785e+04   1.31653174e+03   5.79558438e+04
   1.69924812e+05   1.21121875e+03   1.63623877e+04   0.00000000e+00
   5.50728438e+04   4.33026904e+03   1.44694238e+04   2.52250250e+05
   5.24065625e+03   2.83348281e+05   5.85410385e+01   9.86030078e+04
   4.76008164e+04   2.32331494e+03   2.24063141e+05   2.98372894e+02
   8.83268311e+02   2.19911224e+02   6.09098096e+03   1.34893845e+02
   5.18261816e+03   3.19255493e+03   1.05049914e+05   5.73320312e+05
   1.96834204e+03   4.29740938e+04   2.99575462e+01   8.95204590e+03
   5.25026184e+02   5.43019189e+03   3.56891523e+04   1.30136445e+04
   6.62509922e+04   7.62019287e+03   6.12608477e+04   2.94268145e+04
   9.17821350e+02   5.25946719e+04   5.08445605e+03   4.42016846e+03
   1.00476133e+05   1.50174475e+03   1.29766844e+05   1.92845459e+03
   7.66916938e+05   1.02594619e+06   5.77840000e+04   5.81687549e+03
   2.88765894e+03   1.11557148e+05   2.95407486e+01   1.98161911e+02
   2.88554668e+04   1.03890107e+04   5.29333887e+03   2.44467305e+04
   2.25331104e+03   1.88791367e+02   2.19977031e+04   2.64261938e+05
   1.88796359e+05   1.61321136e+02   6.81940527e+03   1.38257725e+04
   4.71757344e+05   0.00000000e+00   1.42013220e+03   1.72771211e+04
   3.66122070e+04   2.88415195e+04   7.99130859e+04   1.15361223e+01
   1.08566035e+04   1.15102598e+04   2.48917572e+02   9.52015547e+04
   1.53766035e+04   9.62929199e+03   4.12900039e+04   1.29609414e+05
   3.54996328e+04   0.00000000e+00   9.35880981e+02   1.18530586e+04
   1.88854565e+03   3.30662031e+04   2.00577930e+04   1.12636906e+05
   1.82368738e+03   4.57537539e+04   2.35263800e+06   7.06973096e+03
   1.88177197e+03   3.58736914e+03   1.58709188e+06   2.63957251e+03
   7.45477637e+03   4.49065460e+02   2.46243506e+03   1.40032251e+03
   3.82757695e+04   1.05847225e+06   2.20067954e+00   8.51926327e-01
   2.26562141e+05   1.96889844e+04   2.00763779e+01   3.08550500e+05
   5.61170947e+03   2.74475781e+03   1.56610339e+03   2.11702319e+03]
[  1.30246887e+02   1.59037139e+04   5.19218281e+04   5.00791367e+04
   1.26630334e+03   1.80573453e+05   6.20470581e+02   4.21029062e+04
   3.73482452e+02   1.37617050e+02   1.20245734e+05   8.25206152e+03
   3.88793140e+03   3.40729297e+03   4.93633789e+03   3.41534760e+02
   4.99394219e+04   2.92629883e+04   3.68541875e+04   4.67877588e+03
   8.46455200e+02   1.86307500e+05   1.13968604e+03   1.47843781e+02
   9.52679141e+04   1.68030352e+04   1.46998719e+05   3.49265234e+04
   9.15096641e+04   2.45925156e+04   1.14021758e+04   1.76630531e+05
   3.25690566e+04   3.95982109e+04   5.00368555e+04   1.02160664e+05
   1.26755117e+05   3.17724097e+03   1.52108582e+02   3.16545586e+04
   1.19772156e+02   2.28837766e+05   6.26575938e+04   4.16577070e+04
   2.44622772e+02   4.20233867e+04   7.03935107e+03   5.46551055e+04
   0.00000000e+00   7.07345469e+04   1.09556758e+05   3.71495575e+02
   0.00000000e+00   1.86771797e+04   1.37990908e+04   3.31700469e+04
   4.01517200e+00   4.51131134e+02   2.35292587e+02   3.18187805e+02
   1.73628357e+03   2.07016109e+05   2.79515742e+04   1.95505835e+03
   2.69832959e+03   1.15467256e+04   1.32350354e+03   1.23456240e+01
   8.29646582e+03   1.99373572e+03   5.41975586e+04   4.02459375e+03
   7.15255938e+04   8.88885986e+02   8.97705841e+00   4.96464661e+02
   8.60678558e+01   1.22404690e+01   2.03746047e+05   1.65539672e+05
   3.77675095e+01   1.09848398e+04   3.23808203e+04   1.09074023e+05
   7.76275940e+02   0.00000000e+00   4.77771057e+02   6.61948730e+02
   2.33839391e+05   9.16502656e+04   1.29227422e+04   8.08464050e+01
   1.91926625e+05   3.39263125e+04   5.20632656e+04   1.15358574e+04
   5.05770664e+04   4.53906937e+01   4.56033828e+04   2.29072598e+04
   4.24373145e+03   2.94244659e+02   2.32666859e+05   4.03950610e+03
   6.65834609e+04   3.96200156e+04   1.53395654e+03   8.52773828e+04
   1.05696000e+05   1.96307739e+03   6.70880371e+03   3.80335236e+02
   1.09378641e+05   1.06147758e+02   3.83210327e+02   3.71390391e+04
   0.00000000e+00   1.77075742e+04   7.99096251e+00   1.34163422e+05
   1.54031616e+03   1.26494094e+05   3.58850391e+04   5.21286084e+03
   7.21009912e+03   5.15035898e+04   4.13165137e+03   8.42546875e+04
   2.59323203e+04   8.28282324e+03   4.14389832e+02   2.70603848e+04
   1.70146992e+04   1.20871758e+04   3.99153516e+04   4.35318041e+00
   3.60447363e+03   8.55061914e+03   3.22179473e+04   1.10512228e+01
   8.91294219e+04   1.46475439e+04   1.69842871e+04   1.53717880e+01
   3.70326099e+03   8.36659375e+03   6.58274463e+03   1.18011943e+04
   5.12991089e+02   1.41006973e+04   1.68429922e+05   7.90651221e+03
   1.29330200e+03   1.60566040e+03   6.43308563e+01   0.00000000e+00
   2.49215164e+02   7.44996826e+02   2.54062927e+02   1.26796016e+05
   1.46590811e+04   6.52990918e+03   2.97152207e+04   0.00000000e+00
   1.27937219e+05   1.36996655e+03   1.39719453e+05   7.49130478e+01
   9.17610078e+04   3.36067266e+04   2.57733276e+02   8.22761523e+03
   6.82480547e+04   3.95809302e+03   5.07210039e+04   7.80092578e+04
   4.06496758e+04   1.67184492e+04   5.42651289e+04   4.73738800e+02
   5.55861250e+04   2.86215668e+02   2.47998223e+04   2.37148086e+04
   2.36214111e+03   3.14979707e+04   9.82479453e+04   9.49139453e+03
   2.62053198e+03   1.77364307e+03   2.15244629e+03   2.62828750e+04
   1.27921484e+04   1.74192047e+05   2.08038297e+05   5.03047266e+04
   3.38172500e+04   3.02898828e+04   5.77060547e+03   6.63184326e+03
   2.30620938e+05   2.91723594e+04   3.26967812e+01   1.38043062e+05
   1.28789266e+05   1.57142853e+02   5.33534414e+04   1.46891672e+05
   2.82959509e+00   6.06396408e+01   3.93078125e+02   1.23115259e+03
   2.36003036e+02   2.26331592e+03   7.71510859e+04   2.86523608e+03
   4.34977783e+03   1.03394229e+04   5.31316016e+04   2.34481582e+04
   4.08957837e+03   2.07630125e+05   0.00000000e+00   8.14680099e+00
   5.04405039e+04   3.16857227e+04   1.41070667e+03   5.59763956e+00
   1.29682043e+03   1.64417175e+03   1.53342972e+02   8.87478790e+01
   1.18112500e+05   1.19158984e+05   1.21461250e+05   1.66989404e+03
   5.53960156e+04   1.44638086e+03   7.13210986e+03   3.59945801e+03
   1.59188691e+04   3.36881133e+04   7.20315967e+03   6.64921484e+04
   2.89393872e+03   2.42421250e+05   5.42556592e+03   6.88025742e+01
   5.65248711e+04   5.11194609e+04   5.79401289e+04   6.50564297e+04
   2.94823315e+03   2.07001703e+05   3.02837500e+04   1.06303828e+05
   1.32369609e+05   1.39035352e+03   3.05761475e+02   7.99753906e+04
   1.28939180e+05   4.56761383e+02   2.82487085e+03   1.72827686e+03
   8.09786129e+00   4.85426953e+04   5.09562897e+02   1.56322812e+05
   7.30248672e+04   6.36315491e+02   1.91334283e+00   4.42563110e+02
   3.11270117e+04   6.93831689e+03   1.94167031e+05   3.92998125e+04
   1.78356171e+00   3.00284882e+01   1.88277203e+05   5.93787939e+03
   7.69490528e+00   1.66984595e+03   8.45666895e+03   1.80392969e+05
   3.37248706e+03   2.77892773e+03   2.18639851e+01   5.83772278e+02
   9.09784790e+02   4.88556348e+03   3.91998945e+04   1.59920059e+04
   1.37320531e+05   3.59240000e+04   1.34299922e+05   1.08324500e+03
   3.39888672e+02   1.94949303e+01   4.73098438e+04   1.66112891e+05
   1.26532639e+02   1.37261914e+03   3.11718223e+04   4.09309959e+00
   8.92019226e+02   1.17243820e+05   2.22807251e+03   1.35603485e+02
   9.61808750e+04   3.30661133e+02   1.48442719e+02   3.65933867e+04
   9.68492737e+02   1.38792761e+03   1.27537922e+05   1.68536875e+05
   2.02522903e+02   7.60877656e+04   6.82990918e+03   3.69054531e+04
   6.06101379e+02   9.12014648e+03   1.11759547e+05   5.01181055e+03
   1.84206750e+05   1.29694898e+05   2.77854156e+05   3.15739023e+04
   4.25961758e+04   2.09261841e+03   6.27440469e+04   8.73981641e+03
   9.96071719e+04   6.43645630e+02   2.17231030e+03   1.42495344e+05
   3.44452698e+02   1.45721260e+04   3.09477563e+03   3.94441328e+04
   1.12616562e+05   2.68815161e+03   1.76162324e+04   3.69506187e+01
   3.17324867e+01   8.15652051e+03   6.42982930e+04   6.98921280e+01
   1.06905010e+04   9.42771484e+02   2.79672969e+04   6.07456970e+02
   6.69544556e+02   8.49554688e+04   6.25962744e+03   1.58922778e+03
   1.74647938e+05   9.12404297e+02   7.98774141e+04   1.32147451e+04
   7.40351719e+04   9.04348906e+04   1.29757675e+02   1.99407410e+03
   2.28657983e+03   1.56626562e+03   1.28785992e+05   2.67999980e+04
   7.48189844e+04   2.52747363e+04   5.19487354e+03   2.89252954e+03
   2.16626758e+04   5.94624084e+02   8.00312969e+04   1.17970371e+04
   1.01738828e+04   1.09295859e+04   2.67551819e+02   1.01532715e+02
   4.22077812e+04   1.61868105e+04   4.47793335e+02   3.18079824e+04
   1.09861060e+03   3.46789258e+03   3.31511938e+03   1.58693477e+04
   2.61731567e+03   7.58075943e+01   1.53855420e+03   3.82455994e+02
   3.45191758e+04   1.53476641e+04   3.46725977e+04   1.39007125e+05
   3.85392517e+02   1.11931750e+03   3.13091675e+03   2.27616501e+02
   5.50836945e+01   8.97450684e+03   4.33057070e+04   1.83626516e+05
   6.95747578e+04   7.07258887e+03   5.17388232e+03   7.18254929e+01
   2.67077271e+02   7.87845039e+00   2.66129746e+04   1.55817949e+04
   1.52762422e+04   1.44657349e+03   8.66027031e+04   1.64284980e+04
   3.60236725e+02   1.08385879e+04   6.40393750e+04   3.25318145e+04
   4.04943799e+03   3.80769507e+03   4.38208984e+03   1.55356781e+05
   6.81071562e+04   4.34775117e+04   6.99330391e+04   2.29177070e+04
   1.81973422e+05   1.44560986e+03   2.84278748e+02   7.48229248e+03
   1.21883016e+05   2.59049922e+04   2.32709746e+04   4.61407617e+04
   1.93516357e+02   1.50944324e+03   2.87257559e+04   2.69510684e+04
   2.77599375e+04   9.15325781e+03   3.83388208e+03   0.00000000e+00
   9.32816565e-01   2.63991152e+04   8.15481796e+01   2.96833545e+03
   1.63534375e+03   1.21342727e+05   1.27170776e+03   1.12194461e+05
   2.41377051e+04   0.00000000e+00   2.08999829e+03   1.63531570e+01
   5.25587891e+02   1.74189785e+04   4.51854019e+01   4.52674854e+03
   3.85121002e+02   2.71254785e+04   1.28420227e+02   2.53533262e+04
   1.80182754e+04   1.44141328e+05   3.73266663e+02   1.05573292e+01
   1.73997864e+03   2.31248291e+03   1.88817123e+02   1.40199060e+03
   7.17805029e+03   6.60565491e+01   1.35572205e+03   8.51256836e+02
   1.19401109e+05   8.49697754e+03   5.27499570e+04   0.00000000e+00
   1.42689835e+02   3.96931305e+02   6.55121094e+04   1.84974648e+04
   9.29939258e+03   3.51613092e+00   2.70441162e+03   0.00000000e+00
   1.08217803e+04   1.86348035e+03   2.10450156e+05   1.28064514e+02
   9.88128613e+03   3.38363159e+02   2.48882617e+04   4.51816406e+03
   4.21166895e+03   1.98144203e+05   5.63653198e+02   1.12004594e+05
   1.51146106e+03   9.01429443e+01   0.00000000e+00   2.05362461e+04
   1.82225635e+03   9.62684609e+04   3.64961548e+03   1.79147482e+00
   5.02396328e+04   1.66755420e+03   5.24300049e+02   2.65517531e+05]
[  3.79347266e+03   6.12272021e+03   2.05297339e+03   2.37071991e+00
   3.62244570e+04   1.49165714e+00   9.01343672e+04   2.26830547e+04
   1.41139031e+05   2.19884323e+02   2.86192444e+02   6.48560312e+04
   1.67915619e+02   1.60041438e+05   5.78237061e+03   2.91098236e+02
   7.51478210e+02   1.34372930e+04   1.08272729e+03   5.61851465e+03
   5.13791309e+03   3.61771631e+03   1.69129871e+03   9.94333878e+01
   2.97877228e+02   7.13641260e+03   1.00531769e+03   3.09992812e+04
   1.16758020e+03   7.35192322e+02   1.72172928e+02   3.96148773e+02
   8.13259033e+03   3.01368952e+00   5.13786670e+03   5.56862915e+02
   1.98267639e+03   1.68013287e+01   8.04643125e+04   3.00524353e+02
   1.81129824e+04   2.33781470e+03   1.31984558e+02   5.84882969e+04
   2.75271216e+03   6.75703552e+02   4.57853809e+03   2.40932495e+02
   7.32030273e+02   4.92979797e+02   1.55767627e+03   2.68987217e+01
   0.00000000e+00   1.34210176e+04   1.26754443e+03   3.87507617e+03
   8.42669043e+03   2.91905853e+02   3.86877403e+01   7.51261616e+00
   0.00000000e+00   1.39654041e+03   8.99347595e+02   1.57985791e+03
   1.70393906e+02   1.80856537e+02   1.19343193e+04   7.77428467e+03
   9.13762031e+04   4.09063293e+02   1.86803341e+01   6.26441406e+04
   1.77018814e+01   1.05897100e+04   5.33328735e+02   8.64824829e+02
   0.00000000e+00   6.00178320e+03   8.35763733e+02   7.33061768e+02
   8.96438721e+02   1.90471172e+05   6.92018672e+04   1.84929238e+04
   1.47659082e+03   4.56620216e+01   8.46949023e+03   3.64184863e+03
   8.02197217e+03   1.02625586e+03   2.31939258e+04   3.03170068e+03
   1.85124866e+03   0.00000000e+00   1.23525381e+04   6.85530090e+01
   1.31434338e+03   1.97654219e+04   2.71340391e+04   5.12536865e+03
   2.36590161e+03   2.27557104e+03   1.55048462e+03   5.61799240e+01
   1.83444366e+02   2.34781445e+04   7.27512734e+04   3.88695618e+02
   1.01095469e+05   1.32528312e+05   8.98972717e+02   2.10592178e+02
   1.49137970e+02   9.02943298e+02   1.53766766e+05   3.22930127e+03
   2.76297272e+02   2.01703845e+03   3.42857849e+02   3.28866699e+02
   1.92445175e+02   3.64022192e+03   6.01501343e+02   2.37668457e+01
   6.28227773e+04   2.29844055e+02   1.49587031e+04   6.83999084e+02
   4.28245773e+01   2.77146328e+04   8.19263611e+01   6.55887207e+02
   5.77312622e+02   9.35314355e+03   6.17177930e+04   8.84491348e+00
   1.21272980e+02   2.57219696e+02   1.68207539e+04   0.00000000e+00
   3.45645065e+01   2.78655487e+02   1.05192715e+04   2.67120514e+01
   5.33137256e+03   1.71928320e+04   2.64779443e+03   6.72971875e+04
   2.50847754e+03   2.53055879e+04   1.51144297e+05   1.67354141e+04
   2.27703984e+04   1.09614673e+03   3.06226685e+02   9.83565703e+04
   4.62366992e+03   1.00065570e+05   5.06913770e+03   3.45234180e+03
   3.11024878e+03   1.88168789e+04   0.00000000e+00   3.08603149e+02
   4.80366836e+04   2.32853491e+03   1.29642562e+05   2.18887806e+01
   1.11337930e+04   2.56988125e+04   2.63742950e+02   1.14017810e+03
   1.33243406e+05   2.06273301e+04   1.22771358e+01   3.54338959e+02
   1.23104285e+03   1.07029795e+04   1.07245386e+03   6.42336975e+02
   1.40699312e+05   4.23676575e+02   7.42813171e+02   0.00000000e+00
   1.91530273e+04   7.02322188e+04   0.00000000e+00   2.29018631e+02
   3.00655640e+02   1.32228328e+05   1.74530195e+04   2.10723663e+02
   9.01512375e+01   1.47623000e+05   3.58218286e+03   6.36693652e+03
   4.73943558e+01   3.60884531e+04   1.17275220e+03   6.83742656e+04
   3.10195762e+04   3.04331879e+02   2.00618207e-01   9.91440506e+01
   3.58832227e+04   7.75122803e+02   1.51421753e+02   9.41495410e+03
   5.40541191e+01   5.05131934e+03   1.47974744e+03   2.28908279e+02
   6.46699268e+03   1.80327109e+04   6.55688828e+04   1.10737195e+05
   4.93744180e+04   2.42545471e+02   6.99515686e+02   6.69561953e+04
   1.35599033e+04   9.69524918e+01   2.73791870e+03   4.08278473e+02
   5.93347559e+03   0.00000000e+00   6.94203125e+03   7.90748125e+04
   1.39409412e+03   3.23959414e+04   1.06660602e+05   1.71285110e+02
   2.11948822e+02   7.21084033e+03   1.16310959e+01   1.84208234e+05
   1.53388031e+05   2.55434448e+03   6.89475632e+01   1.99509983e+01
   2.90027539e+03   3.72312891e+03   8.27160187e+01   1.54183679e+03
   9.16505371e+03   6.04521240e+03   0.00000000e+00   1.16434586e+05
   3.16448917e+01   9.34361420e+01   1.97771228e+03   1.45692434e+01
   4.77282715e+03   2.33196163e+01   4.58261597e+02   1.43858597e+02
   2.86019592e+02   3.38247607e+03   3.77054346e+03   1.24242852e+04
   2.74270630e+03   1.97822156e+03   1.11651428e+03   5.04895416e+02
   2.70761206e+03   8.22919922e+03   2.92658020e+02   1.79633066e+04
   5.88216553e+03   5.16470557e+03   2.69979187e+02   6.07709045e+01
   7.69496155e+02   2.14028311e+00   0.00000000e+00   0.00000000e+00
   1.99410137e+04   0.00000000e+00   1.71065637e+03   3.22936445e+04
   2.47295898e+04   1.34958664e+02   3.50048867e+04   0.00000000e+00
   3.91626091e+01   1.22303496e+04   2.53761292e+01   7.86010078e+04
   6.08862976e+02   2.31494897e+03   1.62876053e+02   2.18908496e+03
   1.09137258e+05   1.36064541e+04   3.18482080e+03   1.20654551e+04
   8.18073203e+04   2.06567188e+03   1.97107239e+02   1.39968591e+03
   0.00000000e+00   4.45147559e+03   2.71890312e+04   0.00000000e+00
   2.86672607e+03   2.30404414e+04   9.91854199e+03   9.09129062e+04
   3.98567543e+01   1.70162460e+02   5.79736572e+02   5.07013623e+03
   6.85195000e+04   4.45099926e+00   7.29401123e+02   1.53548462e+02
   9.78516797e+04   1.42208271e+01   2.12261642e+02   8.15860977e+01
   2.41817285e+03   2.26854668e+04   2.62648594e+04   3.67117852e+04
   1.50235797e+05   3.81243927e+02   2.35204492e+03   2.31052617e+04
   5.24558655e+02   5.37260342e+00   9.90318516e+04   4.38232344e+04
   1.46585114e+02   2.22621533e+03   1.32013701e+04   2.33065698e+03
   0.00000000e+00   7.19959424e+03   2.02959579e+02   4.92028076e+02
   1.91085742e+04   7.96675195e+03   2.02406934e+03   7.24337578e+04
   1.56075226e+02   3.20514609e+04   1.09613977e+03   2.36451582e+04
   9.68947109e+04   2.04102509e+02   1.93353561e+02   9.65116089e+02
   3.86618561e+02   3.35577954e+03   1.49033297e+05   5.26403516e+04
   1.67761926e+03   3.71982849e+02   1.20950156e+04   9.99652100e+01
   6.71823193e+03   8.29984253e+02   2.07521152e+00   1.15018379e+02
   4.91845977e+04   8.67697500e+04   1.77272302e+03   1.82197070e+04
   8.07009811e+01   5.45168398e+04   3.62229576e+01   1.70420215e+04
   7.64759229e+03   1.63723422e+05   1.18118408e+03   1.78486816e+03
   1.71104187e+02   2.22591263e+02   3.55699878e+03   2.26766406e+04
   2.90166016e+04   9.40636523e+03   5.71717377e+01   3.30738037e+02
   5.33632263e+02   6.50693516e+04   6.37310078e+04   3.99224766e+04
   1.32290453e+05   3.29093896e+03   0.00000000e+00   1.08993120e+01
   3.98251025e+03   7.90151221e+03   1.28390857e+03   7.96164307e+03
   6.66151562e+03   3.35272713e+01   1.16277844e+03   1.99793347e+03
   7.77316284e+02   3.52031470e+03   1.97067676e+04   2.29873008e+04
   6.45940527e+03   0.00000000e+00   1.57114266e+05   2.85009705e+02
   3.03067554e+03   2.73411312e+01   2.78071045e+03   7.47256042e+02
   3.77302319e+03   1.07558984e+04   1.82710327e+02   6.19736862e+00
   1.11953682e+02   3.06805737e+03   6.55937451e+03   4.26341858e+02
   2.27687866e+03   6.86029510e+01   6.02208350e+03   9.55005566e+03
   3.81690991e+03   5.84708555e+04   2.42486969e+02   2.86588192e+00
   1.22349736e+04   7.41080856e+01   1.67038477e+03   5.05508672e+04
   3.59659229e+03   2.40537766e+02   5.77263000e+02   1.62326123e+03
   2.62997925e+03   6.86727832e+03   9.83092031e+04   1.01362930e+04
   3.18719902e+04   9.93680420e+02   1.24896299e+04   4.92068457e+03
   1.41339636e+01   1.97535242e+03   7.11881152e+03   7.39806213e+02
   4.37034271e+02   3.57524475e+02   0.00000000e+00   4.83116016e+03
   1.35683727e+01   0.00000000e+00   1.45770820e+04   0.00000000e+00
   0.00000000e+00   3.44649365e+03   0.00000000e+00   7.45284241e+02
   8.65373633e+03   6.53896240e+02   4.48784023e+04   4.94635620e+02
   1.37787781e+05   3.59406797e+04   5.32889404e+02   2.61670898e+03
   3.80381470e+02   5.15912031e+04   2.23547051e+04   5.40742569e+01
   5.55592041e+02   7.03726807e+01   6.57704712e+02   6.20072363e+03
   5.29771875e+03   3.40035126e+02   3.45131470e+03   0.00000000e+00
   1.97616777e+04   1.02439834e+04   1.23457998e+04   6.42610779e+01
   4.91416931e+02   2.07211816e+03   6.46277070e+04   2.98818760e+01
   1.61009933e+02   1.23750969e+02   1.76046156e+05   7.97421143e+03
   3.42235779e+02   2.87000885e+02   8.91989422e+00   8.54075684e+03
   2.20906540e+02   4.30865364e+01   1.73488623e+03   3.16141211e+03
   1.54065906e+03   1.52814612e+03   1.40916977e+02   8.06430542e+02
   9.22819641e+02   1.89760672e+05   1.36359787e+02   1.01598486e+03
   0.00000000e+00   2.44838027e+04   5.69734717e+03   4.64948340e+03]
[  4.28997253e+02   2.14618652e+04   7.67857819e+01   1.65544714e+03
   9.06056152e+02   4.09661211e+04   4.91331024e+01   1.18998799e+04
   6.73385449e+03   7.66775547e+04   5.10083984e+02   4.92357635e+01
   6.27834570e+03   5.73773086e+04   3.27263623e+03   2.74741333e+02
   5.11365234e+03   4.58249170e+03   9.03276797e+04   1.25471265e+03
   4.60765743e+00   3.10981372e+03   1.31223068e+02   1.09559436e+03
   1.12577637e+04   1.49729385e+02   1.36401572e+04   1.81176743e+02
   4.69748230e+02   1.13956030e+03   1.16851233e+03   1.52924512e+03
   6.13613464e+02   0.00000000e+00   5.31899170e+03   4.68920593e+01
   3.58440613e+02   1.30175297e+05   1.31727743e+00   1.48193721e+04
   9.40370117e+03   6.75681639e+00   4.48967314e+00   8.79730225e+02
   6.98391553e+03   4.73762512e+02   5.86316895e+03   1.09954482e+04
   2.42070068e+02   3.16216908e+01   1.09754004e+03   4.82365186e+03
   1.06086655e+02   4.32473125e+04   1.72407852e+04   8.46324297e+04
   6.91923706e+02   1.20643994e+04   2.49050007e+01   4.34293457e+03
   6.89314502e+03   1.19517749e+03   1.54238379e+03   1.20134468e+02
   6.94389941e+03   4.45482941e+02   1.23683403e+02   4.08375183e+02
   7.15035019e+01   9.26112366e+00   3.92746826e+02   2.23727949e+04
   9.96288125e+04   3.15816559e+02   4.90986445e+04   1.18925446e+02
   2.13627014e+02   1.85696152e+02   4.42777740e+02   1.93852500e+04
   4.52009033e+02   6.41972852e+04   2.82818867e+04   7.06308057e+03
   1.11381750e+05   7.54400787e+01   4.80538916e+03   1.25369531e+04
   1.61306006e+04   4.86975273e+04   1.68423939e+01   4.93324805e+03
   3.59140259e+02   1.59792070e+04   3.99912744e+03   5.64943262e+03
   2.40020039e+04   3.81058006e+01   1.26719258e+04   7.27263611e+02
   7.15234756e+01   4.59859277e+03   1.43474213e+02   6.06189697e+03
   1.19376254e+00   1.62738407e+00   1.53734631e+03   7.35054453e+04
   1.34907603e+00   2.40435098e+04   7.24894287e+02   8.48438047e+04
   3.36965186e+03   6.99447155e+00   3.73267794e+00   1.61364426e+02
   4.20830322e+02   3.61348906e+04   8.20396484e+02   4.29368515e+01
   4.59049121e-02   1.69129980e+04   9.74246680e+03   2.70651131e+01
   1.05165581e+02   8.65478027e+03   3.40183136e+02   3.35460587e+01
   6.07162659e+02   1.68026581e+02   2.57018086e+04   7.66379517e+02
   8.61342621e+01   2.05770874e+03   6.20256226e+02   4.44722852e+03
   1.07269188e+05   0.00000000e+00   7.38981628e+01   9.32407990e+01
   8.59110296e-01   3.48662048e+02   3.18519165e+02   2.55375687e+02
   3.51727661e+02   2.07672827e+03   3.61362549e+03   0.00000000e+00
   3.36168640e+02   9.69543125e+04   4.88150826e+01   2.79475441e+01
   9.17363281e+02   1.53252012e+04   1.87237122e+02   2.03925059e+04
   4.04403076e+01   6.39482544e+02   9.44380875e+01   1.09963389e+04
   1.09368385e+02   5.22714172e+02   2.65507172e+02   4.59247513e+01
   9.59610625e+04   1.29073067e+01   1.02284142e+02   7.71455127e+03
   6.53376465e+03   3.63952461e+04   4.45747471e+00   2.17894707e+01
   6.97272070e+03   1.04791760e+03   1.40250671e+02   3.33266309e+03
   9.69090781e+04   5.23190613e+02   7.84067422e+04   2.58762573e+03
   3.90933945e+04   2.49187832e+04   1.43709164e+01   6.45980371e+03
   1.85776953e+03   0.00000000e+00   9.37005798e+02   2.80574976e+03
   4.07778454e+00   3.62089722e+02   3.25956299e+02   8.69040298e+01
   1.15061133e+03   1.69035645e+04   1.24308936e+03   1.79852598e+04
   2.12504248e+03   5.50656555e+02   3.64542084e+02   4.13844824e+03
   7.68267627e+03   8.58446533e+02   1.21198242e+03   1.01188004e+00
   3.46128638e+03   7.61743240e+01   3.27315308e+03   1.70764417e+03
   1.25761240e+04   1.40551781e+05   1.36482788e+02   4.86962799e+02
   5.81758105e+03   2.24716582e+04   1.01156982e+02   1.42270420e+04
   1.37039781e+05   3.87569466e+01   2.90966721e+01   2.87470752e+03
   1.12644160e+04   6.79534149e+01   1.84760056e+01   1.07592200e+03
   7.23764221e+02   7.91933823e+01   1.34256048e+01   1.34541580e+02
   4.01320465e+02   9.77886810e+01   4.17818146e+01   1.06074471e+02
   2.16063989e+03   5.08614807e+01   4.22201109e+00   1.82630920e+01
   6.52944565e+01   3.76715393e+02   9.75344482e+02   2.42736725e+02
   9.10578537e+00   1.99818344e+02   1.25341321e+03   5.58660547e+04
   6.74842500e+04   6.89707471e+03   8.51833649e+01   9.65636963e+02
   1.66642666e+01   2.17445190e+02   3.82832837e+03   6.88409424e+01
   9.33738086e+03   7.60768066e+02   0.00000000e+00   2.03331421e+02
   2.60499341e+03   9.21264114e+01   1.08136340e+03   1.14110405e+02
   5.25268005e+02   8.48937793e+03   3.56875916e+02   3.02821350e+01
   8.12570078e+04   1.22047986e+03   5.42972383e+04   2.24963638e+02
   2.09429443e+03   9.16588455e-02   1.02289490e+02   1.00769525e+03
   5.94492416e+01   8.04152679e+00   5.69726406e+04   7.94103638e+02
   1.98330359e+03   6.53671570e+02   5.17524170e+03   1.02097803e+04
   6.71796326e+02   1.44944489e+02   9.31632202e+02   1.27790516e+05
   2.39690479e+03   7.32731201e+03   1.97358164e+04   5.15353027e+02
   4.54407043e+02   1.71007305e+04   1.48248059e+03   3.35546021e+03
   1.55880664e+04   1.32959412e+03   7.36275253e+01   1.23516309e+03
   5.47519336e+03   5.56726514e+03   8.12371240e+03   2.51946163e+00
   3.18282700e+00   6.76697510e+03   1.04655312e+04   5.44757652e+01
   2.15758730e+04   1.22103477e+05   6.85677917e+02   2.38571777e+03
   4.66630566e+03   6.72612598e+03   1.10620463e+00   8.90928418e+03
   0.00000000e+00   2.17999976e+03   4.40208447e+03   1.74043184e+04
   3.57414673e+02   4.38817188e+03   3.67009735e+02   2.00517793e+04
   5.85218213e+03   7.23985625e+04   2.27052686e+03   7.43113828e+04
   6.85180130e+01   4.84691345e+02   3.56258911e+03   5.82003967e+02
   4.33574249e+02   1.03717476e+02   1.31155557e+04   6.47810742e+03
   0.00000000e+00   1.21951699e+04   1.88102463e+02   2.85452905e+03
   2.88061462e+02   6.48746484e+03   2.31182935e+03   3.75596875e+04
   4.16055586e+04   1.06010291e+03   3.37778687e+02   1.18469261e+02
   1.81715333e+00   3.32806671e+02   2.78369902e+04   1.32895581e+03
   8.28435059e+03   4.62520166e+03   3.47690112e+03   8.91712031e+04
   4.16559631e+02   1.75973901e+03   1.10728223e+03   9.94907455e+01
   3.40320430e+04   2.04720276e+03   2.81456465e+04   1.10939655e+01
   1.08676742e+05   6.48239563e+02   4.15644805e+04   1.34875647e+03
   7.06478613e+03   3.67960541e+02   4.15660973e+01   1.08929600e+04
   7.10679260e+02   1.24978796e+03   2.61839264e+02   3.79356201e+03
   3.48348328e+02   6.89285791e+03   4.35799805e+02   1.91453328e+05
   1.21487393e+04   1.16355713e+03   6.58422314e+03   1.54718787e+03
   3.42584276e+00   2.56963688e+05   4.93470264e+03   6.03887695e+02
   8.27311646e+02   7.57531396e+03   5.37709618e+01   1.37756839e-01
   9.98160828e+02   7.22021667e+02   1.23540656e+05   3.16814893e+03
   1.63248169e+03   8.17073828e+04   1.11609531e+05   1.77503281e+02
   1.71603851e+01   8.28374219e+03   3.57762524e+03   8.94236719e+03
   4.14969482e+02   4.15541328e+04   1.29275464e+03   2.79445630e+03
   4.22102499e+00   1.93605293e+04   4.55096893e+01   2.01538855e+03
   1.02885889e+03   1.21576965e+03   1.68623828e+03   1.43239688e+04
   1.82918691e+04   5.58716370e+02   1.18966223e+03   0.00000000e+00
   2.57873608e+03   1.87738266e+02   5.24097252e+00   2.67303955e+02
   3.01125793e+02   3.72908320e+04   6.11215186e+03   1.24555387e+01
   3.63615387e+02   8.01881836e+03   3.50499939e+02   1.21133568e+02
   3.63069775e+03   1.04517119e+04   7.72970156e+04   6.17537598e+02
   1.01077598e+04   3.12762268e+02   1.19374611e+02   2.31965988e+02
   1.41045074e+02   0.00000000e+00   5.82202383e+04   2.24447298e+00
   9.87982864e+01   1.29397263e+02   3.43093071e+01   7.52324224e-01
   6.54811096e+01   2.93279766e+04   6.14349670e+02   6.17125000e+02
   1.58689832e+03   3.26322324e+04   3.07772186e+02   1.41295630e+03
   1.75691223e+02   2.58120000e+05   6.17658945e+04   4.24118843e+01
   1.24056494e+03   2.09688633e+04   2.72092441e+04   1.39037510e+04
   4.26582266e+04   1.39396387e+04   8.87260254e+03   2.46156787e+03
   1.54975928e+04   2.28277100e+03   4.54113403e+02   4.62406860e+02
   9.90731445e+02   2.66095018e+00   1.32870293e+04   2.34166484e+04
   1.62259492e+04   2.06948633e+04   7.92467712e+02   1.02226868e+02
   8.47143555e+02   8.57958496e+02   9.29363831e+02   3.69211445e+04
   4.77479053e+03   2.35686310e+02   4.87674258e+04   1.48096298e+02
   0.00000000e+00   0.00000000e+00   3.33967944e+03   3.81074799e+02
   1.06856641e+04   6.87175195e+03   8.65915859e+04   1.66861543e+04
   2.23093887e+04   1.49222290e+03   2.28720062e+02   6.44566223e+02
   1.15581995e+03   4.71721687e+01   3.08333276e+03   5.20482471e+03
   2.54710684e+04   3.49183281e+04   1.05913067e+01   1.62950513e+03
   1.36643584e+04   4.87058438e+04   2.20287552e+02   8.06921387e+01
   3.48433563e+02   2.02355652e+01   5.43029976e+01   3.57916094e+04]
[  3.29719055e+02   4.66458750e+00   2.90612555e+00   1.29342207e+04
   1.63161377e+02   1.18277016e+01   1.15640717e+01   5.37624550e+00
   2.92508453e+02   6.66551208e+01   5.46645775e+01   5.84411987e+02
   1.08854313e+01   9.55997620e+01   3.12045574e+00   1.03093538e+01
   0.00000000e+00   2.04406464e+02   0.00000000e+00   0.00000000e+00
   4.26484833e+02   2.19009414e+04   1.27992979e+04   9.80797806e+01
   1.68779030e+01   0.00000000e+00   3.79717565e+00   7.77802246e+02
   2.91172607e+02   1.34372986e+03   1.53084736e+04   2.57197314e+03
   2.34910107e+03   1.19202400e+02   5.47521687e+00   1.34194727e+03
   2.60653114e+01   1.95695664e+04   2.22907788e+03   1.12416418e+03
   6.87948047e+03   7.29224091e+01   3.08756567e+03   4.74888867e+03
   3.16887493e+01   1.35589528e+00   6.09716211e+03   1.33063841e+00
   2.00662060e+01   3.89187717e+00   7.45436172e+01   1.78782727e+03
   0.00000000e+00   4.66439552e+01   2.08401291e+02   8.19556961e+01
   5.39407129e+03   3.21913940e+02   0.00000000e+00   3.05813629e+02
   2.17790436e+02   3.88630533e+00   2.00406170e+00   4.70665253e+02
   9.02456818e+01   2.79861475e+03   6.01941261e+01   6.85062051e-01
   2.98859711e+02   6.22251660e+03   3.58074280e+02   5.15808792e+01
   5.93836975e+00   4.48347107e+02   1.59275780e+01   1.65865308e+03
   2.51215363e+00   8.71333679e+02   5.54938984e+00   4.50187454e+01
   0.00000000e+00   1.26570457e+02   2.46790390e+02   1.65254517e+03
   1.60849136e+02   6.16730461e+01   2.32295818e+01   8.44508839e+00
   2.03015039e+04   2.14237503e+02   1.88557188e+04   1.59063019e+02
   2.24021758e+04   2.51011993e+02   0.00000000e+00   4.12103516e+02
   1.13917998e+04   2.15175271e+00   3.34403345e+03   8.10910950e+01
   4.71889191e+02   2.74855232e+01   1.57603073e+01   0.00000000e+00
   8.92417603e+02   1.42737793e+03   0.00000000e+00   1.29352066e+02
   8.98320866e+00   0.00000000e+00   1.69090958e+01   1.95214722e+02
   1.82341992e+03   1.22007568e+04   1.73363724e+01   3.12532991e-01
   1.76886401e+03   7.10129822e+02   1.68291359e+01   1.21799767e+02
   0.00000000e+00   6.34944580e+02   0.00000000e+00   1.58068609e+00
   9.60646629e+00   4.39672804e+00   9.67139053e+00   0.00000000e+00
   9.65215378e+01   9.20691101e+02   4.75283966e+02   7.43015869e+02
   1.89833140e+00   1.21013931e+02   1.78001367e+03   5.86747704e+01
   1.11478623e+04   9.75686798e+01   1.26670097e+02   2.55570953e+02
   3.02241553e+03   7.18626709e+01   7.39842951e-01   7.69720068e+03
   1.91805573e+01   0.00000000e+00   1.69935654e+02   9.29580498e+00
   6.80770416e+01   1.20007240e+02   0.00000000e+00   2.10911922e+01
   1.03025925e+02   3.34590454e+01   1.00799689e+03   0.00000000e+00
   9.78440735e+02   2.39178734e+01   3.15132833e+00   0.00000000e+00
   2.22423340e+02   9.02216873e+01   2.25699941e+04   5.09448059e+02
   2.92803833e+03   1.43410088e+04   0.00000000e+00   3.42636401e+03
   6.00757874e+02   4.57006592e+03   1.72566831e+00   4.96319043e+03
   2.25482349e+01   3.08875244e+03   8.05668831e+00   1.04518361e-01
   1.85397781e+02   5.55714512e+00   1.86801636e+02   0.00000000e+00
   2.15382729e+01   3.44288086e+03   0.00000000e+00   1.28081763e+03
   3.50765320e+02   1.20423975e+04   1.98361855e+01   7.02057114e+01
   9.48650098e+03   3.27862396e+02   1.05645208e+01   3.79865875e+01
   3.20351270e+03   4.93689392e+02   6.19243774e+02   3.56482910e+02
   1.32404253e-01   2.93018213e+03   5.28058008e+03   1.04989932e+04
   3.29208183e+01   2.04060586e+04   1.02937260e+01   7.86724377e+00
   1.73538189e+01   1.91262169e+01   1.21106982e+03   2.64201587e+03
   0.00000000e+00   4.01881982e+03   4.48850684e+03   8.57216980e+02
   0.00000000e+00   0.00000000e+00   7.68425659e+02   4.82314551e+03
   1.62058823e+02   1.47854090e+01   8.26859379e+00   8.73251648e+01
   8.50543823e+01   1.47688553e+02   5.06324188e+02   3.88816905e+00
   1.21656943e+04   1.22977217e+04   0.00000000e+00   4.25999260e+00
   2.76182324e-01   7.55830627e+02   1.04211884e+02   5.21127502e+02
   7.24488144e+01   5.51751648e+02   2.89363306e+03   7.73142395e+01
   6.44440765e+01   1.08142578e+04   0.00000000e+00   1.00995062e+03
   0.00000000e+00   2.28196562e+04   2.03549137e+01   2.91698956e+00
   0.00000000e+00   4.65923309e+02   1.07334482e+04   2.86691308e+00
   0.00000000e+00   6.59775925e+01   1.35869912e+04   8.01863670e-01
   3.87833099e+01   4.73063698e+01   6.24833882e-01   2.18151196e+03
   1.42090063e+03   2.73779163e+01   0.00000000e+00   8.16873291e+03
   8.71521851e+02   5.44547653e+01   0.00000000e+00   0.00000000e+00
   5.21763086e-01   0.00000000e+00   7.60938704e-01   2.39537866e+03
   2.99317310e+03   4.53613548e+01   1.94602985e+01   3.35631226e+03
   2.24202671e+01   2.04277617e+04   9.78654199e+03   6.54269104e+01
   3.73807520e+03   2.17739391e+01   2.61645508e+01   5.81856906e-01
   9.33556519e+01   1.15354126e+03   1.72890293e+04   2.24681564e+02
   1.36821280e+01   1.26802689e+02   1.11833105e+03   1.82431958e+03
   4.17718202e-01   4.24964676e+01   1.51463577e+02   2.79364868e+03
   1.30175037e+03   4.05706757e+02   0.00000000e+00   0.00000000e+00
   4.84444313e+01   1.54598068e+02   2.58298874e+00   5.24853134e+00
   4.56015869e+02   5.78629150e+02   8.84125977e+03   0.00000000e+00
   1.36401917e+02   0.00000000e+00   1.26509453e+02   0.00000000e+00
   1.23359941e+04   0.00000000e+00   1.33539268e+04   2.43740692e+01
   4.05510368e+01   0.00000000e+00   2.91612339e+00   1.27465098e+04
   5.51324463e+03   3.67033276e+03   4.45790381e+03   2.33988743e+01
   1.75052954e+03   4.99624300e+00   1.08420849e+00   1.88470612e+02
   1.61668384e+03   2.89994687e-01   1.43429308e+01   9.24452744e+01
   1.92133591e+02   1.41890583e+01   1.04063025e+01   4.76933350e+03
   8.46327972e+01   7.55736572e+02   2.19432953e+02   5.66167920e+03
   2.71510498e+03   5.59123584e+03   5.82327246e+03   1.32514511e+02
   1.92370496e+03   1.71910419e+01   1.26163689e+02   2.50378203e+00
   4.19664551e+03   0.00000000e+00   5.44060010e+03   2.98828316e+01
   3.89406104e+03   1.11372894e+02   4.36103783e+01   1.62586164e+00
   6.07568213e+03   2.19572678e+01   0.00000000e+00   1.99213058e+02
   9.06067188e+03   8.47454785e+03   7.23334521e+03   5.17585945e+01
   9.72359543e+01   1.44559658e+00   1.70065155e+01   1.69917618e+02
   4.12719238e+02   3.90216789e+01   0.00000000e+00   2.46489365e+02
   1.27622154e+02   0.00000000e+00   3.80372711e+02   8.87711523e+03
   1.13385963e+01   3.75446289e+02   8.89063339e+01   1.50317551e+02
   3.46498698e-01   2.19533272e+01   1.76176167e+00   3.68190552e+02
   8.81434708e+01   2.58294102e+04   1.93461208e+01   8.48905957e+03
   6.88712646e+02   5.71080908e+03   2.50294043e+03   1.48890269e+00
   2.87955981e+03   2.80174225e+02   5.45455444e+02   3.46233177e+01
   2.26138344e+01   0.00000000e+00   5.74631844e+01   8.00745544e+01
   0.00000000e+00   4.35673409e+01   5.76231018e+02   2.94281403e+02
   2.17436142e+02   1.31844458e+03   9.93584766e+03   6.48318338e+00
   3.13829895e+02   4.21459885e+01   3.25299622e+02   6.73386230e+01
   3.41416574e+00   1.07641055e+04   1.31188469e+01   2.57850838e+01
   6.90801620e+00   4.07352448e+02   4.80627295e+03   1.40788937e+01
   1.06419678e+04   3.14002647e+01   0.00000000e+00   0.00000000e+00
   2.72156074e+04   1.34629590e+03   7.50478745e+01   0.00000000e+00
   5.46141968e+02   5.55329102e+02   0.00000000e+00   8.42052460e+00
   3.22978377e+00   1.54634473e+03   3.77280786e+03   2.58550453e+01
   6.04913391e+02   2.30911230e+03   8.29806702e+02   1.21269630e+02
   2.12165165e+01   3.92087463e+02   1.79891582e+04   6.55184021e+01
   1.45448332e+01   2.78826904e+01   1.01714964e+01   2.44378433e+02
   4.50093117e+01   2.85852928e+01   1.40812998e+04   1.09909385e+04
   2.00214590e+04   6.74020195e+00   2.62246002e+02   7.75251160e+01
   6.40815869e+03   3.04261608e+01   1.30151819e+03   2.68917572e+02
   1.21752068e+02   2.09674219e+04   1.02046829e+02   4.81200928e+03
   0.00000000e+00   4.91248993e+02   1.32439985e+01   3.21001244e+01
   9.62323047e+03   1.52310104e+01   6.31940117e+01   0.00000000e+00
   2.25970364e+00   3.91280731e+02   1.96928284e+02   1.25374126e+01
   1.75349411e+02   6.28531348e+03   0.00000000e+00   1.57894470e+03
   3.21323914e+02   1.56641785e+02   1.19520840e+04   1.82456848e+02
   5.97655029e+03   3.57650696e+02   1.92441986e+02   1.25229416e+02
   2.79615517e+01   3.39670972e+03   6.14613075e+01   1.49646309e+04
   0.00000000e+00   1.65605335e+01   1.27676868e+00   8.90060352e+03
   1.61840179e+02   4.70573711e+00   3.71455307e+01   0.00000000e+00
   5.24162793e+03   5.69273682e+02   1.50682715e+03   9.72945703e+03
   2.34854797e+02   1.13948898e+02   1.88950244e+03   6.44115186e+03
   2.78243518e+00   5.06172314e+03   2.39506721e+00   6.45742432e+02
   0.00000000e+00   1.42557002e+04   2.94824338e+00   1.89898911e+02]
[  8.35921783e+01   6.26344421e+02   1.25291008e+02   3.31566498e+02
   3.00119324e+02   1.23210400e+03   6.29371986e+01   2.42987183e+02
   5.85551262e+01   1.14302993e+00   1.42345972e+03   3.39984790e+03
   7.00014893e+03   4.08347870e+02   4.54164795e+03   3.58550537e+02
   2.81673360e+00   3.62769440e+02   1.99345825e+03   2.94965729e+02
   1.53555969e+02   3.43151970e+01   4.96670654e+03   1.34991821e+02
   2.46774765e+02   8.39814301e+01   5.35407982e+01   2.35248566e+01
   7.13687842e+03   6.58519363e+01   4.73388433e+00   3.45620155e+01
   4.22632031e+03   8.45801392e+01   1.32919350e+01   2.72653516e+03
   7.21874512e+03   4.57797241e+01   1.79997215e+01   1.36184180e+03
   1.17623662e+04   4.02089905e+02   4.19761449e-01   2.28568554e+00
   1.73706257e+00   3.36301239e+02   8.12601611e+03   4.34384384e+01
   1.24818932e+02   6.20710564e+01   8.18332520e+01   7.75200272e+01
   2.30868921e+03   6.88559998e+02   5.24712646e+02   6.27071533e+03
   8.44715118e+00   6.89100599e+00   2.95496509e+03   7.38219189e+03
   3.28262769e+03   3.31708282e+02   9.97593262e+03   0.00000000e+00
   1.61153126e+00   4.34555481e+02   8.64613953e+01   1.60551666e+02
   1.81212234e+01   3.19170386e+03   4.32061084e+03   1.54307874e+03
   9.15650024e+02   1.03595200e+02   2.70002197e+02   1.87167322e+03
   1.21894600e+02   4.84285553e+02   7.81934131e+03   3.24889374e+00
   3.02080612e+01   1.30171295e+02   5.00439941e+03   1.36315155e+01
   1.29162024e+03   6.46521045e+03   9.72151489e+01   1.44080292e+02
   7.07210254e+03   7.61665649e+02   2.26974579e+02   1.42841827e+02
   0.00000000e+00   2.85556641e+03   7.07931824e+01   3.15005474e+01
   3.19217438e+02   4.98737891e+03   4.38239365e+01   1.90611191e+02
   6.43698359e+00   5.53494596e+00   7.63231812e+01   5.95234489e+00
   4.74813086e+03   0.00000000e+00   1.29812057e+02   8.03524219e+03
   4.98075781e+03   7.74252548e+01   8.30510254e+02   3.63949318e+01
   5.74157080e+03   1.52869397e+03   4.33864227e+02   1.21602440e+00
   1.79013748e+02   3.93359642e+01   4.09651904e+03   4.51811066e+01
   5.36599312e+01   4.70412500e+03   0.00000000e+00   4.16938133e+01
   5.53030434e+01   5.19215820e+02   1.21535355e+02   1.03517065e+03
   7.89806445e+03   1.95637167e+00   1.72461411e+02   3.82777197e+03
   2.18764062e+03   8.17329979e+00   1.24832422e+04   3.13225412e+00
   3.58939457e+00   5.97467957e+02   6.11931801e+01   8.88498127e-03
   5.87281299e+03   0.00000000e+00   1.48647644e+03   1.19582672e+02
   1.71749481e+02   1.10298910e+01   0.00000000e+00   1.52107000e+01
   4.20945883e-01   6.01915466e+02   8.45713854e-01   4.39361176e+02
   3.09923492e+02   4.81786523e+03   1.74662369e+02   2.13436328e+03
   1.75561841e+03   2.17158175e+00   1.59574756e+03   4.24367828e+02
   1.76486145e+03   2.58537256e+03   6.26618805e+01   4.46666901e+02
   8.59264453e+03   5.94467468e+02   3.03349121e+02   3.09423466e+01
   6.95017052e+00   1.85783533e+03   5.04507965e+02   3.21190286e+00
   1.15868362e+02   2.88470364e+00   7.58714523e+01   1.32117498e+00
   2.16621828e+00   7.14166699e+03   1.80779883e+03   1.02246389e+01
   1.38111679e+02   1.25086136e+02   1.27731633e+00   8.67841949e+01
   6.98698193e+03   4.69400227e-01   1.48129578e+02   2.06773353e+00
   0.00000000e+00   1.23527489e+01   3.50718236e+00   1.41246292e+02
   8.40200424e+00   2.31100281e+02   4.62366943e+02   9.26609802e+02
   1.38191284e+02   4.24091568e+01   1.84016171e+01   4.57905674e+00
   9.85373592e+00   1.35929840e+02   4.79082108e+00   6.22357655e+00
   1.22736809e+02   1.43002119e+01   1.22285820e+02   2.95096436e+02
   2.26613941e+01   5.52009827e+02   5.84718408e+03   6.57122314e+02
   2.03195021e-01   0.00000000e+00   1.62478958e+02   9.21276550e+01
   1.29690199e+01   6.85783264e+02   4.00846863e+02   1.21766472e+02
   5.21567078e+02   1.14822241e+03   1.48800171e+02   3.59253198e+03
   1.51589108e+01   7.80664825e+01   4.45144482e+03   1.12183252e+03
   5.43244043e+03   7.73362988e+03   7.31151367e+03   7.09612503e+01
   0.00000000e+00   1.20207741e+02   3.29446686e+02   4.09204150e+03
   2.37675000e+03   1.36370885e+00   4.26371289e+03   7.33149414e+02
   1.44023256e+01   3.76485329e+01   5.99893250e+02   0.00000000e+00
   6.82814392e+02   7.97743347e+02   4.77198914e+02   0.00000000e+00
   3.53718384e+02   8.43771696e-01   0.00000000e+00   4.05552307e+02
   4.80481885e+03   2.49492979e+00   2.30497003e+00   7.79741553e+03
   0.00000000e+00   3.78311951e+02   2.03936020e+02   4.98042679e+01
   7.45009473e+03   0.00000000e+00   9.91330762e+03   1.52128281e+02
   1.32499981e+00   8.93881912e+01   5.48812988e+02   2.17876978e+03
   8.93923569e+01   4.97606659e+02   1.94401962e+02   4.63553009e+02
   0.00000000e+00   1.01816547e+00   3.34854889e+01   1.60741409e+02
   5.22444992e+01   1.52393341e+02   1.44871814e+03   2.07276147e+03
   1.04590187e+01   1.08377388e+02   7.05194043e+03   1.34693317e+01
   8.68749559e-01   3.89471216e+03   2.44896118e+02   1.60320055e+00
   6.82827344e+03   7.47642365e+01   1.67780075e+01   9.85493481e-01
   7.63612488e+02   1.53411511e+03   8.27710254e+03   4.29917450e+01
   1.41635168e+03   6.78674194e+02   9.19916458e+01   5.51345825e+02
   6.64130420e+03   1.59819336e+03   2.59870548e+01   2.76796341e+00
   4.82160791e+03   3.60008643e+03   1.21212158e+04   3.32272644e+02
   4.66509134e-01   1.93046127e+02   3.42125610e+02   3.68837097e+02
   1.46994019e+00   8.94355087e+01   5.53754463e+01   1.97151123e+03
   6.79145203e+02   9.08022842e+01   6.34754211e+02   2.72273731e+00
   2.45709538e+00   5.42001318e+03   1.57644453e+01   7.87355273e+03
   1.12672165e+02   2.07075058e+02   1.49663467e+02   4.67511654e-01
   3.31133270e+00   6.71158386e+02   2.68808198e+00   2.50538864e+01
   1.82980377e+02   1.27021698e+02   2.40585254e+03   3.36706810e+01
   3.56057788e+03   5.16682617e+02   1.48940735e+03   4.82854199e+03
   3.44216064e+03   2.05089624e+03   2.17503101e+03   5.63749790e+00
   2.43780243e+02   1.26788391e+03   2.16932251e+03   1.07988861e+02
   2.10472458e+02   5.37517236e+03   8.59838676e+00   0.00000000e+00
   8.17583398e+03   5.69921303e+01   2.25905078e+03   2.10829973e+00
   4.90214307e+03   1.36561511e+03   1.18463669e+02   8.56938629e+01
   3.16585941e+01   2.59241796e+00   2.03397629e+02   1.09594995e+03
   2.71099707e+03   7.20176744e+00   4.60992889e+01   6.27209816e+01
   2.34091072e+01   0.00000000e+00   9.35929004e+03   1.14706755e+01
   4.06212219e+02   2.92368750e+03   2.11854267e+00   5.27257141e+02
   4.04533301e+03   1.57453184e+04   2.35524963e+02   1.68070667e+03
   7.25458374e+02   2.37290096e+01   1.26298523e+02   5.81485176e+01
   3.63880280e+02   1.82273560e+02   3.54165688e+01   2.92555908e+02
   2.44221704e+03   5.57262764e+01   1.27408223e+04   2.08369579e+01
   1.08783203e+03   9.97441483e+01   0.00000000e+00   1.04150360e+02
   1.09215808e+00   8.27518860e+02   8.96146317e+01   6.56272888e+02
   4.58424805e+03   1.25642830e+02   5.17221069e+01   6.97281787e+03
   3.74371240e+03   3.74838257e+02   4.58845001e+02   1.88249624e+00
   4.09088593e+01   1.04523271e+04   6.96006851e+01   2.57378662e+03
   1.22324890e+02   3.96643424e+00   1.94621944e+01   0.00000000e+00
   5.18555847e+02   5.25095654e+03   1.03485852e+03   4.86034814e+03
   6.85147095e+01   5.01096573e+01   3.46256927e+02   0.00000000e+00
   7.81961594e+01   3.62308836e+00   1.43186722e+02   5.42104492e+03
   8.86777588e+02   1.19388245e+03   1.79296621e+04   1.15737114e+02
   3.59857903e+01   3.18913135e+03   9.76678238e+01   1.77329681e+02
   2.24753394e+03   1.75329094e+01   3.17886169e+02   5.21177002e+02
   1.79102840e+01   7.78898954e+00   2.21909275e+01   2.87637177e+02
   2.23162598e+02   1.09427788e+02   7.87163010e+01   1.10959303e+00
   9.42669220e+01   5.61339712e+00   3.60980123e-01   3.29400195e+03
   1.50305264e+04   2.31894360e+03   5.96472473e+01   5.95146606e+02
   1.60692959e+04   1.64860596e+02   1.36504395e+03   3.96998835e+00
   4.03838654e+02   2.12168762e+02   6.30468521e+01   9.93668079e-01
   1.49331348e+03   1.40274207e+03   5.79989891e+01   1.05363291e+04
   9.61568164e+03   7.07120483e+02   1.69540024e+00   5.40746269e+01
   1.37900295e+01   2.06776831e+03   1.69333954e+02   1.62684998e+03
   7.99017258e+01   0.00000000e+00   1.77722454e+01   1.27096570e+00
   2.68128357e+02   1.74404663e+03   6.63809586e+01   1.04632300e+03
   1.56887405e+02   2.65461779e+00   1.70808830e+01   1.35345713e+04
   3.01012001e+01   1.07083183e+02   6.32167969e+02   2.20089844e+03
   0.00000000e+00   0.00000000e+00   3.30492096e+02   4.87205009e+01
   1.80449886e+01   2.43839941e+03   7.32889771e+02   5.79091260e+03
   1.02708960e+03   8.59136276e+01   4.27388123e+02   7.05676172e+03
   1.13234070e+02   0.00000000e+00   2.29722473e+02   7.15592090e+03
   2.86866455e+01   6.55996948e+02   5.91751175e+01   9.63574707e+03]
[  6.91257507e+02   3.42171516e+01   6.03026915e+00   4.86582375e+00
   1.53238449e+01   1.46061584e+03   1.60207993e+02   1.04799973e+02
   1.22648038e-01   4.90472137e+02   9.30331707e+00   1.36603134e+02
   5.38954224e+02   2.12349927e+03   3.47636566e+02   0.00000000e+00
   9.74482727e+00   7.64847961e+02   1.19159157e+02   4.56224346e+00
   1.39377031e+01   7.33373404e-01   5.46552849e+01   2.03099463e+03
   3.13704103e-01   3.77937555e+00   5.71942520e+00   5.82034254e+00
   6.03721161e+01   5.10124512e+01   2.07270374e+01   1.49334192e+00
   2.58817688e+02   2.76547775e+01   2.85722290e+03   2.47818579e+03
   1.81294861e+01   2.21972314e+03   4.02378159e+01   1.03178436e+02
   1.70699253e+01   3.66538200e+01   9.68548584e+01   6.70504608e+01
   1.86062086e+00   1.40856796e+02   9.61979187e+02   2.99825281e-01
   1.13199852e+02   5.52056122e+01   2.08400146e+03   0.00000000e+00
   1.57757282e+01   1.17213676e+02   0.00000000e+00   3.11166046e+02
   1.38251269e+00   9.97483444e+00   2.05864929e+02   5.42830200e+02
   4.54359388e+00   1.89127350e+01   4.19952812e+01   4.53788605e+01
   2.73779583e+00   1.43525152e+01   1.65484238e+02   3.48044753e+00
   3.69129715e+01   1.92449703e+01   7.75063400e+01   3.62673633e+03
   1.61668873e+01   1.97445391e+04   2.25278711e+03   2.20384145e+00
   5.31171274e+00   2.54572754e+01   1.12797546e+02   1.94865932e+01
   6.16265030e+01   5.83913994e+01   5.71067047e+00   2.88516254e+01
   4.57044525e+01   0.00000000e+00   1.14172241e+03   2.29456024e+01
   1.39433914e+02   1.23833065e+01   4.03722267e+01   5.19814224e+01
   2.86354084e+01   4.25541840e+02   2.09974533e+02   4.98023605e+01
   2.49140110e+01   5.42071419e+01   8.37509537e+01   5.74284782e+01
   0.00000000e+00   3.03975754e+01   1.41850159e+02   3.34097023e+01
   6.07806282e+01   3.78401108e+01   1.20648408e+00   4.03026050e+03
   4.85015678e+01   2.78702044e+00   1.86178918e+03   2.52559910e+01
   2.77674160e+01   1.68777908e+02   0.00000000e+00   4.86341149e-01
   1.48314285e+01   6.52867737e+01   4.88554053e+03   2.22607231e+00
   3.42726593e+02   2.10721188e+01   1.60477734e+01   1.16687660e+01
   1.53484297e+00   2.48192656e+04   9.11128461e-01   3.16643124e+01
   7.85532166e+02   2.44572449e+02   5.53088875e+01   2.35437363e+02
   4.85886650e+01   7.94664288e+00   3.97781714e+03   5.65610933e+00
   1.56798668e+01   7.30711222e+00   2.64016040e+03   3.08235016e+01
   3.13337278e+00   1.05678247e+03   5.51133585e+00   8.63176941e+02
   9.82607174e+00   1.09719307e+02   3.98057961e+00   1.32087738e+02
   1.97254736e+03   5.52045202e+00   5.67585945e+00   4.03142303e+02
   3.51473007e+01   2.05841503e+01   1.23283069e+03   1.33992447e+02
   3.48168030e+01   0.00000000e+00   4.58018780e+00   1.52285693e+03
   9.66974609e+03   5.65056201e+03   3.63560028e+01   1.82342377e+01
   4.56366425e+01   1.57479467e+01   1.19671844e+02   2.54393616e+01
   9.17999363e+00   5.52427483e+00   1.53187729e+02   5.82202733e-01
   9.78592396e-01   1.05325354e+03   5.43798599e+01   1.48779419e+02
   6.43141937e+01   4.80691671e+00   5.82925720e+01   2.62894800e+03
   6.27523376e+02   1.57783096e+02   1.11216504e+03   3.56055664e+02
   7.02065887e+01   1.54217285e+02   9.41872597e-02   3.53568614e-01
   5.14222984e+01   1.11344292e+02   2.69416389e+01   6.11158228e+00
   8.72775684e+03   2.19302673e+01   2.19469503e-01   1.63856697e+01
   7.99495850e+01   8.23528061e+01   9.43915558e+01   1.78006604e+03
   2.19743958e+01   2.78038549e+00   1.62142297e+03   3.64499435e+01
   1.64362640e+02   3.51498508e+00   2.46466846e+03   6.29016304e+00
   2.83213367e+01   2.25206070e+02   1.15852951e+02   1.55519378e+00
   5.03929443e+02   9.23153152e+01   1.77288940e+02   3.99676636e+02
   0.00000000e+00   1.01224052e+02   7.18524170e+03   2.89287201e+02
   0.00000000e+00   8.13238811e+00   4.85798746e-01   7.13634872e+00
   6.43557358e+01   2.54982959e+03   1.19600983e+02   6.18479118e+01
   1.57981329e+01   3.04889069e+01   9.85288334e+00   2.65147656e+03
   1.30104773e+03   1.72726672e+03   0.00000000e+00   0.00000000e+00
   6.34990654e+01   5.51279541e+03   5.10918652e+03   1.05285349e+01
   8.17410126e+01   6.79948349e+01   1.71111450e+02   7.60518014e-02
   5.19789085e+01   0.00000000e+00   1.98724829e+03   0.00000000e+00
   1.46082153e+02   3.05253372e+01   1.18143518e+03   3.66939011e+01
   6.69637537e+00   1.10197095e+03   2.35015332e+03   5.64247055e+01
   4.03511810e+01   7.81399994e+01   3.34844385e+03   1.40614548e+02
   1.40239044e+02   1.03075428e+01   1.34146362e+03   4.30049858e+01
   3.96779518e+01   0.00000000e+00   1.78637726e+02   6.10405302e+00
   6.32547903e+00   2.96016426e+01   5.22513965e+03   4.02503235e+02
   8.61767120e+01   0.00000000e+00   6.15116730e+01   9.93444977e+01
   4.94425232e+02   1.62029190e+01   2.62782707e+01   2.43465495e+00
   9.17993713e+02   3.33698547e+02   6.55241241e+01   1.35132886e+03
   6.08035469e+01   1.17244244e+01   3.25993919e+01   3.87273598e+01
   9.15161667e+01   4.46202812e+01   2.38339575e+03   1.87406082e+01
   2.06266384e+01   6.46005096e+01   3.74424072e+02   1.23059851e+03
   5.33159256e+01   8.96036987e+02   4.23216476e+01   1.16247734e+04
   2.75904938e+02   5.58131180e+01   4.52331055e+03   6.79475220e+02
   2.01880737e+02   1.66899719e+02   1.62212982e+01   2.84337067e+02
   1.31631348e+02   1.41193832e+02   9.09400702e-01   4.81462336e+00
   2.60209274e+01   1.46692139e+02   2.97509497e+03   2.89380093e+01
   4.32313818e+03   3.52850199e-01   2.42952368e+03   7.80299530e+01
   4.62949158e+02   2.85962982e+01   1.90664139e+02   5.95461792e+02
   7.39298019e+01   7.84184265e+01   5.64552546e+00   1.13416977e+02
   1.59617071e+01   2.97907791e+01   3.20619613e-01   8.81019497e+00
   0.00000000e+00   2.81305908e+02   3.89089432e+01   1.66633130e+03
   2.13068700e+00   6.52846527e+01   2.37022495e+01   1.78743872e+03
   9.30891514e+00   0.00000000e+00   9.25036316e+01   1.26132545e+01
   0.00000000e+00   1.09569740e+00   9.08762817e+01   1.88171506e-01
   1.50161400e-01   2.54460373e+01   3.91324341e+02   6.79004745e+01
   0.00000000e+00   1.44120728e+02   2.72473717e+01   7.81674854e+03
   1.46066208e+02   1.24156364e+02   9.07543030e+01   9.91528797e+00
   2.90772170e-01   2.28487335e+02   2.61060211e+02   1.29795441e+02
   3.38573169e+03   2.02629399e+00   3.33622284e+01   5.48348427e+00
   4.11636810e+01   6.63420296e+00   0.00000000e+00   1.88381860e+03
   1.80294113e+01   0.00000000e+00   1.88086815e+01   2.88051357e+01
   2.53473315e+03   2.62922573e+00   1.78671608e+01   7.06730556e+00
   2.23780308e+01   5.20978760e+03   2.59019775e+03   0.00000000e+00
   1.06624280e+03   1.10404724e+02   2.31101398e+01   0.00000000e+00
   5.34165802e+01   0.00000000e+00   4.10787500e+03   6.71026382e+01
   2.88276245e+02   8.83130951e+01   1.95175073e+03   4.18300690e+02
   5.80040222e+02   5.30876884e+01   2.55961571e+01   2.79872388e+03
   1.15532776e+03   1.12082748e+01   6.85610008e+00   7.43743479e-01
   1.62039429e+02   3.41528906e+03   4.48862915e+01   5.22841873e+01
   1.05461243e+02   1.27492111e+02   1.32701782e+03   8.95638367e+02
   1.68909607e+01   2.17890527e+03   6.52579102e+02   4.11425889e-01
   5.17730103e+01   1.04163885e+01   2.34033862e+03   3.03879662e+01
   3.54012054e+02   1.10396652e+01   9.12057953e+01   1.67381077e+01
   1.36785370e+02   2.35077075e+03   2.26810837e+02   5.79735870e+01
   1.86758984e+04   1.98162292e+02   9.22335892e+01   7.99135361e+01
   7.42036896e+01   1.37706958e+03   1.39752701e+02   1.27620813e+03
   1.84405762e+03   2.61787491e+01   5.77986717e+01   1.29562500e+02
   5.05954885e+00   2.88999487e+03   2.39513840e+02   1.58161057e+02
   4.51894188e+01   6.04139633e+01   0.00000000e+00   1.03393135e+02
   5.95543718e+00   4.49521255e+00   1.98145032e+00   3.38578568e+01
   4.89898115e-01   2.05768326e+02   7.44471970e+01   4.55199951e+03
   9.05665054e+01   6.38077539e+03   2.05022629e+02   2.89161339e+01
   9.73122711e+01   1.48142603e+03   9.66949310e+01   3.62250328e+01
   1.33733521e+03   0.00000000e+00   2.58962305e+03   1.68975281e+02
   3.17255859e+01   1.75179729e+01   4.25818291e+01   1.43716431e+02
   1.19777014e+03   2.73251489e+03   8.58903503e+01   2.27538257e+03
   4.70844078e+00   0.00000000e+00   4.52336264e+00   7.54160500e+00
   8.90402374e+01   5.83084679e+01   3.20743506e+03   1.17735946e+00
   5.98576927e+01   1.78759766e+01   2.71394520e+01   4.79426904e+03
   2.57796258e-01   0.00000000e+00   6.90324163e+00   9.42487335e+01
   1.66398773e+01   2.45280322e+03   6.41486206e+02   1.69988611e+03
   1.70402551e+03   8.92005081e+01   6.88572388e+01   4.95107460e+01
   4.38505371e+03   1.18114338e+01   6.38420725e+00   4.01386133e+03
   2.21732147e+02   2.80754639e+02   2.16947575e+01   4.02344055e+02
   3.03639136e+03   1.66813721e+03   1.75104053e+03   1.89098525e+00]
