bicycle
bus
car
motorbike
person
[  3402427.25        188044.578125  66186832.         1722936.25      73262048.
    397176.84375   26952446.         9225554.        17614474.
   1257117.125      9306631.        45017832.        31459512.        14957395.
   3815095.75       1285068.5        3067684.75       2970209.5       69784632.
  18286366.          244131.625      7039069.5        7417221.5       47089512.
   3101958.75       1745050.25        978904.8125     1845965.625
   5516526.5       26271582.        44136328.         8851274.        78166656.
   1139246.75       3613377.25        289760.96875   31400616.         5789582.5
    660140.4375     3329665.         1229051.5        6098685.5        6100332.
  86379632.          649091.9375    44605352.         3144550.5        5819075.5
   3388034.25      79940464.         3074937.25      22980530.        28047774.
  25568250.        16929696.        23502432.        38707924.        18395828.
   9664976.         6492797.          582545.875      1159487.75      21301626.
   2359127.      ]
[  1.13685880e+07   1.77180140e+07   2.74956380e+07   5.50579062e+05
   8.29808000e+06   2.21676600e+06   2.08526425e+06   5.18234558e+02
   9.79681875e+05   8.97840562e+05   4.71070120e+07   4.15122600e+07
   3.79791406e+03   2.09877375e+06   4.37539280e+07   2.38811860e+07
   7.58473750e+05   3.22961620e+07   2.32529775e+06   2.54954940e+07
   9.06488203e+04   4.53482600e+07   5.60664188e+05   5.18961280e+07
   3.97400375e+05   6.83233920e+07   1.31306700e+06   2.73604425e+06
   1.92576280e+07   1.53232397e+03   7.52586150e+06   1.03274912e+04
   2.09632700e+06   8.36355550e+06   7.93121812e+05   1.08202900e+07
   1.14889492e+05   2.14088550e+06   3.13642150e+06   3.67333750e+06
   5.47614650e+06   1.17869450e+07   1.36236469e+05   1.44689700e+07
   2.00940820e+07   2.83814450e+06   4.53003719e+05   1.26207880e+07
   1.72416080e+07   7.47021200e+06   5.42638680e+07   4.94860700e+06
   4.51147160e+07   1.01168570e+07   5.24128281e+05   7.13453800e+06
   2.53806620e+07   5.14937160e+07   1.01564030e+07   1.56413300e+07
   1.10201530e+07   2.59914331e+03   2.55113940e+07   4.03715520e+07]
[  7.68656000e+05   8.80790900e+06   3.48600684e+03   2.32344805e+04
   1.92661484e+04   4.00494570e+04   9.13192285e+03   8.91512300e+06
   7.54197510e+03   2.96861175e+06   8.42518875e+05   1.35759212e+06
   2.06504125e+05   4.15751156e+05   8.73148340e+03   1.77881348e+04
   1.48676238e+06   4.36228375e+05   5.35583562e+05   8.50595800e+06
   3.57071350e+06   1.29663196e+03   4.68830750e+06   1.00974770e+07
   6.85649350e+06   0.00000000e+00   6.61191875e+04   7.67473800e+06
   4.80959844e+05   1.49555725e+06   8.66777539e+03   1.78265860e+07
   3.55872656e+04   9.28010812e+05   7.08738500e+05   1.51717088e+06
   1.03318898e+05   1.83727040e+07   6.61231450e+06   2.27163184e+03
   1.35599712e+06   6.44935100e+06   8.75856000e+05   9.75346600e+06
   2.03793775e+06   3.86084844e+05   1.66794312e+06   4.38962539e+04
   9.75364875e+05   1.34257891e+05   3.83057500e+05   3.11035918e+04
   2.02969050e+06   1.80631500e+05   1.63789210e+07   8.61461000e+06
   4.42799450e+06   2.98222681e+03   2.34400664e+04   1.61038922e+05
   5.31825350e+06   1.07153830e+07   5.35481350e+06   1.93792406e+05
   1.37848200e+07   3.51268325e+06   8.56163600e+06   9.06663250e+05
   1.43552781e+05   3.84120906e+05   4.83770550e+06   1.04406170e+07
   2.32353900e+06   4.35084062e+05   0.00000000e+00   1.70835012e+06
   4.95432656e+04   3.74890875e+06   8.83623800e+06   1.34853172e+05
   4.64985986e+03   1.18339400e+07   5.71026750e+06   1.18975488e+03
   1.76148234e+05   1.11328640e+07   7.12202350e+06   1.01727127e+02
   8.99808062e+05   1.42027766e+05   4.92496450e+06   5.62425400e+06
   1.80634141e+04   6.59384750e+06   2.02200422e+05   9.82298700e+06
   3.62832935e+03   4.49713250e+06   3.54001200e+06   7.13937188e+05
   4.10175719e+05   2.34251475e+06   2.56289082e+04   4.65368438e+04
   5.91115479e+03   4.13221484e+04   1.27196547e+05   2.04602562e+05
   6.72168450e+06   2.99415508e+04   3.39209844e+04   6.05165600e+06
   1.20380164e+05   1.38005670e+07   5.48441938e+05   1.38604925e+06
   3.04935875e+06   1.82539109e+05   8.09333062e+05   6.33851484e+04
   5.36176650e+06   7.14865050e+06   4.11740479e+03   1.13362610e+07
   1.95968688e+05   1.85505566e+04   1.77586480e+07   1.15882939e+04]
[  4.03803500e+06   4.33162100e+06   4.20454719e+05   0.00000000e+00
   4.49969434e+03   1.40847950e+06   4.57379281e+05   1.20858112e+06
   1.28469170e+07   3.01268325e+06   1.34238560e+07   1.03151230e+07
   4.59755600e+06   1.84416344e+05   4.44128711e+03   6.72625562e+05
   1.90271450e+06   6.12551438e+05   3.79026100e+06   1.02117285e+04
   5.16000250e+06   5.38282625e+05   4.66303950e+06   9.56277832e+03
   1.18493075e+06   3.32511844e+05   1.11625172e+05   2.32278050e+06
   3.62382461e+04   2.47716900e+06   7.43675156e+04   1.07107090e+07
   4.96941700e+06   1.86189656e+05   2.21572100e+06   2.02871262e+06
   4.76650300e+06   1.26517450e+07   8.78580703e+04   2.15581348e+04
   4.27903150e+06   1.18702803e+04   1.86385215e+04   9.49411500e+05
   2.24908250e+06   7.84419600e+06   1.09096590e+07   1.55172775e+06
   9.24645188e+05   7.22489900e+06   5.70062800e+06   2.67743450e+06
   1.08692730e+07   6.03741992e+04   4.37477812e+04   7.27127422e+04
   6.58001188e+05   6.99057438e+05   1.11560977e+00   5.56344150e+06
   6.38693875e+05   1.26493570e+07   2.42564475e+06   5.98933438e+05
   8.15995875e+05   8.76223600e+06   5.55107188e+05   1.26546338e+06
   4.01447450e+06   1.34274070e+07   4.51663450e+06   1.35234840e+07
   2.31856325e+06   1.28321260e+07   1.43632570e+07   2.92647461e+03
   1.40489138e+06   3.97488200e+06   1.13121190e+07   4.90406900e+06
   4.23146250e+06   2.52204551e+04   3.71714025e+06   3.23657975e+06
   1.00072188e+04   8.16959750e+06   5.99391125e+05   6.50620900e+06
   2.86304004e+04   1.86027538e+06   2.14535410e+04   1.09661370e+07
   1.03211930e+05   6.68045800e+06   2.94990425e+06   1.66500175e+06
   1.06100625e+06   7.61927550e+06   9.02003125e+04   1.10851990e+07
   5.73193984e+04   3.89341062e+05   1.52683970e+07   3.01328949e+02
   1.90846781e+05   1.33684180e+07   3.95482125e+06   1.07757600e+07
   3.06792850e+06   1.36383290e+07   3.41890625e+03   1.10798525e+06
   5.73722438e+05   1.97859220e+07   6.27988750e+06   9.96463438e+04
   3.80753594e+05   1.06503612e+06   1.78390117e+04   2.03037305e+04
   1.62437800e+07   5.42446312e+05   2.79802500e+04   9.30175000e+06
   1.08073038e+06   3.54863900e+06   1.70925860e+07   1.16135420e+07]
[  0.00000000e+00   6.24743896e+03   1.60383238e+06   2.08031006e+03
   8.32435799e+00   1.42453064e+02   3.28183929e+02   1.97590008e+01
   1.05741125e+06   2.58119746e+04   0.00000000e+00   8.90431152e+03
   0.00000000e+00   5.19696367e+04   4.18275273e+04   1.29011035e+03
   5.47523096e+03   1.07901250e+06   4.27171240e+03   7.74900586e+03
   7.33468723e+00   1.55941272e+03   1.25194275e+06   4.81586133e+03
   2.53453984e+04   5.48855164e+02   1.45973425e+06   0.00000000e+00
   9.55062109e+03   7.36029129e+01   2.12637782e+00   1.28421738e+02
   0.00000000e+00   3.14157469e+05   2.05444863e+04   1.56826025e+06
   1.76360238e+06   3.12613477e+03   4.14598096e+03   4.57931549e+02
   1.03727461e+04   3.32328369e+03   4.33348047e+03   6.67133500e+05
   6.49734277e+03   1.39972510e+03   2.15184135e+01   3.58044434e+00
   8.45954922e+04   1.16234629e+04   3.37873984e+04   1.71603439e+02
   1.71120062e+06   1.12276238e+06   5.64935989e+01   9.33116328e+04
   7.77239188e+05   1.51856500e+06   8.02651184e+02   3.12725658e+01
   1.67722559e+04   6.78943018e+03   6.38910312e+05   1.36739092e+04
   6.80951920e+01   1.95499883e+04   8.65619263e+02   1.77823560e+03
   8.10438574e+03   4.56831914e+04   1.30437325e+06   1.60619212e+06
   3.98527756e+01   2.91970078e+04   2.74188652e+01   9.41960693e+02
   2.85956714e+03   4.77949297e+04   5.64111875e+04   1.02952344e+04
   9.43988359e+04   1.23623901e+03   3.27655493e+03   6.96019824e+03
   2.73272200e+06   1.99633875e+06   1.22196750e+05   1.70095162e+06
   1.52859990e+04   2.67029053e+02   9.71114746e+02   5.01777266e+04
   6.23563320e+04   3.10634766e+03   0.00000000e+00   1.50206775e+03
   3.75487012e+03   7.30638938e+05   2.51164380e+03   1.36527148e+04
   1.75189863e+04   6.55836328e+03   9.67121062e+05   1.05794355e+04
   1.64637354e+03   1.98853870e+03   6.44920312e+03   7.13366357e+03
   2.71615839e+00   1.98680000e+04   4.20207844e+05   1.52866934e+04
   0.00000000e+00   4.09342617e+04   4.52418750e+03   8.60449707e+03
   0.00000000e+00   0.00000000e+00   2.55680420e+03   2.47424225e+06
   1.09613994e+04   1.02768106e+01   1.39607168e+04   6.70557617e+02
   5.50506494e+03   2.20951525e+06   1.61448639e+02   0.00000000e+00
   1.96088828e+05   1.22009902e+04   5.14020166e+03   6.34301709e+03
   6.72205273e+03   1.92481438e+06   0.00000000e+00   2.14889014e+03
   1.92428375e+06   1.53246025e+06   5.75087451e+03   2.41663189e+01
   1.02893516e+04   5.53428555e+00   4.10352966e+02   6.41037312e+05
   5.37450928e+02   1.56077762e+06   5.31707471e+03   1.07621350e+03
   4.20880938e+04   0.00000000e+00   6.21568262e+03   2.52292676e+03
   2.27217266e+05   1.83220078e+04   1.04828794e+06   9.86994690e+02
   3.00323535e+03   5.11047844e+05   2.95630344e+05   1.78647773e+04
   1.75174658e+03   4.61998633e+04   2.14009350e+06   6.47799854e+03
   2.96263135e+03   1.59265688e+06   2.16691750e+06   3.41029961e+04
   1.46151113e+04   1.17734938e+06   1.51681375e+06   4.49749329e+02
   2.26741113e+03   1.85108781e+05   1.25098008e+04   1.03351929e+03
   2.37717475e+06   1.47108093e+03   2.61861425e+06   5.56906445e+04
   8.89214500e+05   7.92448672e+04   6.00957383e+04   1.24256226e+03
   7.64228906e+03   5.51284521e+03   2.46211953e+04   3.78947539e+04
   1.76335625e+06   4.44135254e+03   4.91441357e+03   2.85243844e+05
   0.00000000e+00   2.07293094e+05   0.00000000e+00   5.04830750e+05
   6.84503369e+03   1.54994391e+05   1.26064788e+06   1.43654700e+06
   1.37441544e+02   1.11645438e+06   2.22826531e+05   8.23483704e+02
   3.42136562e+04   6.14668335e+02   5.24403259e+02   2.13682324e+03
   7.26138770e+03   1.84609891e+05   3.83472094e+05   2.51648450e+06
   1.14016321e+03   1.76235625e+04   3.02803192e+01   3.61374878e+03
   1.52562537e+03   1.27723262e+06   2.18098203e+04   5.64027977e+01
   6.98536804e+02   1.22894641e+03   4.91495728e+02   2.76141172e+04
   4.31821281e+05   0.00000000e+00   1.83991075e+00   6.69299438e+05
   1.75154266e+02   1.12277562e+06   1.44039551e+04   6.66815247e+02
   1.31862625e+06   7.99732959e+03   1.41106800e+06   1.38259094e+02
   7.78013855e+02   5.85439941e+03   1.26412100e+06   7.50684891e+01
   1.24869575e+06   1.04814562e+06   5.06978058e+02   4.66078125e+03
   5.63972578e+04   1.39807947e+03   0.00000000e+00   5.92761865e+03
   3.20856699e+04   1.08015438e+06   9.56533789e+03   1.34578345e+03
   6.08429688e+03   6.10305691e+00   2.05068985e+02   8.38827562e+05]
[  1.96710162e+06   9.91430859e+03   3.44547028e+02   1.51452438e+02
   1.64680088e+06   1.10698150e+06   3.84686562e+04   3.42104218e+02
   1.32252966e+03   4.78211243e+02   1.79780716e+02   7.73604248e+03
   2.88366119e+02   3.82433125e+04   7.13900537e+03   9.16562109e+03
   1.98514114e+02   9.45135269e+01   8.57854312e+05   9.65577734e+04
   0.00000000e+00   8.23352661e+02   7.32544739e+02   1.17387188e+06
   6.97156239e+00   3.54437036e+03   0.00000000e+00   6.19622375e+05
   1.76800332e+04   1.31099091e+02   1.14894053e+04   1.45040576e+03
   2.83871924e+03   3.84863789e+04   1.35425793e+03   5.62049023e+03
   2.05514922e+04   8.21604614e+02   1.07672351e+03   0.00000000e+00
   6.30942627e+03   4.18173203e+04   9.88769434e+03   3.36360840e+03
   2.24834448e+03   4.19623828e+03   8.01299062e+05   1.77725586e+04
   4.63148672e+04   2.08789871e+02   2.29557739e+03   5.52382910e+03
   1.00142371e+03   8.08656738e+03   5.25392000e+05   4.10358359e+04
   1.80767207e+04   7.88561016e+04   2.68471406e+05   1.98114465e+03
   2.51154028e+03   2.03518066e+04   0.00000000e+00   1.74800735e+02
   0.00000000e+00   3.82667847e+03   9.27201406e+04   2.62123016e+02
   6.29345459e+02   1.72215703e+04   4.99707250e+05   5.67711182e+02
   1.02806191e+04   6.25413623e+03   1.19250830e+04   6.22230391e+04
   1.81540371e+04   4.72217627e+03   5.75442070e+04   8.37854312e+05
   1.82520809e+01   5.59182275e+03   1.84414883e+01   2.54503477e+04
   5.31665100e+02   3.54371055e+04   1.19965576e+03   9.57633398e+03
   5.05726318e+03   2.36845898e+03   8.69787354e+02   4.29621826e+03
   1.45668242e+04   1.36691712e+06   4.46772461e+02   0.00000000e+00
   4.54769969e+05   3.60612259e+01   7.04726709e+03   3.20104297e+03
   4.38205261e+02   2.58257129e+03   2.31091609e+05   4.47071686e+01
   9.44664001e+02   1.94979980e+04   3.68705703e+04   1.23968844e+05
   6.49487158e+03   1.48836638e+06   1.09216476e+02   5.63073688e+05
   1.99260006e+01   1.08871790e+03   5.47506738e+03   9.87337207e+03
   1.40262122e+03   2.04250898e+04   1.24193103e+03   1.44810801e+04
   1.18512268e+03   4.10941711e+02   3.80277808e+03   1.39949984e+05
   6.59704224e+02   4.04826587e+03   2.49144912e+00   9.52054102e+03
   6.85153320e+02   2.00068500e+06   1.60304590e+04   3.17256665e+03
   1.75674304e+03   1.64750550e+06   4.17832397e+02   1.39620107e+04
   1.58526143e+04   6.31639938e+05   5.26946106e+02   2.01414795e+02
   0.00000000e+00   2.54480420e+03   3.67308325e+03   2.37356055e+04
   1.82362199e+00   5.05211243e+02   1.55279800e+02   0.00000000e+00
   0.00000000e+00   4.68541138e+02   1.14509961e+03   1.19707739e+03
   8.39686312e+05   2.60179922e+05   1.07879877e+01   3.59571969e+05
   9.46803711e+02   2.67664242e+00   1.21745391e+04   1.55436725e+06
   1.09363350e+02   5.32335547e+03   1.07413623e+03   2.20007706e+00
   5.14025273e+04   0.00000000e+00   1.00637531e+06   1.02777917e+03
   1.50029443e+04   1.67140112e+06   5.72392464e+00   2.64172554e+00
   1.28383602e+05   5.82810039e+04   6.94904562e+05   2.27232251e+03
   3.29826630e+02   2.23328833e+03   6.23100439e+03   7.42903214e+01
   8.14638184e+03   4.13258545e+03   7.56764145e+01   4.22193652e+03
   7.61108246e+01   1.68473038e+02   1.52841309e+04   7.44534521e+03
   1.76979651e+03   4.44670898e+02   2.81835906e+05   1.75271716e+03
   5.62505722e+01   6.38685449e+03   8.24079199e+03   2.08569385e+03
   1.17680068e+04   3.76703101e+03   3.53022938e+05   9.76916885e+00
   8.62180557e+01   5.00804043e+00   6.15628250e+05   2.60074238e+04
   7.80936279e+03   7.11614418e+00   4.68503613e+03   3.73178125e+05
   5.78928945e+04   1.06212023e+05   7.73075056e+00   2.16745508e+03
   2.17892798e+03   1.14184385e+04   1.31680225e+03   8.18002109e+04
   5.71701438e+05   9.23135986e+02   2.11472485e+03   1.42270947e+03
   5.70560205e+03   9.08916992e+03   1.92715247e+03   4.77105865e+02
   0.00000000e+00   1.28430938e+05   5.06960742e+04   8.26726074e+03
   3.14497833e+02   0.00000000e+00   1.82353997e+00   1.16670918e+04
   6.35337773e+04   4.49543262e+03   7.52827562e+05   4.31199860e+02
   3.72496826e+03   9.11556188e+05   0.00000000e+00   1.80996761e+01
   1.12595947e+02   4.76204969e+05   0.00000000e+00   0.00000000e+00
   6.57910767e+02   1.48653641e+01   5.31543213e+03   2.39246802e+03
   1.17834625e+06   6.29264188e+05   9.40751328e+04   5.80746055e+04
   4.21655078e+03   7.27908062e+05   8.61528613e+03   1.12506279e+04]
[  9.89181484e+04   1.68056016e+04   4.87708740e+02   8.27061462e+02
   1.09775312e+05   3.95048633e+03   1.04712500e+04   2.51518086e+04
   9.21534424e+02   7.36681250e+05   8.49462207e+03   1.55889473e+04
   1.14768262e+04   3.84497070e+03   5.59126465e+02   5.08845520e+02
   2.67558455e+00   1.46541675e+03   9.52085197e-01   1.13108984e+03
   7.77618506e+03   4.50040156e+05   2.22744160e+04   3.71150513e+03
   2.33459518e+02   1.64850500e+03   1.82168542e+03   4.78880281e+05
   5.87544922e+03   3.72935031e+05   6.96997604e+01   5.29495703e+03
   2.78186953e+04   5.66898359e+04   1.12837012e+03   2.18411548e+03
   4.11362844e+05   1.18944200e+06   7.86099243e+02   1.34969662e+06
   1.45360376e+03   1.24209888e+03   5.99041406e+03   1.73026738e+04
   5.74303174e+03   3.96595898e+03   4.86521973e+02   5.99077490e+03
   8.16797607e+03   3.19475562e+03   3.38247383e+04   6.79974812e+05
   2.21571686e+02   4.16932640e+01   1.10051416e+03   5.45568555e+03
   5.92200146e+03   4.18242438e+05   0.00000000e+00   1.43373506e+04
   3.36320038e+02   6.42939297e+04   1.58125476e+03   4.62118604e+03
   6.88784033e+03   4.65242529e+03   3.85654321e+03   3.25825342e+03
   2.57046055e+04   5.66914805e+04   2.46054355e+04   1.55531799e+02
   2.91830039e+04   1.21604238e+04   4.63673469e+05   1.32576992e+04
   8.43313359e+04   1.65454355e+04   5.48781372e+02   6.06401001e+02
   3.11665344e+00   6.83213501e+01   8.90708203e+04   1.18086563e+02
   4.73541094e+04   4.66963321e-01   1.58757158e+04   3.57305115e+02
   0.00000000e+00   1.08574939e+03   1.87665665e+02   2.24941675e+03
   2.45587500e+04   2.16251440e+03   4.98429023e+04   2.61482886e+03
   1.25983620e+02   5.12129375e+05   6.30123188e+05   1.59124414e+04
   2.03044668e+04   6.03050000e+03   2.06849823e+02   8.31338257e+02
   3.86956133e+04   1.74549841e+03   8.28563875e+05   2.45892949e+04
   9.78773880e+01   2.63030103e+03   7.35614551e+03   5.80769824e+03
   2.43720781e+04   1.21193201e+03   2.73547943e+02   9.82907910e+03
   5.27967468e+02   1.78958688e+05   4.26228242e+04   6.61797422e+04
   9.50607395e+00   9.37621062e+05   2.24530879e+04   4.70111750e+05
   2.58606519e+03   1.59434924e+03   8.67344238e+03   4.68731232e+01
   7.05052795e+02   8.00481140e+02   2.20520239e+03   1.68293691e+04
   5.49722578e+04   4.14394678e+03   6.41218567e+02   7.40987842e+03
   5.51121973e+03   8.71420312e+04   2.24038379e+03   1.06152771e+03
   2.12743874e+01   1.74157422e+04   3.02347504e+02   4.09340977e+04
   1.47133555e+04   2.07378418e+03   1.51511943e+04   1.40962324e+01
   3.15801035e+04   3.07635742e+03   7.36134570e+03   6.32375703e+04
   3.68907178e+03   6.32807852e+04   4.52564148e+02   1.32278936e+04
   6.16721953e+04   5.53780701e+02   2.01197422e+05   1.34439789e+02
   2.45034866e+02   8.70687790e+01   5.55777283e+02   1.51694000e+02
   1.32994019e+03   1.07327380e+03   2.37230488e+04   8.68810859e+04
   1.26804358e+03   2.05683770e+04   1.24874763e+02   2.10242114e+03
   4.97573853e+02   1.69603369e+03   3.51662305e+04   3.97718555e+03
   3.12441719e+04   9.10424023e+03   2.58426250e+04   1.87932754e+04
   6.61011414e+02   2.69330000e+04   4.90784131e+03   2.33051929e+03
   6.83496797e+04   1.44014246e+03   5.44539766e+04   9.62604904e+01
   5.81292617e+04   2.50713359e+05   3.60960742e+04   1.31943738e+03
   5.49366760e+02   3.95626992e+04   1.32509851e+00   1.57467937e+01
   2.57014434e+04   5.23447656e+03   2.82536670e+03   6.32305518e+03
   1.00152606e+03   3.23768311e+01   1.35357324e+04   1.79903703e+05
   2.23918797e+05   1.52491852e+02   2.89267090e+03   1.07338838e+04
   5.00282125e+05   3.93815541e+00   3.20438501e+03   6.69474902e+03
   2.44995371e+04   1.21656250e+04   4.56671641e+04   6.66579008e+00
   2.99768237e+03   5.41241846e+03   2.82861176e+01   2.64013125e+04
   1.34307104e+03   3.27014478e+03   2.05792773e+04   1.18868311e+04
   4.56982266e+04   3.37157726e-01   8.86497879e+01   1.44458105e+04
   3.68574097e+02   1.12809287e+04   1.14263867e+04   1.32674891e+05
   5.09648254e+02   3.79308672e+04   1.46823825e+06   3.09202661e+03
   4.26741119e+02   2.71438770e+03   1.29638025e+06   1.05757446e+03
   4.92192676e+03   1.66277573e+02   9.00151245e+02   1.11832800e+03
   9.26857422e+03   1.59209875e+05   2.71867657e+01   5.76776361e+00
   2.05213812e+05   6.58662842e+03   3.26592016e+00   4.09990195e+04
   5.23397168e+03   1.93959607e+03   7.55961792e+02   2.78958154e+03]
[  1.89363052e+02   8.44691699e+03   4.65283984e+04   5.51699531e+04
   3.81224762e+02   9.90546016e+04   3.74000946e+02   1.61788892e+03
   1.49363937e+02   4.60533667e+00   8.76874375e+04   6.79990918e+03
   2.95834766e+03   2.92147363e+03   2.72941016e+03   2.23870239e+02
   1.52553770e+04   3.32993086e+04   5.39864648e+04   2.48008521e+03
   3.01694031e+01   6.02373906e+04   4.37251068e+02   7.88044662e+01
   3.03131816e+04   1.29390322e+04   8.26085234e+04   3.77670093e+03
   7.66175469e+04   3.07557422e+04   9.92539258e+03   1.18752188e+05
   3.17626514e+03   3.45741328e+04   4.93991328e+04   5.62213984e+04
   1.35940562e+05   1.63926685e+03   4.83597290e+02   2.88185996e+04
   2.57040329e+01   1.36930938e+05   4.76205469e+04   3.33411328e+04
   1.55591248e+02   2.28206128e+03   5.12242285e+03   2.73138574e+03
   0.00000000e+00   7.92169238e+03   3.55165000e+04   1.58755737e+02
   0.00000000e+00   1.50147812e+04   1.07765881e+03   4.64117188e+03
   1.91512942e+00   1.65730362e+02   2.54672287e+02   8.04913330e+01
   1.13738818e+03   1.23161141e+05   1.54136045e+04   2.47829126e+03
   1.12185620e+03   1.24611260e+04   4.60156494e+02   2.45819626e+01
   2.27819702e+03   2.11574927e+03   7.06681250e+04   1.53091821e+03
   7.25754141e+04   7.74443909e+02   2.37329521e+01   1.46944794e+02
   1.37528595e+02   2.59516602e+01   1.28645609e+05   8.18595391e+04
   1.03190964e+02   3.03333252e+03   2.31582305e+04   9.76429844e+04
   2.58851471e+02   0.00000000e+00   1.81310089e+02   8.09306702e+02
   1.14399766e+05   9.62985469e+04   1.10162510e+04   5.50955162e+01
   7.88849219e+04   3.56366875e+04   5.91621055e+04   4.62335840e+03
   4.58783301e+03   4.05513573e+01   4.20209453e+04   1.19661846e+04
   1.19147646e+04   2.50981369e+02   1.26933953e+05   4.60317383e+03
   4.48401406e+04   3.05948672e+04   7.45821838e+02   5.37744492e+04
   1.01221359e+05   1.63186609e+03   2.51071802e+03   1.64514450e+02
   5.49114209e+03   5.47273903e+01   1.95988892e+02   3.19188730e+04
   5.73632896e-01   8.71096484e+03   3.39912128e+00   7.62455859e+03
   9.50427673e+02   1.16121656e+05   1.60061514e+04   6.82029663e+02
   7.22856738e+03   6.15483320e+04   2.00941040e+03   2.82616577e+03
   1.46116582e+04   6.25573730e+03   3.29602264e+02   6.12956787e+03
   9.26483301e+03   4.46777100e+03   4.71839297e+04   3.60059404e+00
   3.20808569e+03   5.27146339e+01   1.63509537e+02   2.69978104e+01
   3.44420820e+04   3.31039215e+02   1.21647021e+04   0.00000000e+00
   2.56506396e+03   1.16464883e+04   1.14290137e+03   2.85937646e+03
   3.99409302e+02   6.09461523e+03   1.38667875e+05   3.97234155e+03
   3.86362091e+02   8.28604553e+02   6.85691833e+01   0.00000000e+00
   3.89195343e+02   4.24094910e+02   3.44204590e+02   8.65217812e+04
   7.94308643e+03   2.23250757e+03   2.78976934e+04   0.00000000e+00
   2.34837891e+04   8.37707520e+01   7.20503750e+04   6.43608322e+01
   5.96939023e+04   2.14774473e+04   4.48307922e+02   4.68065674e+03
   8.78804609e+04   2.21150464e+03   2.25821973e+04   8.59253438e+04
   2.82507266e+04   3.38372040e+02   1.24022290e+03   1.52150925e+02
   3.07451123e+03   2.70969105e+00   1.96078965e+04   1.57478984e+04
   1.62890222e+03   1.65363125e+04   9.32600000e+04   2.88969995e+03
   2.42047510e+03   1.24902466e+03   2.37383569e+03   6.74399121e+03
   4.77783984e+03   1.14767703e+05   3.93707891e+04   2.83828320e+04
   2.35777832e+04   1.59476572e+04   4.42956494e+03   4.18265320e+02
   1.10852758e+05   3.37089883e+04   1.87740898e+01   5.48121562e+04
   1.11235562e+05   1.62118851e+02   5.05330547e+04   1.26637594e+05
   7.74582624e-01   1.77867752e+02   4.36947174e+02   4.20787170e+02
   9.37649231e+01   3.96168506e+03   2.65096367e+04   1.81648767e+03
   2.96805054e+03   6.63883984e+03   4.44298711e+04   1.60389580e+04
   1.46275317e+03   6.21762812e+04   0.00000000e+00   0.00000000e+00
   3.74432695e+04   1.01868018e+03   6.12049805e+02   2.11232257e+00
   5.05216156e+02   4.31519897e+02   2.33451752e+02   2.75512787e+02
   4.65540195e+04   6.85138125e+04   4.79459609e+04   5.58676331e+02
   5.60876953e+04   5.40430603e+02   4.59798340e+03   5.78774072e+03
   2.16270059e+04   1.72834414e+04   2.52384399e+03   2.04116621e+04
   5.99659790e+02   1.61790953e+05   2.82624536e+03   4.21046972e+00
   2.18630020e+04   5.39150117e+04   1.18228467e+04   5.12004102e+04
   4.13527148e+03   9.54905078e+04   9.43988892e+02   6.05279219e+04
   8.29543281e+04   7.59994934e+02   9.82832050e+00   7.99671172e+04
   3.44440625e+04   2.15196342e+01   1.52105847e+03   4.15372162e+02
   5.07135677e+00   1.63479443e+03   3.12505402e+02   9.27412500e+04
   8.26678047e+04   7.84582642e+02   9.14745712e+00   5.47070007e+02
   2.18102368e+03   4.29294238e+03   1.06064008e+05   4.07459492e+04
   5.02333212e+00   2.75240746e+01   8.22897734e+04   2.47846045e+03
   8.99488640e+00   4.48829224e+02   6.65163232e+03   9.63652656e+04
   1.80280261e+03   1.06178955e+03   3.51204515e+00   2.27005753e+02
   1.91736877e+02   3.36121240e+03   1.02431309e+04   1.52626709e+04
   3.94334766e+04   2.06151816e+04   1.07298125e+04   6.35608521e+02
   4.10093918e+01   8.47856216e+01   1.52336221e+04   1.29606523e+05
   7.03213406e+00   2.17307236e+02   1.42503799e+04   0.00000000e+00
   7.39781494e+02   5.24934492e+04   1.40494531e+03   2.09215714e+02
   3.30263984e+04   7.05709900e+02   2.39084454e+01   1.71332754e+04
   5.80707855e+01   8.21819031e+02   8.52731719e+04   1.68426406e+04
   4.77600336e+00   4.07396836e+04   9.98429785e+03   5.77872607e+03
   1.84081787e+02   1.02564629e+04   1.11654391e+05   3.00028125e+03
   6.21298281e+04   1.12266703e+05   1.50101344e+05   1.85652148e+04
   4.01537422e+04   4.71910858e+01   5.38259844e+04   1.99404028e+03
   7.56735703e+04   9.35364151e+01   4.19479736e+03   6.40367734e+04
   1.82501328e+02   2.99275024e+03   2.05235620e+03   3.88314570e+04
   5.22531562e+04   1.50643311e+03   8.42206641e+03   1.54999809e+01
   2.24972439e+00   4.85398145e+03   5.55221094e+03   1.40536597e+03
   3.98330688e+03   7.01512756e+02   3.69297812e+04   2.48168488e+01
   5.01107635e+02   3.49790508e+04   3.74400220e+03   1.82977612e+03
   9.65358359e+04   3.91066437e+02   2.25792207e+04   7.97935791e+03
   5.41433203e+04   3.23714707e+04   3.73746948e+02   2.73004974e+02
   5.98149963e+02   1.48741748e+03   8.66213516e+04   2.23873486e+03
   5.90450781e+04   2.49652905e+03   1.42889331e+03   4.57077209e+02
   1.46930498e+04   3.47257629e+02   3.33855625e+04   1.84325488e+04
   1.64553809e+04   2.53709229e+03   1.99965302e+02   1.78680679e+02
   4.75616211e+04   1.03679248e+04   1.26469231e+02   8.78285449e+03
   6.90442139e+02   1.32463342e+03   2.85329590e+03   2.11496914e+04
   7.56519775e+02   1.29554901e+02   8.29646667e+02   9.07731400e+01
   3.03467749e+03   1.41627412e+04   3.32481953e+04   5.47697656e+04
   2.05236801e+02   3.75051331e+02   2.82636304e+03   1.01199196e+02
   1.39018087e+01   1.98944067e+03   4.72020703e+04   1.15627859e+05
   6.43558594e+04   7.02510938e+03   6.56081348e+03   2.62091599e+01
   0.00000000e+00   7.24014854e+00   3.24688887e+04   1.56297471e+04
   1.36794031e+03   3.47796326e+02   2.78000195e+04   1.51271250e+04
   7.12107544e+01   3.39220190e+03   5.33630859e+04   4.63744678e+03
   1.73381323e+03   1.57599500e+03   2.79273291e+03   3.69072188e+04
   1.02417207e+04   1.18906113e+04   1.37707412e+04   2.38917212e+03
   7.65051875e+04   1.10108630e+03   7.29976654e+01   3.74121680e+03
   5.48434844e+04   5.39503271e+03   1.74169668e+04   2.37027148e+03
   6.25794754e+01   1.73986914e+03   3.10105352e+04   8.71116113e+03
   3.13605547e+04   1.17514453e+04   1.67333508e+03   5.32091866e+01
   0.00000000e+00   2.43534883e+04   3.81305542e+01   2.18271338e+03
   5.97734497e+02   1.53654922e+04   6.36231689e+02   8.84009297e+04
   3.98946719e+04   0.00000000e+00   2.41403174e+03   4.92901421e+00
   8.87768066e+02   1.00852959e+04   2.11989174e+01   1.68001746e+03
   6.47916016e+02   6.33110400e+03   1.68574127e+02   7.35096863e+02
   1.70233965e+04   6.42637383e+04   1.51579132e+02   6.19880714e+01
   4.31076111e+02   1.58641492e+03   1.49042571e+00   1.39587463e+02
   4.00793921e+03   3.50864487e+01   8.46717346e+02   1.83534888e+03
   6.73510400e+03   1.10114326e+04   2.50122314e+03   0.00000000e+00
   1.87779266e+02   3.80739227e+02   5.90125586e+04   1.78686895e+04
   2.14067017e+03   6.37162256e+00   1.68921204e+03   0.00000000e+00
   1.02084414e+04   2.48010449e+03   1.16437695e+05   8.38434830e+01
   1.21926865e+04   9.42468750e+02   5.63051758e+03   2.19454932e+03
   3.89272339e+03   8.80845859e+04   8.53807907e+01   4.41324756e+03
   8.95341736e+02   8.30277939e+01   0.00000000e+00   1.30295544e+03
   8.36757629e+02   1.58378154e+04   2.76513525e+03   0.00000000e+00
   2.29149785e+04   9.25155090e+02   2.30064819e+03   1.35812844e+05]
[  6.20811816e+03   5.57728125e+03   6.07718567e+02   3.70760679e+00
   3.20910918e+04   0.00000000e+00   5.73155898e+04   1.10873691e+04
   1.14281094e+05   1.71298389e+01   1.66151505e+02   3.30836011e+03
   1.42548615e+02   7.45498203e+04   3.18580322e+03   7.74255618e-02
   2.77649292e+03   8.95927612e+02   7.92970886e+02   2.87321136e+02
   4.10794971e+03   3.01382300e+03   1.46021411e+03   4.21802139e+01
   4.69412079e+01   2.74135156e+03   6.47693420e+02   3.62450273e+04
   5.47065735e+02   2.73123383e+02   5.49080753e+00   5.76894958e+02
   8.87326965e+01   0.00000000e+00   3.12867249e+02   2.36101624e+02
   1.27873230e+03   1.07250166e+01   9.66602246e+03   1.00518204e+02
   1.45397832e+04   1.91686792e+03   3.01986664e+02   1.14139961e+04
   3.46842310e+03   2.90334442e+02   5.18297217e+03   2.82389801e+02
   1.19147009e+03   3.87162842e+02   4.66419601e+00   7.53239679e+00
   1.00120032e+00   2.06233301e+03   8.33308533e+02   1.41815906e+03
   2.64548364e+03   1.11806152e+02   4.86882401e+01   0.00000000e+00
   0.00000000e+00   7.20691956e+02   4.03427979e+02   4.79224365e+02
   2.45490738e+02   2.76318817e+02   8.78649512e+03   1.37977510e+04
   2.14811914e+04   2.02173218e+02   6.50613022e+01   6.94868750e+04
   4.76924973e+01   5.69056519e+02   7.73824005e+01   3.57689178e+02
   0.00000000e+00   3.17316699e+03   1.15163307e+02   2.68856934e+02
   5.34613159e+02   1.12087461e+05   4.31811055e+04   1.15161152e+04
   6.20189453e+02   2.10025501e+01   4.18763916e+03   5.79139038e+02
   1.77575476e+03   2.50117676e+02   1.33517129e+04   3.40880273e+03
   1.36328992e+03   0.00000000e+00   8.44043518e+02   1.19864944e+02
   6.03267395e+02   1.23538691e+04   8.74631543e+03   2.67970190e+03
   2.83255219e+02   1.85571887e+03   2.47760449e+03   2.77064753e+00
   1.08598526e+02   5.99257019e+02   5.69120020e+03   3.43944120e+00
   7.20731016e+04   8.91620938e+04   1.44766922e+02   8.13135147e+01
   1.24811707e+02   2.84394653e+02   8.13344609e+04   7.08462952e+02
   8.85777206e+01   6.93532776e+02   1.96305084e+01   4.88477203e+02
   1.00480331e+02   3.29677319e+03   9.65762512e+02   3.45963526e+00
   2.07115801e+04   4.91699257e+01   5.75111633e+02   7.22559937e+02
   3.87191353e+01   3.04152441e+04   7.87560043e+01   6.61570618e+02
   1.34014868e+03   8.27541211e+03   1.31781689e+04   3.08478713e-01
   2.22850769e+02   1.60248199e+02   1.47575723e+04   0.00000000e+00
   7.44133835e+01   1.14903275e+02   5.05764648e+03   2.95647831e+01
   6.48516016e+03   2.45152695e+04   6.51913757e+02   6.38430742e+04
   1.10634717e+03   8.17419556e+02   7.22600625e+04   3.06358569e+03
   1.55153379e+04   9.01825623e+02   1.54784729e+02   7.90765391e+04
   3.99001001e+03   9.73415918e+03   1.22996997e+03   2.75244751e+03
   2.21150903e+03   3.55658740e+03   0.00000000e+00   7.17571716e+02
   3.72448359e+04   1.59649023e+03   6.95682422e+04   2.03393841e+00
   1.57130396e+03   2.79281289e+04   4.07213249e+01   7.83803406e+02
   8.90735078e+04   2.36786562e+04   1.17178946e+01   1.74546768e+02
   4.53119232e+02   1.37992314e+04   5.68991821e+02   2.34169983e+02
   1.09211992e+05   1.06009354e+02   1.19612221e+02   0.00000000e+00
   2.64177852e+04   5.69750352e+04   2.12842035e+00   5.48711487e+02
   1.30775528e+02   7.37626562e+04   1.30084106e+02   8.01674271e+01
   2.59615498e+01   3.35035078e+04   5.40866895e+03   4.72277979e+03
   9.37196732e-01   4.98068750e+03   8.73415283e+02   5.23620195e+04
   3.61922930e+04   2.26131744e+02   0.00000000e+00   2.26919342e+02
   8.19339355e+03   1.26872726e+02   2.84157837e+02   2.88997388e+03
   9.57456665e+01   2.55239233e+03   5.48253906e+02   3.08201752e+02
   5.82062646e+03   5.22837695e+03   4.38175234e+04   8.18265625e+04
   6.12181914e+04   3.19847778e+02   2.88347443e+02   3.66237773e+04
   1.81571172e+04   2.07245579e+01   2.40737769e+03   1.83306732e+01
   7.81586621e+03   9.91758347e+00   4.01245361e+03   3.97823008e+04
   1.02685107e+03   3.47268628e+03   9.06314922e+04   4.24111877e+02
   4.10259064e+02   3.70093066e+03   5.19807816e+00   7.96649688e+04
   6.73963828e+04   4.11432068e+02   1.15179739e+01   8.72816181e+00
   1.36254089e+03   4.36622070e+03   3.23830719e+01   8.32207642e+02
   2.92342969e+03   2.39322803e+03   0.00000000e+00   9.08023828e+04
   5.95363677e-01   8.51990051e+01   1.09048022e+03   2.22190647e+01
   3.61328882e+03   4.00332985e+01   2.04215775e+01   1.02290054e+02
   4.75014221e+02   2.90077271e+03   3.42263275e+02   1.03575281e+03
   2.34365387e+02   7.34852905e+02   8.75425659e+02   2.58462067e+02
   6.47077332e+02   1.03320273e+04   9.48167725e+01   1.36335234e+04
   3.41256323e+03   2.10173315e+03   2.97235779e+02   1.63838623e+02
   4.08821411e+02   8.36565247e+01   3.38637042e+00   4.55191326e+00
   2.04621680e+04   0.00000000e+00   1.77963733e+03   7.25852295e+03
   2.40541162e+03   5.93111877e+01   1.93443809e+04   0.00000000e+00
   6.45208817e+01   1.79893867e+04   3.71005654e+00   8.44951074e+03
   1.33454941e+02   6.64597412e+02   8.50560837e+01   1.49258923e+03
   5.09465938e+04   3.60670215e+03   3.55003931e+03   1.63873418e+04
   6.42187148e+04   6.70075134e+02   4.27333107e+01   1.44073364e+03
   0.00000000e+00   8.68657349e+02   1.47278086e+04   2.08528471e+00
   7.68730591e+02   1.77149883e+04   1.12762415e+03   5.84177578e+04
   1.78642883e+01   3.19596786e+01   3.80643234e+01   2.30640063e+03
   1.61103740e+04   4.93331051e+00   2.59898865e+02   4.58274918e+01
   3.05977148e+04   6.38825798e+00   2.33961975e+02   2.23097057e+01
   2.55059937e+03   2.19278047e+04   3.37788672e+04   6.77712158e+03
   7.42416484e+04   4.56125519e+02   4.92950592e+02   6.19588428e+03
   2.18600616e+02   1.02059622e+01   9.43703672e+04   6.42535508e+04
   2.19444153e+02   4.93087128e+02   9.70627051e+03   3.88065918e+03
   0.00000000e+00   4.75702246e+03   3.10312408e+02   5.02441444e+01
   1.12934102e+04   1.41548523e+03   2.18527197e+03   2.34962949e+04
   5.53647280e+00   1.55575330e+03   1.70393173e+02   5.70282617e+03
   4.37077188e+04   8.99006271e+01   1.88425735e+02   8.08536926e+02
   5.69352295e+02   6.24781641e+03   9.86027500e+04   3.31321836e+04
   3.00871307e+02   2.24859894e+02   1.57436157e+03   4.72187138e+00
   5.73834277e+03   4.71756561e+02   1.14508873e+02   2.14880402e+02
   2.23693535e+04   7.20832129e+03   1.95019690e+03   1.96650293e+04
   2.00279800e+02   1.93203926e+04   2.08275967e+01   2.60561484e+04
   7.90947266e+02   6.96267578e+04   4.67605042e+02   1.06023608e+03
   5.05002106e+02   2.43054428e+02   7.13955811e+02   2.66614961e+04
   1.36969609e+04   8.44701562e+03   6.09858942e+00   2.68372742e+02
   6.66278198e+02   3.06683047e+04   4.11866211e+04   9.95483643e+02
   4.64398867e+04   7.33919983e+02   1.65752907e+01   9.34445667e+00
   9.30119202e+02   1.58843665e+03   1.64922034e+03   3.40187402e+03
   5.68416748e+03   2.26489811e+01   1.08220833e+02   4.81636749e+02
   1.72030029e+02   1.77765320e+03   1.12378076e+04   2.51997129e+04
   1.06321152e+04   0.00000000e+00   6.60130547e+04   3.12177338e+02
   1.05313525e+03   1.05142841e+01   2.84374048e+03   6.90186279e+02
   5.44195117e+03   1.15133428e+04   2.80724812e+01   2.42580872e+01
   5.32586288e+01   4.80731689e+02   2.50369507e+03   1.73080170e+02
   3.64689148e+02   5.23701191e+00   7.59990137e+03   2.07343042e+03
   3.47734741e+03   1.58198633e+04   1.88898651e+02   3.59075975e+00
   1.48363367e+03   1.48833771e+01   9.80507263e+02   5.51624961e+04
   4.33150586e+03   1.63774490e+02   6.34291534e+01   1.48907263e+03
   1.36539099e+03   1.31587439e+03   6.10084570e+04   7.27747363e+03
   1.32109424e+04   4.31951111e+02   1.72962964e+03   1.62970703e+03
   0.00000000e+00   6.08236755e+02   5.46372498e+02   4.55653442e+02
   1.59029388e+02   2.59105988e+02   0.00000000e+00   4.99783592e+01
   1.23399317e+00   0.00000000e+00   9.77422754e+03   0.00000000e+00
   0.00000000e+00   7.19802368e+02   0.00000000e+00   1.83103394e+02
   1.01167041e+04   2.39219925e+02   8.07186475e+03   1.48083771e+02
   8.10156641e+04   3.70600547e+04   4.35444489e+02   1.86051074e+03
   5.00322235e+02   4.22938867e+03   2.43322148e+04   2.50978836e+02
   1.54260422e+02   5.30278397e+00   5.96718506e+02   3.47232251e+03
   1.40201147e+03   4.44044189e+02   3.60799902e+03   0.00000000e+00
   3.09335181e+03   5.01278223e+03   8.81642029e+02   7.17844543e+01
   5.39075684e+02   3.69658691e+02   3.89074570e+04   3.00732046e-01
   1.61194153e+02   7.18980789e+01   7.35683359e+04   8.76306836e+03
   3.60556641e+02   2.48374538e+01   3.81334114e+00   7.72573242e+03
   6.55140930e+02   2.95607033e+01   1.20120789e+03   2.40324609e+03
   2.83651184e+02   1.06091040e+03   6.91997223e+01   5.99740662e+02
   2.57686890e+02   1.05014805e+05   8.08692017e+01   5.33623291e+02
   0.00000000e+00   1.11419580e+04   5.62625391e+03   2.84575708e+03]
[  5.01698914e+01   9.35596387e+03   6.95186234e+01   1.29160608e+03
   2.81287140e+02   1.67714043e+04   6.66082001e+01   6.69069238e+03
   8.48734766e+03   4.55953750e+04   1.45807571e+02   3.71246643e+01
   6.18134912e+03   4.23314258e+04   1.64734827e+03   3.96800018e+02
   6.87362915e+02   1.44819910e+03   7.63677578e+04   1.59087634e+03
   5.12041855e+00   1.60947302e+03   1.01111313e+02   6.88154602e+02
   8.90065137e+03   7.19540863e+01   1.50277949e+04   1.33866486e+02
   1.82317230e+02   1.27967444e+03   5.65161194e+02   9.04730713e+02
   7.25116348e+01   0.00000000e+00   2.08443701e+03   6.51726151e+01
   2.62960052e+02   7.55163359e+04   0.00000000e+00   2.67909692e+03
   8.08460010e+03   4.08109589e+01   1.76874459e-01   3.45528442e+02
   4.53411670e+03   4.51499573e+02   7.27812646e+03   4.24889990e+03
   4.94627075e+01   4.49140320e+01   6.82017456e+02   7.36425488e+03
   6.90936966e+01   4.63633398e+03   2.29179355e+04   3.84785586e+04
   3.17280487e+02   1.42227988e+04   6.74298239e+00   1.24596619e+03
   1.38830701e+03   8.42661438e+02   6.90344604e+02   3.12225006e+02
   2.61027100e+03   1.23897018e+02   3.66605682e+01   4.46029778e+01
   4.57143555e+01   7.25633812e+00   5.25651672e+02   1.09810322e+04
   4.46351250e+04   1.58128372e+02   3.74050547e+04   6.58444071e+00
   1.36592617e+01   9.20539673e+02   1.01375099e+02   1.88917031e+04
   3.22436951e+02   2.22219922e+04   2.59715723e+04   2.65513501e+03
   6.24725078e+04   3.53535390e+00   5.52839355e+02   9.56323145e+03
   1.11612344e+04   1.87896992e+04   1.84870033e+01   2.33477075e+03
   2.16247192e+02   4.45703711e+03   6.42321350e+02   1.43475244e+03
   2.32374414e+03   0.00000000e+00   1.00359170e+04   8.27331696e+01
   8.59390736e+00   4.77015625e+02   1.84398468e+02   3.35177881e+03
   1.24459481e+00   4.08405781e+00   4.86623688e+02   6.09113008e+04
   1.17693844e+01   1.76530508e+04   1.42163376e+02   7.22806641e+04
   1.99789392e+03   3.40172119e+01   4.02226543e+00   3.51281799e+02
   1.57033661e+02   2.21577871e+04   3.31876038e+02   5.07305145e+00
   1.55184400e+00   2.27610992e+02   5.03018799e+03   1.42016172e+01
   4.44109467e+02   5.82369434e+03   1.11688438e+02   2.28973122e+01
   7.59261047e+02   1.83012482e+02   2.43014258e+04   4.10034485e+02
   4.71192818e+01   1.02280286e+03   1.43059952e+02   3.56512842e+03
   4.98777734e+04   0.00000000e+00   5.05136108e+00   4.05926514e+01
   1.66212988e+00   6.87587738e+01   1.47719742e+02   1.75270279e+02
   8.10978317e+01   6.25803162e+02   2.00156848e+03   8.29856992e-01
   6.83535843e+01   3.74755898e+04   1.65197334e+01   6.97631168e+00
   4.74703552e+02   8.58801880e+02   4.01780731e+02   1.45055107e+04
   1.24723845e+01   2.46867325e+02   8.52312469e+01   6.10170312e+03
   8.72453156e+01   6.47859039e+01   2.34086258e+02   1.41386395e+01
   4.59956562e+04   2.76951180e+01   2.03721222e+02   1.03084775e+04
   5.25690186e+03   1.96447656e+04   0.00000000e+00   1.02522259e+01
   4.78152832e+03   1.14104626e+03   1.18319321e+00   1.23597571e+03
   4.05826445e+04   1.84893311e+02   3.68482031e+04   1.90747839e+03
   3.85593008e+04   1.44459707e+04   5.40453796e+01   4.02110815e+03
   1.79932739e+03   3.18316817e-01   8.95035706e+02   1.76476978e+03
   4.68679190e+00   2.63305847e+02   8.24534378e+01   5.29622917e+01
   1.30605005e+03   2.51191870e+03   7.80813477e+02   1.24826572e+04
   1.46224231e+03   2.99042694e+02   1.62671616e+02   2.10192212e+03
   4.46623535e+02   7.93839417e+02   1.63483704e+03   0.00000000e+00
   6.84804504e+02   1.54714233e+02   2.42321265e+03   8.26312195e+02
   3.26207788e+03   7.29005078e+04   9.73303070e+01   2.04139114e+02
   3.66475781e+03   1.58175403e+03   6.27426300e+01   5.82129590e+03
   5.89354219e+04   8.92878952e+01   4.46831322e+01   6.33509827e+02
   5.24661914e+03   1.55065399e+02   2.65354652e+01   9.96535034e+02
   2.82954285e+02   1.00324875e+02   5.52844238e+00   9.73705750e+01
   4.45494202e+02   2.06524467e+01   6.04316444e+01   2.81345806e+01
   1.23292542e+03   5.32779121e+01   2.69474335e+01   1.85129967e+01
   1.15601219e+02   3.56370972e+02   1.51288660e+03   1.21581697e+01
   8.57038498e+00   1.62678165e+01   7.00938599e+02   6.23790508e+04
   3.77671484e+04   5.82147998e+03   9.84054260e+01   4.44634735e+02
   6.19491043e+01   2.62009064e+02   1.20834267e+02   2.35093521e+02
   7.81778076e+03   6.37393311e+02   4.49325323e+00   2.67734802e+02
   7.91528137e+02   1.46682758e+01   8.97153931e+02   4.34452820e+01
   2.63144379e+02   2.10031525e+02   1.97918377e+01   4.22351074e+01
   5.46490352e+04   1.05871204e+03   4.82533086e+04   7.66889191e+00
   1.77148535e+03   1.62090078e-01   1.67172287e+02   3.05424744e+02
   2.37386513e+01   6.63299227e+00   5.56806016e+04   6.38008240e+02
   1.65468408e+03   1.77517227e+02   3.04230640e+03   1.10182734e+04
   1.32770493e+02   2.65564026e+02   2.95353241e+02   7.35410547e+04
   1.78700830e+03   5.03758057e+02   5.03481396e+03   6.83581360e+02
   1.00403821e+03   8.37121680e+03   2.07959180e+03   3.99087891e+03
   9.64832617e+03   6.97626038e+02   5.54261246e+01   8.05397400e+02
   4.41513916e+03   4.29229736e+02   3.64142847e+03   7.22182453e-01
   2.15784025e+00   6.46542908e+02   1.48896709e+04   2.42853298e+01
   1.40158086e+04   4.82566797e+04   7.13167786e+02   2.21390112e+03
   7.00853809e+03   6.54597412e+03   2.32969737e+00   2.34907275e+03
   0.00000000e+00   2.22645264e+03   6.80051904e+03   1.38982402e+04
   5.89772888e+02   1.40704553e+03   1.25332062e+02   2.13870332e+04
   2.50386230e+03   1.11922920e+04   1.52259924e+03   3.49730156e+04
   1.12150146e+02   1.92092270e+02   2.09109937e+03   4.90993011e+02
   2.99650482e+02   2.75598736e+01   6.17979199e+03   5.73922266e+03
   0.00000000e+00   3.40326324e+02   5.72150764e+01   1.83771985e+03
   8.37710190e+01   2.87466968e+03   2.35381128e+03   8.13928516e+03
   2.57381758e+04   5.51893860e+02   1.98242889e+02   1.32968018e+02
   4.84605312e+00   2.77818024e+02   9.63866504e+03   3.38892285e+03
   6.62900732e+03   3.92258276e+03   3.04743848e+03   8.35860781e+04
   5.82087746e+01   1.35972986e+03   1.31567261e+03   1.64978302e+02
   1.55540898e+04   1.44720056e+03   2.85257539e+04   5.14422512e+00
   5.04726953e+04   1.22622452e+02   3.83509844e+04   1.81457007e+03
   3.51650830e+03   2.65511108e+02   2.87224884e+01   3.50452515e+03
   5.02723572e+02   1.40731885e+03   2.50757034e+02   5.59297998e+03
   2.68200653e+02   5.10052441e+03   1.50056061e+02   1.22587414e+05
   8.13159229e+03   1.10714575e+03   5.47483301e+03   4.32031036e+02
   7.59772778e-01   1.21970250e+05   1.97243103e+03   2.43525894e+02
   5.79892578e+02   5.27835889e+03   1.85181141e+01   1.78420591e+00
   6.16523071e+02   4.87908691e+02   7.12230234e+04   3.19889575e+03
   1.40464062e+03   4.12173477e+04   7.17666797e+04   3.65283470e+01
   4.03463211e+01   3.35157861e+03   2.40827295e+03   6.10541406e+03
   1.72544540e+02   4.02940664e+04   1.69771643e+03   2.44888306e+03
   1.40624218e+01   8.76192773e+03   2.58648548e+01   3.50264746e+03
   7.34867798e+02   7.02353943e+02   7.92435425e+02   1.57972676e+04
   1.27519648e+04   3.36302887e+02   1.00692657e+03   2.41487265e+00
   9.19346497e+02   1.00583755e+02   0.00000000e+00   8.66349487e+01
   1.29387787e+02   4.30703945e+04   3.09823608e+03   1.74860287e+01
   1.25167023e+02   1.15493438e+04   2.45097641e+02   1.84330769e+01
   4.16912305e+03   3.12781958e+03   3.60603750e+04   6.99285278e+01
   4.39804883e+03   5.13017883e+02   1.45359926e+01   1.05364059e+02
   5.30621605e+01   0.00000000e+00   1.51898721e+04   5.53246021e+00
   8.62366638e+01   7.70545349e+01   1.08152504e+02   1.99042416e+01
   2.87596970e+01   1.12565029e+04   3.66457672e+02   2.13542328e+02
   1.07580261e+03   2.27561426e+04   9.08707275e+01   4.73195648e+02
   1.70395187e+02   1.42962625e+05   2.65503594e+04   2.77826481e+01
   8.35082642e+02   3.97345264e+03   2.12401445e+04   2.42055420e+03
   1.22048125e+04   1.29008242e+04   5.22344092e+03   4.12840869e+03
   6.12826660e+03   1.16408813e+03   1.94819778e+02   1.51166580e+02
   3.89736298e+02   0.00000000e+00   4.57911133e+03   9.84331836e+03
   1.37955928e+04   1.73449160e+04   4.14737701e+02   1.47694458e+02
   4.39357452e+02   1.00732672e+03   1.15664624e+03   2.86485234e+04
   4.20154346e+03   1.09644875e+02   2.01917129e+04   8.32556000e+01
   0.00000000e+00   0.00000000e+00   2.69448120e+03   2.84918579e+02
   4.23809357e+02   1.23666680e+04   7.06886953e+04   1.39923760e+04
   7.91381738e+03   7.02767517e+02   3.18876526e+02   3.23814331e+02
   8.42350464e+02   4.68510666e+01   1.42196997e+03   2.04127100e+03
   2.47200156e+04   2.13379980e+04   1.20292397e+01   7.93012268e+02
   1.06701836e+04   5.90374951e+03   1.23414032e+02   8.30301380e+00
   1.80012955e+02   3.43153687e+01   9.43472519e+01   1.64054512e+04]
[  1.35006409e+02   6.33687592e+00   2.26803765e-01   6.35889258e+03
   5.76138306e+01   1.43026476e+01   4.67659712e+00   0.00000000e+00
   5.57864685e+01   1.88378010e+01   1.57158792e+00   1.87917023e+02
   4.46343279e+00   1.92909073e+02   3.50840139e+00   2.13396049e+00
   0.00000000e+00   3.25748940e+01   0.00000000e+00   0.00000000e+00
   2.60301727e+02   1.31254971e+04   3.96255420e+03   1.32690308e+02
   3.51438785e+00   0.00000000e+00   0.00000000e+00   3.79541138e+02
   2.13592560e+02   8.66541809e+02   6.57946143e+03   2.93389771e+02
   3.24597485e+03   1.35471085e+02   4.90629721e+00   9.60210876e+02
   2.56593871e+00   1.08099365e+04   1.86047485e+03   8.54044922e+02
   3.40495825e+03   5.53255177e+00   1.17166980e+03   4.64381073e+02
   6.77389050e+00   6.16903782e+00   3.17382617e+03   1.26192427e+00
   2.98301258e+01   1.45565403e+00   2.62982368e+01   8.37134827e+02
   0.00000000e+00   4.00717621e+01   5.17672577e+01   3.76358871e+01
   3.72710010e+03   7.87161011e+02   0.00000000e+00   6.60519257e+01
   2.71969967e+01   3.49545693e+00   9.18015838e-02   1.76706894e+02
   4.42687607e+01   1.75295874e+03   6.68786621e+00   0.00000000e+00
   8.88818970e+01   3.39256470e+03   4.24556961e+01   2.86032181e+01
   1.20910807e+01   8.39722534e+02   4.19398069e+00   1.77649609e+03
   4.33726692e+00   3.88070251e+02   3.28765202e+00   3.67012672e+01
   0.00000000e+00   2.47150745e+01   1.13058777e+02   2.47053955e+03
   2.52029114e+01   1.74542732e+01   1.09492407e+01   2.99648666e+00
   5.85524268e+03   1.27962639e+02   1.00718330e+04   5.80179176e+01
   1.50195986e+04   1.27848442e+02   0.00000000e+00   2.36697403e+02
   6.86245947e+03   3.10066730e-01   3.55554956e+03   2.65588074e+01
   3.50924835e+02   1.80283413e+01   3.20477128e+00   0.00000000e+00
   5.76919495e+02   1.21330212e+03   0.00000000e+00   4.32792244e+01
   6.81780100e+00   1.55416206e-01   6.79062843e+00   1.01652870e+02
   1.11359521e+03   1.75214380e+03   4.79678841e+01   0.00000000e+00
   1.67433899e+03   5.31927490e+02   9.95092850e+01   4.27583771e+01
   0.00000000e+00   1.45641876e+02   0.00000000e+00   7.16929853e-01
   3.46283746e+00   9.40981865e+00   4.85973787e+00   2.24268007e+00
   3.95620155e+01   7.36561584e+02   2.50299362e+02   3.67688049e+02
   1.86550343e+00   3.93907547e+01   7.64014053e+01   4.41306763e+01
   6.12047803e+03   8.15773926e+01   2.94236259e+01   1.84903259e+02
   1.90121570e+03   3.58827133e+01   3.80088959e+01   5.80632910e+03
   5.70884752e+00   6.25400841e-01   2.86245995e+01   0.00000000e+00
   3.10808611e+00   8.04642105e+00   0.00000000e+00   2.16618614e+01
   1.07647644e+02   1.54869974e+00   2.57655120e+00   0.00000000e+00
   6.76393555e+02   1.04428720e+01   1.07205830e+01   6.08427906e+00
   8.14706192e+01   2.68955612e+01   1.34590986e+04   1.73147675e+02
   3.32269318e+02   7.32289258e+03   0.00000000e+00   2.48730859e+03
   3.27495605e+02   3.55366235e+03   1.68394804e+00   7.08043896e+03
   2.94430399e+00   3.40274139e+02   1.41114502e+01   2.54571128e+00
   9.78347492e+00   2.57034016e+00   3.75650063e+01   0.00000000e+00
   9.14220333e+00   3.69552588e+03   1.18432052e-01   9.81393311e+02
   2.12567200e+02   1.04212539e+04   7.75943089e+00   5.13997602e+00
   3.87836133e+03   6.15134468e+01   2.55537701e+01   1.84376240e+01
   2.19950635e+03   1.48200027e+02   3.00991608e+02   1.07407555e+02
   5.02058983e+00   1.33221948e+03   2.01580237e+03   1.51486841e+03
   2.21190090e+01   1.05196211e+04   1.90244341e+00   3.11668777e+00
   4.04853516e+01   3.24251938e+01   1.14371851e+03   4.36066553e+03
   0.00000000e+00   1.20318823e+03   2.33402637e+03   1.11689099e+03
   0.00000000e+00   0.00000000e+00   8.77897110e+01   1.25838013e+03
   3.04842987e+02   3.17467046e+00   1.13024354e+00   4.65327492e+01
   6.12054672e+01   1.03140282e+02   1.52292923e+02   2.97995687e+00
   6.34327930e+03   8.05561523e+03   0.00000000e+00   1.33585048e+00
   1.08512962e+00   2.43003662e+02   3.64408646e+01   1.78009308e+02
   1.51682730e+01   6.32829468e+02   2.71062988e+03   6.07391434e+01
   1.20674276e+01   1.04489814e+04   0.00000000e+00   4.57571503e+02
   0.00000000e+00   1.09092725e+04   5.26505775e+01   1.80798316e+00
   0.00000000e+00   1.85869492e+02   6.56033740e+03   9.42007124e-01
   0.00000000e+00   2.27845554e+01   6.61753418e+03   1.20655417e+00
   0.00000000e+00   5.96617937e+00   1.18318915e+00   4.29371063e+02
   7.35798706e+02   5.22609472e+00   0.00000000e+00   3.95819238e+03
   2.43592892e+01   5.28349152e+01   0.00000000e+00   0.00000000e+00
   1.60964757e-01   2.26441890e-01   0.00000000e+00   1.18267029e+03
   2.24618515e+02   1.42856323e+02   0.00000000e+00   6.59662476e+02
   1.22378159e+01   1.40184111e+04   1.93783691e+03   1.57986679e+01
   2.46820605e+03   4.83921852e+01   3.93602905e+01   1.26016748e+00
   2.54935246e+01   2.43432571e+02   8.21947559e+03   8.51015320e+01
   1.99295664e+00   6.14213562e+01   3.96003174e+02   2.13541908e+01
   0.00000000e+00   5.77823353e+00   1.71468582e+02   3.39878540e+03
   5.63808350e+02   3.49120453e+02   0.00000000e+00   0.00000000e+00
   2.55867176e+01   1.75802414e+02   2.93405113e+01   2.20924783e-02
   1.83009445e+02   2.39803650e+02   5.34018896e+03   0.00000000e+00
   2.44069183e+02   0.00000000e+00   3.62552452e+01   3.97266716e-01
   7.58948730e+03   0.00000000e+00   1.12250547e+04   7.49539709e+00
   2.69969311e+01   0.00000000e+00   8.38635303e-03   6.61928516e+03
   3.97145557e+03   3.18340601e+03   2.43297825e+01   1.80895746e+00
   4.71598602e+02   2.76444397e+01   2.87032676e+00   5.93925018e+01
   3.34709839e+02   0.00000000e+00   2.33574080e+00   1.44692516e+01
   9.90429077e+01   2.44185519e+00   1.34033384e+01   2.41986108e+03
   3.67422829e+01   7.74535522e+02   1.73278561e+01   3.28375928e+03
   2.43787582e+02   1.90790637e+03   6.49856250e+03   6.93649063e+01
   8.69519104e+02   1.02838898e+00   3.48055000e+01   3.22091198e+00
   2.34180786e+03   3.60343981e+00   2.52221753e+03   4.25078964e+01
   1.04572983e+02   5.56797829e+01   5.33747978e+01   0.00000000e+00
   2.53415649e+03   3.68193550e+01   0.00000000e+00   3.29574051e+01
   1.62217920e+03   6.04402197e+03   5.43318506e+03   7.59252787e+00
   3.29239044e+01   0.00000000e+00   1.28531055e+01   8.18363876e+01
   2.24170853e+02   3.89666061e+01   0.00000000e+00   1.70375092e+02
   4.15728455e+01   0.00000000e+00   3.52108574e+01   2.54135181e+03
   1.15072854e-01   4.07425270e+01   3.36333961e+01   8.59570694e+01
   4.93492978e-03   8.08759880e+00   2.40971303e+00   1.56933960e+02
   5.70273018e+01   1.55231650e+04   1.49357433e+01   5.88542041e+03
   3.38946289e+02   4.53888123e+02   2.22004761e+03   4.87695664e-01
   3.62857690e+03   2.12772217e+02   5.01052246e+02   4.64532356e+01
   1.37378192e+00   0.00000000e+00   1.05241480e+01   6.20632401e+01
   0.00000000e+00   2.88920059e+01   1.09412552e+02   4.63168182e+01
   9.42735138e+01   7.93576965e+02   9.44581152e+03   1.33706546e+00
   6.91267319e+01   2.80224056e+01   1.76330612e+02   7.99147940e+00
   3.72526765e+00   8.53593555e+03   1.33000269e+01   4.97919559e+00
   2.20995760e+00   2.69384827e+02   3.06584839e+03   7.51978302e+01
   4.11267236e+03   1.41683662e+00   0.00000000e+00   0.00000000e+00
   2.04976172e+04   6.61103516e+02   3.13765831e+01   0.00000000e+00
   2.78549561e+02   1.97689957e+02   0.00000000e+00   1.17160568e+01
   2.37759399e+00   2.25620911e+02   2.61997778e+03   1.10394535e+01
   1.79035740e+01   1.63199097e+03   3.19706360e+02   6.13332100e+01
   5.40065336e+00   2.67019989e+02   1.24243574e+04   3.84827995e+01
   2.38755722e+01   5.66275215e+00   4.41606379e+00   1.53726532e+02
   1.23394270e+01   2.54834056e-01   7.23453076e+03   5.88702979e+03
   1.20050723e+04   0.00000000e+00   1.64870850e+02   7.03276825e+01
   3.63870483e+03   5.42132950e+00   6.35434021e+02   5.28686790e+01
   1.40905523e+01   1.00304404e+04   3.82206192e+01   9.22718994e+02
   0.00000000e+00   3.07570740e+02   2.45022430e+02   8.07917099e+01
   5.19663770e+03   4.16528473e+01   1.01451340e+01   0.00000000e+00
   7.75720358e-01   1.89158142e+02   5.10779800e+01   1.21424305e+00
   1.16441383e+02   2.93055273e+03   2.73637027e-01   4.95043274e+02
   2.47271957e+02   1.09363281e+02   4.62492920e+03   7.14009018e+01
   3.98459229e+03   9.68670578e+01   3.81692841e+02   4.97888641e+01
   4.21561432e+01   1.11201843e+03   6.58140106e+01   7.48642529e+03
   0.00000000e+00   1.32227993e+00   7.30460453e+00   6.52200000e+03
   3.71229591e+01   5.16024494e+00   8.48774147e+00   0.00000000e+00
   5.54742334e+03   1.84317734e+02   6.55488647e+02   3.66949023e+03
   2.45515747e+02   7.62429199e+01   1.10387451e+03   2.15929443e+03
   3.42852211e+01   3.25392358e+03   9.18989944e+00   7.06840439e+01
   0.00000000e+00   8.49561621e+03   7.34695959e+00   1.82490341e+02]
[  3.66285172e+01   3.78214020e+02   2.43440723e+01   2.01141998e+02
   3.38146439e+01   8.34631531e+02   3.01904736e+01   1.05180130e+02
   2.27141590e+01   2.31620274e+01   6.00557922e+02   2.71221924e+02
   1.59983533e+03   2.48322479e+02   2.37090454e+03   5.99927307e+02
   1.10266685e+01   2.05862106e+02   5.95528503e+02   1.70487778e+02
   7.67729492e+01   1.02123299e+01   2.41815674e+03   8.67860641e+01
   4.32915192e+01   3.00361099e+01   2.63074780e+01   1.91307080e+00
   6.12380029e+03   4.21388245e+01   5.78935385e-01   4.32185669e+01
   2.96838428e+03   2.62972832e+01   5.74702644e+00   2.06111023e+02
   5.45865576e+03   2.71708393e+00   6.40650034e-01   1.16078723e+03
   5.15395605e+03   1.62172485e+02   4.52803165e-01   1.97007999e-01
   3.73009443e-01   3.33151917e+02   5.98311377e+03   2.13904343e+01
   2.70941658e+01   2.78828945e+01   3.87475586e+01   5.81537590e+01
   1.17673816e+03   5.65471863e+02   2.65926239e+02   3.46158887e+03
   3.30662489e+00   4.19439793e+00   7.77932678e+02   2.88410791e+03
   1.89585754e+03   1.64331787e+02   6.02611279e+03   7.06760550e+00
   1.38264251e+00   1.68640167e+02   1.40022964e+02   8.81041718e+01
   3.94562187e+01   4.59076141e+02   1.94993774e+03   2.22279956e+03
   4.24899384e+02   4.57982063e+01   3.14611740e+01   1.66190271e+03
   1.16777412e+02   5.30526611e+02   4.30241748e+03   3.25064349e+00
   2.25275922e+00   6.68566360e+01   2.87939380e+03   1.86477718e+01
   9.43246643e+02   3.90713940e+03   7.30356674e+01   5.50226097e+01
   3.37882300e+03   4.49372986e+02   9.10982742e+01   1.47948288e+02
   0.00000000e+00   2.02405750e+03   1.75770969e+01   6.05556107e+00
   1.75146515e+02   4.62045264e+03   4.43234406e+01   5.19569740e+01
   8.28542328e+00   5.92016268e+00   5.06073685e+01   7.32775152e-01
   1.39626709e+03   2.33605534e-01   7.46430817e+01   3.13132300e+03
   2.88664819e+03   7.59938278e+01   6.39504211e+02   3.89548421e+00
   2.52485229e+03   5.48277954e+02   2.74201569e+02   0.00000000e+00
   9.95676136e+00   3.46033502e+00   3.41641748e+03   1.97969646e+01
   3.47683830e+01   2.66472925e+03   1.51535881e+00   1.62383766e+01
   8.00441170e+00   2.24760254e+02   2.60484581e+01   7.11355957e+02
   4.96805127e+03   2.12364507e+00   7.56687698e+01   2.39968921e+03
   8.87988037e+02   3.77717376e+00   1.01424609e+04   9.58625221e+00
   0.00000000e+00   6.60484009e+02   9.54794884e+00   7.28853106e-01
   4.97063330e+03   0.00000000e+00   7.91145569e+02   6.01540070e+01
   1.28312195e+02   1.48916388e+00   0.00000000e+00   1.06727390e+01
   4.11993414e-01   6.41939926e+01   9.95850849e+00   4.04975983e+02
   1.68607483e+02   1.45009338e+03   1.90461166e+02   2.04607764e+03
   1.76912524e+03   2.02813458e+00   1.35066040e+03   3.73082458e+02
   7.39860229e+02   2.33306128e+03   5.60672283e+00   2.11666092e+02
   4.12812891e+03   4.35810791e+02   2.70603821e+02   1.80653553e+01
   1.71306305e+01   1.41056409e+03   3.12193146e+02   3.93461585e-01
   1.59899292e+02   3.82313460e-01   1.16410622e+02   1.79727149e+00
   0.00000000e+00   2.75216333e+03   2.12961212e+02   4.64297152e+00
   6.27369118e+01   2.20208244e+01   1.87992120e+00   6.60054855e+01
   5.47036572e+03   2.22028524e-01   4.24458237e+01   1.60016045e-01
   0.00000000e+00   9.01824665e+00   8.25329590e+00   2.50633469e+02
   2.06663761e+01   1.01151291e+02   2.53098984e+02   3.53489197e+02
   2.71323528e+01   2.40995274e+01   2.81447220e+01   6.79036140e+00
   3.08412623e+00   8.84474487e+01   0.00000000e+00   9.96205330e-01
   2.36135788e+01   1.21471767e+01   0.00000000e+00   2.61493469e+02
   1.34308701e+01   8.56582463e-01   1.12416907e+03   2.60598572e+02
   5.04619360e+00   0.00000000e+00   5.76058044e+01   3.27425385e+01
   8.98476315e+00   3.55226990e+02   1.41766556e+02   8.66429672e+01
   2.83845642e+02   7.79228699e+02   2.10210373e+02   2.32281763e+03
   4.88323212e+00   8.94960403e+01   2.30234521e+03   6.81520538e+01
   1.62596753e+03   3.11910620e+03   2.57026318e+03   2.04659863e+01
   0.00000000e+00   3.43276711e+01   1.80080841e+02   7.23841431e+02
   1.84364441e+03   3.79768920e+00   2.02990662e+03   3.60809479e+02
   8.40609074e-02   1.26975990e+02   1.52926453e+02   0.00000000e+00
   5.69611328e+02   4.65857117e+02   5.60090027e+02   0.00000000e+00
   1.23954262e+02   1.73089057e-02   0.00000000e+00   2.47524658e+02
   2.11331519e+03   0.00000000e+00   1.64824879e+00   5.78198633e+03
   4.06906903e-02   2.50690201e+02   1.17644402e+02   1.20420265e+01
   3.70558936e+03   5.29520363e-02   5.80542725e+03   5.13622208e+01
   4.27425861e-01   5.89833260e+00   2.09582611e+02   1.26979883e+03
   1.68635864e+01   2.34858978e+02   2.85542259e+01   4.37704041e+02
   0.00000000e+00   3.06898002e-02   6.35487709e+01   1.23437096e+02
   5.47527695e+01   6.51809235e+01   1.20224158e+03   2.89588165e+02
   9.68146026e-01   5.89157524e+01   5.24431836e+03   1.37346697e+00
   0.00000000e+00   3.52287549e+03   1.40326584e+02   5.03711402e-01
   3.73629956e+03   1.92935448e+01   3.31488152e+01   1.54213405e+00
   2.40159546e+02   3.71916840e+02   3.23853809e+03   1.81329155e+01
   1.12970581e+03   1.00338249e+02   6.77991409e+01   3.32465424e+02
   3.24836768e+03   4.76818970e+02   2.00076175e+00   5.04097223e-01
   5.31701318e+03   2.17770996e+03   8.07745459e+03   1.87479904e+02
   6.14961326e-01   1.18792999e+02   8.69596863e+01   7.68088303e+01
   1.35725033e+00   3.66828194e+01   1.83943920e+01   5.30794006e+02
   5.11639893e+02   4.05419502e+01   4.69666473e+02   5.40700817e+00
   1.44147420e+00   1.35334277e+03   1.81316710e+00   4.96854150e+03
   9.12318516e+00   1.41749664e+02   2.50440842e+02   1.72697906e+01
   1.50388861e+00   9.58201675e+01   1.41082215e+00   1.97943401e+01
   4.14018860e+01   3.16647015e+01   5.21185059e+02   1.64362354e+01
   1.08814857e+02   5.94880432e+02   2.05749405e+02   2.00898047e+03
   1.05005872e+03   5.69525146e+02   2.06337207e+03   4.96264315e+00
   1.07523834e+02   1.88266870e+03   1.16907153e+03   1.12811951e+02
   1.54073364e+02   3.33994507e+03   5.46626854e+00   0.00000000e+00
   4.61705469e+03   1.51831238e+02   1.36549072e+03   8.95732939e-01
   9.25286255e+02   3.97802917e+02   2.58163269e+02   1.72003613e+01
   4.17461739e+01   1.23305140e+01   8.09605484e+01   1.51386719e+03
   5.15887817e+02   1.39731979e+00   4.01723366e+01   6.02380753e+01
   1.14749517e+01   1.00378668e+00   3.18526855e+03   8.20082307e-01
   2.33274673e+02   1.85538733e+03   7.95024186e-02   3.99572205e+02
   1.65407288e+03   9.40192285e+03   7.98259964e+01   2.19007736e+02
   7.90968323e+02   8.23551846e+00   1.63565445e+02   1.81511421e+01
   1.83266663e+02   1.85007065e+02   2.00519028e+01   4.39578247e+02
   2.89449585e+03   2.81312523e+01   7.56836133e+03   3.81682472e+01
   2.97199799e+02   8.55535889e+00   0.00000000e+00   7.07902832e+01
   4.81912866e-02   9.09590454e+02   1.00479134e+02   2.15491180e+02
   2.31467676e+03   8.63656387e+01   3.81085739e+01   4.86992090e+03
   1.96116858e+03   1.73013824e+02   3.96086884e+02   2.10430935e-01
   6.99245071e+01   6.93086475e+03   1.12579887e+02   7.50803589e+02
   1.20354385e+02   1.75128198e+00   7.99808455e+00   0.00000000e+00
   8.97595459e+02   1.17700330e+03   9.01538269e+02   1.05401489e+03
   5.12792664e+01   2.02662983e+01   5.21244141e+02   8.28354955e-01
   5.54188728e+01   6.70320892e+00   7.57185440e+01   1.41266455e+03
   3.89632294e+02   6.71902588e+02   9.59755469e+03   1.42062426e+01
   2.59970932e+01   1.94846423e+03   5.53236580e+01   7.50330658e+01
   1.60394934e+03   1.32851048e+01   6.66735687e+01   3.70001038e+02
   1.28503113e+01   2.12483292e+01   9.10347214e+01   1.09906311e+02
   1.55357635e+02   7.14455338e+01   2.93721123e+01   0.00000000e+00
   2.54143982e+01   3.30544472e+01   0.00000000e+00   2.37796094e+03
   8.47929199e+03   2.67964697e+03   1.41440420e+01   2.55027176e+02
   9.41304590e+03   6.01393242e+01   1.31117188e+03   2.27658176e+01
   2.99428497e+02   8.60717697e+01   3.16768885e+00   1.11247718e+00
   1.01917230e+03   1.00898376e+03   5.82372055e+01   6.84233691e+03
   4.94698730e+03   2.65362579e+02   4.66190457e-01   4.31934090e+01
   5.48456955e+00   3.62736298e+02   1.18662901e+01   2.19778613e+03
   2.70115528e+01   7.44820535e-01   4.51205349e+00   1.20997596e+00
   6.30158615e+01   5.74697205e+02   3.51322250e+01   6.31202942e+02
   1.14391861e+02   6.68564510e+00   1.28887024e+01   7.84628760e+03
   2.82848310e+00   1.84282703e+01   2.46965790e+02   7.46051453e+02
   0.00000000e+00   0.00000000e+00   1.95949310e+02   5.35302353e+01
   1.37029495e+01   1.45056653e+03   6.17211487e+02   2.60568140e+03
   4.57593414e+02   9.41610870e+01   2.45023224e+02   4.20631104e+03
   7.78290253e+01   0.00000000e+00   7.26064835e+01   3.37010474e+03
   1.39814816e+01   3.27397522e+02   3.49401474e+01   2.97056470e+03]
[  3.48623596e+02   2.50193977e+01   8.49528790e+00   3.93927622e+00
   7.82974243e+00   1.05729053e+03   2.85326042e+01   4.19333344e+01
   6.48324156e+00   4.04221802e+02   2.06897678e+01   6.23595085e+01
   4.13301239e+02   1.22429602e+03   1.09572586e+02   0.00000000e+00
   1.42678308e+01   6.39031189e+02   5.12944374e+01   4.05877876e+00
   9.34637299e+01   0.00000000e+00   5.66332970e+01   1.93762012e+03
   5.42235732e-01   3.80049920e+00   4.48370409e+00   1.34718075e+01
   1.76949921e+01   2.43344707e+01   9.56083584e+00   7.87181199e-01
   1.15159874e+02   3.64490581e+00   2.14780933e+03   2.39669043e+03
   9.25846279e-01   1.58642725e+03   6.70090866e+01   4.19808235e+01
   9.00736427e+00   2.45325165e+01   5.38643599e-01   7.87740040e+00
   1.41572666e+00   2.58242455e+01   9.14690369e+02   0.00000000e+00
   7.14507065e+01   2.16954441e+01   9.35397278e+02   0.00000000e+00
   1.79289551e+01   5.15070419e+01   0.00000000e+00   7.42359543e+00
   8.57059002e+00   1.68053589e+01   1.58753677e+02   8.58311844e+01
   7.72238851e-01   1.92139225e+01   1.82721405e+02   8.92161083e+00
   1.89938602e+01   1.83960056e+01   3.60557190e+02   1.48276348e+01
   1.08390312e+01   5.74295044e+00   1.56929398e+01   1.21977380e+03
   2.92416000e+01   1.13657920e+04   1.52024243e+03   2.65962338e+00
   1.39256687e+01   3.88198900e+00   3.03163395e+01   5.33442831e+00
   2.83780441e+01   2.43510246e+01   7.97773647e+00   2.47430229e+01
   2.77393093e+01   7.74591044e-02   8.95430542e+02   9.93132114e+00
   7.61889038e+01   1.47979593e+01   8.14033508e+00   5.12858353e+01
   4.14670982e+01   2.61858734e+02   1.20058792e+02   4.85544872e+00
   1.69873104e+01   6.17203331e+01   5.16719780e+01   4.08810425e+01
   0.00000000e+00   1.43060856e+01   7.05296249e+01   1.01941643e+02
   1.94319973e+01   1.47672100e+01   0.00000000e+00   3.21494995e+03
   2.18092270e+01   1.42237854e+00   1.82772736e+02   1.10621462e+01
   7.13894653e+00   7.02839661e+01   0.00000000e+00   1.99046478e-01
   1.12645273e+01   3.63631477e+01   3.93890845e+03   4.03803015e+00
   1.17421165e+02   2.26089764e+01   1.05665407e+01   3.20643950e+00
   1.81861198e+00   1.46537773e+04   2.55369157e-01   2.54927177e+01
   4.49544220e+02   2.45583237e+02   1.63771935e+01   1.22067780e+02
   2.66125050e+01   7.51541042e+00   1.57796716e+03   3.89798927e+00
   8.42086434e-01   6.60253000e+00   1.59505420e+03   4.80618706e+01
   6.64940262e+00   8.37870300e+02   1.66203344e+00   5.01727020e+02
   3.37080526e+00   3.26631470e+01   2.61323237e+00   6.86119766e+01
   2.54093445e+02   3.96074486e+00   1.29665527e+01   5.35519714e+02
   2.70173054e+01   4.32452087e+01   1.07265710e+03   3.66662598e+01
   1.09773970e+01   0.00000000e+00   5.35214996e+00   1.36987720e+03
   4.71414404e+03   5.59342285e+03   3.04538631e+00   2.00865531e+00
   2.94063358e+01   1.31453681e+00   6.28788834e+01   4.49416542e+01
   1.02492123e+01   1.05682316e+01   1.86333237e+02   7.30034709e-02
   1.14003621e-01   7.49414124e+02   9.97088242e+00   1.01924583e+02
   2.15409412e+01   4.64586496e+00   4.74738350e+01   9.64730164e+02
   6.35299805e+02   8.03293705e+00   1.47853882e+03   5.12780762e+02
   3.46569405e+01   6.14352493e+01   2.89073563e-03   0.00000000e+00
   4.73782120e+01   5.11117439e+01   1.17447233e+01   2.55662131e+00
   5.22103662e+03   1.19104815e+01   2.57337236e+00   1.06154575e+01
   2.32199898e+01   3.03099632e+01   7.92353516e+01   1.34971240e+03
   2.00024757e+01   5.10491133e-01   4.72227722e+02   1.32024002e+01
   1.59748435e+00   3.50009966e+00   2.56612866e+03   1.84718454e+00
   3.58946838e+01   1.04554512e+02   6.54965591e+01   8.07639182e-01
   3.00530426e+02   1.80895615e+01   1.27489716e+02   2.19385361e+02
   0.00000000e+00   4.77646713e+01   1.69813538e+03   4.92924957e+02
   1.53095856e-01   8.05381393e+00   7.99826205e-01   1.82534637e+01
   3.88035889e+01   7.05043335e+02   4.83370705e+01   6.57143478e+01
   6.06895447e+00   1.84813786e+01   9.23731232e+00   1.34403247e+03
   6.14359863e+02   1.18934509e+03   0.00000000e+00   0.00000000e+00
   3.82638397e+01   4.15734961e+03   1.76877026e+03   1.78598747e+01
   1.36404922e+02   2.97028694e+01   4.64205322e+01   0.00000000e+00
   8.29800701e+00   0.00000000e+00   1.54727563e+03   1.48590311e-01
   1.38605251e+01   8.51637363e+00   7.93970032e+02   1.72839508e+01
   2.31321073e+00   8.58708557e+02   3.15669769e+02   2.69394035e+01
   3.19250679e+01   1.67151966e+01   8.04242493e+02   7.63087463e+01
   2.05763733e+02   5.07860518e+00   6.32772034e+02   2.27675114e+01
   1.07311659e+01   0.00000000e+00   9.47239227e+01   4.97714806e+00
   0.00000000e+00   1.66851768e+01   3.54102075e+03   3.22135010e+02
   3.66528587e+01   3.02300930e-01   4.02414322e+01   6.55115662e+01
   2.29133881e+02   1.19239855e+01   2.43840408e+01   1.30580199e+00
   5.84078918e+02   1.47710251e+02   6.87904024e+00   1.01172278e+03
   6.41158905e+01   3.65366783e+01   1.57285671e+01   4.10173988e+01
   5.40842934e+01   2.12408905e+01   2.09778613e+03   3.93310623e+01
   1.12210960e+01   1.71792850e+01   1.77402077e+01   1.56747635e+02
   2.35534725e+01   5.94458740e+02   2.05106297e+01   5.90736963e+03
   3.21190125e+02   4.68884048e+01   2.02289880e+03   2.46572968e+02
   8.99897690e+01   5.80998077e+01   3.22438736e+01   1.35882614e+02
   4.53684196e+01   6.11345367e+01   0.00000000e+00   5.98988771e+00
   7.98332882e+00   3.86207809e+01   1.05783130e+03   1.55574274e+01
   2.06194873e+03   3.38687524e-02   1.61439624e+03   4.55394249e+01
   6.47835632e+02   1.80220375e+01   4.37092361e+01   1.45682465e+02
   6.68622131e+01   3.80750694e+01   2.81200290e-01   4.28205605e+01
   1.01179075e+00   2.04362144e+01   2.04072610e-01   6.06098843e+00
   0.00000000e+00   1.26803749e+02   1.49182968e+01   5.26725220e+02
   1.20718777e+00   6.49305954e+01   1.18891869e+01   5.26670044e+02
   3.99530149e+00   0.00000000e+00   5.97054291e+01   1.93318689e+00
   0.00000000e+00   3.12767476e-01   4.13998413e+01   5.24995279e+00
   1.24432012e-01   9.77052212e+00   1.67052841e+01   4.37929993e+01
   1.82418883e-01   1.53443741e+02   2.56378517e+01   4.23713672e+03
   8.70220032e+01   1.17615997e+02   6.61115112e+01   2.96875167e+00
   8.07333767e-01   1.09240761e+02   2.29733181e+01   8.30891342e+01
   1.33159363e+03   9.68540573e+00   1.68384914e+01   4.28786182e+00
   3.68226509e+01   1.28086624e+01   0.00000000e+00   3.30179962e+02
   1.64890919e+01   0.00000000e+00   1.41817427e+01   6.54404354e+00
   1.55702307e+03   1.79488575e+00   1.49563265e+00   1.39880228e+00
   1.17800694e+01   3.03146753e+03   6.44458801e+02   0.00000000e+00
   2.36446808e+02   4.53548508e+01   9.33465767e+00   6.89637184e-01
   4.24476433e+01   0.00000000e+00   1.96163770e+03   1.25007877e+01
   7.06091843e+01   2.22156696e+01   1.18788257e+03   4.84083801e+02
   3.28548065e+02   2.51950054e+01   1.05228853e+01   1.38140906e+03
   8.12636337e+01   4.61446333e+00   6.37747335e+00   3.04276609e+00
   8.67217484e+01   1.40516492e+03   4.83464127e+01   4.46240120e+01
   2.40656395e+01   6.85767899e+01   9.58765869e+02   5.72004028e+02
   1.80691090e+01   2.16354736e+03   4.65022858e+02   0.00000000e+00
   2.31419201e+01   6.41661167e+00   2.62946582e+03   2.65448360e+01
   2.01410721e+02   1.87874413e+01   1.44102295e+02   7.10216618e+00
   3.98271904e+01   2.18311621e+03   1.21108215e+02   1.93549728e+01
   1.14883311e+04   8.82074280e+01   5.13868065e+01   5.55363512e+00
   4.37632446e+01   7.97274292e+02   2.19958420e+01   1.41026331e+03
   1.74969397e+03   7.14294052e+01   1.26585531e+01   3.81298294e+01
   6.52918100e+00   1.35824841e+03   1.62428986e+02   5.96997681e+01
   1.72227573e+01   2.45733089e+01   0.00000000e+00   2.70514584e+01
   9.93329048e+00   7.26229715e+00   2.93696737e+00   3.82560873e+00
   0.00000000e+00   1.04884171e+02   1.25300312e+01   2.09075024e+03
   9.74719238e+00   4.67090625e+03   7.67906036e+01   4.52615471e+01
   4.12407913e+01   3.80100403e+02   5.73551941e+01   4.70419846e+01
   1.53700598e+03   2.15079951e+00   1.41565210e+03   1.54578262e+02
   5.74817419e+00   3.20403023e+01   1.54422073e+02   6.10841522e+01
   1.02771008e+03   2.74099976e+03   4.07374306e+01   8.15050903e+02
   3.07452822e+00   0.00000000e+00   5.64491510e+00   1.58916497e+00
   5.14755020e+01   2.34544659e+01   2.32920557e+03   5.76744452e-02
   4.97479095e+01   1.19831915e+01   7.49102859e+01   2.62151001e+03
   8.82871032e-01   1.64039898e+00   1.15047960e+01   5.35464249e+01
   6.43525743e+00   1.44150012e+03   4.06382690e+02   1.74447168e+03
   7.69254333e+02   7.05753708e+01   3.98825951e+01   2.09355831e+01
   2.68495654e+03   1.49597883e+00   2.82751250e+00   2.13640552e+03
   1.09597679e+02   1.99033417e+02   2.43115444e+01   1.69050156e+02
   1.09135547e+03   5.62915344e+02   8.53635498e+02   7.82824087e+00]
