bicycle
bus
car
motorbike
person
[  5796422.5     2447830.25   51452472.      5525637.5    57229172.
   3002860.25   18379864.      6407574.     19090448.      3125003.25
  11824528.     32394816.     18106368.     10621725.      5463809.
   3582210.75    5551237.5     4763321.     57013564.     13619298.
   1790411.25    6177126.5     6537074.5    31134250.      3513783.75
   4746635.5     3044105.      3388932.75    4228494.     19039540.
  32786060.      8922682.     56600560.      1847603.875   8763023.
   1574326.125  19684834.      5471593.      3745074.      3714584.
   3677165.5     6297961.5    12164488.     65006704.      4700058.
  33952600.      4484696.      6648820.      3205275.25   52259384.
   9343979.     14654078.     20473602.     18410902.     11798736.
  20460138.     32480512.     11167741.     13971478.      7257666.
   4804346.      2603318.75   20232314.      1627160.5  ]
[  1.48132230e+07   1.37417860e+07   2.18811280e+07   2.62022312e+05
   7.99888750e+06   5.05842350e+06   5.42764300e+06   1.35570862e+03
   3.17324425e+06   5.51386800e+06   3.31049820e+07   3.43457040e+07
   1.50696719e+04   2.64755075e+06   3.08102540e+07   1.88102060e+07
   2.07039950e+06   2.93882780e+07   1.15454110e+07   1.51343020e+07
   1.80380516e+05   3.96323440e+07   9.63929000e+05   4.19540720e+07
   5.65898938e+05   4.88704120e+07   1.54110912e+06   1.77624488e+06
   1.91388320e+07   1.05665283e+04   9.03129700e+06   1.39772422e+04
   2.14790575e+06   9.90799800e+06   3.16653650e+06   7.08403700e+06
   2.21644203e+05   2.93251400e+06   6.83039950e+06   6.02840000e+06
   6.04196300e+06   7.50417050e+06   9.23924188e+05   1.37204770e+07
   2.34574700e+07   6.49877850e+06   3.30309625e+05   2.00662640e+07
   1.44744170e+07   5.18233900e+06   3.66506040e+07   7.12791100e+06
   3.98539080e+07   1.12060260e+07   4.58598000e+05   7.69363100e+06
   2.11079300e+07   4.37514120e+07   6.37190150e+06   1.48590870e+07
   1.21292790e+07   1.64521035e+04   2.04787680e+07   3.92004400e+07]
[  1.06333400e+06   8.11440700e+06   5.17045898e+04   6.91927891e+04
   2.68187285e+04   5.10357266e+04   6.71264844e+04   6.11978550e+06
   2.77032441e+04   2.14378675e+06   1.75447638e+06   8.79610438e+05
   5.03405656e+05   6.16719250e+05   1.69515293e+04   4.97850508e+04
   1.44944312e+06   4.37686375e+05   4.30058094e+05   7.68635050e+06
   2.03478862e+06   1.97951582e+04   5.84445750e+06   9.44588300e+06
   5.67244600e+06   0.00000000e+00   2.36910234e+05   5.40043450e+06
   4.78488062e+05   2.04063088e+06   9.63027734e+03   1.47070990e+07
   2.49658484e+05   1.39089550e+06   8.39986500e+05   1.85013588e+06
   2.02379141e+05   1.57281930e+07   4.17047625e+06   1.03363730e+04
   3.13595550e+06   5.54575950e+06   1.37738138e+06   8.83514200e+06
   3.05214725e+06   2.52361938e+05   5.38229300e+06   4.44970781e+04
   1.05164012e+06   1.89672719e+05   7.61949812e+05   7.66159062e+04
   2.07680675e+06   4.19675094e+05   1.38789760e+07   7.73561300e+06
   2.50266450e+06   1.18589873e+04   3.70035625e+04   3.28672625e+05
   3.21918450e+06   1.04221690e+07   5.02609850e+06   9.71734812e+05
   1.29609710e+07   2.59329600e+06   8.05520750e+06   1.82461238e+06
   1.92202156e+05   5.46411688e+05   4.98141050e+06   8.87185500e+06
   1.62746738e+06   3.51507344e+05   0.00000000e+00   2.05682562e+06
   5.61268672e+04   3.46504400e+06   6.12343900e+06   7.55629438e+05
   1.23093438e+04   8.03299800e+06   4.91960500e+06   4.98790332e+03
   1.03509681e+06   8.99346400e+06   5.48961850e+06   1.16078799e+04
   1.58322312e+06   3.59353781e+05   5.11477150e+06   5.49707450e+06
   2.80833719e+05   5.73967550e+06   3.25186625e+05   8.29540150e+06
   8.27542871e+03   3.88663275e+06   2.21607200e+06   5.69195875e+05
   1.51192188e+06   1.36633075e+06   8.71220156e+04   3.97655281e+05
   1.15590996e+04   3.13775562e+05   8.62032188e+04   2.33622500e+05
   4.27956100e+06   6.55033555e+04   5.60749688e+04   4.98574250e+06
   3.56750875e+05   1.02208620e+07   1.76306212e+06   2.74037750e+06
   3.07671700e+06   2.68584656e+05   1.23002950e+06   2.80167844e+05
   4.58031900e+06   5.81676450e+06   7.81167891e+04   8.61074400e+06
   5.84756312e+05   3.03595215e+04   1.65832190e+07   3.41654883e+03]
[  3.43916125e+06   2.91372175e+06   2.44704859e+05   0.00000000e+00
   8.52586328e+03   2.51552425e+06   4.49957906e+05   9.85070688e+05
   1.23658930e+07   3.03188650e+06   1.08531920e+07   8.76399600e+06
   3.25960975e+06   7.43008062e+05   7.31121875e+03   8.29399625e+05
   1.66148600e+06   1.74350412e+06   3.06104025e+06   1.92526348e+04
   5.12211050e+06   1.32127100e+06   2.73166850e+06   2.99122812e+04
   1.28398688e+06   3.02259812e+05   4.15668812e+05   2.72103525e+06
   1.50732156e+05   2.77780375e+06   4.89759805e+04   1.08686480e+07
   3.75862100e+06   1.25307950e+06   1.61150312e+06   1.72786238e+06
   4.10438275e+06   1.09727330e+07   1.98063109e+05   4.70969922e+04
   2.38388075e+06   4.41890859e+04   3.08060762e+04   7.45098688e+05
   1.22116862e+06   6.52792750e+06   8.09715400e+06   3.09703800e+06
   1.28875425e+06   7.75357650e+06   3.94935550e+06   2.87984825e+06
   8.40266200e+06   4.22854781e+05   1.45396594e+05   1.52509828e+05
   2.87248525e+06   5.42622250e+05   1.28369003e+02   4.78843800e+06
   1.31034550e+06   9.27373300e+06   3.66721050e+06   1.08482800e+06
   6.03348000e+05   8.87614100e+06   4.83950875e+05   1.74853150e+06
   3.40393275e+06   1.07753900e+07   2.93724200e+06   1.21371520e+07
   3.30309150e+06   9.17319000e+06   1.39657290e+07   3.01100146e+03
   1.86975962e+06   3.53697775e+06   1.05805370e+07   4.41315700e+06
   4.09757275e+06   2.96622637e+04   4.88525000e+06   2.59018650e+06
   2.41664961e+04   6.76886700e+06   6.41229562e+05   4.89901000e+06
   3.70381133e+04   1.60552000e+06   5.59694531e+04   7.99176450e+06
   3.39795938e+05   7.13654550e+06   1.93842838e+06   1.70372362e+06
   7.79568562e+05   6.32252900e+06   5.83262688e+05   1.15907760e+07
   1.00797719e+05   4.09583688e+05   1.38750160e+07   2.19609082e+03
   1.87359781e+05   1.10988920e+07   3.14943575e+06   8.42016200e+06
   4.79196800e+06   9.48502200e+06   5.67114502e+03   2.19125400e+06
   5.22990188e+05   1.76704320e+07   5.99141300e+06   3.78696125e+05
   8.23310875e+05   1.56817450e+06   1.83739688e+04   3.72901094e+04
   1.26317690e+07   8.56193500e+05   3.22846992e+04   7.09360750e+06
   1.53194012e+06   2.89273750e+06   1.40981890e+07   8.81870900e+06]
[  2.77084503e+01   9.98676758e+03   1.13940662e+06   7.79212207e+03
   9.66329529e+02   5.46087109e+03   1.64151648e+03   3.25068359e+01
   1.23449962e+06   3.11682520e+04   7.59099731e+02   9.96216895e+03
   5.61413918e+01   7.74082500e+04   7.50108047e+04   2.89939062e+03
   9.74170781e+04   1.03287281e+06   2.24832397e+03   1.71454727e+04
   3.39503754e+02   5.25289990e+03   7.94838188e+05   6.52932178e+03
   1.69469980e+04   7.33656738e+02   1.41461588e+06   0.00000000e+00
   8.31839844e+03   2.32120918e+04   1.03849487e+03   2.71770721e+02
   8.57684994e+00   3.35716906e+05   4.73934570e+04   1.30736812e+06
   1.46279662e+06   6.16896777e+03   1.63895532e+03   1.62054333e+03
   7.74060254e+03   1.77582800e+03   4.74895557e+03   5.33444375e+05
   5.92653711e+03   2.64237891e+03   1.33688858e+02   9.10336853e+02
   1.64995125e+05   1.10095840e+04   1.46169834e+04   3.39384058e+03
   1.28974238e+06   5.59437938e+05   6.25979271e+01   5.98566836e+04
   7.13468188e+05   1.07707475e+06   2.46680688e+03   0.00000000e+00
   3.00764824e+04   1.26638232e+04   6.96926375e+05   4.24494961e+04
   3.03824635e+01   2.08815020e+04   4.79083191e+02   1.78463708e+03
   6.18420850e+03   1.01118094e+05   1.32432338e+06   1.63299850e+06
   0.00000000e+00   1.13113076e+04   4.42538239e+02   6.71729736e+02
   8.82536621e+03   1.47712547e+05   1.93312406e+05   3.92102148e+04
   2.36114438e+05   7.28547119e+03   1.15924990e+04   5.25245459e+03
   2.28412050e+06   2.04088025e+06   1.65098953e+05   1.46685550e+06
   3.12848301e+04   5.09081268e+02   3.13519116e+03   5.21470234e+04
   1.24110461e+05   8.58668262e+03   0.00000000e+00   3.59391943e+03
   7.48257373e+03   8.49482938e+05   2.35074707e+03   2.38614727e+04
   2.59528730e+04   1.03521426e+04   1.04537919e+06   2.88768047e+04
   3.15971289e+03   7.47393408e+03   5.81234326e+03   2.58746606e+03
   1.56647095e+02   9.23523047e+04   5.79414125e+05   1.24425791e+04
   2.16383324e+01   3.02951738e+04   6.87541875e+04   3.38705688e+03
   2.00486107e+01   5.93285791e+03   1.86252124e+03   2.26184675e+06
   2.59476113e+04   8.02138805e+00   1.35233770e+04   1.05557727e+03
   3.61637549e+03   1.39513525e+06   4.53490265e+02   0.00000000e+00
   2.90791344e+05   1.03360078e+04   8.00516260e+03   6.95746729e+03
   1.40473057e+04   1.69508650e+06   1.93161240e+02   8.87297168e+03
   2.06060988e+06   1.07811812e+06   1.06082627e+04   1.45423460e+01
   1.05512617e+04   4.99441681e+02   3.26637524e+03   7.87455812e+05
   8.23153687e+02   1.39620912e+06   2.35128369e+03   2.36068213e+03
   8.76650156e+04   7.37020386e+02   7.30810596e+03   1.14173438e+04
   1.84016891e+05   4.34381055e+04   8.54946250e+05   2.14155005e+03
   6.55823047e+03   4.05887844e+05   4.42848188e+05   8.28583750e+04
   1.20349133e+03   8.62807656e+04   1.36490612e+06   8.58216309e+03
   1.95467090e+04   1.86279412e+06   1.52751425e+06   1.17852367e+05
   4.26524336e+04   1.27335700e+06   1.46720288e+06   1.98089917e+03
   4.59815967e+03   1.81672422e+05   1.50916865e+04   5.59651904e+03
   1.83810200e+06   4.02998584e+03   2.44364900e+06   1.53634531e+05
   6.02922812e+05   1.31347688e+05   1.26338883e+05   2.10216934e+04
   5.08944219e+04   7.31968945e+03   7.52804766e+04   3.97326758e+04
   1.20073175e+06   1.08122119e+04   1.00010977e+04   6.88994875e+05
   4.18803883e+00   5.71347438e+05   1.32019943e+02   8.32373750e+05
   9.83645605e+03   1.86864484e+05   1.54523925e+06   9.92448750e+05
   1.57254822e+03   1.03256294e+06   4.54049812e+05   1.01410687e+03
   4.90986836e+04   6.87482117e+02   4.69348047e+03   2.94758887e+03
   3.08685181e+03   2.19098281e+05   6.84352938e+05   1.79084275e+06
   3.50334131e+03   1.97764883e+04   9.53834534e+01   2.23473320e+04
   1.20897510e+03   1.17154100e+06   2.24058945e+04   7.85343323e+02
   1.43732043e+03   3.43470215e+03   7.16987427e+02   7.09086875e+04
   4.70955344e+05   1.33132420e+01   1.19807648e+02   3.85302594e+05
   1.77091690e+02   7.37030250e+05   2.29701523e+04   2.92922333e+02
   1.00607988e+06   9.26501953e+03   1.34593038e+06   2.56984814e+03
   2.43337744e+03   2.84530879e+04   1.16928950e+06   9.82479370e+02
   9.20339938e+05   8.16700312e+05   2.68656519e+03   1.63795740e+03
   5.89953984e+04   3.03655103e+03   1.22350037e+03   5.26960352e+03
   9.89543652e+03   6.83827562e+05   1.09808809e+04   9.65950378e+02
   4.77143457e+03   1.80754852e+02   4.54477783e+03   7.73972250e+05]
[  1.84205862e+06   1.00084424e+04   3.23519116e+03   9.39039612e+02
   1.47940038e+06   1.40890038e+06   9.11737578e+04   1.17486194e+03
   1.19190273e+04   1.60111609e+03   1.68225281e+03   1.17179941e+04
   3.03810107e+03   3.19349590e+04   8.18935645e+03   2.57120386e+03
   3.13635406e+02   4.16423004e+02   9.35050250e+05   9.18412500e+04
   0.00000000e+00   2.91955566e+02   9.02087891e+02   6.46327750e+05
   9.01640091e+01   3.38117676e+03   0.00000000e+00   4.43729156e+05
   2.79426152e+04   2.63524780e+02   4.34279141e+04   7.23664990e+03
   5.65558350e+03   5.38769883e+04   3.90198047e+03   2.29637383e+04
   1.82795605e+04   5.60971680e+02   3.88220654e+03   0.00000000e+00
   3.65062891e+04   4.43319883e+04   1.77414863e+04   7.18167725e+03
   6.25378662e+03   8.12675195e+03   6.54233375e+05   4.08308633e+04
   8.85366094e+04   5.07793213e+02   8.20322559e+03   5.87680713e+03
   2.14503442e+03   1.46335840e+04   3.31068500e+05   1.15751969e+05
   2.20528867e+04   1.33866750e+05   1.06667719e+05   2.38795068e+03
   5.36779395e+03   3.72911484e+04   5.84766350e+01   3.99396057e+02
   0.00000000e+00   2.09012422e+04   1.07760664e+05   4.90281036e+02
   2.33312549e+03   1.52796904e+04   6.14395625e+05   8.38691528e+02
   1.84510566e+04   8.56605566e+03   2.59314766e+04   7.97346172e+04
   1.03662211e+05   1.69733594e+04   8.12158594e+04   6.49376188e+05
   1.73923981e+02   7.80513818e+03   2.76962242e+01   3.16801074e+04
   9.42629089e+02   1.97129980e+04   1.09568237e+03   1.86610371e+04
   6.10957275e+03   1.12139619e+04   7.44451465e+03   5.73034180e+03
   5.07950859e+04   8.30153875e+05   2.46911182e+03   0.00000000e+00
   2.46679203e+05   3.68065338e+01   1.37494951e+04   2.92499355e+04
   1.13163049e+03   1.08305352e+04   3.84279969e+05   2.30064621e+01
   2.45291699e+03   3.43141133e+04   4.26351055e+04   8.26961016e+04
   7.23322266e+04   1.28481788e+06   7.19961853e+02   7.24392125e+05
   8.78962784e+01   4.08359180e+03   6.15571436e+03   2.67715000e+04
   2.57288843e+03   1.52348301e+04   1.09787725e+04   2.85551582e+04
   5.02864111e+03   9.60962769e+02   6.78665918e+03   2.44594047e+05
   4.01207739e+03   5.64282080e+03   2.92829494e+01   1.15728818e+04
   1.20197498e+03   1.62345250e+06   2.92969453e+04   2.42522412e+03
   3.68853174e+03   1.30761450e+06   1.43978699e+03   2.02562656e+04
   3.23451816e+04   5.94225375e+05   7.67133936e+03   1.01598679e+02
   3.44516349e+00   1.67860547e+03   7.12348926e+03   2.59153809e+04
   0.00000000e+00   1.66173755e+03   9.07503296e+02   0.00000000e+00
   0.00000000e+00   2.36380737e+03   1.02662292e+03   5.15851709e+03
   7.87049062e+05   1.94837266e+05   1.47050247e+02   2.39169500e+05
   1.95604309e+03   8.17884750e+01   5.47973047e+04   1.05957612e+06
   3.19594214e+03   8.17296289e+03   1.17296143e+03   3.83478546e+01
   9.39434531e+04   0.00000000e+00   6.01906625e+05   3.17622485e+03
   8.05334453e+04   1.34752488e+06   6.12857208e+01   4.97310400e+00
   3.29117852e+04   1.08051812e+05   7.40808438e+05   2.26531738e+03
   1.36360217e+03   2.69031836e+03   1.17657100e+04   1.23673773e+01
   1.14969355e+04   6.31499561e+03   6.07768127e+02   1.19022451e+04
   7.32428970e+01   1.86936023e+03   4.21473555e+04   1.34178213e+04
   1.64282251e+03   2.38837936e+02   3.91574188e+05   5.16740967e+03
   2.53469894e+02   1.58615479e+04   1.73346680e+04   3.31932202e+03
   3.09114316e+04   8.98762305e+03   4.88177781e+05   6.67507248e+01
   1.05418716e+02   0.00000000e+00   6.39954938e+05   3.95109102e+04
   1.82085566e+04   3.44802429e+02   7.38122021e+03   7.48419625e+05
   1.21380930e+05   3.15240500e+05   4.08649864e+01   2.80747778e+03
   8.33387695e+03   2.08205234e+04   1.35845496e+03   1.02665562e+05
   3.81251344e+05   3.22255615e+03   9.19915527e+03   4.04014648e+03
   1.40807227e+04   2.13968867e+04   8.27011047e+02   8.60374512e+02
   6.61693115e+01   6.28175391e+04   1.12682562e+05   8.88264375e+04
   2.06600977e+03   1.13523941e+01   2.00164429e+02   8.52180664e+03
   6.98922031e+04   7.66356299e+03   8.22074000e+05   5.79428271e+03
   8.27142676e+03   7.86672562e+05   5.52672720e+00   5.26387367e+01
   1.09399512e+03   4.02970188e+05   2.97271519e+01   5.53636742e+00
   5.86805725e+02   8.50749435e+01   9.44536133e+03   3.67005396e+03
   8.09127812e+05   4.30325000e+05   5.62010547e+04   4.91186992e+04
   7.25377881e+03   7.48712438e+05   1.74619121e+04   1.53670609e+05]
[  1.13526828e+05   2.65152852e+04   4.78593689e+02   1.94928992e+03
   2.63805156e+05   5.35786572e+03   3.62472422e+04   8.99105664e+03
   6.51607483e+02   5.55880250e+05   9.35666797e+03   2.77749004e+04
   1.23697900e+04   3.84876001e+03   9.54995850e+02   9.55049255e+02
   8.34173660e+01   4.81551514e+03   2.76086655e+01   2.11039990e+03
   1.96553320e+04   1.99344844e+05   2.06584316e+04   8.53692090e+03
   4.07281097e+02   2.89080371e+03   4.18362256e+03   2.30732844e+05
   1.41587979e+04   4.14243312e+05   2.82680237e+02   1.54418057e+04
   3.53425781e+04   6.59472578e+04   1.98324463e+03   3.98511377e+03
   3.25720188e+05   1.19304012e+06   2.64615942e+03   1.24563775e+06
   1.87841211e+03   1.25645447e+03   6.01929248e+03   4.29850078e+04
   3.89155898e+04   3.64131958e+03   6.76630676e+02   2.20790000e+04
   5.33917383e+04   5.29079736e+03   9.20132812e+04   8.24046062e+05
   7.61960022e+02   1.48073406e+01   2.04839282e+03   3.02412720e+03
   4.08641641e+04   2.64286719e+05   2.24362671e-01   1.31106621e+04
   8.86101562e+02   6.30936055e+04   2.48336987e+03   1.09476562e+04
   2.04743145e+04   1.80694043e+04   6.96418750e+03   4.03331567e+03
   5.19168320e+04   4.34726719e+04   2.44753906e+04   1.73638318e+03
   1.01878531e+05   1.31200137e+04   4.12573188e+05   8.39570234e+04
   1.91486812e+05   2.59534297e+04   4.31504248e+03   1.25704614e+03
   2.53678452e+02   3.09702148e+02   7.02707656e+04   2.21188034e+02
   6.87807500e+04   1.58980331e+02   3.62986211e+04   6.81464783e+02
   1.85651054e+01   7.88918091e+02   3.34623199e+02   2.91210889e+03
   9.80533496e+03   2.96880469e+03   1.53397500e+05   1.63183032e+03
   3.06041870e+02   3.90242062e+05   3.81216781e+05   3.55581602e+04
   1.33545141e+05   2.26553633e+04   1.35722717e+03   1.94671460e+03
   4.00851719e+04   2.89182544e+03   5.44126500e+05   2.84644590e+04
   1.65217285e+03   3.52384497e+03   1.35350645e+04   5.31317920e+03
   4.97602539e+04   3.69659399e+03   1.45574316e+03   2.87751289e+04
   2.58741504e+03   1.71811469e+05   4.57278789e+04   8.94873359e+04
   5.19698858e+00   7.40812688e+05   4.27419844e+04   3.34740469e+05
   1.87012871e+04   1.06058044e+03   1.75778750e+04   1.70317936e+01
   6.13567200e+02   5.28599854e+02   2.35664648e+03   2.50096992e+04
   1.39494580e+04   5.16711865e+03   5.40650293e+03   8.43217090e+03
   7.11343799e+03   5.78393203e+04   9.43052832e+03   1.60720398e+03
   2.72423115e+01   2.69011484e+04   9.73360107e+02   7.68772266e+04
   1.92120117e+04   8.76913086e+03   2.68721504e+04   5.34379272e+01
   6.44784805e+04   5.94600732e+03   1.23426250e+04   9.02487656e+04
   2.92542773e+03   2.11593531e+05   6.04240662e+02   1.02594229e+04
   4.81390547e+04   3.10759204e+03   2.08943031e+05   4.06646576e+02
   4.03719531e+03   3.37096893e+02   5.67007617e+03   9.37219116e+02
   4.75514258e+03   3.63528149e+03   2.96422520e+04   1.63997484e+05
   1.58642761e+03   2.57497363e+04   1.32373627e+02   3.55036890e+03
   1.25745044e+03   3.47155566e+03   9.64362578e+04   1.12791865e+04
   6.81227812e+04   7.08953369e+03   4.21135156e+04   3.13990430e+04
   1.02838867e+03   5.74040664e+04   1.56170908e+04   7.87990820e+03
   8.57468203e+04   9.38043579e+02   1.18204820e+05   2.66245087e+02
   3.44600625e+04   4.33396938e+05   5.50845977e+04   2.09719116e+03
   5.13354187e+02   6.99621172e+04   1.43312622e+02   7.35587036e+02
   2.73427715e+04   8.03913184e+03   1.41965332e+04   9.20406016e+04
   4.12027295e+03   2.11098724e+02   2.68551582e+04   2.34649812e+05
   1.33487422e+05   2.77459253e+03   3.56632109e+04   7.94158789e+03
   3.31055344e+05   3.71726044e-02   3.45962578e+04   6.71080762e+03
   2.82364551e+04   1.81250723e+04   8.87984297e+04   5.96919823e+01
   1.29823613e+04   2.68184062e+04   5.12253685e+01   9.16461094e+04
   6.33812061e+03   4.18164307e+03   6.63427686e+03   9.29123535e+03
   3.78916680e+04   2.83617687e+01   8.37672119e+01   3.65984102e+04
   1.42198975e+03   2.36438105e+04   1.73669258e+04   6.52894570e+04
   4.37072479e+02   3.49593047e+04   1.17899238e+06   7.35134863e+03
   1.94754858e+03   4.36674365e+03   1.11234725e+06   4.24962646e+03
   2.55266479e+03   3.17831726e+02   1.32692883e+03   1.32709070e+03
   4.96223359e+04   2.81898000e+05   5.67210732e+01   4.43494987e+01
   1.91674391e+05   1.58431211e+04   3.54066044e-01   6.40392109e+04
   7.25911084e+03   2.07274048e+03   1.04776868e+03   2.33808276e+03]
[  6.99358582e+02   8.00778857e+03   4.33985391e+04   3.88586914e+04
   6.25204346e+02   6.65473594e+04   6.80824097e+02   1.20848499e+03
   4.27916443e+02   1.55179352e+02   7.48451953e+04   7.23736914e+03
   4.22981006e+03   4.33838574e+03   4.83555762e+03   6.17131531e+02
   1.20364111e+04   2.29480391e+04   2.10454395e+04   3.31658594e+03
   1.69943710e+02   9.86411641e+04   2.18610059e+03   4.93225647e+02
   5.18128789e+04   1.32574912e+04   6.65870156e+04   3.89395825e+03
   6.18337422e+04   1.73821855e+04   1.18306807e+04   1.19310945e+05
   5.25511084e+03   3.53564648e+04   4.14905859e+04   6.28393750e+04
   8.36300391e+04   2.88932983e+03   7.41560547e+02   2.90772188e+04
   5.96334076e+01   9.82883984e+04   5.26463203e+04   2.64139336e+04
   1.28045914e+02   4.25052148e+03   6.44818262e+03   7.97298633e+03
   2.34370327e+00   1.32429678e+04   7.45385234e+04   7.19888733e+02
   6.29374161e-02   2.21065195e+04   4.58624902e+03   1.70763789e+04
   1.09438881e+02   1.75614270e+03   2.83939636e+02   1.08280127e+03
   6.81367236e+03   1.14895594e+05   1.92546855e+04   7.39794043e+03
   4.40229395e+03   1.02399180e+04   9.09487610e+02   1.14927933e+02
   5.15687451e+03   2.12361133e+03   4.01529102e+04   2.43546680e+03
   6.59263125e+04   8.26600525e+02   2.62132435e+01   2.93899994e+02
   3.41983856e+02   1.66462173e+01   1.11643062e+05   6.92059062e+04
   4.53760147e+01   7.48272949e+03   2.93037051e+04   1.05808125e+05
   1.66422742e+03   0.00000000e+00   1.21181091e+03   5.04848053e+02
   7.20105859e+04   8.18817031e+04   6.00840479e+03   9.57353516e+01
   6.95595156e+04   2.56309473e+04   5.07371172e+04   1.71953438e+04
   7.58445654e+03   4.59536255e+02   3.40931602e+04   3.42085391e+04
   4.35485303e+03   5.70244690e+02   1.08807805e+05   4.44450684e+03
   3.09194609e+04   3.86306328e+04   1.40960413e+03   7.73872500e+04
   5.27183828e+04   1.58230457e+03   1.03580732e+04   8.93225281e+02
   7.81492920e+03   2.41773575e+02   1.12699023e+03   2.38292148e+04
   3.18040276e+00   2.40100898e+04   1.64389450e+02   1.48410234e+04
   8.54422974e+02   1.02734383e+05   1.94624453e+04   1.35204700e+03
   6.71582617e+03   3.84409102e+04   3.83916968e+03   7.81161816e+03
   2.60127539e+04   7.51336084e+03   1.14207532e+03   9.25193262e+03
   1.65633086e+04   2.03768789e+04   3.63062578e+04   6.69308472e+01
   5.48283984e+03   1.39846830e+01   2.51263000e+02   2.12296314e+01
   2.87689766e+04   5.91684204e+02   1.69576035e+04   4.18343811e+01
   5.19220752e+03   4.65357764e+03   1.13515479e+03   6.30808252e+03
   7.38671814e+02   9.61886035e+03   8.19907344e+04   7.10374219e+03
   8.43128357e+02   1.92759277e+03   1.05073067e+02   1.70335901e+00
   2.69883575e+02   1.40360876e+03   8.68783875e+02   6.52798828e+04
   6.47474023e+03   3.15748755e+03   2.18320176e+04   3.33757744e+01
   3.31692969e+04   7.30626038e+02   7.31969219e+04   3.11554169e+02
   6.20863398e+04   4.56303945e+04   7.16582458e+02   7.48898828e+03
   4.62256836e+04   9.58450562e+02   6.25657305e+04   5.46947969e+04
   3.61971211e+04   3.27701099e+03   4.26707715e+03   4.36610779e+02
   1.93108770e+04   3.99873535e+02   2.78571797e+04   2.44714805e+04
   3.32929224e+03   4.25729336e+04   8.64045859e+04   8.02682178e+03
   2.90160522e+03   1.78152563e+03   1.20929407e+03   1.80270605e+04
   1.05661533e+04   1.27493156e+05   7.17101016e+04   3.17825410e+04
   2.92300273e+04   2.24148438e+04   6.74549365e+03   1.43405908e+03
   9.33505469e+04   2.14197812e+04   2.76064850e+02   7.57862422e+04
   1.11886266e+05   6.45845795e+01   4.96050234e+04   6.96179141e+04
   2.52862453e+01   8.19137421e+01   1.21269324e+03   5.96818237e+02
   1.72222656e+02   1.01784601e+03   4.47786250e+04   6.48943555e+03
   2.95795996e+03   1.41468438e+04   4.14552656e+04   1.91741328e+04
   5.70319775e+03   5.96277031e+04   3.33665123e+01   0.00000000e+00
   3.25762207e+04   2.27171240e+03   1.73328406e+03   4.73060340e-01
   3.33275635e+02   1.99915051e+03   1.99404907e+02   1.21629143e+02
   3.63257227e+04   4.11084023e+04   6.56662578e+04   1.97657581e+03
   5.00315273e+04   1.02509485e+03   7.16868994e+03   7.83596240e+03
   1.24216865e+04   3.01984980e+04   6.30539795e+03   4.32426094e+04
   5.99140564e+02   1.30072781e+05   8.80527441e+03   4.10643311e+02
   8.29555078e+03   2.91432070e+04   1.58517920e+04   7.05292891e+04
   7.87825732e+03   1.19858211e+05   6.48211230e+03   5.80343086e+04
   6.01179453e+04   8.35538818e+02   5.39659973e+02   5.81671445e+04
   4.38712852e+04   4.61444885e+02   5.21983740e+03   1.70007080e+03
   4.71610146e+01   1.28420293e+04   1.54274146e+03   8.96574297e+04
   6.28010078e+04   5.20497375e+02   3.77251015e+01   1.01560443e+03
   5.74450439e+03   5.02700586e+03   1.00494969e+05   3.28212344e+04
   3.46529412e+00   2.78493408e+02   6.17096680e+04   7.14265918e+03
   1.02241297e+01   1.13909875e+03   9.93806934e+03   9.36361250e+04
   2.46764697e+03   2.09253418e+03   1.19913445e+01   7.81231812e+02
   1.31226978e+03   8.68939551e+03   1.40757480e+04   1.14925537e+04
   5.83741289e+04   3.67085234e+04   1.37023379e+04   1.55423804e+03
   2.00425842e+02   6.26233521e+01   2.49789648e+04   7.78326641e+04
   7.77095413e+01   5.86037720e+02   2.44269316e+04   5.27449532e+01
   1.72429858e+03   4.74584609e+04   2.41752393e+03   7.84091919e+02
   5.35668359e+04   8.64984375e+02   4.72832832e+01   1.79972207e+04
   1.88464645e+02   1.69673450e+03   7.42208906e+04   3.64723555e+04
   2.98239471e+02   4.35948281e+04   8.78559180e+03   1.00935254e+04
   3.22947113e+02   1.20557852e+04   9.25589922e+04   3.12345923e+03
   6.75914062e+04   9.02962031e+04   1.50496922e+05   4.11145938e+04
   3.25192676e+04   5.86579041e+02   5.38934531e+04   8.69823926e+03
   6.90214922e+04   7.20033630e+02   9.51679565e+02   4.14826328e+04
   3.43917358e+02   2.07523145e+04   2.61238159e+03   2.70739453e+04
   6.90930234e+04   1.34796887e+03   1.29256680e+04   3.20916870e+02
   6.78864441e+01   8.52091602e+03   1.43992422e+04   8.40183105e+02
   7.62347900e+03   1.43286523e+03   1.92785879e+04   2.72422119e+02
   5.31089050e+02   3.22488535e+04   5.97801709e+03   2.65195557e+03
   9.49497656e+04   1.44641833e+03   3.07673887e+04   2.29870254e+04
   5.46619688e+04   2.40825566e+04   1.38648727e+02   6.49003479e+02
   4.39451709e+03   1.14373706e+03   8.07733359e+04   3.41107959e+03
   6.60031953e+04   2.71586719e+03   2.04604639e+03   1.29453564e+03
   2.23805039e+04   2.65431812e+03   3.55460273e+04   7.12423682e+03
   6.19658936e+03   4.08950073e+03   6.32579712e+02   1.68256012e+02
   3.40084180e+04   1.37762861e+04   1.31269089e+02   2.29117383e+04
   2.11791284e+03   2.90134180e+03   4.26803369e+03   1.08182998e+04
   1.06568921e+03   1.80757614e+02   2.92634766e+03   5.94177429e+02
   3.42711426e+03   9.29410059e+03   2.76322090e+04   6.74351250e+04
   3.09445972e+03   5.86366162e+03   1.48877783e+03   6.24516846e+02
   1.25010101e+02   3.74666382e+03   4.09554180e+04   5.79689180e+04
   4.15475898e+04   7.83011475e+03   6.92445361e+03   3.33638733e+02
   1.28521225e+02   1.88229523e+01   2.51333652e+04   1.28277246e+04
   1.58702227e+04   3.97193054e+02   3.34485938e+04   1.37769092e+04
   1.08032983e+03   1.04733174e+04   3.82190039e+04   4.95340869e+03
   3.99469434e+03   7.73241455e+03   5.39112256e+03   6.01168633e+04
   3.95857422e+04   1.64596211e+04   3.67401797e+04   2.25482446e+03
   8.45908594e+04   1.81171936e+03   6.84521301e+02   6.60910596e+03
   6.67713750e+04   2.09115723e+04   1.86061113e+04   1.97965674e+03
   5.08105469e+02   8.22938293e+02   2.29846699e+04   5.57193945e+03
   1.78826016e+04   6.97597607e+03   5.64237842e+03   9.25056839e+00
   0.00000000e+00   3.42187969e+04   3.79718437e+01   2.83227661e+03
   5.23912402e+03   4.83683438e+04   2.31644922e+03   1.04290234e+05
   1.58682246e+04   0.00000000e+00   3.53389380e+03   1.73917969e+02
   1.39259619e+03   9.39179980e+03   6.57408142e+01   2.73826538e+03
   8.81320251e+02   9.15705371e+03   2.36977432e+02   6.08580566e+03
   2.64277207e+04   6.19212148e+04   1.31401953e+03   3.64743195e+01
   1.27408582e+03   3.38884033e+03   4.94352074e+01   5.22571289e+02
   7.38491260e+03   7.60998230e+01   6.88029541e+02   1.98589526e+03
   9.15423535e+03   7.87762012e+03   9.32557617e+03   0.00000000e+00
   1.14997246e+02   1.82628857e+03   5.64611953e+04   1.13165752e+04
   1.41098018e+04   1.12545593e+02   4.14055225e+03   5.60720367e+01
   1.52535088e+04   1.67943555e+03   9.38052969e+04   3.76357422e+02
   1.06280996e+04   9.80000366e+02   3.63707812e+03   5.85800244e+03
   4.10043359e+03   7.71492422e+04   4.91019958e+02   1.45679814e+04
   3.60638574e+03   2.43338837e+02   7.38130035e+01   6.67627197e+03
   9.22459375e+03   3.78834922e+04   3.28970288e+03   1.05495749e+01
   2.09523145e+04   1.46176953e+03   1.31066650e+03   1.25243438e+05]
[  2.99795776e+03   6.54060303e+03   1.23573987e+03   2.44223690e+01
   2.94053809e+04   6.91727982e+01   3.38789961e+04   2.94360723e+04
   8.24109297e+04   9.64815613e+02   5.04104309e+02   3.39524390e+03
   2.66275116e+02   5.78537891e+04   6.05849609e+03   6.47890244e+01
   1.68532166e+03   2.65212817e+03   1.34601660e+03   4.88572949e+03
   6.63481836e+03   4.59171484e+03   2.41456592e+03   2.79818542e+02
   2.63769226e+02   5.39451416e+03   1.24388794e+03   2.15283184e+04
   1.54359155e+03   5.19446594e+02   2.40443649e+02   5.43557678e+02
   1.76576062e+03   7.39806271e+00   3.50053925e+02   7.73174438e+02
   1.48847205e+03   2.76132221e+01   9.86349316e+03   3.51823364e+02
   1.87599707e+04   7.30304932e+03   1.47845184e+02   2.22598418e+04
   5.31692578e+03   6.27453125e+02   5.59107715e+03   5.38391174e+02
   1.39233154e+03   9.43472290e+02   6.29498169e+02   4.20570831e+01
   0.00000000e+00   1.12480029e+04   1.31162012e+03   1.06093787e+03
   5.75445752e+03   4.12879883e+02   1.97340225e+02   2.39268050e-01
   3.98679686e+00   3.92978119e+02   4.85323090e+02   5.72333984e+02
   3.09080261e+02   1.34901077e+02   8.13200977e+03   4.31325977e+03
   4.19879102e+04   1.71431778e+02   8.55706940e+01   4.30539570e+04
   4.21183128e+01   1.64950781e+03   9.52420959e+02   2.08752417e+03
   0.00000000e+00   6.32044873e+03   7.40837769e+02   1.27727547e+02
   1.50962036e+03   8.30955391e+04   3.27689922e+04   2.01856602e+04
   1.58624951e+03   1.90738190e+02   1.38480781e+04   6.88576050e+02
   1.21386511e+03   1.18526575e+03   2.25195586e+04   4.48601855e+03
   4.73229980e+03   6.19279623e+00   2.96678125e+03   6.92832413e+01
   6.93762024e+02   2.27508008e+04   7.66311963e+03   8.68548340e+03
   5.54410645e+02   4.86842383e+03   1.31132129e+03   4.31425905e+00
   5.34886963e+02   1.23599561e+03   7.19670996e+03   2.14451599e+01
   6.00181367e+04   6.83560547e+04   1.16555847e+03   6.70747498e+02
   1.39739304e+02   1.66041357e+03   7.72878047e+04   1.25520190e+03
   5.33262451e+02   1.54359241e+03   4.78782997e+01   9.72817932e+02
   4.04437805e+02   5.69410498e+03   1.71288708e+03   1.66933632e+01
   3.39781914e+04   5.88075317e+02   1.29914294e+03   4.41788208e+02
   8.30600739e+01   2.40321797e+04   2.67102070e+01   6.29327271e+02
   2.77521826e+03   1.08407939e+04   2.07589668e+04   8.56416035e+00
   2.18857559e+02   3.43578705e+02   1.32749512e+04   2.77731943e+00
   6.35816772e+02   3.22920715e+02   1.29173613e+04   2.14306198e+02
   9.25842773e+03   8.25639746e+03   4.00339844e+03   4.21285508e+04
   1.78609485e+03   1.74558447e+03   7.27437109e+04   3.87879175e+03
   2.14833516e+04   1.00108240e+03   1.89124878e+02   6.89293359e+04
   1.30935410e+04   1.21283604e+04   2.59926953e+03   5.10607275e+03
   4.80378223e+03   5.88193457e+03   0.00000000e+00   1.29298615e+02
   4.88373203e+04   3.80400146e+03   8.32819609e+04   2.74308167e+01
   3.36551343e+03   2.12950352e+04   6.65026978e+02   2.96838818e+03
   7.01259219e+04   1.84713926e+04   7.67874222e+01   9.07013367e+02
   8.55425537e+02   1.03102842e+04   1.59177783e+03   9.35562622e+02
   7.80730547e+04   5.97639771e+02   5.10589478e+02   0.00000000e+00
   1.79251055e+04   4.74104492e+04   1.04693174e+01   9.48268250e+02
   2.32199524e+02   5.15223398e+04   3.58291443e+02   4.62853973e+02
   6.73087463e+01   3.31569844e+04   5.05739502e+03   6.83253564e+03
   1.08896629e+02   1.33693506e+04   1.18239661e+03   5.64103008e+04
   2.92054961e+04   3.64683624e+02   8.80798149e+00   1.56532349e+02
   1.09584775e+04   2.92545685e+02   6.04197464e+01   4.80423340e+03
   1.26019150e+02   5.30260010e+03   2.27862939e+03   9.77087708e+02
   7.59185400e+03   9.42192578e+03   2.84084180e+04   5.88650273e+04
   2.37870293e+04   1.70920578e+02   2.36647873e+02   3.01428301e+04
   7.94151221e+03   4.07539825e+01   2.64018677e+03   1.00817924e+02
   3.25400317e+03   9.58956223e+01   6.24645947e+03   2.97933047e+04
   1.42102014e+03   3.68987305e+03   7.54027891e+04   9.86807007e+02
   7.71822281e+01   1.07087812e+04   1.55338837e+02   7.93718984e+04
   6.84764609e+04   1.89216882e+03   1.09756775e+02   1.28478088e+02
   3.63282764e+03   3.09532300e+03   8.28933472e+02   1.47580896e+03
   6.05010791e+03   6.31405420e+03   0.00000000e+00   6.11820859e+04
   1.57757736e+02   1.94393143e+02   2.60162549e+03   3.30414314e+01
   8.75377734e+03   1.55135895e+02   1.34219923e+01   4.71356354e+02
   5.07007477e+02   2.19814868e+03   1.79217224e+03   6.34549658e+03
   1.41191650e+03   2.84087622e+03   2.05476660e+03   5.21978882e+02
   9.70672852e+02   1.01075293e+04   2.68130707e+02   2.87422832e+04
   7.25936572e+03   5.80604688e+03   7.09216492e+02   4.17607697e+02
   1.17871594e+03   2.91036926e+02   3.18652554e+01   4.62943573e+01
   1.31558457e+04   0.00000000e+00   3.20193262e+03   1.29225049e+04
   2.08172607e+03   1.69995224e+02   1.92624492e+04   0.00000000e+00
   6.30605049e+01   7.88485986e+03   1.64899216e+01   2.75207695e+04
   5.97797424e+02   1.74173010e+03   1.43307297e+02   3.89385498e+03
   7.48582812e+04   9.41940430e+03   7.62185693e+03   1.12323438e+04
   4.50782188e+04   2.07884155e+03   2.54469162e+02   1.57325879e+03
   5.04783010e+00   1.60958887e+03   2.84634648e+04   2.00060329e+01
   4.07838306e+03   1.77078164e+04   2.50659741e+03   8.41940625e+04
   1.07061104e+02   2.74556946e+02   7.30862503e+01   4.14637354e+03
   1.17540166e+04   3.10329468e+02   1.02988306e+03   2.12488541e+02
   5.22089023e+04   2.78730831e+01   2.50010345e+02   6.54354126e+02
   1.72985898e+04   9.59967676e+03   1.70684727e+04   1.10272930e+04
   7.86618047e+04   1.29766077e+03   1.74400781e+03   1.10882354e+04
   9.03217041e+02   3.35474968e+01   7.42510703e+04   2.20893223e+04
   7.35269699e+01   2.97150610e+03   1.11635000e+04   2.26955518e+03
   6.73744380e-01   5.17122266e+03   4.32441040e+02   7.35006348e+02
   2.28389551e+04   9.28573145e+03   1.54819397e+03   2.61060977e+04
   3.42354584e+01   2.65227026e+03   5.81163452e+02   1.61301797e+04
   5.69440625e+04   5.30041260e+02   1.70436121e+03   2.11066064e+03
   1.99431934e+03   5.64143457e+03   9.39199688e+04   3.71430234e+04
   1.45528430e+03   6.25916931e+02   2.71500293e+03   3.74688530e+01
   7.92021436e+03   1.39972156e+03   2.77641315e+01   7.21233704e+02
   1.92374863e+04   2.03608418e+04   1.07376526e+03   1.77367090e+04
   2.40948471e+02   3.35891914e+04   2.92453346e+01   8.66937988e+03
   2.99177246e+03   8.66426016e+04   9.31916748e+02   1.21666028e+03
   2.99279266e+02   1.37120227e+03   2.05597217e+03   1.42785957e+04
   1.66308066e+04   6.40021826e+03   3.70923691e+01   5.49318726e+02
   4.83355621e+02   2.08431191e+04   4.43739727e+04   3.31608813e+03
   7.10720000e+04   1.88457471e+03   2.84983120e+01   1.37795582e+01
   4.40293750e+03   8.58200000e+03   2.75025854e+03   7.98750732e+03
   5.86438477e+03   1.41059132e+01   2.95866547e+02   1.50899561e+03
   3.79729034e+02   3.84842041e+03   1.86711445e+04   1.63360908e+04
   6.03101074e+03   4.21569590e-03   6.50047383e+04   1.02632605e+03
   3.10576367e+03   2.67355137e+01   1.57319336e+03   6.63832214e+02
   8.46873242e+03   9.43849902e+03   8.81827087e+01   0.00000000e+00
   2.79111664e+02   1.58633484e+03   6.76811768e+03   7.91372223e+01
   1.04774084e+03   4.96088257e+02   2.78191821e+03   3.69487476e+03
   2.80898926e+03   2.09254023e+04   2.19126572e+02   1.02060330e+00
   2.95962207e+03   1.06327187e+02   1.91443469e+03   3.94974219e+04
   6.48026367e+03   2.98173157e+02   3.18000519e+02   4.06162915e+03
   1.71169592e+03   8.81053955e+02   5.96290508e+04   7.60713428e+03
   5.40497607e+03   7.24175415e+02   3.34426587e+03   2.93427979e+03
   3.76809998e+01   7.66235229e+02   1.81376587e+03   5.76803162e+02
   3.30895111e+02   4.29386688e+02   0.00000000e+00   2.71743561e+02
   1.20395422e+01   0.00000000e+00   1.79277871e+04   7.14149535e-01
   2.76811099e+00   1.19483435e+03   0.00000000e+00   6.37252014e+02
   7.94956543e+03   1.98832471e+03   6.28599512e+03   7.69357666e+02
   7.71306172e+04   3.51565234e+04   5.92422119e+02   4.91476758e+03
   2.72983551e+02   1.96709727e+04   3.79798164e+04   1.52057892e+02
   4.61601257e+02   1.43416168e+02   1.51619580e+03   1.01311504e+04
   2.81443140e+03   3.74906036e+02   1.65134045e+03   3.30152655e+00
   6.73223047e+03   1.45457031e+04   1.75296814e+03   2.87889008e+02
   6.84659546e+02   3.27468781e+02   5.22895664e+04   1.14586773e+01
   1.02682703e+03   1.03801987e+02   8.90831250e+04   5.88850000e+03
   5.02975433e+02   4.71673126e+02   6.33558893e+00   1.90609375e+04
   6.51476013e+02   1.65197296e+02   9.98279785e+02   3.06352051e+03
   6.06483032e+02   2.89650610e+03   9.01914902e+01   4.07286926e+02
   6.59460938e+02   1.06240297e+05   6.09532356e+01   7.90279419e+02
   0.00000000e+00   1.12545605e+04   6.64427148e+03   6.29259277e+03]
[  1.38160492e+02   1.03990527e+04   5.83150574e+02   2.18942944e+03
   1.07122449e+03   1.90628652e+04   2.73404205e+02   1.45677432e+04
   5.30724170e+03   4.66859336e+04   8.24479370e+02   1.65592331e+02
   7.59319727e+03   3.76474805e+04   5.46572266e+03   5.12248901e+02
   1.90627966e+03   3.24126245e+03   6.60274688e+04   9.32972656e+02
   6.12807941e+00   5.62543213e+03   2.45576263e+02   7.94736877e+02
   1.05194316e+04   5.22043304e+01   1.37826699e+04   1.04829361e+02
   5.85004944e+02   1.40772144e+03   2.21886768e+03   3.67374170e+03
   1.08757825e+03   0.00000000e+00   4.90977344e+03   1.40681870e+02
   2.36392746e+02   6.98380234e+04   0.00000000e+00   4.33193213e+03
   8.94372754e+03   1.54326691e+02   1.74056697e+00   1.78802460e+02
   9.41669336e+03   2.08822784e+02   6.26863525e+03   9.34555078e+03
   4.93597839e+02   4.18285370e+01   9.68466980e+02   2.08146875e+03
   2.94981110e+02   9.75809082e+03   1.83007441e+04   3.02954902e+04
   8.25449524e+02   6.18751904e+03   4.59499283e+01   2.21058838e+03
   2.97974072e+03   1.29489648e+03   7.76984436e+02   2.39465317e+02
   3.69047998e+03   6.00431152e+02   1.41999878e+02   2.73546753e+02
   2.66066467e+02   2.90933056e+01   7.94523193e+02   1.48026299e+04
   2.74540371e+04   3.33767487e+02   3.05151602e+04   1.20174583e+02
   2.29052383e+02   3.31386475e+02   4.47996155e+02   1.52301152e+04
   6.13253357e+02   3.07953633e+04   2.03393203e+04   8.85051074e+03
   5.86898164e+04   6.97229996e+01   1.82052991e+03   1.26876504e+04
   1.28371211e+04   3.12388340e+04   1.49260759e+01   2.64341406e+03
   2.98437714e+02   1.05578438e+04   1.48816248e+03   7.11521582e+03
   1.34734395e+04   1.70464516e+00   1.02541963e+04   7.43933472e+02
   1.94336262e+01   4.17133545e+03   6.19590912e+01   5.35153516e+03
   1.27352486e+01   3.57319870e+01   1.10733105e+03   3.75085859e+04
   1.35935822e+01   1.81131191e+04   6.48935791e+02   5.29100430e+04
   6.84900098e+03   1.18439789e+02   1.46397381e+01   4.46193542e+02
   8.62134827e+02   2.43467090e+04   7.63335266e+02   1.00719833e+02
   2.05595016e+00   2.78960815e+02   9.70586426e+03   3.61153137e+02
   2.69024597e+02   1.01200947e+04   3.31053741e+02   1.37835953e+02
   1.42973608e+03   2.72409485e+02   1.67232480e+04   6.65140381e+02
   2.42265427e+02   1.85599512e+03   6.05048035e+02   7.57412256e+03
   3.70649531e+04   0.00000000e+00   7.80293961e+01   1.31658630e+02
   0.00000000e+00   9.90176544e+01   3.57787292e+02   3.11527802e+02
   9.26594391e+01   2.84243872e+03   3.65115747e+03   0.00000000e+00
   5.07579834e+02   4.15849492e+04   6.67700500e+01   1.87838516e+02
   1.12682935e+03   3.14640356e+03   6.11996643e+02   2.03990645e+04
   9.57413330e+01   1.16588159e+03   2.40699356e+02   1.26282773e+04
   1.90674423e+02   8.26965942e+02   4.84179047e+02   5.70071068e+01
   3.80150938e+04   1.94967766e+01   2.13575928e+02   3.51831226e+03
   7.03767188e+03   1.58560361e+04   0.00000000e+00   7.12534943e+01
   6.03977637e+03   1.30575781e+03   2.82870209e+02   3.01925317e+03
   4.01002461e+04   7.81063782e+02   4.32530000e+04   3.73237671e+03
   3.62450391e+04   2.60072871e+04   7.59142609e+01   5.56122607e+03
   2.40518799e+03   1.73148561e+00   3.12653271e+03   3.27531128e+03
   9.15978012e+01   2.56367828e+02   1.56574371e+02   7.33716675e+02
   1.90173657e+03   5.94917627e+03   1.41761487e+03   1.71756777e+04
   1.38671472e+03   2.02250439e+03   1.09308334e+02   3.66496680e+03
   2.68118115e+03   1.25555249e+03   1.38358447e+03   1.62449732e-01
   1.79863367e+03   2.20213898e+02   2.88258887e+03   2.22574463e+03
   6.17303027e+03   5.81342266e+04   1.81991409e+02   6.51570374e+02
   4.94032275e+03   1.31212183e+03   6.72982254e+01   7.47690674e+03
   6.46689609e+04   5.38511696e+01   4.78571968e+01   3.34062744e+03
   1.76062969e+04   2.11840210e+02   3.09652443e+01   1.47968835e+03
   3.55484650e+02   6.94712677e+01   1.40778442e+02   1.98421997e+02
   2.41016772e+03   1.17736336e+02   2.73655109e+01   3.30073853e+02
   2.09585205e+03   4.32384109e+01   1.81728210e+01   1.03985970e+02
   6.59593811e+02   4.65971710e+02   1.33411841e+03   4.92505150e+01
   5.71438942e+01   5.95556526e+01   1.22758264e+03   4.49638203e+04
   3.27848672e+04   8.32736133e+03   2.08194763e+02   1.10245447e+03
   3.28942871e+01   1.19681831e+02   6.06513184e+02   1.74696960e+02
   1.00991338e+04   1.11428259e+03   1.28064370e+00   1.23925201e+02
   2.63725415e+03   6.58247070e+01   1.05488391e+03   2.62383652e+01
   7.11859070e+02   1.03227527e+03   2.88542389e+02   2.15905972e+01
   3.96466758e+04   2.32054907e+03   4.38544258e+04   3.93779724e+02
   2.70819800e+03   6.79318161e+01   1.20347740e+02   6.65770813e+02
   1.26889557e+02   2.35330830e+01   5.05342461e+04   5.45709839e+02
   1.64538867e+03   7.45940491e+02   6.75246338e+03   1.27887207e+04
   2.15702774e+02   1.18138771e+02   9.93061462e+02   6.41275078e+04
   2.72441309e+03   2.42281519e+03   1.47052148e+04   6.31737061e+02
   6.73686096e+02   1.40738447e+04   2.01269812e+03   2.99843359e+03
   1.54741709e+04   1.88613684e+03   6.81379623e+01   7.16501160e+02
   5.45685352e+03   9.27823486e+02   5.88457275e+03   1.09405088e+01
   8.00328636e+00   6.15466919e+02   1.21641230e+04   9.72179642e+01
   1.60178848e+04   5.31323711e+04   1.11381567e+03   2.96284009e+03
   3.98845020e+03   4.20569043e+03   4.69144154e+00   5.38834619e+03
   1.01099844e+01   4.75844531e+03   2.74448145e+03   1.89913438e+04
   4.99829041e+02   4.72802539e+03   1.10969810e+02   1.29672568e+04
   7.36420605e+03   2.55799668e+04   2.69480884e+03   3.11494043e+04
   2.66671478e+02   4.77272003e+02   1.68732739e+03   8.73979004e+02
   1.50150391e+03   2.72104034e+02   1.00629717e+04   6.65017432e+03
   6.28542471e+00   1.68038513e+03   2.22432114e+02   4.13197510e+03
   1.20544388e+02   9.53599023e+03   2.45459448e+03   2.07758555e+04
   4.39429219e+04   1.65944543e+03   3.33825226e+02   2.06464661e+02
   1.71498108e+01   3.20540802e+02   2.72519316e+04   8.45399780e+02
   1.42755469e+04   6.52762451e+03   2.97611963e+03   5.82450742e+04
   2.13890182e+02   1.95403186e+03   7.73324280e+02   3.94201813e+02
   1.31274375e+04   2.55129785e+03   2.35820332e+04   3.78457689e+00
   5.59684648e+04   3.94938751e+02   3.02300000e+04   1.10341211e+03
   7.20158105e+03   1.61237183e+02   1.12632263e+02   7.25829883e+03
   3.08142487e+02   3.28759180e+03   4.72475708e+02   2.00468567e+03
   2.65510651e+02   1.03684209e+04   3.13651489e+02   1.01984742e+05
   1.10272393e+04   1.83825574e+03   7.07445605e+03   1.32287622e+03
   1.36976395e+01   1.27641289e+05   5.29801953e+03   1.02752295e+03
   5.47019714e+02   6.85996338e+03   2.27906952e+02   2.06017189e+01
   1.32615186e+03   4.78817291e+02   5.93805234e+04   3.19942700e+03
   1.46030566e+03   5.00584219e+04   6.97429766e+04   2.61011841e+02
   8.63579025e+01   9.83949121e+03   2.98127734e+03   9.56935547e+03
   1.40775620e+02   2.17141445e+04   2.55398389e+03   2.46312915e+03
   1.05473625e+02   2.76241250e+04   2.13835693e+02   2.71594116e+03
   9.26570740e+02   1.09451538e+03   1.82397253e+03   1.28979541e+04
   1.53012646e+04   5.89113953e+02   1.40421472e+03   1.02390051e+01
   2.37833032e+03   3.87248077e+02   0.00000000e+00   2.87719116e+02
   2.95950653e+02   2.98350449e+04   4.99464502e+03   5.00705528e+01
   2.09075165e+02   1.06421230e+04   3.72502808e+03   2.46958122e+01
   2.47306152e+03   6.74698535e+03   5.06283555e+04   1.19974831e+02
   1.42917178e+04   9.16985229e+02   1.39779007e+02   2.34525604e+02
   4.00197258e+01   2.72156286e+00   1.22051553e+04   4.26500797e+00
   9.87841034e+01   1.12984535e+02   5.35273438e+01   8.68134141e-01
   8.32751617e+01   1.59715127e+04   5.70308044e+02   4.85510193e+02
   1.14717896e+03   2.85439375e+04   1.86115417e+02   1.18075098e+03
   9.25652466e+01   1.27818680e+05   3.71214492e+04   2.77189846e+01
   2.54787964e+03   6.08481543e+03   2.47861094e+04   6.96595508e+03
   1.74820547e+04   9.57340137e+03   1.03581045e+04   1.21642798e+03
   9.28089258e+03   5.35687305e+03   4.35067871e+02   2.92905853e+02
   2.35290161e+03   5.51175423e+01   1.04999561e+04   1.67415098e+04
   1.50794902e+04   1.73946035e+04   1.21570337e+03   1.71904770e+02
   5.99749878e+02   5.33145203e+02   1.32854468e+03   2.99278965e+04
   6.18526465e+03   4.19079834e+02   1.28087959e+04   2.64657288e+02
   0.00000000e+00   0.00000000e+00   5.22571191e+03   4.94202179e+02
   1.06481421e+03   4.67785254e+03   4.94328789e+04   2.80267090e+04
   6.57677002e+03   1.84635535e+03   2.58647614e+02   9.89193726e+02
   8.72471191e+02   4.55436172e+01   2.81345752e+03   5.58079199e+03
   2.14497207e+04   2.47700820e+04   1.66486702e+01   1.23533020e+03
   1.62929385e+04   1.15147246e+04   1.58418137e+02   2.96857185e+01
   8.16869202e+02   3.26100578e+01   3.43539810e+01   1.45818955e+04]
[  2.88573822e+02   1.82694328e+00   0.00000000e+00   3.67256982e+03
   7.27778091e+01   2.79453011e+01   2.01371884e+00   4.85897827e+00
   2.15145203e+02   2.78993652e+02   2.56778431e+01   4.43693909e+02
   1.70626297e+01   2.65990234e+02   1.20123415e+01   2.02055740e+01
   2.66241640e-01   9.32233505e+01   0.00000000e+00   0.00000000e+00
   3.52113892e+02   1.26577676e+04   4.11557031e+03   3.70017944e+02
   3.31973815e+00   0.00000000e+00   0.00000000e+00   1.37659900e+03
   1.46424332e+02   1.36688000e+03   5.42322705e+03   3.77525879e+02
   1.56290015e+03   3.61885620e+02   9.32932091e+00   1.91261780e+03
   5.13922157e+01   1.05171387e+04   1.78036377e+03   1.07824158e+03
   5.53788721e+03   7.88288956e+01   1.73020654e+03   7.68824951e+02
   1.02295227e+01   7.87379074e+00   2.77022314e+03   1.44744186e+01
   1.57446756e+01   1.16285576e+02   2.57973614e+01   1.22000049e+03
   1.51509225e+00   2.28496292e+02   1.60164017e+02   6.42561188e+01
   4.21666895e+03   2.11265854e+02   0.00000000e+00   3.05255219e+02
   5.40976562e+02   1.30411682e+01   2.33202863e+00   8.14706543e+02
   1.28999527e+02   2.53322925e+03   2.97914246e+02   3.75640929e-01
   1.38208740e+02   1.50101135e+03   3.53284393e+02   2.85109749e+01
   3.01499786e+01   2.28496796e+02   1.51265264e+00   7.26208679e+02
   5.86680841e+00   9.40415039e+02   1.52658491e+01   8.01611099e+01
   0.00000000e+00   8.01220322e+01   4.23484558e+02   1.22592639e+03
   4.35423203e+01   4.12036095e+01   8.12756538e-01   1.63107052e+01
   8.15429590e+03   1.15302536e+02   9.59844531e+03   1.75597488e+02
   1.37659922e+04   5.93487488e+02   0.00000000e+00   7.44418579e+02
   1.16756621e+04   9.80607033e+00   2.43641260e+03   9.46264420e+01
   1.09458582e+03   3.64603386e+01   3.06597767e+01   1.61716270e+00
   1.48308069e+03   1.20640320e+03   0.00000000e+00   1.03248352e+02
   8.41572094e+00   3.41564703e+00   4.55713224e+00   2.27680984e+02
   2.50727661e+03   3.46620605e+03   2.72295399e+01   7.80954361e-01
   2.25842285e+03   5.21210571e+02   3.16308689e+01   5.40295067e+01
   0.00000000e+00   4.81976288e+02   8.24736977e+00   8.22127247e+00
   7.39912748e+00   2.43033338e+00   2.28490540e+02   4.00159550e+00
   3.83484726e+01   1.45436926e+03   1.37457837e+03   1.08619885e+03
   1.63150001e+00   6.21906433e+01   3.29883270e+02   1.54219620e+02
   1.16061045e+04   2.28931122e+02   1.04258125e+02   2.77280731e+02
   2.85616821e+03   1.22420578e+02   2.33264198e+01   2.96537549e+03
   1.36265020e+01   0.00000000e+00   4.19525146e+01   5.37134457e+00
   1.53284054e+01   8.15146065e+00   2.19413495e+00   5.96174622e+01
   1.71857162e+02   4.54742765e+00   3.72729645e+01   1.28772759e+00
   7.23473694e+02   3.42621155e+01   2.91975880e+01   6.20972481e+01
   3.26781219e+02   5.73232079e+01   1.32419883e+04   8.23101746e+02
   1.15323022e+03   8.23856250e+03   0.00000000e+00   3.63444751e+03
   6.63379211e+02   4.74463379e+03   1.45278618e-01   2.98242188e+03
   1.15538559e+01   5.10608551e+02   3.23331947e+01   3.47426834e+01
   5.77769661e+01   8.03564167e+00   1.09900841e+02   0.00000000e+00
   5.31099463e+00   2.19998047e+03   0.00000000e+00   1.59825403e+03
   1.73082932e+02   8.28252051e+03   3.23044319e+01   6.07245588e+00
   5.21966504e+03   3.04762909e+02   1.21923935e+02   1.01398506e+01
   6.04306885e+02   4.76071716e+02   7.39468567e+02   2.67078064e+02
   1.98359573e+02   2.35035547e+03   1.73246606e+03   3.35372363e+03
   3.14906330e+01   1.29120225e+04   2.21129055e+01   3.59524231e+01
   6.91278763e+01   6.90862961e+01   1.28059521e+03   2.55965771e+03
   0.00000000e+00   2.97640601e+03   3.45126636e+03   1.35565710e+03
   0.00000000e+00   8.21435153e-01   1.21820229e+02   2.21105469e+03
   3.46486694e+02   2.85432873e+01   3.91536140e+01   1.66834793e+02
   3.89238625e+01   1.33676773e+02   2.35535812e+02   3.72313428e+00
   4.96843848e+03   7.64486768e+03   4.62381983e+00   1.92307549e+01
   7.41284966e-01   7.04379089e+02   2.30046558e+01   3.38211243e+02
   1.88866440e+02   8.50051086e+02   2.64448486e+03   1.27697350e+02
   5.14520996e+02   1.15012217e+04   5.66682673e+00   1.05539673e+03
   0.00000000e+00   1.33428555e+04   2.97851685e+02   3.47679901e+00
   0.00000000e+00   3.60490997e+02   8.35805371e+03   0.00000000e+00
   5.31919861e+00   2.38650370e+00   4.22209717e+03   3.49948645e+00
   1.46238461e+01   4.07369270e+01   7.76456680e+01   9.80167908e+02
   1.39527966e+03   1.61975918e+01   8.17750168e+00   9.63802832e+03
   8.15431747e+01   2.84827850e+02   0.00000000e+00   0.00000000e+00
   3.18379462e-01   7.17769003e+00   1.15865774e-01   1.07694641e+03
   1.02577795e+03   4.49103470e+01   1.45623398e+00   1.44395972e+03
   6.96071672e+00   1.12684385e+04   2.31931128e+03   2.73514214e+01
   4.54678076e+03   5.45674515e+01   6.91413803e+01   4.50472921e-01
   4.74596672e+01   6.84023376e+02   1.13099004e+04   3.25537689e+02
   7.07543716e+01   1.97456345e+02   1.22240417e+03   3.05850677e+01
   0.00000000e+00   4.29012775e+00   9.41870422e+01   1.51538940e+03
   1.18430444e+03   4.52235107e+02   0.00000000e+00   1.13450789e+00
   2.20331528e+02   1.54925583e+02   2.48203011e+01   2.99872684e+00
   8.61839172e+02   2.42516510e+02   8.99577246e+03   2.14996591e-01
   4.32997437e+02   2.72647977e-01   1.26385269e+02   2.81260014e-01
   9.28296680e+03   0.00000000e+00   1.19157334e+04   2.12339191e+01
   6.54575424e+01   0.00000000e+00   1.26997662e+00   4.86135547e+03
   3.30010034e+03   3.34942529e+03   1.42786026e+02   2.15085106e+01
   2.62817798e+03   5.11450653e+01   2.87968230e+00   3.87633171e+01
   2.57868866e+02   0.00000000e+00   1.83316822e+01   3.54820824e+01
   3.81193787e+02   4.34041100e+01   5.19696426e+01   5.48080420e+03
   6.80213852e+01   7.72608276e+02   2.17933578e+02   1.86886450e+03
   8.91273926e+02   1.43954651e+03   5.58024609e+03   1.00858780e+02
   2.03810229e+03   1.66202984e+01   4.68841934e+01   1.07623024e+01
   3.17460156e+03   8.37274075e+00   3.34813086e+03   7.16892242e+01
   2.69849884e+02   3.89626007e+01   2.74499512e+01   0.00000000e+00
   2.83506128e+03   3.15813885e+01   4.78125066e-01   9.92957535e+01
   6.41865625e+03   5.66575635e+03   7.36184180e+03   5.80944395e+00
   3.72120361e+01   4.51691121e-01   5.58855782e+01   1.65958694e+02
   6.29953918e+02   6.89950714e+01   0.00000000e+00   3.66804840e+02
   2.03529556e+02   0.00000000e+00   1.19361595e+02   2.67143140e+03
   1.47539886e+02   2.44873489e+02   2.54671726e+01   6.91255722e+01
   7.95906019e+00   5.66327000e+00   2.08357182e+01   1.30511734e+02
   4.48512878e+01   1.41044863e+04   4.11138840e+01   6.97456152e+03
   1.41174829e+03   2.37822046e+03   1.77901880e+03   2.00636272e+01
   2.91550342e+03   3.97842743e+02   1.12345325e+03   1.96061134e+01
   6.39350700e+01   4.29872561e+00   1.19237343e+02   6.90203171e+01
   0.00000000e+00   1.08866014e+01   1.28753433e+02   1.33976883e+02
   1.64299271e+02   1.40707385e+03   8.15016553e+03   7.73486662e+00
   6.69284821e+01   7.18296967e+01   4.77199615e+02   1.22135124e+01
   9.23863983e+00   9.76402734e+03   5.95395279e+01   6.01185799e+01
   2.93284950e+01   6.05619202e+02   3.05300562e+03   2.88721863e+02
   3.23869775e+03   6.86965561e+01   2.19943523e+00   4.48741722e+00
   1.67965352e+04   9.58549988e+02   1.04773735e+02   7.60413265e+00
   5.05514252e+02   2.59984283e+02   2.95689058e+00   1.37159777e+01
   2.29307976e+01   7.24601929e+02   3.11552539e+03   6.29690475e+01
   1.23427002e+02   1.72121399e+03   7.41244995e+02   3.55687256e+01
   1.05366776e+02   1.07865405e+03   1.08716963e+04   9.86230240e+01
   2.08786221e+01   1.42104216e+01   9.94225006e+01   8.75141296e+02
   5.65038719e+01   6.44390259e+01   6.29378320e+03   5.25102051e+03
   1.09865020e+04   1.81537378e+00   4.55363831e+02   2.80039276e+02
   1.62778162e+03   1.66262627e+00   5.58914856e+02   4.82205444e+02
   2.67622375e+01   1.13141084e+04   1.04739693e+02   2.15610596e+03
   2.75440246e-01   6.98170532e+02   4.55937576e+01   1.64355240e+02
   8.12968311e+03   2.34647045e+01   5.03105354e+01   2.09654675e+01
   3.21157724e-02   5.57985474e+02   3.06951996e+02   4.28684807e+00
   2.05094879e+02   4.50641504e+03   0.00000000e+00   1.54060925e+03
   3.73310669e+02   3.64932190e+02   3.75392065e+03   1.96532623e+02
   4.35380469e+03   3.20987274e+02   3.01316437e+02   8.97779236e+01
   1.72933769e+01   1.87535632e+03   8.32428284e+01   4.84547461e+03
   1.51151884e+00   1.19605331e+01   1.93498535e+01   4.24485645e+03
   1.61599380e+02   1.81167641e+01   5.83853188e+01   0.00000000e+00
   2.90708398e+03   2.88054596e+02   3.65572937e+02   6.82602881e+03
   2.47648682e+02   5.72535896e+01   1.14360181e+03   2.23782202e+03
   2.50508022e+00   4.78741260e+03   1.77229309e+00   4.34881500e+02
   0.00000000e+00   1.04518105e+04   2.58783226e+01   1.82121918e+02]
[  5.58043823e+01   1.00063416e+03   6.48401642e+01   3.20172943e+02
   7.24756012e+01   7.62034241e+02   4.51287346e+01   2.64096283e+02
   2.07103539e+01   1.05280800e+02   1.18954773e+03   6.28306824e+02
   2.57726440e+03   2.14834854e+02   3.36272705e+03   2.76414948e+02
   4.17658424e+00   3.51818237e+02   8.12680237e+02   2.23541290e+02
   1.55706635e+02   4.27696457e+01   3.58872485e+03   1.19602310e+02
   3.46060753e+01   4.84044342e+01   7.17144547e+01   1.79555969e+01
   5.87370801e+03   3.00926495e+01   6.56967258e+00   8.32570038e+01
   3.99894141e+03   1.88944763e+02   2.12068882e+01   3.68857971e+02
   6.46538867e+03   6.51676655e+00   1.96138525e+00   1.91724658e+03
   4.14237109e+03   5.82398560e+02   4.56451774e-01   4.87828761e-01
   7.08623791e+00   4.05970490e+02   2.43981421e+03   4.98872604e+01
   3.94366913e+01   7.85576019e+01   5.68399544e+01   1.10206993e+02
   7.72268494e+02   6.34512329e+02   3.28557190e+02   4.27126807e+03
   1.85590763e+01   2.84061661e+01   1.79380847e+03   4.35853955e+03
   2.33287354e+03   1.52061493e+02   5.53401123e+03   5.71570301e+00
   1.99069822e+00   2.56132050e+02   2.27088299e+01   2.01235062e+02
   4.64033737e+01   5.15495911e+02   1.66487158e+03   1.17530920e+03
   4.24253662e+02   8.91520786e+00   1.23450912e+02   1.46051709e+03
   7.14082260e+01   8.55188965e+02   3.88659546e+03   5.80727434e+00
   7.32462788e+00   3.19359772e+02   2.90147974e+03   3.12970314e+01
   1.37153455e+03   4.81943994e+03   5.07360535e+01   4.20779305e+01
   2.69301099e+03   3.30537750e+02   3.19293213e+02   4.71097931e+02
   0.00000000e+00   3.00306396e+03   2.54771175e+01   1.91016579e+01
   3.23813263e+02   3.90219482e+03   8.11478348e+01   8.55550003e+01
   9.71360302e+00   2.37994881e+01   9.24236221e+01   5.85791492e+00
   1.50439282e+03   3.49739456e+00   9.24478912e+01   5.48694482e+03
   3.70134497e+03   1.37001053e+02   6.79069031e+02   5.04674797e+01
   1.96626611e+03   1.12828357e+03   3.83298859e+02   1.26523232e+00
   5.67055206e+01   1.49207344e+01   1.91434033e+03   3.31683617e+01
   7.60749969e+01   2.27751318e+03   1.10621490e-02   2.54955120e+01
   6.63301697e+01   3.45674500e+02   1.86858139e+02   2.27980316e+02
   5.17484619e+03   4.21340913e-01   2.79253510e+02   2.24914014e+03
   1.24734705e+03   1.32775984e+01   9.29308105e+03   3.56846404e+00
   2.50586820e+00   2.82804230e+02   8.74367905e+01   4.57200718e+00
   5.14417041e+03   0.00000000e+00   9.53277832e+02   1.86264297e+02
   2.51399963e+02   4.59291601e+00   1.33797276e+00   1.94447746e+01
   3.03185135e-01   7.73276825e+01   2.15982080e+00   2.38795792e+02
   3.95493378e+02   2.93503516e+03   1.79056320e+02   1.58755237e+03
   8.07296753e+02   1.18040800e+00   1.65928601e+03   3.51660950e+02
   1.28921570e+03   2.98715601e+03   5.94946766e+00   3.69960419e+02
   4.13553955e+03   1.26659741e+03   3.80365448e+02   5.79722710e+01
   3.77759056e+01   1.45167664e+03   7.37826477e+02   7.46546030e-01
   5.47446411e+02   2.41750860e+00   7.16819916e+01   2.32748404e-01
   9.12144721e-01   4.21923096e+03   3.10151642e+02   3.40835190e+01
   1.85820480e+02   1.43326206e+01   6.79736948e+00   5.04161682e+01
   3.68367358e+03   8.50019693e-01   1.09810020e+02   7.86875153e+00
   3.18322039e+00   1.03836884e+02   5.54916048e+00   8.16126099e+01
   3.41104355e+01   2.25017365e+02   3.14735931e+02   1.26479897e+02
   2.50218735e+02   5.31972847e+01   5.36252556e+01   2.29006481e+01
   7.27821579e+01   3.96415314e+02   1.76544075e+01   1.99067569e+00
   4.30511589e+01   7.81714630e+00   5.31868668e+01   3.06022736e+02
   3.54206047e+01   3.47619820e+01   1.50909961e+03   2.69614197e+02
   0.00000000e+00   1.99171698e+00   7.72144470e+01   1.18083916e+02
   7.26943512e+01   7.61069458e+02   1.55707642e+02   2.37114166e+02
   4.15641968e+02   1.09842126e+03   1.68702072e+02   1.42587341e+03
   7.53546371e+01   3.67045174e+01   1.98196655e+03   6.47852554e+01
   2.91522949e+03   3.51476562e+03   2.97602710e+03   6.72414322e+01
   0.00000000e+00   2.49040344e+02   3.97124084e+02   1.30527600e+03
   1.25872607e+03   3.21931267e+01   2.72575073e+03   2.72534973e+02
   2.90982895e+01   1.06043739e+02   6.12913696e+02   0.00000000e+00
   4.89752258e+02   8.25039917e+02   4.34026062e+02   3.48057300e-01
   6.95513000e+02   2.44785333e+00   0.00000000e+00   4.12526154e+02
   1.39707568e+03   0.00000000e+00   2.14878197e+01   6.89065869e+03
   9.61942732e-01   4.11902649e+02   1.58849167e+02   5.10884666e+01
   4.43584863e+03   1.93860263e-01   6.15957520e+03   7.80757675e+01
   1.20204897e+01   4.91666222e+01   3.03857819e+02   1.41077612e+03
   7.77571716e+01   9.02327209e+02   5.82762527e+01   4.78577789e+02
   5.16933441e-01   4.02308345e-01   6.09744263e+01   8.92014236e+01
   3.02091007e+01   9.92162704e+01   9.45804138e+02   5.64378906e+02
   1.09128675e+01   1.96519413e+01   4.55921875e+03   1.35953608e+01
   6.92100406e-01   3.06628613e+03   3.19902649e+02   1.70476990e+01
   3.64263525e+03   3.42263336e+01   1.84507637e+01   1.36204630e-01
   3.05845551e+02   6.71086609e+02   4.84786475e+03   7.90649719e+01
   2.53038770e+03   2.51644714e+02   7.41904144e+01   9.45187927e+02
   2.12986108e+03   1.51655249e+03   1.14161956e+00   3.60977125e+00
   4.27220850e+03   3.33430542e+03   7.54665186e+03   4.62584259e+02
   3.57618237e+00   3.46781982e+02   2.35423248e+02   1.54707321e+02
   3.26049066e+00   1.25686920e+02   3.14274979e+01   1.37889233e+03
   1.29353650e+03   1.51941498e+02   6.22534912e+02   0.00000000e+00
   7.54642725e+00   1.94931567e+03   2.49666328e+01   4.03968921e+03
   2.00480011e+02   1.87153610e+02   6.25598297e+01   1.47138089e-01
   3.67007446e+00   8.18754272e+01   3.95116878e+00   9.20441723e+00
   7.66869354e+01   8.33349915e+01   4.57444702e+02   5.67830200e+01
   2.20359772e+02   1.73812927e+02   1.08702324e+02   2.28377783e+03
   1.55487061e+03   1.23581445e+03   1.88980127e+03   7.75325537e+00
   3.66580017e+02   9.91950134e+02   2.21109790e+03   1.76499908e+02
   1.36052582e+02   3.20363281e+03   3.46717310e+00   0.00000000e+00
   5.17646387e+03   7.02209778e+01   1.39930078e+03   6.48771238e+00
   1.58042517e+03   5.43373901e+02   1.40431870e+02   1.30313461e+02
   6.11054001e+01   2.77069740e+01   1.47307907e+02   1.24171362e+03
   1.00164594e+03   4.48079395e+00   4.26935425e+01   5.04541168e+01
   3.38949814e+01   3.86973810e+00   4.20394336e+03   7.48579788e+00
   7.75777588e+02   1.94682861e+03   3.44872214e-02   3.00616272e+02
   1.18502502e+03   7.67841943e+03   1.69861984e+02   3.11281433e+02
   6.71876343e+02   6.79833908e+01   1.31468704e+02   9.13535233e+01
   9.75082092e+01   1.99208298e+02   5.62109184e+01   2.57465820e+02
   1.99070520e+03   1.93959923e+01   5.24411084e+03   2.03372208e+02
   3.78098694e+02   4.11091881e+01   0.00000000e+00   1.61431412e+02
   1.43009079e+00   4.01225372e+02   7.35337982e+01   3.16052368e+02
   3.96025098e+03   1.60330292e+02   1.48268784e+02   4.11253027e+03
   3.85771436e+03   1.95083099e+02   6.69515869e+02   2.46608782e+00
   1.25944672e+02   7.84600635e+03   9.43090210e+01   9.03201660e+02
   1.98141739e+02   1.66682510e+01   1.19518318e+01   0.00000000e+00
   1.62227795e+03   2.90177075e+03   1.14890454e+03   2.32064087e+03
   7.28459091e+01   3.46175957e+01   7.66200928e+02   0.00000000e+00
   7.88506622e+01   5.19210701e+01   9.51309891e+01   2.38213672e+03
   9.29201111e+02   4.90790070e+02   9.19816016e+03   2.72556534e+01
   7.70401688e+01   2.53624585e+03   9.72115097e+01   2.07915451e+02
   2.66540698e+03   3.52316208e+01   3.76901276e+02   3.22994873e+02
   2.34738750e+01   6.54062119e+01   2.47831589e+02   2.43844147e+02
   2.79427338e+02   1.61301239e+02   1.53449478e+02   0.00000000e+00
   2.05718479e+01   3.00867558e+01   2.57688224e-01   1.53207141e+03
   9.05074121e+03   1.74651953e+03   2.06379814e+01   8.97509338e+02
   7.34169141e+03   1.68324051e+02   1.10310229e+03   3.96364403e+01
   7.33690613e+02   1.24394943e+02   1.44491816e+01   5.64248078e-02
   1.80457849e+03   7.95509766e+02   5.62480927e+01   6.13722705e+03
   7.64151465e+03   1.02605212e+03   4.09128237e+00   9.31670532e+01
   4.28405075e+01   2.34740448e+02   1.42933178e+01   1.15416150e+03
   8.51988983e+01   4.52840179e-01   6.61548767e+01   4.61587095e+00
   2.05069580e+02   1.16999365e+03   2.18263245e+02   1.22417468e+03
   7.86949005e+01   5.81300974e+00   4.70767479e+01   5.96288574e+03
   1.53314133e+01   2.17974030e+02   5.74112732e+02   1.13105286e+03
   3.67934346e+00   0.00000000e+00   3.79410706e+02   7.09735565e+01
   2.04562302e+01   1.08815320e+03   1.29307214e+03   4.37093799e+03
   1.71747290e+03   7.00035095e+01   5.14389771e+02   3.86762671e+03
   9.24773560e+01   0.00000000e+00   1.63880997e+02   4.13231152e+03
   2.23902908e+02   5.69253601e+02   8.17443390e+01   2.80135449e+03]
[  6.99162720e+02   4.12519684e+01   4.83967590e+00   5.33573627e+00
   1.44341621e+01   1.83840405e+03   4.05684395e+01   2.48802776e+01
   5.88542652e+00   5.51671814e+02   4.52139435e+01   3.44596939e+01
   4.45382782e+02   1.98659436e+03   1.45885468e+02   0.00000000e+00
   6.26519165e+01   5.53214966e+02   6.22503471e+01   3.36623251e-01
   1.85758305e+01   1.02369443e-01   6.18043137e+01   1.28386597e+03
   3.23939890e-01   4.33028889e+00   1.00449362e+01   3.01541786e+01
   2.23117065e+01   1.48431885e+02   1.60780602e+01   2.49684858e+00
   1.94185471e+02   1.87399559e+01   2.35517896e+03   2.13454834e+03
   9.56887150e+00   2.22291309e+03   5.23485718e+01   4.67150421e+01
   2.94912720e+01   3.71560440e+01   4.64335775e+00   9.09352570e+01
   1.08559904e+01   1.21896263e+02   5.02902832e+02   1.25043839e-01
   1.04438423e+02   2.36956005e+01   7.53151184e+02   0.00000000e+00
   5.68744621e+01   1.11817017e+02   0.00000000e+00   4.32130661e+01
   2.69428558e+01   2.83296432e+01   6.66745911e+01   2.75966278e+02
   2.06809540e+01   4.77918739e+01   5.59718819e+01   1.30447979e+01
   3.33325844e+01   2.42729759e+01   1.49944931e+02   2.13010864e+01
   1.48252735e+01   6.06675835e+01   4.40391464e+01   1.63186230e+03
   4.51938744e+01   1.23087285e+04   1.45408521e+03   7.00338221e+00
   7.58250761e+00   7.39856720e+00   5.71987877e+01   2.41601906e+01
   9.25076866e+00   5.51088028e+01   4.17057419e+00   1.19425087e+01
   6.32027054e+01   1.12128651e+00   1.53769299e+03   1.39645071e+01
   9.40466614e+01   1.12219810e+01   6.59579010e+01   2.18981571e+01
   1.54413986e+01   4.19077209e+02   2.00219162e+02   4.32484474e+01
   4.56903992e+01   5.04708061e+01   1.73115540e+02   1.11749550e+02
   9.43757314e-03   7.03639698e+00   5.64138145e+01   2.37033634e+01
   8.84689426e+00   3.99849930e+01   4.43317127e+00   2.02479834e+03
   4.40766754e+01   2.27771878e+00   2.44508591e+02   3.04996700e+01
   1.05337677e+01   5.89656181e+01   3.05704415e-01   0.00000000e+00
   2.39875660e+01   6.29930573e+01   2.81279028e+03   3.65501547e+00
   2.97385864e+02   6.98844299e+01   1.07223425e+01   8.47177410e+00
   1.65911412e+00   1.44644551e+04   3.90351439e+00   1.20643177e+01
   1.02884204e+03   1.45099487e+02   8.40480995e+00   1.30786957e+02
   1.85179535e+02   3.44646072e+01   2.37025854e+03   8.05531216e+00
   2.13920283e+00   2.29724770e+01   2.23513281e+03   2.41460743e+01
   1.31218214e+01   1.35073120e+03   6.34980202e+00   1.16401172e+03
   7.27457523e+00   7.15074387e+01   1.06496644e+00   1.27696358e+02
   5.40801697e+02   4.62353821e+01   2.76218185e+01   4.25513794e+02
   1.55156765e+01   1.04448708e+02   9.69616882e+02   7.36355743e+01
   7.11440430e+01   0.00000000e+00   7.47716713e+00   1.32308459e+03
   5.39377051e+03   3.42429590e+03   1.19931211e+01   4.40363808e+01
   4.67361298e+01   1.14669170e+01   5.46798706e+01   6.76021805e+01
   2.84766331e+01   1.92830925e+01   1.16913460e+02   1.91291749e+00
   5.76523900e-01   9.50326965e+02   3.99883995e+01   6.36583672e+01
   7.14572859e+00   5.61145449e+00   8.31644363e+01   1.34085498e+03
   2.52960968e+02   3.04010258e+01   8.24333923e+02   2.42487473e+02
   1.14426201e+02   1.60738876e+02   1.60497046e+00   4.14711809e+00
   2.02538559e+02   1.55744278e+02   9.10783691e+01   6.31356001e+00
   5.13875342e+03   1.46120346e+02   7.88493156e-01   9.29596252e+01
   5.45212746e+01   4.80128975e+01   5.87846413e+01   1.68489746e+03
   2.03298149e+01   4.67904329e+00   1.57103540e+03   1.31349792e+02
   2.26904316e+01   1.88081970e+01   1.65464221e+03   4.55189323e+00
   1.29141342e+02   3.32521820e+02   9.63411102e+01   4.56137514e+00
   4.92008392e+02   5.96901398e+01   1.12853363e+02   2.53003662e+02
   0.00000000e+00   6.51868591e+01   1.95747705e+03   6.01705872e+02
   0.00000000e+00   1.20629139e+01   4.06288300e+01   5.91796350e+00
   6.76618881e+01   1.29621631e+03   5.11956024e+01   5.56888847e+01
   7.95876551e+00   5.17255020e+01   2.91290045e+00   1.48900903e+03
   4.29295593e+02   1.41670361e+03   0.00000000e+00   0.00000000e+00
   8.55894928e+01   2.87344775e+03   2.54191406e+03   1.70843391e+01
   7.33620071e+01   7.67115326e+01   5.99582100e+01   0.00000000e+00
   7.26001358e+00   4.37752753e-02   1.51356921e+03   0.00000000e+00
   2.26282288e+02   9.10254440e+01   1.06235852e+03   4.63786774e+01
   5.89443130e+01   1.16156311e+03   7.68231384e+02   1.95591927e+01
   6.99922562e+01   2.18634396e+01   1.70129968e+03   5.87178612e+01
   1.16566559e+02   6.02624207e+01   4.50284485e+02   2.33573513e+01
   6.11722488e+01   0.00000000e+00   3.10065521e+02   2.31157894e+01
   2.68406248e+00   3.85549736e+01   3.15811963e+03   5.81439941e+02
   5.51202240e+01   1.95286250e+00   1.05561829e+02   4.66173592e+01
   4.06686920e+02   8.50677261e+01   3.83131218e+01   1.80780566e+00
   1.05387671e+03   1.23059311e+02   3.21864738e+01   1.57458813e+03
   1.39661865e+02   2.38321171e+01   2.98034954e+00   5.88668785e+01
   1.36589264e+02   8.67258606e+01   1.93790820e+03   7.08795700e+01
   4.05952950e+01   7.20470123e+01   4.65659485e+01   1.29904877e+02
   2.83525524e+01   1.18502014e+03   1.25330133e+01   4.92999902e+03
   2.91191406e+02   3.67280922e+01   2.63478149e+03   3.15931427e+02
   2.67056519e+02   1.26409821e+02   2.84937038e+01   3.64644196e+02
   6.69237289e+01   8.49154053e+01   0.00000000e+00   4.09301529e+01
   3.71400795e+01   1.04022194e+02   1.65261938e+03   4.69137688e+01
   2.30638208e+03   3.42162514e+00   7.90142517e+02   7.22828674e+01
   2.57452942e+02   3.70100212e+01   6.83017960e+01   3.36398315e+02
   6.16543732e+01   8.36712646e+01   3.57454276e+00   1.11333778e+02
   1.27680464e+01   1.93089695e+01   5.88123703e+00   1.98185177e+01
   0.00000000e+00   1.20993462e+02   5.76009130e+00   3.75076172e+02
   2.65583539e+00   1.15913582e+02   6.92545166e+01   5.06404053e+02
   8.64184494e+01   6.05683774e-02   1.93215668e+02   3.82464981e+01
   6.57085404e-02   1.96795523e+00   1.54953171e+02   2.31324520e+01
   9.72436714e+00   3.66054115e+01   6.81623230e+01   1.62966614e+01
   0.00000000e+00   9.63825073e+01   5.34433594e+01   4.69302539e+03
   9.26545868e+01   1.00319817e+02   8.53560562e+01   1.65858536e+01
   2.40863323e+00   1.96721451e+02   5.13539543e+01   8.50733185e+01
   1.22413501e+03   8.86178398e+00   6.15970459e+01   3.59676552e+00
   1.42765778e+02   2.66978397e+01   0.00000000e+00   3.79660370e+02
   7.47104797e+01   0.00000000e+00   4.07890320e+01   1.19596615e+01
   2.91312964e+03   8.06592941e+00   1.56067057e+01   2.57474442e+01
   2.58577328e+01   2.79439990e+03   1.52649695e+03   2.13990733e-01
   3.05888123e+02   9.54636993e+01   1.58848553e+01   2.35303402e+00
   3.43269768e+01   0.00000000e+00   1.72924548e+03   2.26032677e+01
   6.66129837e+01   7.23395462e+01   1.93214490e+03   6.41434998e+02
   5.25209900e+02   5.80567093e+01   4.83852425e+01   1.80083948e+03
   1.36950806e+02   1.09907791e+02   1.56248245e+01   2.09351134e+00
   1.77586197e+02   1.80536157e+03   2.75662041e+01   7.11555176e+01
   1.10046272e+02   1.17774475e+02   6.18035156e+02   1.19574158e+03
   1.30260391e+01   8.05062256e+02   4.50886719e+02   0.00000000e+00
   4.13757172e+01   1.40665083e+01   1.58159448e+03   3.88812218e+01
   5.29060913e+02   1.09535151e+01   7.16019135e+01   6.42790699e+00
   4.33436699e+01   1.69889429e+03   8.88283615e+01   6.70453796e+01
   1.16238242e+04   2.88730469e+02   7.17964630e+01   1.67255745e+01
   8.00762787e+01   1.12616675e+03   9.02270966e+01   1.80128442e+03
   1.52379187e+03   1.56413330e+02   1.02041420e+02   7.20036240e+01
   8.67947388e+00   1.02101251e+03   2.46302444e+02   5.54448471e+01
   3.67745628e+01   6.54704971e+01   8.06367159e-01   1.50093063e+02
   1.56792898e+01   5.54477692e+01   8.74987698e+00   1.15511303e+01
   7.38785553e+00   1.80781891e+02   2.30618095e+01   3.63921606e+03
   2.82361813e+01   3.80750220e+03   2.19383713e+02   6.60837784e+01
   1.47460770e+02   6.55470337e+02   9.13156815e+01   1.92768669e+01
   7.45883606e+02   4.47139311e+00   1.82054895e+03   1.97680679e+02
   1.21934528e+01   3.70306854e+01   1.05759438e+02   1.06110756e+02
   8.56625305e+02   2.32771118e+03   1.32380997e+02   1.23638245e+03
   1.96348345e+00   3.08593798e+00   7.52579975e+00   1.80295241e+00
   6.79625702e+01   2.70342541e+01   1.61706152e+03   3.43491971e-01
   5.89704475e+01   1.08601961e+01   9.90110779e+01   2.58988525e+03
   1.37432013e+01   7.08529830e-01   1.36722898e+01   1.11793747e+02
   9.38763714e+00   1.60858838e+03   8.22785706e+02   1.45184216e+03
   1.77658435e+03   2.36362717e+02   8.78596268e+01   2.75003815e+01
   2.32310303e+03   1.36042643e+01   3.39229679e+00   1.38260327e+03
   6.01180191e+01   2.62835693e+02   1.92696857e+01   2.48062027e+02
   1.66885449e+03   5.09368835e+02   1.99018323e+03   6.80838156e+00]
