bicycle
bus
car
motorbike
person
[ 21801382.          7085398.         13916181.         23697854.
  15152801.          2376293.25        6716222.          2410878.75
   2085930.5        12510075.           927633.1875     10404730.
  10068879.          4087117.75       19303164.         14359454.
  16926506.         10987785.         13424178.          4243156.
   6734646.5        24406578.          1550705.75       12146305.
   5958348.         20301580.         12234166.         14452068.
   1859384.5         6073326.          9900465.         32017260.
  17887326.          1355130.         37021212.           172022.4375
   8880499.          2239123.25       15439817.           613629.
  15751357.         16681119.         50878968.         18850182.
  19605150.          9610757.         17155496.         19745214.
   2407191.5        20436532.         40716680.          6050848.
   6571151.5         5950373.5         4223724.5         4307212.
   7539478.5         9549676.           544084.4375       805284.625
     65588.3828125    269569.875       3270155.25        4255355.       ]
[  3.16757640e+07   3.77823500e+06   2.23198700e+07   1.78816766e+05
   5.63687250e+06   1.72837938e+05   1.08949710e+07   3.23743534e+00
   1.63819670e+07   5.09556250e+04   2.44066420e+07   1.17579010e+07
   8.36306055e+03   1.57106462e+06   1.05640260e+07   4.48543450e+06
   3.59168500e+05   3.14808000e+07   1.23461390e+07   8.06141800e+06
   9.08789766e+04   1.67907840e+07   4.11711219e+05   1.06998650e+07
   2.95881125e+05   1.59383350e+07   7.13018700e+06   7.73919625e+05
   2.21610325e+06   5.70591831e+00   2.80335860e+07   2.82736353e+03
   1.38181288e+06   1.73762140e+07   1.21998100e+07   4.02545150e+06
   7.75127422e+04   1.10156890e+07   2.92400700e+07   1.96510920e+07
   2.55519225e+06   4.05388075e+06   1.38473738e+06   2.79406175e+06
   3.14941600e+07   2.58218980e+07   2.06477812e+05   3.37861320e+07
   1.75546180e+07   3.68496400e+06   1.27961080e+07   2.76069040e+07
   3.02103600e+07   2.25371140e+07   2.00623219e+05   2.37807800e+07
   4.56317050e+06   5.00322840e+07   3.41301825e+06   2.44164675e+06
   3.42210440e+07   6.79774323e+01   5.18662050e+06   3.65053360e+07]
[  3.89346975e+06   8.62009500e+06   6.75559235e+01   5.05933672e+04
   1.75377012e+04   3.32997109e+04   2.17835684e+04   2.33735625e+06
   4.93031104e+03   1.01342988e+06   8.23103350e+06   1.53749219e+05
   3.51955719e+05   2.39854250e+06   3.93426914e+04   3.64828125e+04
   2.29632100e+06   1.48236016e+05   2.05360062e+05   1.57555012e+06
   1.48848350e+06   1.60645605e+04   7.48836450e+06   1.03533240e+07
   8.68352700e+06   0.00000000e+00   7.04397500e+04   1.59511975e+06
   7.11199375e+05   6.23683650e+06   5.40121436e+03   3.97250725e+06
   9.09067938e+05   4.78729300e+06   2.73954775e+06   4.29795850e+06
   4.55343359e+04   1.20130950e+07   2.31327450e+06   3.22892990e+01
   4.66318700e+06   1.16030125e+06   4.89100700e+06   1.11899010e+07
   1.82455900e+06   2.58870828e+05   7.85846050e+06   8.68564746e+03
   2.25814900e+06   9.36189438e+05   2.23505750e+06   3.24486504e+04
   4.02326725e+06   9.59668438e+05   9.68619200e+06   9.21192000e+06
   1.12084675e+06   9.43358691e+03   9.60234277e+03   4.00525117e+04
   1.39483112e+06   1.16091060e+07   8.72614000e+06   3.83452900e+06
   1.44648610e+07   1.89423562e+06   1.05260130e+07   6.88675300e+06
   3.47480039e+04   1.17165412e+06   6.43757200e+06   7.73590700e+06
   1.06083438e+06   1.90762906e+05   6.09848738e+00   1.21339800e+06
   3.98649719e+05   5.68424100e+06   2.29279700e+06   5.36155957e+03
   2.26918398e+04   4.03320000e+06   1.30669750e+06   7.19943848e+02
   4.73940400e+06   2.64878600e+06   1.72995238e+06   1.03754773e+03
   6.44654950e+06   1.37149925e+06   4.47365100e+06   9.68985375e+05
   1.57500459e+04   3.24917325e+06   1.66041344e+05   2.63944025e+06
   2.13964294e+02   1.40244888e+06   1.41025925e+06   4.59405656e+05
   4.01765275e+06   8.49535125e+05   9.11146312e+05   9.46038812e+05
   4.87018994e+03   6.28827188e+05   7.18410547e+04   1.19310738e+06
   2.39117800e+06   5.58017812e+05   1.58990127e+04   7.54986650e+06
   3.31915430e+04   3.17189150e+06   4.36917750e+06   7.19297900e+06
   1.70275797e+05   9.01951438e+05   3.61002200e+06   1.46258050e+06
   8.78433625e+05   3.02369600e+06   4.37105011e+02   2.87546150e+06
   1.19619050e+06   5.94889062e+03   1.57279910e+07   2.21116748e+03]
[  2.71029225e+06   2.06640488e+06   3.97404258e+04   0.00000000e+00
   5.90975049e+03   1.45819912e+06   3.27808438e+05   1.54858262e+06
   1.00534760e+07   4.61090800e+06   3.83575300e+06   3.73399900e+06
   1.18483875e+06   6.88951484e+04   5.19324585e+02   2.51105275e+06
   4.56275750e+05   3.10492350e+06   1.45960262e+06   3.56973535e+03
   7.85737350e+06   3.11325000e+06   1.06335225e+06   3.07098560e+03
   2.96299180e+04   2.10903594e+05   1.77952325e+06   7.09448000e+06
   2.15845020e+04   5.16463300e+06   1.17496582e+04   1.00599010e+07
   3.78596900e+06   1.52209844e+04   4.58036625e+05   1.79348612e+06
   8.40381250e+05   6.75150350e+06   9.09476328e+04   8.02726465e+03
   9.07214062e+05   6.61549170e+03   1.19971025e+04   4.61209562e+05
   5.81101938e+05   7.77343250e+06   2.56537300e+06   5.20006700e+06
   2.27915075e+06   1.30604900e+07   1.28569050e+06   3.82122850e+06
   2.76968000e+06   1.95801738e+06   5.71357773e+04   6.62184531e+04
   4.71039650e+06   4.01572562e+05   0.00000000e+00   1.10434775e+06
   2.96623100e+06   3.95706225e+06   5.92137050e+06   3.14321700e+06
   4.62505000e+05   7.24837900e+06   3.31330312e+05   4.45962050e+06
   3.35025800e+06   3.17447975e+06   1.34210762e+06   9.21663000e+06
   1.08120290e+07   2.95511100e+06   1.40431070e+07   1.66430237e+02
   4.34701750e+06   5.27220625e+05   1.24659130e+07   1.03502831e+06
   9.96845562e+05   7.80773584e+03   7.32670050e+06   3.50774550e+06
   3.20178516e+04   3.63133975e+06   3.31853844e+05   1.34000988e+06
   1.61344600e+04   9.41542625e+05   7.27691328e+04   3.77216600e+06
   3.56589453e+04   6.98015050e+06   8.48034188e+05   2.37398325e+06
   5.58581062e+05   3.56987300e+06   6.77243375e+05   7.15411200e+06
   1.06685828e+05   2.80223531e+05   1.02848720e+07   1.89654932e+03
   1.28969117e+05   1.17764110e+07   2.13689725e+06   3.39887725e+06
   8.11688450e+06   3.76061275e+06   1.41727979e+04   4.45700400e+06
   3.54487656e+05   1.73577260e+07   1.42299850e+06   6.71827125e+05
   6.88168984e+04   4.22874400e+06   2.48440625e+04   4.63540820e+03
   1.08188460e+07   2.65246425e+06   6.19230713e+03   5.93662150e+06
   5.37103450e+06   1.28942225e+06   7.04885100e+06   5.32232400e+06]
[  0.00000000e+00   1.64122961e+03   1.03662512e+06   1.05609961e+04
   4.37346268e+00   3.52897377e+01   4.87898529e+02   3.59419632e+01
   2.12912650e+06   4.55450684e+03   8.18046951e+01   1.14442578e+03
   0.00000000e+00   4.01258164e+04   2.20371719e+04   3.20952612e+03
   3.70789795e+02   1.58737938e+05   5.52717627e+03   5.80983672e+04
   1.37889771e+02   1.03232725e+04   2.70227156e+05   5.34331006e+03
   2.65290723e+03   1.18459802e+03   1.33289675e+06   0.00000000e+00
   9.61910767e+02   3.45432886e+03   4.67443619e+01   1.99398422e+02
   3.43968773e+00   6.49439750e+05   2.84560527e+04   1.08995675e+06
   1.58843850e+06   5.54939648e+03   1.02126672e+03   2.08483765e+03
   1.76200623e+03   7.10407593e+02   2.47291479e+03   1.81125438e+05
   5.19269482e+03   8.05432800e+02   6.14474373e+01   2.85178065e+00
   7.01466406e+04   6.72916797e+03   1.91784102e+04   1.73226089e+02
   1.25312650e+06   2.05605953e+05   3.01722431e+01   6.20333711e+04
   3.38526531e+05   5.77824000e+05   6.70644165e+02   4.89447403e+00
   8.97477422e+04   8.92167383e+03   6.89103750e+04   3.07677363e+04
   1.55310535e+01   1.04636621e+04   3.40231232e+02   4.28666595e+02
   3.13315723e+03   5.11750430e+04   7.73379875e+05   1.03395988e+06
   0.00000000e+00   7.28215283e+03   1.64884338e+03   5.78187256e+01
   1.16160718e+03   2.84687344e+05   6.59185688e+05   1.81273953e+05
   3.43583750e+04   6.73091248e+02   9.51765332e+03   4.40254980e+03
   1.17075825e+06   1.78969488e+06   6.05886562e+05   1.21430325e+06
   1.93802844e+05   2.00297440e+02   2.45787109e+03   4.37789688e+04
   2.19351406e+05   6.16271045e+03   0.00000000e+00   9.50336719e+03
   3.06797119e+03   1.41708000e+05   1.17969690e+03   5.37483350e+03
   2.87113008e+04   2.69386108e+03   1.10080262e+06   3.15582891e+04
   1.85581567e+03   2.12599536e+03   8.92233691e+03   1.08623181e+03
   4.10836411e+01   1.52423896e+04   5.54168250e+05   1.55558389e+04
   0.00000000e+00   2.30900332e+04   9.67717163e+02   3.88815869e+03
   0.00000000e+00   5.10765419e+01   8.14325134e+02   1.27440862e+06
   9.44745801e+03   0.00000000e+00   1.72741621e+04   3.34400098e+03
   2.96089014e+03   7.60750125e+05   1.18702555e+01   0.00000000e+00
   8.19143312e+05   1.02547500e+04   1.82739514e+03   1.07275908e+04
   7.89802051e+03   7.53936188e+05   0.00000000e+00   2.78532349e+02
   2.41992500e+06   5.12320438e+05   1.04562490e+04   0.00000000e+00
   1.93025867e+03   0.00000000e+00   6.06566309e+03   1.49297906e+05
   2.40604706e+02   1.48721438e+06   1.73857373e+03   1.51159325e+01
   3.08682402e+04   0.00000000e+00   3.78652979e+03   3.28000684e+03
   1.08370180e+05   4.46861680e+04   3.51880031e+05   3.09743359e+03
   6.13334229e+03   1.25485086e+05   8.62259750e+05   3.46815031e+05
   6.24296326e+02   4.68972852e+04   7.94445875e+05   7.97464160e+03
   1.27423066e+04   1.76880175e+06   9.65836250e+05   5.88634570e+04
   9.55560449e+03   9.91116875e+05   1.24587788e+06   5.60064453e+03
   7.38507178e+03   4.63081688e+05   4.11935010e+03   1.02470996e+04
   1.30916588e+06   1.43090503e+03   1.12302738e+06   2.14480703e+04
   2.80358625e+05   4.07276328e+04   6.72255625e+05   6.26066357e+03
   2.01907483e+03   7.75092285e+03   2.19221738e+04   4.86879980e+03
   4.82890156e+05   5.83246338e+03   7.22261963e+03   1.50848038e+06
   3.51113820e+00   5.25282188e+05   0.00000000e+00   1.64363125e+06
   3.00435400e+03   4.75602938e+05   1.24380300e+06   6.19850625e+05
   3.99832344e+01   1.51543750e+06   1.42973875e+06   2.14384575e+01
   3.78784688e+04   1.37179520e+02   1.36862764e+01   2.84696094e+03
   1.69954712e+03   9.49487562e+05   8.52712656e+04   1.32035188e+06
   9.36557520e+03   6.13540527e+03   5.97613156e-01   8.78434570e+03
   1.85430518e+03   5.56415812e+05   2.67477520e+04   2.32877856e+03
   2.87563038e+01   7.58265137e+02   2.04530420e+03   4.66376250e+04
   2.80509906e+05   0.00000000e+00   5.42929749e+02   2.84398125e+05
   5.17062531e+01   7.71506938e+05   9.28463477e+03   1.05327202e+02
   1.01933162e+06   9.47434375e+03   3.39615750e+05   4.98296051e+02
   2.85908737e+01   3.12605811e+03   3.86376469e+05   3.17536768e+03
   4.36355438e+05   1.15079375e+06   1.31434741e+03   9.96273315e+02
   2.75032383e+04   3.87729199e+03   7.80760803e+01   1.83478467e+03
   5.62519141e+03   1.56638750e+05   1.13795029e+04   1.82138672e+01
   3.65270581e+03   9.95345116e+00   2.73884033e+02   2.16588750e+05]
[  1.07519862e+06   3.82454883e+03   6.08845459e+02   1.46940262e+02
   9.71438250e+05   9.41662938e+05   2.45162203e+05   8.61284058e+02
   1.14209746e+04   4.87742310e+02   7.27587891e+02   5.84455811e+03
   9.76016113e+03   3.15108262e+04   3.38101318e+03   5.19468994e+03
   5.98705101e+00   1.16497393e+01   6.15245062e+05   5.11985898e+04
   0.00000000e+00   1.28605820e+02   3.72651764e+02   2.85162125e+05
   2.37223372e-01   3.23214203e+02   0.00000000e+00   1.07194156e+05
   1.29928428e+04   3.54335823e+01   1.00470010e+04   3.26532928e+02
   4.54216455e+03   4.83124062e+04   9.11320496e+02   9.89295215e+03
   1.39234990e+04   2.31977539e+02   8.35095520e+02   0.00000000e+00
   1.51973844e+05   2.42201523e+04   8.96885352e+03   2.03721143e+03
   5.06819141e+03   1.41824048e+03   1.94421094e+05   1.37604707e+04
   7.75559688e+04   3.49632751e+02   2.50061304e+03   8.88227234e+02
   4.08727979e+03   4.36711279e+03   1.49870500e+05   3.25482207e+04
   1.24537432e+04   8.18738359e+04   8.41948750e+04   4.51875366e+02
   9.87024231e+02   4.19617344e+04   1.04117274e+00   1.78797684e+01
   1.10183597e+00   4.28329639e+03   3.78977969e+05   1.54060150e+02
   2.90126953e+02   1.80567773e+04   4.51282969e+05   1.86836963e+03
   2.38632422e+04   7.35707031e+03   1.33364502e+04   3.32486289e+04
   5.24196582e+03   4.41498096e+03   5.42958047e+04   2.21461344e+05
   6.03288918e+01   9.24309180e+03   8.29960537e+00   1.67003242e+04
   1.24125061e+03   9.05652344e+03   1.08993030e+03   8.13540625e+03
   4.38322021e+03   1.00451904e+04   1.80667468e+03   1.76083203e+03
   8.52573535e+03   3.34119938e+05   5.75178070e+01   1.03420332e-01
   1.07727555e+05   9.80060577e+01   3.91434546e+03   1.76117227e+04
   2.30543549e+02   1.28497119e+04   6.99459875e+05   4.12430458e+01
   1.08018799e+03   1.64774395e+04   4.50100234e+04   5.33383438e+04
   5.73836914e+03   1.17007425e+06   2.20825367e+01   4.40380594e+05
   1.80616417e+01   2.71538544e+02   6.63632275e+03   1.08823574e+04
   4.39706982e+03   1.01127051e+04   4.08979980e+03   1.93528711e+04
   2.00778418e+03   2.24719879e+02   1.63382092e+03   5.61676758e+04
   1.32336279e+03   5.72127832e+03   1.10435557e+00   8.18589746e+03
   1.14480933e+03   1.57470812e+06   5.16287109e+03   1.34959595e+03
   3.97738062e+03   1.10674050e+06   1.04941858e+03   1.02172793e+04
   1.56921934e+04   5.81561125e+05   4.46986572e+02   3.01809502e+01
   1.05750952e+01   1.35282092e+03   6.02090283e+03   1.05259385e+04
   2.06162024e+00   5.33345398e+02   1.83428543e+02   0.00000000e+00
   0.00000000e+00   9.48232239e+02   1.23323694e+03   7.77445435e+02
   4.09650781e+05   6.43795781e+04   1.52583649e+02   1.95816797e+05
   4.97835693e+02   2.44891930e+01   4.77714414e+04   1.11489775e+06
   4.76006622e+01   1.23688440e+03   3.04513428e+02   9.79269600e+00
   2.16397062e+05   0.00000000e+00   2.89728000e+05   1.33348267e+03
   2.83332031e+05   1.28815912e+06   2.42562668e+02   2.10613880e+01
   2.99330352e+04   1.11167375e+05   2.51979203e+05   2.14504614e+03
   5.20051392e+02   1.20470551e+02   1.86636755e+03   4.98209620e+00
   4.88905176e+03   1.92443579e+03   2.44733181e+01   3.74161694e+03
   2.03205967e+01   1.51587662e+02   1.03644688e+04   8.20469727e+03
   2.07167725e+03   2.49717941e+01   5.56120250e+05   7.09796326e+02
   7.03270508e+02   9.33902930e+03   3.60968555e+04   1.24514392e+03
   2.08323379e+04   1.75342480e+04   1.72684688e+05   1.57151663e+00
   3.61230713e+02   0.00000000e+00   1.81172688e+05   2.44680449e+04
   2.07797656e+04   1.02308112e+03   8.03760205e+03   2.82121875e+05
   5.41406367e+04   1.08281862e+06   1.20905933e+01   1.69503271e+03
   6.01238135e+03   8.38822559e+03   1.29822363e+03   3.62317906e+05
   1.71178391e+05   1.80201721e+03   2.26147363e+03   5.23799561e+02
   3.71962988e+03   3.30318994e+03   2.44340845e+03   4.33405762e+02
   1.53798742e+01   9.73238828e+04   2.81546152e+04   8.42849854e+02
   5.56489143e+01   6.81038284e+00   3.01375732e+01   5.11288818e+03
   3.34958844e+05   3.58607617e+03   9.11434875e+05   2.31025171e+03
   1.90718481e+03   9.18017500e+05   0.00000000e+00   1.49410868e+01
   7.94210876e+02   5.95815234e+04   0.00000000e+00   0.00000000e+00
   4.19195633e+01   4.60927534e+00   5.93535400e+03   5.36114319e+02
   2.92398781e+05   8.18807734e+04   4.27251758e+04   3.48778789e+04
   6.37141943e+03   2.38998953e+05   1.01351729e+04   4.56864893e+03]
[  1.42322094e+05   2.21563223e+04   3.02305115e+02   4.56088379e+02
   1.94392000e+05   1.22997510e+03   9.76035156e+03   1.05406348e+04
   6.34517822e+02   6.10318250e+05   3.74750195e+03   2.08450254e+04
   8.07017529e+03   4.69178613e+03   6.02778137e+02   9.31224365e+02
   1.81276474e+01   1.41159570e+03   9.27812338e-01   3.70662720e+02
   1.74172351e+03   1.16435234e+05   1.19171670e+04   2.11169946e+03
   1.35998975e+03   2.17066699e+03   1.43153186e+03   1.45365906e+05
   7.16974902e+03   1.40452266e+05   8.06141205e+01   4.20449854e+03
   1.60656055e+04   2.05801797e+04   2.57384216e+02   1.83412256e+03
   4.51201750e+05   9.37568188e+05   7.98245422e+02   7.62387375e+05
   3.97048706e+02   9.75195496e+02   1.23048181e+03   2.40717031e+04
   3.67687866e+03   2.77041553e+03   9.74140686e+02   9.73562305e+03
   4.77182373e+03   1.01826959e+03   1.64458008e+04   5.92471562e+05
   1.75205032e+02   6.12740059e+01   5.75356079e+02   2.09261938e+03
   1.18514111e+03   1.21067336e+05   2.75377303e-01   6.47681299e+03
   1.53640649e+03   2.65919434e+04   2.36173364e+03   1.42112158e+03
   9.84959668e+03   4.77587305e+03   7.33378613e+03   5.02133838e+03
   2.50753203e+05   4.32498711e+04   1.17708184e+04   3.66369934e+02
   1.69980879e+04   8.12239502e+03   1.42529719e+05   8.26061035e+03
   5.86768516e+04   1.39104385e+04   5.07180371e+03   4.33239258e+02
   2.40904484e+01   7.99270401e+01   4.03834961e+04   1.07537402e+03
   3.45480977e+04   8.48863602e+00   3.78592773e+04   2.37573486e+02
   0.00000000e+00   1.53683582e+03   4.99747009e+02   9.43133667e+02
   1.70917578e+04   2.21995728e+03   3.77697773e+04   1.45616174e+03
   9.05251160e+01   1.49823125e+05   4.53265219e+05   1.23469000e+05
   2.21483154e+03   7.22710059e+03   5.78353386e+01   2.95169098e+02
   3.96858672e+04   1.13722290e+03   2.12682312e+05   5.53808105e+03
   6.62585297e+01   3.40074048e+03   8.29436914e+03   5.20117871e+03
   1.03269863e+04   2.74613501e+03   1.93386169e+02   1.98900332e+04
   5.59307556e+01   4.70951289e+04   1.57661162e+04   2.91074062e+04
   1.87879677e+01   5.51264062e+05   1.07483467e+04   1.57512453e+05
   5.24778027e+03   7.96597412e+02   6.91898486e+03   1.07607279e+01
   2.00215439e+02   2.25092468e+02   1.62680008e+02   1.42422041e+04
   1.12013213e+04   2.21858789e+03   5.54230165e+00   4.00590747e+03
   2.33442041e+03   1.16978516e+05   3.73543970e+03   7.90311646e+02
   1.36525040e+02   1.10917539e+04   2.93167358e+02   1.47698750e+04
   1.39992031e+04   5.49653137e+02   3.34783984e+03   7.30342865e+00
   2.11327578e+04   3.30905518e+03   4.33503125e+03   5.56776562e+04
   3.09262622e+03   5.10590234e+04   1.77463104e+02   7.38879395e+03
   3.60694609e+04   7.95913391e+01   7.35916094e+04   3.97050972e+01
   2.97497040e+02   3.92396942e+02   3.25979956e+03   4.72891960e+01
   3.79411890e+03   1.05028271e+03   1.11956416e+04   1.50702891e+05
   5.26639160e+02   1.53283984e+04   3.28282976e+00   1.26634509e+03
   4.19873962e+02   1.44078442e+03   6.82749658e+03   4.33512695e+03
   2.79125508e+04   3.86592749e+03   3.28596328e+04   7.60279004e+03
   1.00150006e+03   2.18426270e+04   2.08559448e+03   2.45707349e+03
   3.16959434e+04   1.05178003e+03   5.33081094e+04   1.36421069e+03
   1.98814492e+04   3.37287062e+05   3.09037578e+04   1.29876941e+03
   2.28453445e+02   4.08574102e+04   2.70251250e+00   1.46970734e+02
   1.40106963e+04   2.57903491e+03   2.00709399e+03   3.76712671e+03
   1.59176953e+03   1.13892509e+02   8.04726758e+03   1.26389234e+05
   6.18687734e+04   1.08871574e+02   2.94943506e+03   5.02483496e+03
   1.62740609e+05   3.31080389e+00   3.88544678e+02   7.76751416e+03
   1.56858105e+04   1.02403125e+04   4.33507031e+04   1.08200790e+02
   3.25225366e+03   3.45426782e+03   3.64743538e+01   2.57196035e+04
   6.02898779e+03   6.44030322e+03   6.19097656e+03   7.57803711e+03
   4.85863330e+03   4.31849384e+00   7.24313354e+01   7.97539551e+03
   4.15720917e+02   1.56246035e+04   5.55934180e+03   4.21299102e+04
   6.41617981e+02   1.71422754e+04   8.24601562e+05   2.73618750e+03
   8.11829712e+02   3.79947412e+03   4.42200094e+05   6.98996582e+02
   2.79787378e+03   9.70771561e+01   8.37666748e+02   2.63045837e+02
   9.63449414e+03   2.43114172e+05   6.88375854e+01   8.03699017e+00
   1.36842500e+05   1.38150713e+04   3.87277305e-01   2.18581602e+04
   1.90617883e+03   1.37516345e+03   7.23768250e+02   1.52447583e+03]
[  5.31148987e+02   9.13494629e+03   1.26959268e+04   1.18925576e+04
   3.62739014e+02   6.11288281e+04   9.73171997e+01   2.77556128e+03
   1.08827858e+02   3.05328774e+00   3.12057148e+04   3.61752197e+03
   1.03593152e+03   4.74097754e+03   3.01858105e+03   7.03134384e+01
   7.35742285e+03   9.43684766e+03   1.59667285e+04   1.93440503e+03
   1.16110283e+02   4.91049414e+04   4.77893158e+02   2.51513729e+01
   1.97280508e+04   7.65578857e+03   6.52289727e+04   4.23198779e+03
   5.71825586e+04   1.24922471e+04   3.79091064e+03   6.87885234e+04
   1.85704727e+04   1.43288164e+04   1.95180117e+04   5.07837031e+04
   6.17568164e+04   7.97876160e+02   1.62075836e+02   2.14225547e+04
   5.11982574e+01   7.30589766e+04   2.21919043e+04   3.30771758e+04
   1.11381439e+02   3.56552588e+03   6.67210352e+03   2.28659395e+04
   0.00000000e+00   2.34551289e+04   5.35157812e+04   4.16404755e+02
   0.00000000e+00   6.23347949e+03   3.13403589e+03   5.40900537e+03
   1.80250809e+02   4.20623535e+02   3.79181152e+02   1.30756149e+02
   1.77487030e+02   9.15567344e+04   1.77443008e+04   5.84346558e+02
   3.26511932e+02   3.90481128e+03   1.61532150e+02   3.08984356e+01
   4.13319189e+03   9.06003784e+02   1.61397422e+04   9.59569275e+02
   2.35263574e+04   9.44190125e+02   6.83796549e+00   8.90510620e+02
   2.70255157e+02   1.61437169e-02   4.87283906e+04   2.24925977e+04
   1.38288202e+01   1.55432422e+03   1.35506042e+03   3.78978867e+04
   6.68262573e+02   0.00000000e+00   1.96428947e+01   1.42516968e+03
   7.90997891e+04   3.10689883e+04   7.19584229e+03   3.52683372e+01
   7.75499375e+04   7.41163086e+03   1.25033203e+04   2.17473584e+03
   2.25672422e+04   1.20611849e+01   3.24102793e+04   1.09832256e+04
   3.79751001e+03   1.92071075e+02   7.61683516e+04   2.59788086e+03
   2.55014355e+04   1.35136572e+04   7.38015137e+02   3.26259727e+04
   5.80417070e+04   8.45795837e+02   2.58893262e+03   1.60823395e+02
   1.33748809e+04   1.60191364e+01   1.50870773e+02   1.73524141e+04
   0.00000000e+00   7.88872900e+03   7.68756580e+00   2.43252168e+04
   4.02183289e+02   4.29239727e+04   8.87259375e+03   9.92637695e+02
   7.89644287e+03   1.76410996e+04   6.52115295e+02   1.59366289e+04
   1.06212422e+04   2.07732642e+03   5.71603813e+01   5.48415674e+03
   5.83314355e+03   2.94692163e+03   2.65486660e+04   2.05970740e+00
   1.96092590e+03   4.43082571e+00   5.64398621e+02   1.20098877e+01
   1.16475967e+04   5.28040100e+02   4.27284570e+03   5.41276097e-01
   1.73892017e+03   9.59962830e+02   3.85887360e+02   2.89971631e+03
   2.03679001e+02   8.04587305e+03   5.37904414e+04   1.35605249e+03
   9.25356674e+01   9.18231934e+02   5.60311737e+01   0.00000000e+00
   7.62421799e+01   3.47335449e+02   1.97937180e+02   7.20779297e+04
   1.56806953e+04   2.31655469e+03   1.06305879e+04   6.66521692e+00
   2.94112246e+04   5.35008728e+02   4.20872852e+04   1.38333654e+01
   1.04926025e+04   1.04680410e+04   1.76653503e+02   3.80722070e+03
   2.58317559e+04   5.34344910e+02   1.47435684e+04   3.40813984e+04
   1.70205527e+04   1.14453379e+04   3.68620459e+03   4.38335991e+01
   2.14515781e+04   6.73351440e+02   1.35834863e+04   1.17206572e+04
   1.91169958e+03   8.80887012e+03   3.80998438e+04   2.77534424e+03
   1.47366736e+03   4.27943054e+02   1.96600330e+03   1.37277266e+04
   3.86852466e+03   5.89192227e+04   5.40404883e+04   2.94433828e+04
   9.30453418e+03   1.10906104e+04   4.42670624e+02   1.17911084e+03
   7.09818906e+04   1.05557412e+04   1.46242828e+01   3.89664297e+04
   5.44131641e+04   3.30433105e+02   1.74220840e+04   4.77737695e+04
   1.74608755e+00   1.01743111e+02   4.09095764e+01   4.52957306e+02
   1.90493774e+02   1.37305090e+03   1.86568457e+04   1.09178821e+03
   1.82401855e+03   7.54792725e+03   1.18735684e+04   9.26385840e+03
   1.75613733e+03   4.44629883e+04   0.00000000e+00   6.72940671e-01
   2.90447832e+04   1.19489111e+03   7.68852539e+02   4.61979151e+00
   1.81553848e+02   1.36130615e+03   1.86513489e+02   1.72061539e+01
   4.14937305e+04   3.35154062e+04   2.68993770e+04   4.55721100e+02
   3.58443945e+04   8.26630798e+02   4.35376953e+03   2.12746143e+03
   8.81054785e+03   1.47700107e+04   1.61212195e+03   1.54943213e+04
   6.54663879e+02   6.87648594e+04   3.05475854e+03   1.40584164e+01
   1.57095488e+04   2.31489141e+04   2.53375508e+04   2.09360840e+04
   1.05011804e+03   6.53755234e+04   4.44501904e+03   3.80119492e+04
   4.78280273e+04   2.51433258e+02   3.12256222e+01   4.88308750e+04
   3.72589492e+04   2.98081646e+01   1.61054419e+03   6.83468750e+02
   4.77360696e-01   1.66346985e+03   2.09749451e+02   4.79795352e+04
   2.02811680e+04   1.23145996e+03   1.29036655e+01   4.51870148e+02
   1.48087439e+03   4.64952637e+03   5.27714570e+04   1.94382090e+04
   0.00000000e+00   1.90385437e+01   7.34208203e+04   3.40112671e+03
   4.85618019e+00   1.03557434e+03   8.15046875e+02   5.48799336e+04
   1.50357117e+03   1.14891284e+03   0.00000000e+00   3.84478180e+02
   2.84108612e+02   2.67924951e+03   5.09713672e+03   3.43571362e+03
   1.78023496e+04   1.01536807e+04   3.18413164e+04   1.74720117e+03
   0.00000000e+00   1.61747709e-01   9.90063770e+03   5.96429883e+04
   0.00000000e+00   1.16503723e+03   6.01573096e+03   2.79512482e+01
   3.32584930e+02   3.18032168e+04   1.64454907e+03   1.23119377e+02
   4.24811719e+04   1.10548676e+02   3.96860382e+02   2.16504077e+03
   2.59608582e+02   6.89394531e+02   3.55691602e+04   3.97189258e+04
   4.89763558e-01   2.26682539e+04   2.74400293e+03   3.97697729e+03
   6.56800995e+01   2.59748462e+03   6.29737305e+04   2.83967773e+03
   5.99486133e+04   7.50971484e+04   6.48519062e+04   1.25730244e+04
   1.92179102e+04   7.67579163e+02   1.48843740e+04   1.73319873e+03
   3.69425312e+04   4.82905792e+02   1.22838489e+03   4.96925195e+04
   2.89694710e+01   2.32814014e+03   1.63756592e+03   1.35336172e+04
   3.43368711e+04   8.28721069e+02   6.23848047e+03   1.86266785e+01
   1.32478189e+01   3.65063086e+03   5.56305762e+03   2.03773842e+01
   1.01587236e+04   8.95801941e+02   1.09072783e+04   5.88695526e+01
   1.81301300e+02   3.31788359e+04   2.69135376e+03   4.75073486e+02
   5.16878359e+04   4.08402954e+02   1.65136816e+04   5.77782812e+03
   2.46928457e+04   4.45987578e+04   2.42241104e+02   6.26267395e+01
   6.07186401e+02   1.00033087e+03   4.43261641e+04   9.72084595e+02
   2.35163145e+04   2.11549805e+03   3.23669019e+03   1.46772021e+03
   1.03675752e+04   8.92457275e+01   7.44832617e+03   6.27474512e+03
   8.42048828e+03   1.96231067e+03   9.50230942e+01   6.86329956e+01
   1.51304355e+04   4.73385498e+03   1.30128738e+02   6.81453564e+03
   1.01012250e+03   2.13260059e+03   2.26364453e+03   1.44705557e+04
   3.82230408e+02   1.41287413e+01   7.32112122e+02   2.49819622e+01
   2.68725317e+03   8.64247852e+03   1.79341250e+04   5.58292148e+04
   1.56528826e+01   9.15604248e+01   5.93526123e+02   6.66969223e+01
   2.03414268e+01   1.02715381e+03   1.33969775e+04   5.40431836e+04
   1.81642734e+04   6.87316455e+03   2.24895947e+03   1.88408585e+01
   1.43713415e+00   1.39516115e+01   6.18410352e+03   1.06477598e+04
   4.28061963e+03   1.94317139e+02   3.85614219e+04   1.12790781e+04
   4.37325409e+02   7.66701855e+03   1.79387246e+04   3.70564307e+03
   1.03206726e+03   1.40235156e+03   2.10053101e+03   2.49911191e+04
   3.89034258e+04   1.02684609e+04   2.26200879e+04   2.86372363e+03
   4.38533516e+04   4.54355469e+02   1.09274307e+02   2.02834924e+03
   3.51045938e+04   1.76022969e+04   5.14493848e+03   1.69149792e+03
   3.51724396e+01   8.79819946e+02   1.29455020e+04   4.06798584e+03
   1.06865303e+04   6.32151074e+03   6.46402466e+02   0.00000000e+00
   0.00000000e+00   1.31092109e+04   3.50052681e+01   2.25527222e+03
   1.16355139e+03   3.53121797e+04   4.91464386e+02   3.50080469e+04
   1.49037041e+04   0.00000000e+00   2.54522095e+03   0.00000000e+00
   1.75499313e+02   2.03814570e+04   1.29632349e+01   9.81945618e+02
   9.57603607e+01   5.17525049e+03   2.39573654e+02   7.02149561e+03
   5.10733398e+03   5.38800586e+04   9.17307510e+01   1.66321297e+01
   4.18711609e+02   1.77461853e+03   1.15954101e+00   6.22298096e+02
   4.33044238e+03   2.48679662e+00   1.10288074e+03   1.01014703e+03
   1.89425020e+04   4.42705713e+03   1.75229395e+04   0.00000000e+00
   2.74269073e+02   6.88388855e+02   3.62715508e+04   1.66050183e+03
   1.96901660e+03   3.66868448e+00   1.55903589e+03   0.00000000e+00
   6.20547998e+03   3.11636993e+02   9.19683516e+04   1.77238251e+02
   3.26943066e+03   3.35717603e+03   1.91497705e+03   2.75745679e+03
   2.47441479e+03   6.25551641e+04   1.00131855e+04   2.85789590e+04
   6.30070679e+02   1.43598083e+02   4.40026712e+00   1.49138105e+04
   3.80210907e+02   4.33022656e+04   1.46915295e+03   0.00000000e+00
   2.80865430e+04   6.07035828e+02   6.14096924e+02   7.75927656e+04]
[  6.03154150e+03   5.06117236e+03   7.60933228e+02   0.00000000e+00
   2.22264473e+04   0.00000000e+00   3.62094141e+04   1.57104883e+04
   6.00469492e+04   5.61628418e+01   1.49772903e+02   1.33091641e+04
   1.10054922e+01   5.46866328e+04   2.75694946e+03   1.11216440e+01
   4.35168182e+02   8.63350891e+02   2.53071182e+02   8.83033020e+02
   2.52232104e+03   1.98581836e+03   8.11534851e+02   2.51391201e+01
   2.88335705e+01   8.54914746e+03   6.82508545e+02   1.12326123e+04
   3.79477600e+02   1.24651108e+02   3.52025127e+00   2.93678406e+02
   5.09900909e+02   3.14768732e-01   2.91169434e+02   1.90071152e+02
   7.36808167e+02   1.04331036e+01   1.53174805e+04   9.72170563e+01
   9.84758789e+03   1.37808899e+03   4.68917618e+01   2.18096309e+04
   1.29033508e+03   2.72204529e+02   1.95169556e+03   5.51307800e+02
   3.54786438e+02   1.10214035e+02   1.62189563e+03   6.28730631e+00
   0.00000000e+00   4.72555908e+03   5.82321960e+02   4.61049219e+03
   3.15381323e+03   1.65634109e+02   3.14319611e+02   7.55248165e+00
   0.00000000e+00   4.19491333e+02   1.64122177e+02   2.73544037e+02
   1.33039124e+02   8.38534622e+01   6.79680127e+03   4.43806201e+03
   2.91517500e+04   7.24151917e+01   3.46822815e+01   2.47056641e+04
   2.49503155e+01   6.05361279e+03   8.61409454e+01   4.33219116e+02
   0.00000000e+00   3.67999316e+03   1.50552658e+02   3.60160736e+02
   4.29562500e+02   5.73842539e+04   2.60819004e+04   8.07650439e+03
   6.62724915e+02   2.39721069e+01   1.93863684e+03   5.46602966e+02
   6.71176941e+02   7.49678268e+01   1.03274736e+04   5.62893408e+03
   3.20051270e+02   0.00000000e+00   1.47393347e+03   1.48770004e+02
   5.00066254e+02   8.03273291e+03   1.09053394e+03   1.94466418e+03
   8.70214722e+02   2.42320239e+03   3.43295715e+02   2.38278008e+00
   5.26889877e+01   7.06905640e+02   2.20012480e+04   1.03718395e+01
   2.27879766e+04   5.42239258e+04   3.15974335e+02   2.88397644e+02
   1.11861290e+02   4.19863068e+02   3.86422031e+04   1.09177795e+03
   1.24575790e+02   3.05996277e+02   7.27928162e+00   1.47686417e+02
   2.03075733e+01   9.57271423e+02   1.74355835e+02   2.13526320e+00
   1.85955137e+04   3.62971535e+01   2.35239307e+03   2.98507782e+02
   3.13579082e+00   1.16890889e+04   3.50512199e+01   2.65547852e+02
   3.74012299e+02   6.05423975e+03   1.10307324e+04   2.86856461e+00
   1.88456100e+02   1.49793594e+02   1.31803799e+04   0.00000000e+00
   5.33237457e+01   5.11702232e+01   1.95712585e+03   2.35204105e+01
   1.65249939e+03   5.91204639e+03   5.35174927e+02   2.56910996e+04
   5.38578247e+02   4.12158398e+03   3.87559102e+04   2.90689917e+03
   1.21695498e+04   4.49284973e+02   1.06009003e+02   3.67591836e+04
   1.65162134e+03   7.87893701e+03   5.56942444e+02   2.71875073e+03
   2.50251538e+03   3.06066235e+03   0.00000000e+00   6.34399071e+01
   1.70254727e+04   1.04411279e+03   4.72932422e+04   1.20891845e+00
   2.69315283e+03   8.13579199e+03   3.33206085e+02   6.93657471e+02
   4.30408867e+04   7.18362598e+03   2.40775794e-01   2.43614559e+01
   1.51412976e+03   1.11206719e+04   3.99320404e+02   2.42568680e+02
   4.82482070e+04   1.53724487e+02   4.71609558e+02   0.00000000e+00
   1.16359756e+04   3.45074023e+04   9.82325494e-01   6.54648438e+02
   1.92034893e+01   5.03515117e+04   5.25108765e+02   4.02695198e+01
   1.65307117e+00   5.28964336e+04   2.81014380e+03   2.96583447e+03
   2.53204107e+00   7.30048242e+03   1.49306534e+02   1.94549512e+04
   1.01215879e+04   1.60610184e+02   0.00000000e+00   6.60770493e+01
   8.55523535e+03   3.89121155e+02   7.18511734e+01   1.21593884e+03
   7.20684662e+01   2.45390015e+03   8.91436401e+02   3.46448669e+02
   1.81303381e+03   4.58396289e+03   3.61677812e+04   4.52878125e+04
   2.79624668e+04   1.12758659e+02   2.04477615e+02   2.89088086e+04
   7.17913086e+03   8.51598930e+00   1.48421606e+03   1.28881714e+02
   8.14858203e+03   5.32120705e+00   3.24395044e+03   2.43136367e+04
   4.33843170e+02   1.49566028e+03   2.95892266e+04   1.03672920e+02
   1.27081108e+02   1.94783533e+03   8.37123454e-01   5.69026562e+04
   4.59563828e+04   1.83808850e+03   5.37857008e+00   1.63178062e+01
   1.66424939e+03   3.86999756e+02   7.51684284e+00   9.48503723e+02
   3.46997021e+03   2.42201562e+03   0.00000000e+00   4.84036992e+04
   1.50262547e+01   4.89933739e+01   1.57625525e+03   1.35803204e+01
   3.76208203e+03   8.71743393e+00   1.22783232e+01   1.94345970e+01
   3.50986328e+02   6.94177124e+02   8.34248926e+03   1.74758643e+03
   7.20048828e+02   1.31710205e+03   4.98459839e+02   6.14421631e+02
   4.30992310e+02   5.05998877e+03   1.59259354e+02   7.82006445e+03
   2.91806323e+03   3.82284717e+03   2.68198944e+02   3.65759613e+02
   2.46236839e+01   8.62242661e+01   2.10400085e+01   4.38708162e+00
   1.52856836e+04   0.00000000e+00   8.97606384e+02   1.42219932e+04
   2.86844043e+03   5.56843109e+01   9.26152441e+03   0.00000000e+00
   3.65586433e+01   7.38728418e+03   2.73260927e+00   1.87869082e+04
   3.70087280e+02   8.84032410e+02   8.11059799e+01   1.48808093e+03
   4.49674922e+04   3.42142163e+03   1.88894788e+03   5.68038232e+03
   3.04082871e+04   5.20070007e+02   2.69555416e+01   6.47519348e+02
   0.00000000e+00   8.18284973e+02   1.28666543e+04   1.05480921e+00
   4.94263031e+02   7.51227734e+03   6.62142090e+02   3.85902891e+04
   3.43146332e+02   5.69294586e+01   6.95692368e+01   2.29015918e+03
   2.58138008e+04   5.62154150e+00   3.09663605e+02   1.44519257e+02
   3.37805898e+04   6.54660654e+00   1.12550461e+02   4.43001175e+01
   2.51520966e+02   1.84527070e+04   7.86770605e+03   2.11602891e+04
   5.60204531e+04   1.36077515e+02   1.76810901e+03   4.65031104e+03
   6.04417992e+01   5.42533722e+01   4.45591289e+04   2.23089199e+04
   9.97888870e+01   7.96175537e+02   1.37931729e+04   1.87996497e+03
   3.73728013e+00   4.96088770e+03   2.53125992e+02   3.62951889e+01
   8.95334766e+03   1.87785413e+03   8.78720398e+02   3.18934551e+04
   3.54999969e+02   8.01397400e+02   1.93141876e+02   1.23776738e+04
   2.94966133e+04   1.38773972e+02   1.18938427e+01   1.96767444e+03
   2.13344589e+02   1.31596851e+03   5.65451523e+04   1.85746465e+04
   3.51160889e+02   5.37233429e+01   6.08236230e+03   1.87281761e+01
   3.04580688e+03   5.20974731e+02   5.67613173e+00   1.04485268e+02
   9.03214746e+03   2.51397266e+04   5.48166931e+02   1.00661934e+04
   8.41478195e+01   2.51955664e+04   5.54655409e+00   5.68261279e+03
   3.06433838e+02   4.65702539e+04   3.99184601e+02   8.66003052e+02
   1.23830276e+02   2.45531139e+01   8.92375488e+02   1.14256494e+04
   3.83149219e+03   3.76838940e+03   1.23260033e+02   9.00023376e+02
   2.59021698e+02   1.96427441e+04   1.65164746e+04   1.06331311e+03
   3.38004766e+04   1.17857703e+03   1.39459983e-01   1.75251884e+01
   1.33668311e+03   2.58725342e+03   8.70604492e+02   2.69263525e+03
   3.13517285e+03   1.18435183e+01   2.90060501e+01   7.72411255e+02
   1.90593216e+02   1.25933081e+03   9.04295898e+03   7.63683594e+03
   4.77265430e+03   0.00000000e+00   5.36083594e+04   2.95965363e+02
   1.46917468e+03   9.98496246e+00   1.34313232e+04   1.92271347e+02
   1.64104578e+03   5.16078418e+03   3.98794899e+01   0.00000000e+00
   2.34090919e+01   9.34356506e+02   3.21245654e+03   2.78285522e+02
   2.97305817e+02   7.54702988e+01   7.23485352e+02   1.53551929e+03
   6.14780420e+03   2.70400176e+04   1.69867874e+02   1.19898617e+00
   9.79232849e+02   4.69175339e+01   1.43305054e+03   2.04237012e+04
   2.12333252e+02   9.99553528e+01   1.49315994e+02   3.69033661e+02
   2.31120898e+03   3.50109680e+02   3.08299414e+04   1.99182861e+03
   1.28645938e+04   2.44646637e+02   1.52109216e+03   1.12704175e+03
   4.86989546e+00   2.53258469e+02   2.59267139e+03   9.71365280e+01
   6.07286560e+02   1.04489555e+02   0.00000000e+00   9.57410507e+01
   0.00000000e+00   0.00000000e+00   5.33802588e+03   0.00000000e+00
   1.06988005e-01   2.10667578e+03   0.00000000e+00   2.55141235e+02
   3.92479419e+03   2.96878479e+02   2.31376196e+03   2.15406586e+02
   4.81243164e+04   1.42275352e+04   5.92653275e+01   1.79245288e+03
   3.04033691e+02   3.73937207e+03   1.17480566e+04   7.02062073e+01
   1.40977112e+02   2.46445065e+01   7.49330078e+02   2.41294751e+03
   5.89204651e+02   2.30792236e+02   1.54484180e+03   0.00000000e+00
   3.91887451e+03   3.88357788e+03   5.57279602e+02   1.63125858e+01
   4.39093781e+02   3.55185608e+02   1.81604160e+04   8.13614905e-01
   9.95527039e+01   6.94104919e+01   5.52091562e+04   6.32400928e+03
   1.94352432e+02   5.37814636e+01   2.65150666e+00   4.00294092e+03
   4.70503082e+02   2.58936291e+01   8.69097107e+02   3.51191162e+03
   3.49993439e+02   6.04095947e+02   1.02241745e+01   3.95244904e+02
   7.18312683e+02   5.48487031e+04   1.05091431e+02   5.07363312e+02
   0.00000000e+00   1.00793760e+04   6.47950049e+03   2.29806812e+03]
[  5.23059464e+01   8.05166895e+03   2.86668072e+01   8.52335510e+02
   3.03844055e+02   1.14926982e+04   2.38582172e+01   5.53705371e+03
   3.79134692e+03   2.11467422e+04   7.19495392e+01   1.69776077e+01
   3.10400269e+03   1.51684082e+04   8.49522583e+02   1.53687836e+02
   7.11129150e+02   8.99628906e+02   3.97297266e+04   4.60575714e+02
   1.38937771e+00   1.39925854e+03   5.91831474e+01   5.89876404e+02
   9.30575098e+03   4.12427750e+01   4.79568213e+03   5.86540527e+01
   3.12226471e+02   7.32664551e+02   4.02654144e+02   7.37403259e+02
   2.15920700e+02   0.00000000e+00   1.55859167e+03   2.40550690e+01
   3.28022827e+02   4.86457422e+04   0.00000000e+00   3.10766650e+03
   4.95210205e+03   1.72291355e+01   0.00000000e+00   3.52896118e+02
   2.76875317e+03   8.16815720e+01   3.38901025e+03   5.44754883e+03
   6.77790756e+01   4.62499714e+00   1.88237778e+02   1.43085095e+03
   1.10192995e+01   5.51565381e+03   7.24935254e+03   3.12319102e+04
   1.68323822e+02   1.17325449e+04   9.62378788e+00   3.57474902e+03
   1.62092163e+03   4.85591370e+02   8.05022400e+02   2.65620087e+02
   1.32041760e+03   1.62232605e+02   1.00837395e+02   4.79405556e+01
   8.33807602e+01   9.96629417e-01   3.22229431e+02   7.55646729e+03
   2.96122812e+04   5.62785530e+01   1.94805566e+04   1.12877455e+01
   2.64293575e+01   1.87819427e+02   2.46008423e+02   1.13962012e+04
   2.78767853e+02   1.79145879e+04   1.21189854e+04   3.34014966e+03
   4.28164414e+04   2.58768654e+01   6.21673950e+02   6.57070898e+03
   6.41980664e+03   1.99964863e+04   5.06870651e+00   3.24563794e+03
   7.03117828e+01   2.51643286e+03   4.14164795e+02   1.55939844e+03
   6.05470947e+03   0.00000000e+00   1.03872207e+04   4.07975861e+02
   1.01378155e+01   5.64459839e+02   2.10071259e+01   2.35947974e+03
   9.85337734e-01   4.04147339e+00   8.27303650e+02   2.54759102e+04
   2.19655585e+00   1.56998027e+04   2.29602219e+02   3.00322070e+04
   5.35708801e+02   2.88736191e+01   1.48529124e+00   2.41516571e+02
   1.22501915e+02   8.89844336e+03   3.17065582e+02   3.50196981e+00
   1.69704938e+00   5.06111786e+02   3.61177051e+03   1.09921059e+02
   2.87731415e+02   5.25618311e+03   1.14245819e+02   1.27006168e+01
   1.28294083e+02   1.00098351e+02   1.09461406e+04   4.49943604e+02
   6.41257095e+01   9.61873535e+02   3.22949890e+02   2.61174316e+03
   3.43035430e+04   0.00000000e+00   2.04215660e+01   2.22003918e+01
   0.00000000e+00   2.17467224e+02   2.55238525e+02   1.01493462e+02
   7.95409393e+01   7.69005798e+02   2.90776196e+03   0.00000000e+00
   2.27562523e+01   3.14573262e+04   8.59708557e+01   3.19204437e+02
   2.29462143e+02   4.03698682e+03   2.21788910e+02   1.02147314e+04
   9.03664875e+00   3.25906097e+02   2.48681641e+02   4.97709961e+03
   6.80201874e+01   9.81208801e+01   1.49980957e+02   1.63484306e+01
   2.94286406e+04   8.97205544e+00   7.43112869e+01   1.57340601e+03
   2.69858789e+03   6.30729834e+03   1.78824329e+00   1.49849701e+01
   4.64862891e+03   3.63767761e+02   6.97591686e+00   1.43060205e+03
   3.38052109e+04   2.62605469e+02   2.45718379e+04   8.34927185e+02
   1.35388750e+04   1.20815234e+04   1.34051218e+01   3.33488086e+03
   9.35051147e+02   1.08161584e-01   6.00078125e+02   1.32489355e+03
   3.19797683e+00   1.50940430e+02   1.31796066e+02   9.39034882e+01
   9.66178589e+02   3.59897192e+03   6.87951172e+02   6.30539502e+03
   1.23751208e+03   1.90955093e+02   7.48284378e+01   1.27155212e+03
   3.01756201e+03   4.59857056e+02   6.34012939e+02   0.00000000e+00
   1.37463184e+03   1.85732212e+01   1.41317505e+03   1.21646960e+03
   2.45907837e+03   4.90025898e+04   5.10344238e+01   3.56798645e+02
   2.17138159e+03   5.99841748e+03   4.76860580e+01   7.92955371e+03
   4.29328359e+04   1.02637375e+02   1.80167732e+01   3.43223413e+03
   5.43045068e+03   5.25372658e+01   2.51245480e+01   6.90464111e+02
   1.47123566e+02   5.45524178e+01   1.90362259e+02   3.13567009e+01
   2.46405792e+02   4.51201363e+01   3.73028684e+00   5.38197861e+01
   2.97291199e+02   2.59955044e+01   5.66351929e+01   8.01523685e+00
   6.92218475e+01   2.01722321e+02   8.65061584e+02   2.26227283e+00
   5.34522438e+00   3.21201630e+01   7.18492981e+02   2.19611484e+04
   2.66869375e+04   3.90145581e+03   9.36293182e+01   3.38176392e+02
   1.35223503e+01   2.24142871e+03   2.27559235e+02   4.99512825e+01
   4.63717480e+03   2.82711823e+02   1.66428244e+00   4.42928314e+01
   9.47357117e+02   1.73081741e+01   5.42326172e+02   3.16432705e+01
   1.59107086e+02   2.39852707e+02   9.27286606e+01   1.02293549e+01
   2.54517754e+04   4.11090637e+02   1.95697949e+04   1.99780243e+02
   1.07371570e+03   6.65769815e+00   5.74629173e+01   8.23981995e+02
   1.86381512e+01   1.26613464e+01   2.12693145e+04   3.92790894e+02
   4.06130920e+02   4.93187683e+02   2.65642578e+03   4.22436084e+03
   1.05808334e+02   1.61096405e+02   9.94412155e+01   4.95440820e+04
   7.36984924e+02   8.99060486e+02   4.78923096e+03   2.49649490e+02
   2.11150635e+02   7.38549902e+03   1.03390710e+03   9.98436646e+02
   7.43179004e+03   7.38318604e+02   7.32144012e+01   7.75985962e+02
   1.57819775e+03   2.21678802e+02   4.02177173e+03   1.57881749e+00
   1.67649901e+00   1.28233902e+02   5.72519678e+03   2.64875660e+01
   8.79414551e+03   4.15698047e+04   7.41114197e+02   5.09785736e+02
   2.48526147e+03   4.45984863e+03   4.15357500e-01   1.66755652e+03
   1.58718735e-01   1.08589502e+03   2.01684570e+03   6.96181494e+03
   2.18403854e+02   1.88426587e+03   9.41128006e+01   5.33383252e+03
   1.86631702e+03   2.13971230e+04   5.70625732e+02   2.08733770e+04
   5.45499077e+01   4.23843719e+02   1.62110120e+03   1.83182526e+02
   4.45850586e+02   4.52023125e+01   3.28063208e+03   2.14502368e+03
   3.36482972e-01   5.28594727e+02   8.67807083e+01   2.16105127e+03
   5.43965340e+01   2.46243042e+03   7.91430786e+02   1.17999463e+04
   1.36752217e+04   6.67707336e+02   8.72163010e+01   5.33498039e+01
   6.29460430e+00   3.29390991e+02   9.22521680e+03   4.43911835e+02
   3.01923950e+03   6.53407129e+03   2.13724390e+03   4.34149453e+04
   4.85869904e+01   1.16764124e+03   1.19935608e+03   3.66602097e+01
   1.67102188e+04   1.49653564e+03   1.29419268e+04   1.00967968e+00
   3.25594980e+04   1.04305237e+02   1.94318281e+04   2.48454712e+02
   3.72641504e+03   1.69067719e+02   4.53760452e+01   2.10938550e+03
   1.71313644e+02   6.61470276e+02   8.80597916e+01   2.07049243e+03
   1.29955353e+02   3.65152075e+03   1.15756851e+02   6.95740391e+04
   7.52623242e+03   5.63480164e+02   3.22148999e+03   6.89276123e+02
   8.73848057e+00   8.25202656e+04   2.07403882e+03   1.13353455e+02
   3.09557892e+02   3.71386841e+03   2.34116745e+02   4.32340765e+00
   6.71084045e+02   4.95970978e+02   4.48999805e+04   4.09606104e+03
   1.09933313e+03   2.49177246e+04   3.78574219e+04   1.06142807e+02
   2.02726822e+01   2.43629907e+03   2.26392871e+03   4.15370459e+03
   1.52471741e+02   9.65656348e+03   5.58625732e+02   1.24217944e+03
   7.08546305e+00   7.48130664e+03   2.53606434e+01   6.34010925e+02
   3.61549896e+02   3.72457178e+03   6.50436035e+02   4.49433252e+03
   7.06005518e+03   2.06638000e+02   6.94474243e+02   6.34630084e-01
   1.03853479e+03   1.01131470e+02   0.00000000e+00   8.03551254e+01
   1.17282242e+02   1.32961514e+04   4.49731836e+03   1.10486870e+01
   3.54276581e+02   2.26076196e+03   6.43046082e+02   2.98562756e+01
   2.11887329e+03   3.93499438e+03   2.49617461e+04   2.64315826e+02
   7.55419189e+03   2.30597488e+02   3.25086746e+01   1.19143127e+02
   2.07139465e+02   4.73325729e+00   1.72174531e+04   1.30361652e+00
   4.77442474e+01   4.62154732e+01   5.23511429e+01   0.00000000e+00
   1.53152409e+01   1.22351592e+04   3.10924072e+02   5.57125854e+01
   6.48044495e+02   1.01828193e+04   8.62159119e+01   4.42946869e+02
   4.02617836e+01   8.45292500e+04   1.48599326e+04   5.64043999e+00
   1.03835193e+03   7.60793359e+03   6.96825732e+03   9.50728516e+03
   4.04726465e+03   1.10872354e+04   4.57997412e+03   7.75327881e+02
   7.27055420e+03   8.06303467e+02   2.33876297e+02   1.31785217e+02
   6.42670898e+02   3.35148926e+01   4.98451562e+03   6.90812109e+03
   8.77153223e+03   8.17160986e+03   2.17405945e+02   9.92321701e+01
   4.55533875e+02   5.48481262e+02   3.08669830e+02   1.06219512e+04
   1.81453296e+03   9.19289932e+01   1.26689072e+04   1.61304581e+02
   0.00000000e+00   0.00000000e+00   2.66951978e+03   1.27139801e+02
   6.68788513e+02   4.86585059e+03   3.39553008e+04   7.76516943e+03
   6.94073145e+03   7.77999939e+02   2.25629074e+02   3.96518890e+02
   6.72316711e+02   3.49748230e+01   6.49438110e+02   1.32539526e+03
   1.43253975e+04   1.42437002e+04   6.28795290e+00   8.66575195e+02
   5.66474414e+03   1.82011719e+04   6.39424629e+01   1.48234215e+01
   1.60345596e+02   1.61203728e+01   1.42233057e+01   9.52451270e+03]
[  1.21929855e+02   2.29589367e+00   3.28825855e+00   4.63486719e+03
   5.15002823e+01   1.20524712e+01   2.89879632e+00   1.57095349e+00
   4.75618477e+01   7.62693176e+01   1.05405416e+01   2.31054428e+02
   8.85658073e+00   3.86242371e+01   4.27742386e+00   6.09162986e-01
   0.00000000e+00   1.53886276e+02   0.00000000e+00   0.00000000e+00
   1.24786461e+02   8.60137402e+03   4.08331055e+03   5.06804390e+01
   1.10010815e+01   0.00000000e+00   0.00000000e+00   5.63945740e+02
   2.37604797e+02   3.99551849e+02   4.52074365e+03   7.66408630e+02
   1.10879053e+03   6.29766731e+01   1.63455248e+00   4.32691101e+02
   4.65251237e-01   6.46825830e+03   8.60646851e+02   7.53920227e+02
   3.80644922e+03   5.90062523e+00   1.10129102e+03   1.15719470e+03
   1.17093010e+01   2.82168221e+00   1.76298193e+03   3.45840693e+00
   1.23721790e+01   0.00000000e+00   3.02251415e+01   7.52733093e+02
   0.00000000e+00   2.74655857e+01   5.35385551e+01   3.21542931e+01
   2.58426147e+03   2.20351883e+02   0.00000000e+00   6.99558182e+01
   1.15348228e+02   2.51275969e+00   2.05361032e+00   3.57179749e+02
   1.39121428e+01   1.15491919e+03   2.40816116e+01   1.99600160e-01
   1.95314560e+02   1.93122656e+03   4.97681618e+01   9.67115498e+00
   1.10227299e+01   3.63152039e+02   1.03510952e+01   1.79862341e+03
   2.62617636e+00   7.81664978e+02   1.19926274e+00   4.66321220e+01
   0.00000000e+00   4.57747803e+01   8.24759827e+01   1.29075073e+03
   4.03595123e+01   1.64652996e+01   1.86195505e+00   4.03456688e+00
   7.32256689e+03   1.38995239e+02   6.46185840e+03   4.49842300e+01
   8.32484570e+03   1.72030472e+02   0.00000000e+00   1.66588821e+02
   5.63785742e+03   2.24349812e-01   1.16759338e+03   2.85623665e+01
   3.18385773e+02   5.80059147e+00   8.64236546e+00   9.95483816e-01
   5.62553833e+02   7.06932861e+02   0.00000000e+00   1.40278824e+02
   9.07877731e+00   0.00000000e+00   9.73141479e+00   1.02146790e+02
   1.20140381e+03   2.34021045e+03   1.43897562e+01   1.31611574e+00
   5.61798523e+02   2.36303986e+02   2.97490387e+01   1.17199577e+02
   0.00000000e+00   3.61667999e+02   0.00000000e+00   2.35408282e+00
   5.75518656e+00   7.07172930e-01   8.15958881e+00   0.00000000e+00
   4.77256737e+01   3.98563049e+02   9.35686188e+01   2.83853577e+02
   0.00000000e+00   3.76101074e+01   4.37691742e+02   3.08480606e+01
   4.04683618e+03   3.57701721e+01   8.29935303e+01   1.33455612e+02
   1.37101038e+03   1.65164318e+01   4.00727959e+01   1.87141199e+03
   1.82013452e+00   5.41627035e-02   6.65493698e+01   8.61493587e-01
   1.60105681e+00   2.73477125e+00   0.00000000e+00   6.17179680e+01
   2.84191761e+01   6.30751753e+00   6.13730659e+01   8.49367738e-01
   5.42399231e+02   1.78537464e+01   0.00000000e+00   8.11098194e+00
   1.07032295e+02   2.43812656e+01   7.60469434e+03   3.37100616e+02
   8.75457581e+02   4.20578906e+03   0.00000000e+00   1.44395410e+03
   3.34110657e+02   2.36590625e+03   1.55702782e+00   1.88852319e+03
   4.89447601e-02   5.08225372e+02   3.21223664e+00   0.00000000e+00
   1.59954739e+01   1.45817682e-01   6.64416351e+01   0.00000000e+00
   9.75907612e+00   1.72526782e+03   0.00000000e+00   8.58875732e+02
   1.96943954e+02   4.09242871e+03   2.33650513e+01   1.59921865e+01
   2.65450098e+03   8.81971436e+01   1.44791441e+01   4.39759970e+00
   1.47805530e+03   6.12618958e+02   2.45033340e+02   1.80270691e+02
   1.35727131e+00   1.40361926e+03   2.26288086e+03   3.26629932e+03
   1.11908073e+01   7.68770703e+03   1.25208950e+01   7.99895000e+00
   8.68923721e+01   1.73629055e+01   6.92463928e+02   1.06204724e+03
   9.16233212e-02   1.50766199e+03   2.88785791e+03   3.47459259e+02
   0.00000000e+00   0.00000000e+00   5.72135468e+01   1.40834912e+03
   9.40496445e+01   2.48014450e+00   5.77129555e+00   1.37672472e+01
   3.78620186e+01   7.97223282e+01   1.52791031e+02   0.00000000e+00
   3.46987866e+03   4.11350879e+03   5.67369223e-01   0.00000000e+00
   5.27598917e-01   3.41235809e+02   6.12037315e+01   2.33171005e+02
   7.27006912e+01   5.87432678e+02   1.08065027e+03   2.15356636e+01
   1.21087475e+01   3.38790308e+03   0.00000000e+00   6.60976807e+02
   0.00000000e+00   6.54842969e+03   2.93471870e+01   2.92484105e-01
   0.00000000e+00   1.85343628e+02   3.94457373e+03   2.80940011e-02
   0.00000000e+00   4.52380638e+01   5.43339551e+03   4.72891693e+01
   1.49803429e+01   7.27149506e+01   3.67848992e+00   7.48880005e+02
   7.86735474e+02   2.21282315e+00   2.92389989e-01   3.23083740e+03
   1.32866421e+01   3.80173569e+01   0.00000000e+00   0.00000000e+00
   2.71497995e-01   0.00000000e+00   3.32631111e+00   1.14882556e+03
   1.06432971e+03   3.80914841e+01   1.92461103e-01   1.80309021e+03
   7.12903738e+00   7.72985107e+03   2.90355786e+03   1.69854183e+01
   1.51338586e+03   1.85203075e+01   1.46035395e+01   3.82088590e+00
   2.47321224e+01   2.72247589e+02   6.20896338e+03   1.17939186e+02
   3.01502752e+00   9.27374878e+01   5.19204163e+02   2.12761154e+02
   0.00000000e+00   0.00000000e+00   3.93837280e+01   1.65595898e+03
   6.20074036e+02   1.70081039e+02   0.00000000e+00   0.00000000e+00
   2.21445999e+01   1.18202263e+02   8.36969018e-01   1.19894314e+01
   1.50640152e+02   3.02440857e+02   4.23561426e+03   0.00000000e+00
   2.20980026e+02   0.00000000e+00   5.14957085e+01   0.00000000e+00
   6.13208154e+03   0.00000000e+00   5.99743799e+03   7.78024292e+00
   1.85718040e+01   0.00000000e+00   7.09745073e+00   3.62364307e+03
   2.16281958e+03   2.60230811e+03   1.06136890e+03   1.16403904e+01
   3.98436737e+02   1.03947744e+01   1.45512748e+00   1.08738228e+02
   3.28180817e+02   3.85743439e-01   4.36678410e+00   1.76035328e+01
   1.38343887e+02   4.52203131e+00   5.94246674e+00   2.10414600e+03
   1.80947342e+01   4.56232849e+02   1.02196175e+02   1.71011963e+03
   3.57175720e+02   1.99508862e+03   3.05194043e+03   3.16949692e+01
   6.85804626e+02   1.21264562e-01   8.44680252e+01   8.47867608e-01
   9.41586853e+02   1.26256967e+00   1.55467603e+03   4.74540215e+01
   8.73340271e+02   8.43988514e+00   1.45137157e+01   9.77756828e-02
   2.62191479e+03   2.28384457e+01   0.00000000e+00   1.15702507e+02
   2.89635938e+03   3.97051538e+03   3.54053784e+03   2.13790474e+01
   6.43359852e+00   9.57687140e-01   5.01417274e+01   9.58400803e+01
   2.59566254e+02   2.39955654e+01   0.00000000e+00   9.16425247e+01
   3.97429314e+01   0.00000000e+00   1.71004913e+02   1.98258044e+03
   6.03276587e+00   1.01910461e+02   2.64302807e+01   3.17109451e+01
   3.28097343e+00   3.21542192e+00   1.41469574e+00   1.64335266e+02
   5.07227631e+01   7.73236084e+03   1.16814079e+01   4.08136108e+03
   2.30408768e+02   2.00694910e+03   1.12807861e+03   9.09668255e+00
   1.09875354e+03   2.55297348e+02   2.94066559e+02   1.70897865e+01
   3.70674849e+00   1.90508649e-01   1.11623703e+02   1.63013840e+01
   0.00000000e+00   3.32514429e+00   9.57200851e+01   8.99912186e+01
   7.66438065e+01   6.45473206e+02   4.48095312e+03   1.16373196e+01
   1.09683495e+02   4.26088333e+01   1.23227028e+02   4.22746706e+00
   3.87427068e+00   5.32959668e+03   8.05383778e+00   1.27278137e+01
   3.50747061e+00   3.53415802e+02   2.18043677e+03   8.67959442e+01
   4.05674902e+03   1.88571640e+02   7.33052939e-02   0.00000000e+00
   9.39920410e+03   4.53642700e+02   1.55117455e+01   1.99776232e+00
   2.55299911e+02   1.85238632e+02   0.00000000e+00   1.75264473e+01
   4.01699734e+00   2.95381226e+02   1.34175037e+03   1.57774401e+01
   4.12328606e+01   1.32044324e+03   4.43077850e+02   2.47575760e+01
   5.54030228e+00   3.70821930e+02   7.10500049e+03   2.52095909e+01
   1.50199032e+01   8.83338451e+00   3.63143325e+00   1.14027412e+02
   1.82712784e+01   9.07028389e+00   4.93189600e+03   4.66149072e+03
   6.47014062e+03   4.93155010e-02   1.31011841e+02   9.08733826e+01
   1.61083398e+03   0.00000000e+00   5.17644897e+02   1.12771179e+02
   2.69658737e+01   7.22452783e+03   2.95114326e+01   9.61600708e+02
   0.00000000e+00   2.12547226e+02   1.84797020e+01   1.60918598e+01
   3.24229663e+03   1.76135788e+01   3.93335648e+01   0.00000000e+00
   2.53358986e-02   1.65482422e+02   1.66823914e+02   3.08515453e+00
   1.11856018e+02   2.73991357e+03   8.38673055e-01   6.56021362e+02
   1.92269669e+02   1.00275093e+02   3.48664160e+03   9.86481094e+01
   3.85332495e+03   3.51085724e+02   8.83777390e+01   5.02528839e+01
   2.96955986e+01   5.36374023e+02   3.35295677e+01   4.37883789e+03
   1.96627789e+01   4.14584970e+00   7.00338030e+00   2.96234668e+03
   7.00015640e+01   8.09037018e+00   5.80649872e+01   0.00000000e+00
   1.74124878e+03   2.30768951e+02   4.22759125e+02   2.85859692e+03
   3.56899948e+01   9.14040604e+01   1.16127454e+03   2.69947388e+03
   1.86014906e-01   2.18791479e+03   6.09555626e+00   8.16883698e+01
   0.00000000e+00   4.77849512e+03   0.00000000e+00   1.29966461e+02]
[  2.78697720e+01   2.41512451e+02   3.30615387e+01   1.63652878e+02
   3.10502682e+01   1.02599341e+03   3.47439079e+01   9.73484421e+01
   1.05761747e+01   4.37421274e+00   7.11959473e+02   1.01435791e+03
   2.35613110e+03   7.99199524e+01   1.95542175e+03   8.06427689e+01
   6.31847322e-01   1.14970612e+02   6.19640869e+02   2.26259216e+02
   6.60226212e+01   2.23278961e+01   2.39475293e+03   8.72755432e+01
   1.07545143e+02   4.62329712e+01   2.62150192e+01   8.11688519e+00
   2.45132275e+03   8.41953850e+00   2.16131544e+00   3.61101074e+01
   2.35112012e+03   3.91125336e+01   4.07257557e-01   8.55954346e+02
   2.67825098e+03   5.35759878e+00   2.78016376e+00   6.73444824e+02
   3.97224243e+03   2.49454666e+02   4.64229375e-01   5.16326666e-01
   1.07706189e+00   5.25823669e+02   2.14786694e+03   1.05859642e+01
   2.80844460e+01   3.26381645e+01   3.08283062e+01   4.92533340e+01
   1.09270056e+03   3.25194702e+02   3.26195648e+02   2.41788525e+03
   9.77780521e-01   1.30727673e+01   1.12146338e+03   2.32915942e+03
   1.25223279e+03   1.45210846e+02   4.07668164e+03   1.00346613e+00
   3.93206418e-01   2.14818771e+02   6.73118134e+01   7.67348022e+01
   9.61590004e+00   7.37726685e+02   1.13104993e+03   4.09822327e+02
   1.96384399e+02   4.86297455e+01   4.60609131e+01   7.41914307e+02
   4.18262558e+01   4.91655396e+02   2.29474365e+03   2.10073256e+00
   8.01157761e+00   1.11021223e+01   1.46205212e+03   4.26709890e+00
   6.41361694e+02   2.21129663e+03   8.43104782e+01   5.09038162e+01
   3.09984497e+03   2.94262573e+02   1.01006393e+02   7.76951447e+01
   0.00000000e+00   1.43182690e+03   1.46624975e+01   1.04485416e+01
   1.34223007e+02   2.06450122e+03   3.88630524e+01   2.99702892e+01
   2.09949188e+01   7.09150505e+00   2.08062000e+01   4.02016525e+01
   1.36016089e+03   5.53252041e-01   1.19980171e+02   3.82973047e+03
   2.73788770e+03   6.20087357e+01   3.04815826e+02   4.60247135e+00
   1.24979736e+03   6.79374084e+02   2.04334152e+02   0.00000000e+00
   3.05008087e+01   4.74942207e+00   1.44118347e+03   3.10352898e+01
   3.63427696e+01   1.65004700e+03   0.00000000e+00   1.55118284e+01
   3.50150146e+01   1.84446396e+02   4.08310661e+01   2.50908722e+02
   2.74550415e+03   1.52423322e+00   7.21278305e+01   1.40606152e+03
   1.04862830e+03   7.65184259e+00   4.60876904e+03   9.37882233e+00
   3.32953525e+00   7.76211472e+01   3.14687042e+01   8.05588663e-01
   2.28742725e+03   0.00000000e+00   3.72776642e+02   5.67631264e+01
   1.08077911e+02   2.77877402e+00   3.69302571e-01   9.19974899e+00
   6.80973351e-01   2.14059372e+01   2.24250340e+00   7.58418396e+02
   1.27873177e+02   1.70759558e+03   1.43478012e+02   5.31216064e+02
   7.77360840e+02   1.52494240e+00   1.16742212e+03   2.35512772e+02
   5.91776123e+02   1.65885510e+03   1.27134040e-01   2.74693024e+02
   2.41144482e+03   3.02408752e+02   1.82292206e+02   9.94323540e+00
   8.91353250e-01   9.82828735e+02   3.05188324e+02   4.95677948e-01
   1.02882782e+02   8.85672390e-01   3.03400230e+01   1.83046544e+00
   1.57294601e-01   2.15799756e+03   2.84947418e+02   1.50467324e+00
   5.47212791e+01   2.50067329e+01   5.66603363e-01   7.13284607e+01
   1.94507568e+03   0.00000000e+00   4.02515717e+01   8.43090773e-01
   1.20477700e+00   2.81831861e+00   1.65193176e+01   1.64530163e+01
   2.89537964e+01   9.56510925e+01   4.56212677e+02   5.03702179e+02
   4.17975807e+01   2.98521137e+01   1.95641193e+01   4.02961874e+00
   4.45016813e+00   3.75807762e+01   5.86867630e-01   4.45462370e+00
   1.20144329e+01   1.33780403e+01   1.47283697e+01   1.40527313e+02
   1.93697376e+01   9.26877022e+00   1.78129504e+03   8.84369812e+01
   3.23010951e-01   0.00000000e+00   5.73783531e+01   2.32283707e+01
   1.21896915e+01   3.77465454e+02   1.13570030e+02   2.40066795e+01
   1.64995056e+02   5.95192993e+02   5.77866211e+01   9.42511841e+02
   1.31927156e+01   2.29263763e+01   1.63741833e+03   1.76973587e+02
   1.67400879e+03   2.34953198e+03   1.74499329e+03   5.54735260e+01
   0.00000000e+00   3.36965866e+01   1.29805237e+02   6.39763367e+02
   1.48056372e+03   5.37284136e-01   1.73971655e+03   4.36864868e+02
   4.67631102e+00   2.15046883e+01   1.79832214e+02   0.00000000e+00
   4.66110901e+02   6.11545776e+02   2.79724976e+02   0.00000000e+00
   1.48689804e+02   2.34511089e+00   2.16487551e+00   3.02286530e+02
   1.57070544e+03   0.00000000e+00   1.54496646e+00   3.65654004e+03
   5.41839421e-01   8.43143539e+01   7.76209488e+01   3.55969849e+01
   2.28570557e+03   0.00000000e+00   3.46279565e+03   3.96602974e+01
   1.49267614e+00   5.70144234e+01   3.29851929e+02   4.73975128e+02
   1.30882273e+01   2.14110367e+02   3.54688454e+01   3.05388885e+02
   0.00000000e+00   2.94400632e-01   5.50375977e+01   4.38260574e+01
   3.24797440e+01   1.39571930e+02   4.74342407e+02   8.65972412e+02
   9.72835064e+00   1.62627468e+01   2.23476221e+03   1.54468918e+01
   0.00000000e+00   1.91118213e+03   9.80984116e+01   0.00000000e+00
   2.23700049e+03   2.79317245e+01   1.80581245e+01   4.73023117e-01
   4.27342102e+02   1.29515900e+02   2.96443237e+03   5.61217155e+01
   7.47102539e+02   2.34634949e+02   6.60764618e+01   1.01091331e+02
   2.23370605e+03   4.88961639e+02   7.94879627e+00   2.86863089e+00
   2.35449463e+03   1.54590039e+03   4.03094287e+03   1.55239975e+02
   0.00000000e+00   2.02410599e+02   2.19136841e+02   2.31773209e+02
   1.86867213e+00   3.69441376e+01   1.17685280e+01   3.55988312e+02
   5.14836853e+02   6.49163818e+01   1.74180496e+02   3.70983028e+00
   3.89066041e-01   1.52840015e+03   8.98901081e+00   2.37989722e+03
   2.23227177e+01   8.54452057e+01   9.38120575e+01   1.87558651e+00
   2.34372306e+00   5.38521118e+02   1.15467918e+00   7.46783590e+00
   3.29782333e+01   7.94999847e+01   4.42398224e+02   6.73807907e+00
   1.07019153e+03   3.09445438e+01   5.87729736e+02   1.29282361e+03
   1.49426965e+03   7.28998901e+02   9.54404846e+02   1.56141829e+00
   7.37032394e+01   3.96714630e+02   9.70117737e+02   6.46798935e+01
   5.96617203e+01   2.19476807e+03   2.28989100e+00   0.00000000e+00
   2.40502271e+03   3.51032143e+01   9.64454346e+02   2.98138237e+00
   1.27410278e+03   3.34324432e+02   2.99916382e+01   1.36504660e+01
   4.13802986e+01   2.31097937e+00   9.38876801e+01   8.30075012e+02
   7.24756531e+02   1.09243689e+01   1.13482498e+02   4.58197250e+01
   1.73830376e+01   1.57485521e+00   4.19299121e+03   5.81855215e-02
   1.81331894e+02   8.93148621e+02   0.00000000e+00   3.02485291e+02
   7.64046875e+02   5.26371875e+03   8.31085510e+01   3.70238525e+02
   4.69654480e+02   1.00192633e+01   8.95448608e+01   2.70419550e+00
   1.27289879e+02   6.20407639e+01   2.49887486e+01   4.41638336e+01
   1.21447449e+03   2.53276882e+01   4.11988916e+03   2.39224548e+01
   6.81690186e+02   1.52999086e+01   1.25692025e-01   5.16603851e+01
   5.00256586e+00   2.81667664e+02   2.37173843e+02   1.46290359e+02
   1.79991553e+03   7.54426575e+01   2.45056019e+01   2.59310645e+03
   1.76811597e+03   1.23741928e+02   3.26026794e+02   1.25102544e+00
   3.77121811e+01   4.06963501e+03   8.44363098e+01   1.20183496e+03
   3.81526108e+01   6.42662811e+00   1.00932446e+01   4.27751750e-01
   4.07089600e+02   2.10696216e+03   1.01151740e+03   1.41009827e+03
   7.15932465e+01   4.27608261e+01   1.02597351e+02   1.19975969e-01
   4.96402397e+01   4.81572390e+00   9.80632324e+01   1.76343225e+03
   5.19094849e+02   6.94554321e+02   5.35674609e+03   2.00239868e+01
   6.59447098e+01   1.39705334e+03   2.93377686e+01   9.49241409e+01
   1.28426917e+03   6.02320623e+00   1.18937897e+02   1.11843147e+02
   1.59709644e+01   2.08588839e+00   4.06036644e+01   8.25300827e+01
   1.17804184e+02   5.71963463e+01   3.07075825e+01   4.34564638e+00
   3.27660675e+01   1.40701637e+01   7.13293731e-01   7.75962402e+02
   4.35585938e+03   9.94162781e+02   1.40585194e+01   2.74823395e+02
   5.81957910e+03   1.13241707e+02   9.72127686e+02   1.15469666e+01
   2.64996368e+02   7.86280823e+01   5.50423355e+01   0.00000000e+00
   4.52232910e+02   8.92491577e+02   2.56705132e+01   4.42074805e+03
   3.26226074e+03   2.52841019e+02   7.87602425e+00   1.87793655e+01
   2.10611463e+00   2.52038803e+02   2.70255718e+01   3.68898956e+02
   5.79791222e+01   9.54792023e-01   4.21572781e+00   4.03908539e+00
   4.30321503e+01   7.34202332e+02   4.94899673e+01   5.99421021e+02
   4.24227524e+01   2.87147713e+00   8.82943726e+00   4.97375537e+03
   7.11346340e+00   4.14823761e+01   3.66572296e+02   1.15379602e+03
   0.00000000e+00   0.00000000e+00   3.00888947e+02   4.15550308e+01
   1.79489441e+01   6.68955872e+02   2.60416046e+02   2.35312378e+03
   3.98249969e+02   4.51114655e+01   1.92731079e+02   2.66395581e+03
   4.58652229e+01   0.00000000e+00   1.33957245e+02   3.00821777e+03
   1.23338528e+01   2.34650009e+02   6.81434402e+01   2.88440137e+03]
[  2.70982666e+02   8.53200722e+00   5.10431767e+00   2.82991862e+00
   1.46228437e+01   9.07882507e+02   5.16530952e+01   3.49605789e+01
   3.62156749e-01   5.12911133e+02   6.98080719e-01   6.17266312e+01
   3.18676331e+02   8.08855591e+02   2.35499603e+02   0.00000000e+00
   8.58605957e+00   3.76343750e+02   4.97510910e+01   1.85605720e-01
   4.04855194e+01   3.15179080e-01   7.04533157e+01   6.14844910e+02
   5.70399404e-01   1.03349390e+01   2.59023786e+00   8.21634674e+00
   2.87686300e+00   4.02918167e+01   1.10183973e+01   5.45642614e-01
   1.00136589e+02   2.87253332e+00   1.80063672e+03   8.90252197e+02
   4.12873220e+00   7.21954346e+02   3.97471619e+01   4.67734337e+01
   1.77532923e+00   1.81829834e+01   8.57146740e+00   2.57934036e+01
   2.83916831e+00   5.02039833e+01   1.91129959e+02   6.85608163e-02
   3.43407249e+01   3.66716576e+01   7.58917053e+02   0.00000000e+00
   2.55205326e+01   5.48934975e+01   1.24011934e-01   1.28737915e+02
   3.71900702e+00   5.47822237e+00   1.16991768e+02   1.95449646e+02
   2.62326789e+00   4.91995277e+01   3.34388199e+01   4.14288712e+00
   1.74533482e+01   1.16754837e+01   8.74576340e+01   4.18433142e+00
   1.86965799e+00   3.37805915e+00   1.75087702e+00   8.45148254e+02
   1.54333420e+01   7.39017529e+03   1.06344043e+03   3.55665982e-01
   1.65574799e+01   3.53457069e+00   3.65349846e+01   1.66213799e+00
   2.66944122e+01   2.51762638e+01   4.98385239e+00   1.27970781e+01
   5.00702019e+01   2.73374844e+00   6.28016357e+02   8.38776112e+00
   8.81430893e+01   4.67373466e+00   1.95330296e+01   4.24107628e+01
   1.63647194e+01   2.32920776e+02   9.94173126e+01   1.53497992e+01
   1.45562410e+01   7.52919464e+01   2.04636173e+01   2.20877800e+01
   0.00000000e+00   3.94592476e+01   4.79762344e+01   1.96455860e+01
   2.24053841e+01   1.71020756e+01   1.91482171e-01   9.61506714e+02
   6.41549301e+00   2.24856520e+00   5.92633972e+02   3.86957669e+00
   1.10516739e+01   9.99356079e+01   0.00000000e+00   1.27236322e-01
   1.15452023e+01   1.24678230e+01   1.78913794e+03   3.80014181e+00
   1.47554321e+02   2.35196853e+00   2.07391186e+01   1.08728981e+00
   3.23856086e-01   8.44439551e+03   2.30202764e-01   1.92180614e+01
   6.69690125e+02   1.50585175e+02   1.60353565e+01   1.05540237e+02
   4.42079430e+01   2.50160336e+00   1.95714270e+03   4.14695978e+00
   5.22222638e-01   3.81786585e+00   1.17343689e+03   1.80678806e+01
   5.45063305e+00   4.76496033e+02   2.27761841e+00   6.08981201e+02
   6.66242123e+00   5.26341248e+01   5.55482483e+00   1.06710098e+02
   5.89622742e+02   2.66134858e+00   1.33742294e+01   1.38618454e+02
   4.29010296e+00   2.20164070e+01   5.34443665e+02   2.12913284e+01
   1.22074642e+01   0.00000000e+00   8.83496666e+00   9.56703674e+02
   3.13372119e+03   1.91345935e+03   5.41009998e+00   6.34345770e+00
   3.25874481e+01   7.55131245e+00   2.17319126e+01   2.87759781e+01
   3.18061852e+00   4.12295437e+00   1.82108955e+01   0.00000000e+00
   8.71648431e-01   3.36540924e+02   1.45493059e+01   9.48832321e+01
   1.02323055e+01   5.13663721e+00   3.03220768e+01   8.86070435e+02
   6.20550049e+02   4.06098900e+01   4.66717468e+02   1.58810806e+02
   2.85858459e+01   4.62899246e+01   0.00000000e+00   3.09588766e+00
   3.36402626e+01   4.30115967e+01   2.19300156e+01   1.04399554e-01
   3.17279858e+03   1.58632288e+01   9.53494966e-01   1.30776291e+01
   9.72109699e+00   2.78728828e+01   3.93505707e+01   6.23900146e+02
   2.78061466e+01   2.49749994e+00   3.66714630e+02   1.47983904e+01
   6.32454872e+01   3.16966385e-01   1.09084949e+03   2.59023142e+00
   7.23017550e+00   8.40475159e+01   3.97791862e+01   1.33889508e+00
   2.04284241e+02   2.39520359e+01   6.92969055e+01   1.68146545e+02
   0.00000000e+00   8.49884186e+01   1.73880859e+03   1.14910309e+02
   0.00000000e+00   7.70749140e+00   1.73055911e+00   3.73823776e+01
   2.31618710e+01   7.18925598e+02   8.04285355e+01   2.02172527e+01
   8.76801491e+00   3.21373177e+01   7.95994663e+00   6.47907227e+02
   5.02688202e+02   1.04278613e+03   0.00000000e+00   0.00000000e+00
   6.56065979e+01   1.28972473e+03   2.03206763e+03   9.00196075e+00
   4.18829613e+01   2.34426899e+01   6.47005081e+01   0.00000000e+00
   5.55644989e+00   0.00000000e+00   6.70438293e+02   2.39629880e-01
   2.53015232e+01   2.41740971e+01   4.97546295e+02   7.29218626e+00
   4.11394310e+00   5.52005493e+02   7.43128357e+02   2.27393627e+01
   2.58753967e+01   2.13917274e+01   1.27997180e+03   7.45706787e+01
   1.49745598e+01   5.93464756e+00   4.65072937e+02   2.10216389e+01
   1.35571365e+01   0.00000000e+00   4.08430824e+01   2.50728397e+01
   0.00000000e+00   2.84140797e+01   1.91990967e+03   1.52412308e+02
   2.45172482e+01   8.92053890e+00   4.91984062e+01   5.48736420e+01
   1.75513641e+02   4.96327162e+00   7.52138138e+00   3.40367198e+00
   4.74118958e+02   1.66847458e+02   1.54728317e+01   5.67265930e+02
   8.78107262e+00   3.85649753e+00   1.09108105e+01   7.37112999e+00
   6.88305435e+01   1.65254135e+01   1.30631201e+03   8.49930573e+00
   3.51012707e+00   1.91742725e+01   2.63213100e+01   1.53251846e+02
   9.38640308e+00   5.97454041e+02   1.08346695e+02   3.17849634e+03
   1.31675079e+02   1.01615353e+01   1.58223022e+03   2.81857483e+02
   5.62081642e+01   1.40952408e+02   1.39762506e+01   1.51894058e+02
   3.04676647e+01   7.79103851e+01   1.44536808e-01   8.33678627e+00
   5.98310137e+00   9.64161606e+01   1.39280029e+03   2.07485657e+01
   1.09531946e+03   1.57944605e-01   7.44912659e+02   3.86836395e+01
   1.50927567e+02   1.62014599e+01   6.61689072e+01   1.20438011e+02
   1.49903580e+02   2.93073254e+01   6.67123508e+00   3.96291504e+01
   7.50846207e-01   5.53194427e+00   4.27108735e-01   6.39490557e+00
   0.00000000e+00   2.02319366e+02   1.28294220e+01   3.51293427e+02
   3.35204864e+00   6.04290848e+01   2.56068611e+01   2.33840683e+02
   3.30815125e+01   0.00000000e+00   2.70428219e+01   1.57320662e+01
   0.00000000e+00   4.49854791e-01   5.71393394e+01   7.99245930e+00
   2.26252460e+00   6.25521088e+00   1.13223381e+02   2.06120567e+01
   4.10749197e-01   1.09761986e+02   1.84846230e+01   3.20348828e+03
   9.38947372e+01   5.34097481e+01   1.53005285e+01   9.37662411e+00
   5.49956977e-01   8.06821594e+01   1.15954193e+02   6.35189476e+01
   9.57811157e+02   8.51999819e-01   2.04710827e+01   4.32507086e+00
   2.87512207e+01   8.08813858e+00   2.37069130e-02   4.56884918e+02
   2.02407722e+01   0.00000000e+00   1.26464806e+01   3.42215919e+00
   8.51560974e+02   1.58593476e-01   2.13031149e+00   8.55315685e+00
   3.37874866e+00   1.22421448e+03   6.72696655e+02   0.00000000e+00
   4.11248138e+02   1.14903727e+01   9.60377121e+00   4.99028414e-01
   1.81750870e+01   0.00000000e+00   1.53789148e+03   2.99826107e+01
   1.29514252e+02   4.02757301e+01   9.88429993e+02   2.95137909e+02
   3.55476562e+02   1.54432535e+01   1.41091728e+01   1.05129419e+03
   1.95385406e+02   3.38542223e+00   2.26009607e+00   2.86232531e-01
   1.22680626e+02   7.94627625e+02   7.99551249e+00   1.61340942e+01
   3.60533409e+01   6.19009094e+01   7.88295105e+02   2.75622986e+02
   6.86438799e+00   7.72363708e+02   2.64467834e+02   0.00000000e+00
   5.38873940e+01   1.16387548e+01   9.29997864e+02   2.99588165e+01
   2.07663422e+02   2.90012336e+00   1.03008537e+02   1.95662689e+00
   3.82582512e+01   1.12029138e+03   9.81763077e+01   3.20166855e+01
   6.93781592e+03   6.14772797e+01   2.31044731e+01   8.30345631e+00
   5.29304428e+01   4.44005280e+02   4.27290001e+01   1.11768091e+03
   6.41985962e+02   4.69251938e+01   8.58235168e+00   2.21990623e+01
   3.07870555e+00   9.40193604e+02   8.64821167e+01   3.20298615e+01
   2.84240761e+01   1.89737091e+01   0.00000000e+00   3.90900421e+01
   3.98619366e+00   2.53834993e-01   5.60226393e+00   1.74518490e+01
   9.59034801e-01   9.07598572e+01   3.14606457e+01   2.25562866e+03
   1.83428917e+01   1.84132544e+03   2.19437378e+02   3.02406502e+01
   1.39692469e+01   5.61160095e+02   4.71167946e+01   2.19446316e+01
   4.25096100e+02   3.79965514e-01   1.29953699e+03   6.27257729e+01
   8.14092064e+00   4.60921478e+00   4.03855362e+01   4.22718163e+01
   6.08537964e+02   8.46940125e+02   1.88023052e+01   1.01450220e+03
   1.10051550e-01   6.90902248e-02   6.02070332e+00   3.45295906e+00
   4.66964798e+01   3.57733345e+01   8.57470276e+02   3.54648918e-01
   6.54043427e+01   6.63101959e+00   1.65165863e+01   1.23229614e+03
   0.00000000e+00   5.90340972e-01   3.29757957e+01   5.05826378e+01
   8.21074390e+00   8.80562622e+02   2.75518921e+02   4.89530731e+02
   4.87407928e+02   3.18772583e+02   3.82610435e+01   2.16362514e+01
   9.85789917e+02   2.04866009e+01   2.03232217e+00   1.55664856e+03
   3.71289062e+01   1.27790779e+02   6.69950151e+00   2.19092621e+02
   1.89364209e+03   6.01837280e+02   7.01083679e+02   1.05470586e+00]
