bicycle
bus
car
motorbike
person
[ 28506810.     9722579.    48258172.    28624132.    52068376.     8033132.
  18786090.     6991349.    16596982.    15835782.    10992087.    30701046.
  24541908.    13817622.    25785458.    18455388.    24136934.    16712771.
  52666208.    15561528.     9009296.    29941268.     8149686.    33732836.
   9989537.    24546554.    15727569.    17653816.     6629132.    18972830.
  33082396.    41606672.    56275484.     4545800.5   45051712.     3881717.
  22855232.     7930748.5   19373476.     3166380.25  18811758.    23647142.
  62933988.    62490468.    24177950.    32531954.    22008042.    27729450.
   5881933.5   53910568.    48625380.    15764716.    20449332.    18045894.
  13558677.    18693238.    32019924.    18105020.    11458104.     5005372.5
   5025958.     4308700.    19503920.     5862411.  ]
[  4.50988200e+07   1.39800000e+07   4.32334760e+07   6.92822562e+05
   1.19505930e+07   3.63787450e+06   1.58739680e+07   9.77916406e+03
   1.75677860e+07   4.04037550e+06   4.70284120e+07   3.83584080e+07
   1.18944656e+05   3.46742675e+06   3.10391320e+07   1.78725640e+07
   4.78839150e+06   5.75509800e+07   2.09825900e+07   1.69456880e+07
   5.47180062e+05   4.45136640e+07   2.06727275e+06   3.92359280e+07
   8.94116625e+05   4.57733560e+07   7.63636550e+06   2.54721500e+06
   1.73846200e+07   8.09753516e+04   4.06361600e+07   1.31457312e+05
   2.75251025e+06   2.50933000e+07   1.59624230e+07   8.35557800e+06
   6.66485250e+05   1.39695510e+07   3.58080560e+07   2.69659220e+07
   1.18587530e+07   7.75273250e+06   3.44327425e+06   1.20110890e+07
   5.22089840e+07   3.29871660e+07   6.65399688e+05   5.40728720e+07
   3.13236700e+07   6.91185800e+06   3.79142360e+07   3.34965940e+07
   5.88096200e+07   3.21423940e+07   2.19223825e+06   3.04891020e+07
   2.01096280e+07   8.28672160e+07   8.02079650e+06   1.49087440e+07
   4.55159680e+07   1.05539707e+04   2.02827980e+07   6.47837240e+07]
[  5.34326100e+06   1.51298110e+07   5.42627148e+04   1.35906891e+05
   5.45770938e+04   4.99055547e+04   1.86820062e+05   6.44994250e+06
   9.35848359e+04   2.74797875e+06   9.47761700e+06   1.11100662e+06
   1.90345475e+06   2.85439825e+06   4.67392695e+04   1.48261688e+05
   4.00751850e+06   5.93508938e+05   1.09866488e+06   7.48058900e+06
   2.42642975e+06   1.08394385e+04   1.40661500e+07   1.81779180e+07
   1.40244230e+07   0.00000000e+00   6.31757812e+05   5.20709250e+06
   1.79605538e+06   9.04883800e+06   3.03763691e+04   1.38438400e+07
   9.87168375e+05   5.76727700e+06   3.55980400e+06   6.52489500e+06
   7.41465188e+05   2.49469020e+07   4.70024150e+06   1.73515137e+04
   8.07814550e+06   5.87795500e+06   6.64730250e+06   1.92927860e+07
   3.21233500e+06   3.72039312e+05   1.38551760e+07   6.98470469e+04
   3.72250925e+06   1.02420756e+06   3.05706450e+06   8.86815234e+04
   5.26705200e+06   1.93671000e+06   2.10807280e+07   1.52511990e+07
   2.81923350e+06   3.54419062e+04   1.74662625e+05   4.94356031e+05
   3.51059125e+06   2.10893840e+07   1.30951070e+07   4.75526000e+06
   2.51659000e+07   3.55158425e+06   1.79407220e+07   9.21178400e+06
   3.96123219e+05   1.81395700e+06   1.03269980e+07   1.52091570e+07
   2.38181750e+06   5.19318719e+05   0.00000000e+00   4.51989150e+06
   3.06796469e+05   8.15077400e+06   6.74184500e+06   1.41766656e+05
   2.99114961e+04   8.77371100e+06   4.83079400e+06   1.53312891e+04
   5.16071050e+06   9.06674300e+06   6.03770850e+06   1.85456484e+04
   8.18468400e+06   1.66858862e+06   9.41594700e+06   5.66454900e+06
   8.13135625e+05   7.32121650e+06   1.22643112e+06   9.22964200e+06
   5.83982129e+03   4.49759200e+06   2.36330450e+06   4.05224625e+05
   5.35085200e+06   1.38337850e+06   5.87755188e+05   1.91631512e+06
   7.56573438e+03   7.98941312e+05   2.64869375e+05   1.21218338e+06
   4.87172950e+06   3.98760719e+05   2.21536297e+05   1.06037710e+07
   6.81403812e+05   1.06944500e+07   7.92582250e+06   9.89898500e+06
   2.26295300e+06   1.17756962e+06   4.59679400e+06   1.50446775e+06
   3.94864775e+06   7.45262400e+06   1.29729727e+05   9.22827300e+06
   2.61277800e+06   4.83492734e+04   2.97366700e+07   1.02052168e+04]
[  5.79885800e+06   3.51084450e+06   3.70011969e+05   0.00000000e+00
   2.34048477e+04   4.02194950e+06   1.56439175e+06   2.09084638e+06
   2.05500380e+07   7.70433400e+06   1.19169490e+07   1.00679680e+07
   3.78567425e+06   6.98208000e+05   1.70751055e+04   3.51999875e+06
   2.43831100e+06   4.74890250e+06   3.62879000e+06   3.40816562e+04
   1.23472440e+07   4.43993200e+06   3.24549250e+06   9.17159609e+04
   9.50558375e+05   3.91029938e+05   2.18781100e+06   9.03644700e+06
   1.82769625e+05   8.19089700e+06   7.93511797e+04   1.91993500e+07
   5.98593900e+06   2.73077875e+05   1.98804900e+06   3.22789850e+06
   4.39149550e+06   1.56130970e+07   2.61564547e+05   1.05791383e+05
   2.74274925e+06   7.79251719e+04   5.33082891e+04   8.45475875e+05
   1.35642038e+06   1.26536400e+07   8.84331900e+06   7.82835150e+06
   4.63333700e+06   2.09068200e+07   3.99518375e+06   6.82057650e+06
   8.15088700e+06   1.93120600e+06   2.03048219e+05   2.62686812e+05
   6.74660550e+06   1.44726975e+06   9.66700821e+01   4.90232100e+06
   5.05333000e+06   9.90642900e+06   9.52041300e+06   5.21041450e+06
   7.07610000e+05   1.52053040e+07   4.43163812e+05   6.13501100e+06
   5.40447300e+06   1.10723630e+07   3.22992100e+06   1.88068100e+07
   1.45580240e+07   8.68154300e+06   2.55774040e+07   9.70933984e+03
   6.36034900e+06   2.82899200e+06   2.18134220e+07   4.72261150e+06
   4.07068450e+06   6.38564453e+04   1.24320890e+07   4.86654000e+06
   8.25334297e+04   9.11940100e+06   1.25195725e+06   4.80496400e+06
   1.17391375e+05   1.69665025e+06   1.12375688e+05   9.82829300e+06
   4.13743656e+05   1.41968000e+07   1.94205275e+06   4.35609750e+06
   8.81625125e+05   9.82851200e+06   1.40636125e+06   1.70066320e+07
   2.35480766e+05   3.55101562e+05   2.16537820e+07   4.15918213e+03
   2.90995750e+05   2.09052800e+07   4.24007400e+06   9.52596600e+06
   1.32467100e+07   9.56328400e+06   1.65139805e+04   6.78684700e+06
   6.45910750e+05   3.17087620e+07   6.14713100e+06   1.18423038e+06
   6.47806375e+05   6.25490600e+06   6.04863828e+04   6.70242500e+04
   2.03758380e+07   3.72120750e+06   3.27073105e+04   1.09465850e+07
   7.64434650e+06   3.01996125e+06   1.79842140e+07   1.20313860e+07]
[  0.00000000e+00   1.58460400e+04   1.91608938e+06   1.27447998e+04
   2.46780586e+00   8.06905151e+02   1.40848120e+03   1.63899155e+02
   3.56648975e+06   2.12413145e+04   3.80666534e+02   1.40299893e+04
   1.70927868e+01   1.26026789e+05   9.24423281e+04   1.35063147e+03
   2.79411055e+04   1.01858725e+06   6.41313184e+03   8.74883438e+04
   4.32050171e+02   7.63891455e+03   7.61929188e+05   6.95764990e+03
   1.76892070e+04   9.89618164e+02   2.81906675e+06   0.00000000e+00
   3.40628296e+03   8.87351074e+03   1.56266739e+02   2.87711761e+02
   0.00000000e+00   1.10917550e+06   5.74549414e+04   2.34815300e+06
   2.97274000e+06   1.05074961e+04   3.48691675e+03   2.85391064e+03
   5.59054980e+03   1.87826929e+03   7.15648389e+03   5.59130188e+05
   9.34714355e+03   1.13128235e+03   8.46892929e+00   1.65170979e+00
   1.26101125e+05   2.75010586e+04   3.28893477e+04   5.54836243e+02
   2.45921425e+06   6.02101375e+05   1.82009659e+01   1.41672891e+05
   8.57622188e+05   1.45010588e+06   2.80579126e+03   5.19565248e+00
   9.77980859e+04   5.61893555e+04   5.07076500e+05   1.10731391e+05
   7.76493225e+01   1.60753613e+04   1.55788562e+03   2.95587329e+03
   7.50821094e+03   1.79650031e+05   1.74644625e+06   2.60950700e+06
   0.00000000e+00   2.01137988e+04   2.58328583e+02   1.58723389e+02
   1.57104531e+04   4.93772375e+05   8.53822062e+05   1.25921984e+05
   1.70247125e+05   5.42810107e+03   1.62455840e+04   2.02195312e+03
   2.72978150e+06   3.81833675e+06   8.24295375e+05   2.25970000e+06
   1.42808672e+05   2.97368073e+02   6.34613281e+03   5.98597148e+04
   5.32548000e+05   9.65208105e+03   0.00000000e+00   7.84733398e+03
   4.87370654e+03   8.73683500e+05   6.30092969e+03   3.53393906e+04
   3.01272285e+04   1.35226016e+04   2.34609700e+06   1.68552594e+05
   2.07697632e+03   5.56150586e+03   1.42790400e+04   6.11262939e+03
   2.20735588e+01   1.28871828e+05   1.30011250e+06   3.71417227e+04
   0.00000000e+00   3.03561777e+04   2.44108457e+04   8.81290430e+03
   0.00000000e+00   7.17932275e+03   2.07381274e+03   3.26711425e+06
   3.88914141e+04   4.10711288e+01   3.01409902e+04   3.21249097e+03
   5.99286768e+03   1.51828912e+06   1.15737720e+03   0.00000000e+00
   1.22031712e+06   3.23160098e+04   1.59690576e+04   1.80396934e+04
   1.84573711e+04   2.05319238e+06   3.10568371e+01   7.77603223e+03
   4.52982200e+06   1.08749988e+06   2.32980156e+04   0.00000000e+00
   2.39286328e+04   7.08495544e+02   6.49677783e+03   1.01954400e+06
   1.92492993e+03   2.68740375e+06   3.88171460e+03   3.25457715e+03
   1.76608688e+05   1.18561029e+01   6.26202930e+03   6.58618506e+03
   1.81338359e+05   1.36103250e+05   1.20976912e+06   3.44081470e+03
   9.02234570e+03   4.10339938e+05   1.64062388e+06   2.91524750e+05
   3.24185699e+02   2.08443422e+05   1.67040738e+06   1.36686709e+04
   3.66407383e+04   3.74433125e+06   1.92890450e+06   2.66765812e+05
   9.30346250e+04   2.13774025e+06   2.25615925e+06   1.04649355e+04
   9.06681055e+03   6.73742438e+05   1.29350898e+04   1.75522559e+04
   2.42985350e+06   5.67350977e+03   3.42396750e+06   9.23623906e+04
   7.78445688e+05   1.71988328e+05   6.87833062e+05   1.31577578e+04
   1.39535430e+04   1.08229736e+04   1.42477266e+05   4.88429883e+04
   1.36821238e+06   8.01931836e+03   4.52405273e+03   2.65316575e+06
   1.30732584e+01   1.03660138e+06   1.04815041e+02   2.65930950e+06
   1.64131758e+04   6.63702438e+05   2.88606950e+06   1.39814262e+06
   4.85530914e+02   2.31580675e+06   1.77692675e+06   2.84701324e+02
   1.05844281e+05   1.50620520e+03   2.07702124e+03   1.70872207e+04
   5.58961963e+03   1.25550812e+06   6.46240000e+05   2.68900175e+06
   1.09364521e+04   3.18712246e+04   2.46407223e+00   2.87759180e+04
   6.52879272e+02   1.51553788e+06   4.29010547e+04   2.89941772e+02
   1.25035205e+03   4.90012549e+03   1.78631885e+03   2.05652094e+05
   7.88985625e+05   0.00000000e+00   0.00000000e+00   3.21929594e+05
   3.62267456e+02   1.29419862e+06   3.13050664e+04   9.79166443e+02
   1.70658950e+06   1.47478857e+04   1.41657075e+06   3.21395844e+02
   2.19632599e+02   5.30577188e+04   1.11130950e+06   3.39752393e+03
   1.01663388e+06   1.68663462e+06   1.45080798e+03   3.87985815e+03
   5.15181172e+04   1.23902764e+04   8.44396851e+02   5.04994385e+03
   4.19837930e+04   5.42452625e+05   1.63159551e+04   2.05276538e+03
   5.18395459e+03   1.23008623e+01   1.04453162e+03   7.11097875e+05]
[  2.71316275e+06   6.22844043e+03   6.96806274e+02   5.72088684e+02
   1.90249738e+06   2.27706525e+06   3.57162812e+05   1.01648816e+03
   2.56911621e+04   2.80962793e+03   2.30581348e+03   1.48103350e+04
   3.71155542e+03   4.31378633e+04   4.17798682e+03   9.65250391e+03
   1.59344620e+02   5.49420715e+02   1.62606138e+06   8.32318516e+04
   0.00000000e+00   6.44846191e+01   3.28196350e+02   6.95858250e+05
   1.31715744e+02   2.42461499e+03   0.00000000e+00   4.72218281e+05
   3.15302266e+04   7.63146210e+01   4.98541211e+04   1.76238574e+04
   1.58160615e+04   1.12142016e+05   6.91395410e+03   2.87913008e+04
   2.03775898e+04   8.30718689e+02   3.29672534e+03   0.00000000e+00
   1.87400625e+05   5.71545469e+04   1.16267354e+04   5.14712207e+03
   1.59370205e+04   1.00168408e+04   5.17056750e+05   3.81424883e+04
   1.61426000e+05   8.62465515e+02   1.30899053e+04   2.67029712e+03
   7.45963672e+03   1.75588320e+04   3.19068531e+05   2.01622906e+05
   9.69509531e+04   3.34574031e+05   1.15335430e+05   1.41338416e+03
   6.46804346e+03   9.89843359e+04   0.00000000e+00   4.67929535e+02
   0.00000000e+00   2.86632988e+04   4.12147531e+05   5.06005554e+02
   1.70332336e+03   5.02595117e+04   1.16023162e+06   3.11480804e+02
   3.87353398e+04   1.69264629e+04   3.39601875e+04   9.17254453e+04
   7.20398125e+04   1.27561064e+04   8.38450234e+04   6.62419125e+05
   3.60943359e+02   1.80770957e+04   3.35511422e+00   6.95985625e+04
   1.17392822e+03   4.74384375e+04   1.62251782e+03   2.22230176e+04
   1.65847891e+04   1.85757031e+04   1.54351191e+04   1.38127783e+04
   6.37584023e+04   7.30745000e+05   1.14302844e+03   0.00000000e+00
   2.52136656e+05   2.92562805e+02   1.92389922e+04   7.42741016e+04
   2.03599023e+03   3.22945254e+04   1.40320375e+06   1.22188196e+03
   1.06405945e+03   3.60356875e+04   9.48950859e+04   8.11562344e+04
   2.86975801e+04   2.41315850e+06   1.53804858e+03   1.05545275e+06
   4.57542839e+01   1.14793750e+03   5.73361768e+03   2.29149004e+04
   6.70053125e+03   1.58302627e+04   2.57413164e+04   7.46990391e+04
   7.33130371e+03   4.78127991e+02   1.06591582e+04   4.31957094e+05
   2.82098901e+03   4.00926758e+03   1.96598291e+00   3.21599766e+04
   7.60231201e+02   2.73826450e+06   4.71151719e+04   1.42816028e+03
   4.88800342e+03   2.14353100e+06   6.36830994e+02   1.60705264e+04
   3.41103398e+04   1.27765562e+06   1.09199414e+03   4.52139759e+00
   2.81892052e+01   1.21218542e+03   9.43757422e+03   7.12556406e+04
   0.00000000e+00   1.49279810e+03   1.89402698e+03   0.00000000e+00
   0.00000000e+00   1.15100000e+03   6.77139648e+02   2.06658447e+03
   1.10547988e+06   2.24549422e+05   2.40021622e+02   3.61568250e+05
   1.12076807e+03   1.99126587e+02   3.44394688e+04   1.93094850e+06
   7.79047974e+02   7.93825195e+03   1.26947034e+03   0.00000000e+00
   2.66534188e+05   0.00000000e+00   5.48509750e+05   7.17288867e+03
   3.45465688e+05   2.45705000e+06   1.50641251e+02   1.89474144e+01
   2.46500605e+04   3.37242938e+05   9.47764062e+05   3.08191797e+03
   8.17528076e+03   2.49318213e+03   1.09479160e+04   1.95618515e+01
   7.92763428e+03   1.27159932e+04   1.77000637e+01   1.95004199e+04
   1.00235891e+01   8.20364319e+02   8.27222969e+04   2.02209941e+04
   2.26528784e+03   2.05333618e+02   1.05280838e+06   2.79523193e+03
   1.48790894e+02   1.15116211e+04   5.32818984e+04   8.13904248e+03
   9.83906172e+04   3.17113105e+04   5.48036125e+05   1.24526148e+01
   5.21720772e+01   0.00000000e+00   7.56127375e+05   3.67315781e+04
   2.83690449e+04   1.25415184e+02   1.96444219e+04   1.31498712e+06
   1.73408781e+05   1.62856475e+06   5.32298803e+00   2.29789404e+03
   7.21786621e+03   3.97433320e+04   3.45322815e+02   4.38012125e+05
   4.64307031e+05   5.07633887e+03   1.26077402e+04   4.18478564e+03
   1.08969209e+04   2.14522891e+04   3.94382397e+03   1.24966052e+03
   2.12395554e+01   1.25387383e+05   1.43254797e+05   6.11899756e+03
   4.24816211e+03   1.36641383e+00   7.63749390e+01   1.04824990e+04
   3.21690031e+05   8.16377588e+03   1.69225238e+06   1.23987246e+04
   4.34932666e+03   1.57070688e+06   4.24912310e+00   3.37017250e+01
   2.24091675e+03   3.21323000e+05   1.76797829e+01   0.00000000e+00
   9.97581604e+02   2.24499954e+02   1.48188711e+04   5.38004102e+03
   8.34933562e+05   2.94589031e+05   3.46020352e+04   9.73247188e+04
   1.53594297e+04   8.39908062e+05   1.51879678e+04   3.83068203e+04]
[  3.90750250e+05   6.06495508e+04   1.08986536e+03   9.93332458e+02
   5.95726812e+05   4.60316406e+03   4.06631367e+04   2.71639922e+04
   2.18001660e+03   9.84607188e+05   8.90751660e+03   8.24721953e+04
   1.31062354e+04   5.38635840e+03   8.00367041e+03   1.30831372e+03
   0.00000000e+00   4.31218896e+03   5.20099258e+00   2.86890503e+03
   2.93075059e+04   1.94078438e+05   2.39597969e+04   1.49431016e+04
   6.99929932e+02   1.00614600e+04   4.76010889e+03   2.12187922e+05
   1.96911230e+04   4.19386750e+05   6.63468384e+02   2.27047246e+04
   5.04205078e+04   8.30137578e+04   3.87693188e+03   1.42679121e+04
   5.95320938e+05   1.99963400e+06   8.07446655e+02   1.82317338e+06
   6.00688538e+02   2.71718311e+03   4.43162842e+03   7.14583438e+04
   2.37836777e+04   1.13772930e+04   1.63441907e+03   3.06773418e+04
   2.69014062e+04   2.78460498e+03   8.65989141e+04   1.37510500e+06
   8.05481110e+01   2.74711094e+01   7.94914185e+02   6.07465283e+03
   2.82042993e+03   2.07302250e+05   7.65033662e-01   9.96456543e+03
   2.59092188e+03   4.84235703e+04   2.10865063e+03   1.24813438e+04
   1.50599531e+04   3.28225742e+04   1.42151943e+04   8.39445410e+03
   2.52695469e+05   8.92810703e+04   1.54814697e+04   3.02171533e+03
   1.79414328e+05   1.69423848e+04   5.51771875e+05   1.37918547e+05
   2.62492094e+05   3.92815938e+04   5.41286426e+03   2.44326172e+03
   1.49936142e+02   1.32151581e+02   9.65980000e+04   2.49121124e+02
   9.73983828e+04   1.90901291e+02   1.95385859e+05   3.54109772e+02
   1.45790124e+00   1.72640332e+03   7.39963745e+02   1.00177301e+03
   3.35324805e+04   1.92147998e+03   1.55463969e+05   5.71561426e+03
   1.54777756e+02   3.82471875e+05   7.83022312e+05   1.38221547e+05
   8.70542891e+04   6.19224648e+04   2.35171924e+03   1.89476318e+03
   5.69499102e+04   3.11133154e+03   6.44881938e+05   3.25807910e+04
   4.18938354e+02   7.52219482e+03   1.80263320e+04   7.03972021e+03
   3.42630352e+04   7.03316553e+03   8.92018494e+02   1.04654117e+05
   1.20557764e+03   9.97741406e+04   4.74163398e+04   6.64423203e+04
   2.00968056e+01   1.13506325e+06   4.80575469e+04   3.79415969e+05
   4.95540391e+04   1.24404211e+03   2.00468730e+04   3.49292412e+01
   1.28248401e+03   2.03595398e+02   2.18333252e+03   4.52761055e+04
   1.48872188e+04   4.85136865e+03   1.23999170e+04   1.01721582e+04
   1.63513877e+04   1.08732977e+05   1.17608818e+04   1.31180212e+03
   1.85282974e+02   4.91620195e+04   3.02395825e+03   5.41954609e+04
   2.34184668e+04   6.72970264e+03   3.40192617e+04   6.49087572e+00
   7.37320859e+04   6.37749023e+03   1.88321289e+04   1.37885359e+05
   4.16538428e+03   2.52066703e+05   8.37624588e+01   1.50250840e+04
   6.28003984e+04   3.90662646e+03   2.20407578e+05   8.24946533e+02
   4.59549896e+02   4.09543732e+02   6.00164648e+03   1.00416431e+03
   2.70267090e+03   6.66906592e+03   5.66552852e+04   3.29936438e+05
   2.17378784e+03   5.24548125e+04   7.02612000e+01   6.82764600e+03
   2.38439404e+03   3.33822510e+03   3.17335703e+04   4.74573730e+03
   8.99711641e+04   5.89702393e+03   1.11575609e+05   5.20986914e+04
   6.23592529e+02   6.69199297e+04   1.29003711e+04   1.15330664e+04
   1.15933797e+05   1.41308740e+03   1.50668078e+05   1.79339197e+03
   1.24973023e+05   7.93115500e+05   7.61990078e+04   5.98474072e+03
   1.67702832e+03   1.42969875e+05   1.38235794e+02   1.87349756e+03
   4.75052656e+04   1.69515195e+04   1.04162236e+04   4.62281523e+04
   6.92369434e+03   5.07238922e+02   3.09146191e+04   3.65828219e+05
   1.72778141e+05   2.87846436e+02   2.26590039e+04   1.53020791e+04
   2.98605344e+05   0.00000000e+00   3.62591919e+03   8.46810547e+03
   4.55099570e+04   3.64028945e+04   1.39146281e+05   1.20061302e+02
   1.05327002e+04   2.11934961e+04   3.55988464e+02   1.77210031e+05
   8.66555957e+03   9.93631055e+03   1.31639443e+04   1.30088652e+04
   3.35943438e+04   0.00000000e+00   1.39794876e+02   2.35213555e+04
   4.24287695e+03   4.88665234e+04   2.03300703e+04   7.54067422e+04
   2.08982861e+03   4.54900078e+04   1.69223238e+06   4.86947363e+03
   2.45432959e+03   5.25893506e+03   1.37788262e+06   6.04300293e+03
   5.48031934e+03   5.74457886e+02   3.30277930e+03   5.87088806e+02
   6.28324023e+04   6.09327250e+05   1.06629391e+01   8.24549866e+00
   2.37428688e+05   2.47894238e+04   5.15159082e+00   6.29447305e+04
   1.01074248e+04   1.88920837e+03   4.68634186e+02   4.99115039e+03]
[  5.16407043e+02   1.98022969e+04   4.87370625e+04   4.01494453e+04
   1.83916614e+03   9.53710312e+04   3.49850677e+02   3.96300562e+03
   6.23646057e+02   4.87565956e+01   1.06185445e+05   1.01516016e+04
   1.38834155e+03   6.92398340e+03   6.89531641e+03   5.99750549e+02
   1.42424424e+04   2.60682324e+04   3.43556641e+04   3.91316431e+03
   1.49184036e+02   1.25955289e+05   3.23357227e+03   2.18982498e+02
   8.53862812e+04   1.80838750e+04   1.18193602e+05   7.44148730e+03
   8.77397969e+04   1.87785859e+04   1.27120488e+04   1.57397672e+05
   2.15936875e+04   3.92414141e+04   4.82525000e+04   9.24865547e+04
   1.12187812e+05   3.03162402e+03   2.14183197e+02   3.82662656e+04
   4.21412086e+01   1.55383219e+05   6.08257773e+04   4.27421836e+04
   1.03313316e+02   1.00911602e+04   9.99703418e+03   3.31830430e+04
   0.00000000e+00   3.64772891e+04   1.29429055e+05   1.06772314e+03
   2.91265190e-01   2.45281309e+04   1.46092598e+04   1.97426660e+04
   1.19447651e+01   1.63438745e+03   1.82476547e+02   4.45482849e+02
   2.04458569e+03   1.64373938e+05   2.74203145e+04   2.81736035e+03
   4.58031738e+03   1.46143398e+04   1.57647742e+03   1.22504601e+02
   7.26945068e+03   1.04367542e+03   3.96310195e+04   2.61054321e+03
   8.13347188e+04   9.37154419e+02   1.03929512e+02   6.41652893e+02
   1.83360519e+02   1.13752632e+01   1.51648859e+05   7.01822188e+04
   6.61290436e+01   1.07586865e+04   2.45683848e+04   1.17634906e+05
   1.35983362e+03   0.00000000e+00   3.83367462e+02   6.46875916e+02
   1.48184375e+05   8.77613359e+04   1.01573564e+04   3.70022850e+01
   1.34291891e+05   2.42935742e+04   5.11436328e+04   1.98643496e+04
   1.98060508e+04   1.88780548e+02   4.64946055e+04   4.94795195e+04
   4.59756738e+03   4.67547699e+02   1.63542359e+05   2.82344507e+03
   4.13262773e+04   4.54180781e+04   1.47348804e+03   1.15134836e+05
   9.38155547e+04   2.34466284e+03   1.03869961e+04   2.64490326e+02
   4.02716445e+04   2.30378418e+01   7.10143677e+02   2.67591367e+04
   0.00000000e+00   3.95310469e+04   5.83061981e+00   5.15949375e+04
   1.08133569e+03   1.26214258e+05   2.10779727e+04   4.76559961e+03
   5.59889502e+03   5.67056367e+04   3.91648511e+03   3.40593906e+04
   3.26332930e+04   6.37557275e+03   6.26733459e+02   2.16330215e+04
   2.22139160e+04   2.82822168e+04   4.05437773e+04   7.16926575e+01
   7.64832666e+03   2.34124069e+01   7.43999939e+02   1.66181660e+01
   5.19734688e+04   9.72571106e+02   2.20490488e+04   7.26684332e+00
   1.99841797e+03   3.09034546e+03   1.41618945e+03   5.52076514e+03
   2.24765503e+02   2.34182930e+04   1.07822109e+05   8.74869434e+03
   7.08719727e+02   3.56759961e+03   8.54151764e+01   0.00000000e+00
   3.47611298e+02   6.51245789e+02   3.65893219e+02   1.12505852e+05
   1.75263379e+04   4.37540137e+03   2.56940703e+04   4.10923195e+00
   6.71942109e+04   9.32509033e+02   1.07174680e+05   1.68720871e+02
   7.17173906e+04   6.43818555e+04   9.39183289e+02   9.97002734e+03
   4.35853906e+04   2.79830615e+03   8.90801484e+04   6.52374883e+04
   4.04868672e+04   3.36286694e+03   1.31382432e+04   7.52777771e+02
   4.79041523e+04   1.37378296e+02   2.33111289e+04   3.29405156e+04
   4.91418799e+03   4.11451680e+04   9.34675391e+04   1.22367314e+04
   2.60435083e+03   1.34804553e+03   2.81392041e+03   2.69407402e+04
   1.20843477e+04   1.66773531e+05   1.55038500e+05   4.99545352e+04
   1.85556621e+04   3.20564746e+04   9.16249902e+03   2.97800049e+03
   1.47510719e+05   1.92491641e+04   2.57697411e+01   1.08077156e+05
   1.34765266e+05   2.43813286e+01   5.37534961e+04   7.77712188e+04
   5.88046551e+00   6.67155695e+00   1.12798511e+03   2.89093903e+02
   4.50366516e+02   1.34412732e+03   5.95305508e+04   3.35289014e+03
   4.49624951e+03   1.58453848e+04   4.01489609e+04   2.36356641e+04
   9.17804883e+03   1.08864242e+05   3.55201492e+01   8.58230400e+00
   5.45593594e+04   4.57004785e+03   1.54386157e+03   0.00000000e+00
   1.86637650e+02   1.55887939e+03   1.95432327e+02   8.99662231e+02
   7.14227734e+04   6.14487734e+04   1.27428164e+05   1.53184277e+03
   6.49776602e+04   2.49859692e+03   1.89948340e+04   5.57603223e+03
   1.61016846e+04   4.25293047e+04   7.73545850e+03   5.77121094e+04
   6.97926819e+02   1.80414141e+05   8.38391113e+03   8.86824036e+00
   1.18081729e+04   3.79622617e+04   3.85205820e+04   9.19434844e+04
   6.41520312e+03   1.90215922e+05   2.87858242e+04   7.56513125e+04
   1.11239281e+05   1.21133936e+03   6.17126541e+01   6.89583984e+04
   7.51469531e+04   2.55969887e+01   4.25690137e+03   2.45144165e+03
   1.34709091e+01   1.11819336e+04   6.30796753e+02   1.38563500e+05
   5.69002305e+04   6.37131775e+02   1.12206287e+01   5.88994812e+02
   1.35785459e+04   6.22080420e+03   1.35153625e+05   3.86979258e+04
   8.47493172e+00   1.94766464e+01   1.22177812e+05   8.68879297e+03
   2.55845051e+01   1.51730688e+03   1.26143994e+04   1.42451438e+05
   1.79155725e+03   5.19006641e+03   1.10592522e+02   1.00670148e+03
   6.83244812e+02   8.12420264e+03   1.49532285e+04   1.31962754e+04
   8.67065625e+04   4.50382266e+04   5.82281250e+04   1.25049683e+03
   1.45838480e+01   9.02751617e+01   4.13790625e+04   9.43222266e+04
   6.86974192e+00   1.88209814e+03   2.89377363e+04   1.36569000e+02
   1.35958203e+03   7.18054844e+04   3.93008032e+03   5.20739746e+02
   8.88815625e+04   2.52161987e+02   8.64903793e+01   1.04587129e+04
   5.01306458e+02   7.73101318e+02   1.04448531e+05   1.01703391e+05
   3.81555214e+01   5.88323555e+04   1.16836328e+04   6.82493115e+03
   1.30166931e+02   1.10382725e+04   1.19938781e+05   3.32505347e+03
   1.30073578e+05   1.23325023e+05   1.87533234e+05   5.34890039e+04
   3.70239141e+04   6.44699890e+02   5.00266406e+04   1.28043789e+04
   1.04114555e+05   3.77736298e+02   1.62789612e+03   7.21927266e+04
   2.37434082e+01   3.44931797e+04   3.66166992e+03   3.13813281e+04
   9.67158594e+04   1.01021313e+03   1.19899180e+04   6.66417999e+01
   3.66087250e+02   1.43649648e+04   3.09116582e+04   3.04622131e+02
   1.16117686e+04   1.10945752e+03   2.64416055e+04   4.86129791e+02
   1.28818433e+03   6.75617422e+04   4.93862256e+03   1.37518457e+03
   1.43867141e+05   1.26668958e+03   5.43028320e+04   1.92458809e+04
   6.77424141e+04   6.43061797e+04   3.33994812e+02   7.70403381e+02
   3.61835059e+03   1.06321228e+03   1.08448789e+05   4.89824219e+03
   7.83683203e+04   4.35215039e+03   5.72386182e+03   2.13760327e+03
   2.08801289e+04   1.10783508e+03   6.11664961e+04   7.78739258e+03
   4.57781055e+03   4.53816943e+03   3.49461365e+02   7.85110321e+01
   3.90892891e+04   1.76342344e+04   4.56100555e+02   2.26981055e+04
   3.21710498e+03   3.40408862e+03   3.52423828e+03   1.52574717e+04
   1.71905969e+03   1.11370514e+02   2.13718433e+03   1.40417755e+02
   7.69982568e+03   1.14042627e+04   3.40686211e+04   1.13744492e+05
   1.43764429e+03   4.86100098e+02   1.24355176e+03   8.57992554e+02
   1.69249077e+01   9.18626660e+03   3.92069023e+04   1.01978758e+05
   4.91633438e+04   1.13430986e+04   6.14293213e+03   7.32394485e+01
   1.50470927e-01   3.63865328e+00   2.15140254e+04   1.85486836e+04
   6.27538965e+03   5.90458557e+02   4.95721836e+04   2.61841445e+04
   1.06107129e+03   2.08116621e+04   3.35364844e+04   1.96258613e+04
   4.45647705e+03   8.51676660e+03   4.09961133e+03   9.55661016e+04
   1.09490852e+05   1.35783311e+04   3.82164297e+04   4.16233594e+03
   1.24030805e+05   1.64096594e+03   5.83243530e+02   9.70156250e+03
   9.50887734e+04   5.68517695e+04   2.50872109e+04   4.68466406e+03
   2.16517517e+02   4.15303009e+02   2.48129199e+04   8.83666504e+03
   2.11076074e+04   6.24108545e+03   8.70098047e+03   1.83722610e+01
   0.00000000e+00   3.03551074e+04   3.01280914e+02   3.29590454e+03
   1.52604333e+03   8.38358594e+04   1.46085010e+03   1.30667547e+05
   1.39763086e+04   0.00000000e+00   3.52092480e+03   0.00000000e+00
   1.58163794e+03   2.61674004e+04   2.60445762e+00   3.13002832e+03
   2.00704865e+02   1.56774238e+04   2.93028381e+02   6.25025000e+03
   2.87662578e+04   1.00190883e+05   1.22154822e+03   0.00000000e+00
   1.59149756e+03   5.72600049e+03   1.83207150e+01   1.24903223e+03
   1.66584414e+04   3.59761292e+02   1.52540039e+03   1.62007190e+03
   3.31059961e+04   6.81147021e+03   2.79310723e+04   0.00000000e+00
   5.00878448e+02   1.74123938e+03   7.22803516e+04   1.58561445e+04
   2.40722734e+04   4.07363205e+01   3.74195947e+03   4.54924393e+00
   1.60007705e+04   1.88185046e+03   1.54961219e+05   3.95221161e+02
   1.23249795e+04   8.88452332e+02   5.88625635e+03   5.84828955e+03
   5.24903809e+03   1.34280953e+05   2.62463647e+03   5.65337773e+04
   5.33433545e+03   1.78920334e+02   1.92834778e+01   3.35247500e+04
   3.11130933e+03   7.70469141e+04   3.78547998e+03   6.09174461e+01
   4.72664570e+04   6.05967285e+02   2.11339066e+02   1.98619438e+05]
[  6.54559961e+03   8.19281055e+03   2.40564355e+03   9.18401909e+00
   3.79443672e+04   3.23919678e+00   5.13999570e+04   4.10666406e+04
   8.96747578e+04   2.75508148e+02   3.08397858e+02   2.02106309e+04
   3.36779785e+01   9.41757969e+04   1.20286377e+04   4.79082069e+01
   4.77475403e+02   3.29014648e+03   8.92356262e+02   1.00340997e+03
   6.56653662e+03   3.59746313e+03   1.67106128e+03   3.47077332e+02
   3.65130035e+02   1.35636777e+04   1.46641394e+03   2.51127812e+04
   4.71579346e+03   7.25498596e+02   4.53019981e+01   4.44904694e+02
   7.93381653e+02   0.00000000e+00   4.97778137e+02   9.28979614e+02
   1.82744287e+03   4.85625648e+01   3.04220645e+04   5.53867859e+02
   1.96214551e+04   4.32650098e+03   2.89770081e+02   3.91168555e+04
   3.34329858e+03   7.22758423e+02   4.86606543e+03   3.67552765e+02
   7.13913879e+02   7.62828735e+02   3.40367529e+03   1.80358772e+01
   3.60887432e+00   1.08099619e+04   2.10920117e+03   3.10433057e+03
   8.58589160e+03   7.89873657e+02   2.52102829e+02   1.48286915e+01
   9.23917949e-01   1.41314868e+03   3.02530243e+02   1.12636328e+03
   4.06571686e+02   2.23396408e+02   6.94432031e+03   4.56906592e+03
   6.62329219e+04   1.95912170e+02   7.04496384e+01   5.14688828e+04
   9.13341236e+00   7.42517676e+03   2.39565796e+03   1.82561792e+03
   5.43304086e-01   5.81843262e+03   5.74736084e+02   6.76723389e+02
   1.04193274e+03   1.18200164e+05   4.93593125e+04   2.45875234e+04
   1.23486902e+03   3.95849800e+00   1.77081602e+04   1.71891577e+03
   1.27548938e+03   3.34175934e+02   3.31972383e+04   4.03258081e+03
   2.57614722e+03   0.00000000e+00   6.85792041e+03   5.77722473e+01
   6.87486145e+02   2.61583047e+04   7.64812109e+03   5.95882129e+03
   3.65521826e+03   3.23121899e+03   1.88518188e+03   9.34288120e+00
   2.21793396e+02   2.48695874e+03   2.82555332e+04   1.55758682e+02
   7.03659219e+04   1.07972633e+05   8.35721008e+02   3.68071472e+02
   7.27089355e+02   2.46347510e+03   1.01510891e+05   3.53696826e+03
   8.86949280e+02   1.65338611e+03   2.39048729e+01   8.47292664e+02
   2.73874542e+02   6.31497803e+03   7.14288513e+02   1.81715810e+00
   5.28430703e+04   5.33731628e+02   4.00487012e+03   4.50060211e+02
   2.54320450e+01   2.79930781e+04   8.68460464e+01   8.76038757e+02
   4.50928070e+02   1.29498770e+04   3.23858184e+04   9.40518570e+00
   1.03318405e+02   4.40551788e+02   2.07556152e+04   0.00000000e+00
   6.14956856e+01   2.49383682e+02   1.75562637e+04   1.12461517e+02
   4.37140527e+03   9.66469531e+03   1.03283799e+04   4.98401680e+04
   1.01645105e+03   2.99217090e+03   8.11925547e+04   8.39125098e+03
   2.13307871e+04   6.50508850e+02   2.82893524e+02   9.64651250e+04
   7.23844678e+03   3.54189883e+04   3.01998413e+03   7.04214990e+03
   6.62237207e+03   8.35176855e+03   0.00000000e+00   3.81063141e+02
   5.86826484e+04   3.23831079e+03   1.22035258e+05   7.13463211e+01
   7.32146631e+03   2.58101406e+04   3.27219330e+02   2.93085693e+03
   9.15198984e+04   1.89073164e+04   2.84718475e+01   1.20651660e+03
   1.64507520e+03   7.82418262e+03   8.41437195e+02   1.55234802e+03
   9.33072266e+04   1.20121521e+03   6.32153259e+02   0.00000000e+00
   1.27358330e+04   7.55780625e+04   0.00000000e+00   8.24932251e+02
   5.49652222e+02   7.99467109e+04   1.29210901e+03   3.56932800e+02
   9.76318359e+00   7.58211328e+04   5.38096094e+03   8.61915234e+03
   3.85870636e+02   3.00284746e+04   9.33993042e+02   6.94675938e+04
   2.63728672e+04   1.81619217e+02   0.00000000e+00   8.75527039e+01
   2.09075391e+04   7.15278809e+02   5.24514404e+02   3.75891943e+03
   3.86995697e+01   4.74565625e+03   1.83682983e+03   3.77240723e+02
   7.03941162e+03   1.08941650e+04   4.41756172e+04   7.45034609e+04
   3.65223125e+04   2.95252655e+02   2.71058228e+02   4.04408008e+04
   9.70299609e+03   4.89728432e+01   2.88957178e+03   1.25513962e+02
   8.96554980e+03   1.79655399e+01   8.09649512e+03   5.47993750e+04
   1.84809656e+03   5.26604053e+03   7.44618281e+04   4.93215515e+02
   1.40446640e+02   1.58724365e+04   4.52715874e+00   1.34653500e+05
   1.06755352e+05   5.43215234e+03   3.17148376e+02   8.48250351e+01
   4.53130322e+03   5.54609326e+03   4.48439911e+02   4.36070898e+03
   1.26727588e+04   6.31226123e+03   0.00000000e+00   7.79005625e+04
   8.71482925e+01   1.80037552e+02   2.79833350e+03   3.46176338e+01
   9.62140625e+03   1.24497080e+01   2.56683197e+01   3.41153564e+02
   3.00673706e+02   2.94125269e+03   5.63968506e+03   1.79686758e+04
   1.66524365e+03   2.13403516e+03   9.12740112e+02   1.09890369e+03
   1.00181458e+03   1.63512129e+04   2.89588379e+02   2.93616855e+04
   8.36904297e+03   9.42396680e+03   3.73949799e+02   5.39656189e+02
   8.15038330e+02   1.57236176e+02   1.14339151e+01   2.61574626e+00
   1.81310410e+04   0.00000000e+00   1.88747803e+03   1.80832949e+04
   8.49237598e+03   4.38591431e+02   3.25872520e+04   0.00000000e+00
   5.20600471e+01   9.44898730e+03   3.88730125e+01   3.20151660e+04
   3.86142548e+02   1.79772937e+03   2.17877075e+02   3.88768701e+03
   1.14839211e+05   1.64664121e+04   7.32338770e+03   8.58520801e+03
   5.13212812e+04   1.32827673e+03   6.28194092e+02   1.14957654e+03
   0.00000000e+00   3.74695630e+03   3.34990430e+04   0.00000000e+00
   5.23640381e+03   2.17336738e+04   2.99840625e+03   1.19164555e+05
   4.20674133e+01   6.90712830e+02   1.48410751e+02   4.46266309e+03
   4.43047695e+04   2.33644123e+01   2.33580200e+03   1.74812744e+02
   9.08138203e+04   2.35170498e+01   1.00489082e+02   2.76584808e+02
   2.78172412e+03   2.02425996e+04   1.60487803e+04   3.01723555e+04
   1.04943836e+05   1.87684448e+02   3.96851318e+03   2.17981406e+04
   1.72404749e+03   1.69834747e+01   9.20742891e+04   2.38732617e+04
   2.21961136e+02   4.37406738e+03   1.86655137e+04   2.56614990e+03
   2.36409855e+00   1.36554834e+04   1.35913925e+02   1.04977951e+02
   2.42652383e+04   1.24310684e+04   2.32833398e+03   6.46611797e+04
   7.95403214e+01   2.73726318e+03   6.97988159e+02   3.46210625e+04
   8.74791172e+04   5.19422119e+02   4.47415009e+02   2.18716187e+03
   1.09291003e+03   3.66283984e+03   1.31090297e+05   6.15088047e+04
   3.05873218e+03   3.98955170e+02   1.00047119e+04   1.27947922e+02
   3.58568408e+03   2.01396118e+03   1.34656131e+00   2.06232376e+02
   2.03844824e+04   6.18853242e+04   1.49470288e+03   1.97295820e+04
   1.51104736e+02   5.12330000e+04   4.74670744e+00   1.01918662e+04
   2.03157849e+03   1.25876500e+05   7.20979736e+02   3.38074121e+03
   1.44923828e+02   3.95809296e+02   4.05489380e+03   1.74885938e+04
   2.14665605e+04   5.92751172e+03   2.42450085e+01   5.76193909e+02
   8.80914673e+02   3.52884766e+04   5.30495547e+04   6.71916211e+03
   9.92597578e+04   4.51523486e+03   2.80401039e+00   2.34445248e+01
   1.08590576e+04   1.07025244e+04   1.85564160e+03   9.35787695e+03
   5.79737939e+03   2.55817566e+01   7.41373657e+02   1.86085693e+03
   4.74231201e+02   3.54680005e+03   2.85006016e+04   1.79439551e+04
   4.86356641e+03   3.13551754e-01   1.06472375e+05   3.84664917e+02
   8.54378223e+03   2.95232010e+01   8.18012451e+03   5.06886108e+02
   5.54795557e+03   1.35721143e+04   2.44592102e+02   0.00000000e+00
   4.68258087e+02   2.79597095e+03   9.50946973e+03   7.04063873e+01
   2.22183838e+03   5.59605286e+02   2.36295605e+03   4.48566162e+03
   4.50925830e+03   4.48907422e+04   7.64953613e+02   1.58049226e+00
   3.57663159e+03   1.54962708e+02   3.47410059e+03   4.19459883e+04
   2.60646558e+03   3.90553497e+02   8.96576050e+02   4.85876416e+03
   1.72125488e+03   9.10123657e+02   6.36428359e+04   1.15065127e+04
   2.08009023e+04   1.21086511e+03   4.62256152e+03   5.32726025e+03
   3.03005676e+01   9.03948669e+02   6.85032275e+03   8.80942383e+02
   3.46516754e+02   8.46786987e+02   0.00000000e+00   3.87501587e+02
   5.75858307e+00   0.00000000e+00   2.19248477e+04   9.15951841e-03
   0.00000000e+00   2.69945972e+03   0.00000000e+00   8.59393494e+02
   6.10660059e+03   1.47723999e+03   1.27864590e+04   9.39879822e+02
   1.03890820e+05   4.12572422e+04   1.21616675e+03   2.90463525e+03
   2.93770508e+02   3.11386484e+04   2.86224902e+04   9.92087402e+01
   3.17192596e+02   2.30130959e+01   1.60912415e+03   8.91065625e+03
   5.53660742e+03   1.43989975e+02   1.57554480e+03   0.00000000e+00
   1.15427783e+04   1.08220156e+04   3.94379517e+03   3.86433411e+02
   3.40871063e+02   9.42355652e+02   6.74577891e+04   0.00000000e+00
   5.39291443e+02   1.67883163e+02   1.26955742e+05   7.65895850e+03
   3.71846313e+02   4.50387848e+02   1.77578187e+00   1.06737637e+04
   1.99140823e+02   1.37665146e+02   9.54739319e+02   5.88920898e+03
   1.87301550e+03   1.84336340e+03   7.78839569e+01   8.29729675e+02
   1.97520911e+03   1.34603703e+05   2.35055115e+02   1.38086182e+03
   0.00000000e+00   2.61435332e+04   6.76357568e+03   4.97916357e+03]
[  2.28915604e+02   1.21225898e+04   1.70278061e+02   1.92517725e+03
   1.17677905e+03   3.31269297e+04   2.72420471e+02   1.85349102e+04
   7.52293359e+03   6.12130938e+04   2.18436206e+03   6.87610779e+01
   6.44180371e+03   3.47396758e+04   4.53964307e+03   8.71511414e+02
   2.72045361e+03   1.61791016e+03   6.90125234e+04   6.92576050e+02
   3.62230659e+00   4.72164893e+03   4.08272064e+02   1.38483936e+03
   1.49685674e+04   9.18102570e+01   1.41732402e+04   2.01239166e+02
   5.15832397e+02   2.62700635e+03   2.10296631e+03   2.81208862e+03
   2.58033594e+03   0.00000000e+00   8.29460938e+03   9.54232941e+01
   7.46360168e+02   9.94126562e+04   0.00000000e+00   8.23477734e+03
   7.99672021e+03   1.45519876e+01   8.50158596e+00   4.42132874e+02
   1.16728252e+04   6.32266602e+02   5.76874072e+03   1.83382422e+04
   4.45069061e+02   8.66759262e+01   1.11516821e+03   1.83056238e+03
   7.14523392e+01   2.45674062e+04   1.26704082e+04   5.10786406e+04
   1.23589624e+03   1.18833936e+04   1.18947687e+01   2.93641699e+03
   3.68978223e+03   1.29085071e+03   1.78427527e+03   4.72433777e+02
   5.14638428e+03   9.32383850e+02   1.11933563e+02   1.90300842e+02
   1.83731674e+02   8.19333315e-01   7.74323853e+02   2.49106992e+04
   4.26939414e+04   4.09188934e+02   2.83303320e+04   6.79284897e+01
   1.51100128e+02   3.86825745e+02   4.64927582e+02   2.06085703e+04
   4.71922760e+02   5.28720586e+04   2.69519004e+04   1.12305693e+04
   9.59654219e+04   1.64899780e+02   4.67361865e+03   1.93058066e+04
   1.60665430e+04   4.45342031e+04   2.36334190e+01   5.00782666e+03
   5.00686951e+02   1.37095938e+04   1.73529761e+03   1.27802578e+04
   1.82708379e+04   7.20055580e+00   1.76631660e+04   1.77848474e+03
   4.85424232e+01   2.04182129e+03   3.51110077e+02   5.08071631e+03
   1.87896013e+00   9.13393211e+00   3.06038159e+03   4.11054961e+04
   8.40062618e+00   3.01609316e+04   2.65277100e+02   6.84396094e+04
   6.80401953e+03   3.17874107e+01   2.84995594e+01   7.53800476e+02
   6.52219116e+02   2.97936582e+04   7.70119751e+02   1.01139893e+02
   9.02542830e-01   1.19885461e+03   1.42552861e+04   1.16649117e+02
   4.96525665e+02   1.12583330e+04   9.58669006e+02   2.21168594e+01
   6.05270325e+02   2.70795166e+02   2.39342051e+04   1.25679382e+03
   1.99354721e+02   3.04943335e+03   1.31155957e+03   7.67142139e+03
   5.82341992e+04   0.00000000e+00   1.36458893e+01   2.40772217e+02
   0.00000000e+00   2.25020813e+02   6.29497620e+02   2.03696274e+02
   1.99397812e+02   5.54388965e+03   4.87217383e+03   0.00000000e+00
   5.15357300e+02   6.31004102e+04   9.88130188e+01   2.65102875e+02
   1.30141846e+03   5.08316357e+03   5.14673828e+02   2.75924062e+04
   1.43722582e+01   6.39461182e+02   2.37139984e+02   1.61209521e+04
   3.32182098e+02   1.40750916e+03   3.86813354e+02   2.51553555e+01
   6.31728438e+04   1.64226704e+01   1.07882263e+02   3.71432642e+03
   1.01435078e+04   2.26375957e+04   2.18696046e+00   9.63688583e+01
   7.50417188e+03   1.46551990e+03   1.47648697e+01   6.54266211e+03
   6.51252656e+04   9.06052002e+02   5.97162266e+04   5.38644775e+03
   4.09136172e+04   4.01945586e+04   2.34302959e+01   8.64328027e+03
   2.27450464e+03   0.00000000e+00   2.42923755e+03   4.07608936e+03
   2.28374023e+01   5.56162048e+02   3.09057587e+02   2.85606903e+02
   2.25703076e+03   1.66661484e+04   1.76947266e+03   2.27994238e+04
   2.93628711e+03   4.22852875e+02   4.60385223e+02   5.00012256e+03
   2.94214038e+03   1.07940186e+03   1.75927759e+03   1.73037791e+00
   3.32329810e+03   3.80384674e+02   3.05201343e+03   1.83673767e+03
   1.12358643e+04   7.80828750e+04   8.76491013e+01   8.91271606e+02
   5.82663428e+03   5.53723193e+03   2.03652954e+02   1.53364854e+04
   1.02522820e+05   1.83890305e+02   2.61609344e+02   4.87257520e+03
   1.69961836e+04   3.73976166e+02   8.66210403e+01   1.49549158e+03
   4.33737762e+02   1.55912399e+02   5.49910469e+01   9.02389603e+01
   8.78169617e+02   1.82666016e+02   1.03945877e+02   1.37459915e+02
   1.03582690e+03   6.37543983e+01   2.34804115e+01   6.48126907e+01
   7.32261963e+01   3.74695953e+02   9.78436462e+02   3.63733765e+02
   5.76404419e+01   6.80101089e+01   1.67244604e+03   4.58955391e+04
   4.99287734e+04   1.02884814e+04   1.02280716e+02   1.92457520e+03
   6.68705597e+01   3.58374390e+02   1.90265976e+02   1.35294769e+02
   1.27250449e+04   1.07412915e+03   1.79853678e+00   2.82990509e+02
   4.71311914e+03   9.27625656e+01   1.45924866e+03   1.67756760e+02
   6.17539001e+02   2.16529517e+03   3.14392365e+02   4.13949699e+01
   5.15122188e+04   2.05605786e+03   4.18829414e+04   3.03837646e+03
   3.24665381e+03   6.58188200e+00   2.74577179e+02   1.45502759e+03
   1.85388596e+02   7.61524734e+01   5.50013008e+04   9.20314026e+02
   2.11813721e+03   9.69002625e+02   6.97449609e+03   9.77221289e+03
   4.98654510e+02   1.43498688e+02   9.29880127e+02   1.00001453e+05
   3.03292432e+03   4.22139600e+03   1.06233350e+04   3.60996216e+02
   5.93270020e+02   2.03428984e+04   1.31864099e+03   1.73461548e+03
   1.84522207e+04   2.29568872e+03   1.34884033e+02   1.06565857e+03
   2.58668384e+03   1.84929114e+03   7.24397510e+03   8.48862076e+01
   1.00483036e+01   6.94728333e+02   1.04429678e+04   8.27625504e+01
   2.37552129e+04   8.78738438e+04   1.36703687e+03   1.25943384e+03
   4.00760254e+03   5.91384033e+03   4.88250542e+00   7.10167676e+03
   0.00000000e+00   3.99348560e+03   3.47828223e+03   1.96053965e+04
   5.19370972e+02   7.50884717e+03   3.47589294e+02   1.65359199e+04
   1.32931387e+04   3.84358320e+04   2.96789453e+03   3.58922031e+04
   8.61601257e+01   9.06840515e+02   2.57416943e+03   5.62991821e+02
   8.86541992e+02   2.59144348e+02   1.46509766e+04   5.78211035e+03
   0.00000000e+00   2.46514307e+03   1.33822342e+02   2.21697144e+03
   7.83565140e+01   1.38426416e+04   1.93603369e+03   3.07320410e+04
   5.18475898e+04   1.36920752e+03   2.21404877e+02   2.69663177e+02
   2.74399700e+01   4.20763489e+02   4.57432344e+04   8.29831238e+02
   9.35988770e+03   5.20712646e+03   4.37518799e+03   7.83754453e+04
   3.40831055e+02   2.31474634e+03   1.51940735e+03   1.66800690e+02
   2.09391699e+04   2.76522754e+03   2.76586074e+04   8.91976261e+00
   7.87838906e+04   6.29509277e+02   4.28833398e+04   1.43534229e+03
   1.46605449e+04   4.06099884e+02   1.30961548e+02   7.04449658e+03
   5.68871643e+02   3.63492114e+03   5.11609131e+02   2.81463110e+03
   8.42073669e+01   1.02561191e+04   4.19596924e+02   1.42132016e+05
   2.02737617e+04   2.13504346e+03   6.14585645e+03   2.39171606e+03
   2.22943268e+02   1.80237922e+05   8.46274219e+03   6.84449341e+02
   6.37643005e+02   5.94549561e+03   1.31664307e+02   4.58408451e+00
   2.25018384e+03   1.26349451e+03   8.87665703e+04   3.20421753e+03
   2.27552612e+03   6.08173125e+04   9.27380781e+04   2.51530472e+02
   7.42726669e+01   1.20170449e+04   4.73817041e+03   1.10217656e+04
   4.75625885e+02   2.49839785e+04   1.72882458e+03   3.20368921e+03
   2.15531802e+00   3.52861719e+04   8.40567932e+01   8.92810791e+02
   6.03390930e+02   1.79548523e+03   2.23738721e+03   1.31626123e+04
   1.72908301e+04   1.73772168e+03   1.54226270e+03   1.52848685e+00
   3.71008740e+03   3.34453278e+02   1.81870353e+00   3.04856903e+02
   7.05931580e+02   2.84419961e+04   8.92387402e+03   1.07990971e+01
   4.42823883e+02   6.80696680e+03   1.24369287e+03   9.56248093e+00
   3.28605933e+03   7.91551758e+03   6.64493672e+04   2.31084625e+02
   1.33272646e+04   3.01660858e+02   2.19947128e+01   3.12935883e+02
   1.31317581e+02   3.03218842e+00   2.77429043e+04   5.50000572e+00
   4.57186852e+01   1.37262115e+02   2.51433167e+02   3.06678057e+00
   2.33295727e+01   2.01018164e+04   5.61188171e+02   6.06214600e+02
   2.84075562e+03   3.98443750e+04   2.16226669e+02   1.44440222e+03
   4.16746002e+02   1.81132047e+05   4.30975273e+04   9.09043217e+00
   2.50002612e+03   9.13568945e+03   2.98613770e+04   1.71378145e+04
   2.44326348e+04   1.29450645e+04   1.35343047e+04   1.80934229e+03
   1.59000312e+04   5.05017334e+03   4.67466797e+02   4.41620209e+02
   1.24385828e+03   3.59993515e+01   1.84046016e+04   1.56520586e+04
   2.00519316e+04   1.84489336e+04   1.16717981e+03   1.33117401e+02
   9.00577454e+02   8.40006348e+02   1.41675464e+03   3.34548008e+04
   6.03701611e+03   1.50726532e+02   2.07999531e+04   3.63305855e+01
   0.00000000e+00   0.00000000e+00   5.05132324e+03   1.22190405e+03
   2.69120142e+03   6.52906934e+03   4.94737383e+04   2.23941777e+04
   1.56271846e+04   2.15497778e+03   2.00930496e+02   7.64929016e+02
   1.89637842e+03   2.39079914e+01   2.57863452e+03   8.23498535e+03
   2.50538066e+04   2.19854707e+04   5.80623531e+00   1.97398999e+03
   1.46921709e+04   2.65333047e+04   2.45212997e+02   5.31126633e+01
   6.55589966e+02   1.13249535e+02   1.35665802e+02   1.92387930e+04]
[  2.46093262e+02   3.29019785e+00   1.72252297e+00   6.06414453e+03
   2.65728149e+01   3.46219940e+01   4.67607164e+00   6.74175339e+01
   2.19629822e+02   1.66882950e+02   8.02291012e+00   7.43312866e+02
   1.57602777e+01   5.43379135e+01   1.23945034e+00   8.01324129e-01
   1.16783977e+00   8.27999649e+01   0.00000000e+00   0.00000000e+00
   3.82914124e+02   1.68763242e+04   7.45965186e+03   2.49427948e+02
   1.17853403e+01   7.64687479e-01   0.00000000e+00   1.07633191e+03
   2.03127167e+02   1.64985583e+03   1.06655713e+04   5.33225769e+02
   1.28714758e+03   1.55444397e+02   0.00000000e+00   2.22829590e+03
   8.74436188e+00   1.54450459e+04   1.67231140e+03   1.24463416e+03
   8.20141797e+03   1.54653625e+01   3.12123950e+03   1.71469971e+03
   7.22691879e+01   0.00000000e+00   2.86265332e+03   4.58533440e+01
   2.72311287e+01   9.69218540e+00   3.32423553e+01   2.07306616e+03
   0.00000000e+00   1.69202560e+02   2.25761551e+02   4.94106903e+01
   5.09994141e+03   3.59445679e+02   0.00000000e+00   3.93427429e+02
   1.67798752e+02   3.35948205e+00   5.57896018e-01   5.34899902e+02
   7.80719299e+01   3.11492847e+03   7.42330408e+00   1.16857839e+00
   1.86099167e+02   2.18257788e+03   9.43885620e+02   1.20905991e+02
   3.20092316e+01   2.77566284e+02   2.46899676e+00   1.51976208e+03
   3.75108409e+00   1.14355811e+03   3.06643748e+00   7.54669495e+01
   0.00000000e+00   1.12701359e+01   3.63353577e+02   1.07393408e+03
   9.98500366e+01   8.43870926e+00   2.34361057e+01   7.04874563e+00
   1.57439766e+04   2.53407730e+02   1.48885645e+04   1.29615326e+02
   1.65872422e+04   3.60309418e+02   0.00000000e+00   3.77719543e+02
   1.42486611e+04   8.43731642e-01   3.89735425e+03   1.35275146e+02
   8.53756775e+02   3.22635574e+01   2.89361420e+01   7.66490877e-01
   1.23713977e+03   1.42120142e+03   0.00000000e+00   4.32123199e+02
   9.40400600e+00   0.00000000e+00   1.82807713e+01   1.33571548e+02
   2.86152319e+03   6.70592920e+03   1.27460037e+02   0.00000000e+00
   1.89894495e+03   7.82471313e+02   6.10520744e+00   7.74804993e+01
   0.00000000e+00   4.47609436e+02   3.63081884e+00   1.55082011e+00
   2.09165974e+01   1.10045958e+00   1.04943542e+01   6.61579967e-01
   8.72214737e+01   8.57474976e+02   7.94109924e+02   1.00876477e+03
   6.34353757e-01   1.02191666e+02   3.17766724e+02   3.04396439e+01
   1.58916865e+04   2.78191040e+02   6.17467651e+01   2.88754669e+02
   4.16622217e+03   1.12024460e+02   3.32554169e+01   3.90386230e+03
   2.34364367e+00   0.00000000e+00   8.08751144e+01   1.75385356e+00
   1.39554129e+01   3.69312549e+00   2.88698405e-01   3.29602928e+01
   7.41408615e+01   1.92483006e+01   3.08509331e+01   1.93748426e+00
   4.97625916e+02   3.54991302e+01   2.10444093e-01   2.31782227e+01
   3.76868210e+01   5.36189117e+01   1.89060039e+04   7.37235901e+02
   2.20781299e+03   1.14502363e+04   0.00000000e+00   3.72250293e+03
   4.72233246e+02   6.25555762e+03   4.27023220e+00   2.57680713e+03
   1.12443161e+02   9.43754822e+02   3.46685147e+00   2.77914667e+00
   1.09133308e+02   2.22802877e+00   6.64166794e+01   0.00000000e+00
   4.09598846e+01   2.99251147e+03   0.00000000e+00   1.63386926e+03
   3.28325134e+02   8.15015479e+03   2.00969753e+01   3.60025597e+01
   6.93764697e+03   4.79816101e+02   1.57383595e+01   4.90778923e+00
   1.48038586e+03   3.70496887e+02   4.55019775e+02   3.73115753e+02
   4.00790930e+00   1.69163379e+03   2.95724268e+03   7.17653857e+03
   1.05439789e+02   1.91365977e+04   1.81073856e+01   7.24982529e+01
   4.09082603e+01   6.20519180e+01   9.43172241e+02   1.24687939e+03
   0.00000000e+00   3.61238965e+03   5.08006934e+03   7.20110168e+02
   0.00000000e+00   0.00000000e+00   1.37966553e+02   3.69580127e+03
   2.33888077e+02   2.14534092e+01   2.29109344e+01   2.25631470e+02
   7.28114319e+01   2.12454453e+02   7.87721741e+02   2.00474048e+00
   6.74644971e+03   7.92932178e+03   0.00000000e+00   2.66861051e-01
   3.77021968e-01   1.18155823e+03   9.91983261e+01   5.25831543e+02
   7.53326111e+01   5.92282593e+02   2.52262305e+03   1.59560577e+02
   4.55041084e+01   1.10828789e+04   0.00000000e+00   7.41827515e+02
   0.00000000e+00   1.66424316e+04   1.02395630e+01   2.08092976e+00
   0.00000000e+00   4.73289581e+02   1.06724365e+04   0.00000000e+00
   0.00000000e+00   8.58342514e+01   6.76653174e+03   7.60630417e+00
   0.00000000e+00   9.91536484e+01   3.98906631e+01   1.00001978e+03
   1.88251611e+03   2.76489468e+01   5.10630608e-01   1.29982910e+04
   5.39825439e+01   7.44492722e+01   0.00000000e+00   0.00000000e+00
   1.66866884e-01   0.00000000e+00   0.00000000e+00   1.82842188e+03
   1.47069763e+03   2.56416721e+01   2.00772619e+00   1.26168579e+03
   7.85627270e+00   1.39187363e+04   3.75924756e+03   2.49124489e+01
   6.27941260e+03   1.08428070e+02   9.11121368e+01   1.02371708e-01
   2.37583027e+01   1.62996667e+03   1.29363193e+04   1.82498886e+02
   6.58612490e+00   1.92960068e+02   2.56958472e+03   9.40451660e+01
   0.00000000e+00   7.44051313e+00   1.52310547e+02   1.34720630e+03
   8.32381653e+02   3.09928162e+02   0.00000000e+00   0.00000000e+00
   1.60470047e+02   1.14734566e+02   2.78921819e+00   1.91273403e+01
   6.93001953e+02   4.27495239e+02   9.78220801e+03   0.00000000e+00
   2.10229843e+02   0.00000000e+00   1.67906769e+02   0.00000000e+00
   1.22492275e+04   0.00000000e+00   1.45416162e+04   4.10084229e+01
   2.95938225e+01   0.00000000e+00   0.00000000e+00   7.37804053e+03
   3.90914600e+03   3.77287329e+03   4.21510529e+02   1.07893496e+01
   4.05481030e+03   4.42670937e+01   1.24291611e+01   1.63073914e+02
   3.72589050e+02   0.00000000e+00   1.55626154e+01   1.45486359e+02
   1.31257874e+02   1.69431152e+01   5.76657534e+00   8.30121973e+03
   4.04633751e+01   9.79117615e+02   6.06189041e+01   2.99331738e+03
   1.78701917e+03   2.63697974e+03   5.63611475e+03   2.35170853e+02
   2.01706067e+03   0.00000000e+00   8.60981369e+01   6.87486267e+00
   2.55521362e+03   6.54101849e-01   4.77563086e+03   4.53400879e+01
   8.63055054e+02   1.20625427e+02   8.79590912e+01   0.00000000e+00
   6.05567920e+03   2.98501968e+01   0.00000000e+00   6.22121582e+01
   9.22661328e+03   6.12375537e+03   8.26478125e+03   1.03812065e+02
   1.66617947e+01   3.32099032e+00   8.89511967e+00   2.37612259e+02
   5.08143555e+02   7.44392548e+01   0.00000000e+00   2.89759644e+02
   1.58403168e+02   0.00000000e+00   1.41686310e+02   4.00273804e+03
   1.16888962e+01   1.82555359e+02   6.16184311e+01   1.34435425e+02
   4.34054565e+00   5.71950607e+01   1.41374171e+00   1.42587616e+02
   7.77745819e+01   1.69678262e+04   1.48568153e+01   1.00858662e+04
   1.78243774e+03   3.00668848e+03   2.36907178e+03   3.13863106e+01
   2.10542261e+03   5.54913574e+02   3.85296356e+02   4.89003220e+01
   7.55261230e+01   0.00000000e+00   7.18684998e+01   1.11866217e+01
   5.75016916e-01   6.80928612e+00   2.47962402e+02   1.43331100e+02
   9.78212738e+01   1.71488684e+03   1.05671562e+04   1.99814758e+01
   1.89667236e+02   6.02725601e+01   3.35956329e+02   1.36192541e+01
   3.89132767e+01   1.30124639e+04   2.83768959e+01   5.33339348e+01
   2.47672672e+01   5.70213135e+02   4.91387207e+03   1.50535934e+02
   5.54879932e+03   4.89515305e+01   1.19764578e+00   0.00000000e+00
   2.01429570e+04   1.53320398e+03   5.66483116e+01   2.08257532e+00
   5.05717346e+02   3.52846741e+02   0.00000000e+00   1.35409904e+00
   3.44120932e+00   9.64261169e+02   2.74336646e+03   1.32695341e+01
   1.25247192e+02   1.90595740e+03   8.11790833e+02   2.27728157e+01
   5.64283180e+00   1.01666895e+03   1.40607100e+04   6.67437592e+01
   2.42824745e+01   2.31061172e+01   1.11410522e+01   3.49823730e+02
   3.85184135e+01   7.31049627e-02   9.78409375e+03   8.20026074e+03
   1.32449658e+04   0.00000000e+00   2.90815125e+02   1.99182404e+02
   2.75593530e+03   0.00000000e+00   1.21459204e+03   5.05487030e+02
   7.88168526e+00   1.57761338e+04   4.60877953e+01   2.41363574e+03
   4.80014610e+00   6.90406738e+02   3.88819957e+00   4.08660011e+01
   1.07504131e+04   9.66554546e+00   7.98694382e+01   0.00000000e+00
   3.51007342e-01   3.18801056e+02   1.27152168e+02   3.69839821e+01
   1.95593170e+02   5.66634619e+03   0.00000000e+00   2.60883154e+03
   2.81100128e+02   5.66938782e+02   5.25659766e+03   1.24186569e+02
   6.90695410e+03   2.15731720e+02   2.46129700e+02   5.75432816e+01
   6.73006592e+01   2.08294556e+03   4.63296852e+01   6.05877930e+03
   2.94186592e+01   7.36493874e+00   1.82939396e+01   4.53900830e+03
   8.78324051e+01   4.10760021e+00   2.71295986e+01   0.00000000e+00
   2.86742627e+03   3.90345062e+02   4.73600159e+02   8.28778223e+03
   1.60584473e+02   1.78944107e+02   2.14326392e+03   5.14482715e+03
   5.09243679e+00   7.18830664e+03   7.28763771e+00   2.30584167e+02
   0.00000000e+00   1.23703740e+04   7.29901433e-01   1.18893929e+02]
[  1.12763084e+02   7.29261414e+02   7.70643921e+01   3.14595154e+02
   1.34176361e+02   8.91080017e+02   7.81272202e+01   1.82099625e+02
   9.51931229e+01   1.06454649e+01   1.33893652e+03   1.07756470e+03
   5.08369873e+03   1.91053558e+02   4.40090527e+03   2.70565430e+02
   1.56113720e+00   2.43959717e+02   1.24899243e+03   2.57594086e+02
   8.93262634e+01   5.72283325e+01   5.65907178e+03   1.26733170e+02
   1.01708130e+02   2.96715221e+01   2.41761513e+01   2.15338898e+01
   6.49184473e+03   3.11818829e+01   1.48757887e+01   1.05441750e+02
   4.67253320e+03   2.25301941e+02   2.85227203e+01   1.72005176e+03
   7.86818311e+03   1.57008162e+01   2.04124355e+00   1.39207495e+03
   5.72717480e+03   5.97204346e+02   3.11130017e-01   0.00000000e+00
   1.42910016e+00   3.24995148e+02   2.95851147e+03   6.43824692e+01
   2.24549675e+01   3.86036720e+01   7.91474380e+01   1.35744019e+02
   1.47478845e+03   6.36588562e+02   5.78377075e+02   6.32575928e+03
   1.81060815e+00   2.48458729e+01   2.85301929e+03   4.54632715e+03
   3.31869238e+03   2.41672729e+02   7.48761719e+03   6.37698531e-01
   1.22048340e+01   4.93293610e+02   6.80729294e+01   2.92374512e+02
   4.36567383e+01   1.20989917e+03   1.96832153e+03   9.08744629e+02
   4.59541199e+02   6.23385887e+01   1.16539055e+02   1.45689197e+03
   1.68187454e+02   5.86106384e+02   5.30008398e+03   4.57300043e+00
   2.40903130e+01   1.83161438e+02   2.69657153e+03   1.93433170e+01
   1.95033545e+03   5.93504980e+03   1.79038391e+02   1.05645775e+02
   4.23122314e+03   4.47954529e+02   3.14467407e+02   2.05488251e+02
   0.00000000e+00   3.21014648e+03   1.47465153e+01   1.85497646e+01
   2.79353058e+02   4.74383691e+03   6.66774521e+01   3.39258270e+01
   2.88726673e+01   2.20324421e+01   9.70049591e+01   6.49397659e+00
   1.85962878e+03   0.00000000e+00   8.38853912e+01   6.80341748e+03
   5.22664600e+03   1.77206543e+02   7.42596863e+02   7.24394989e+01
   2.13830811e+03   9.96005127e+02   5.34873413e+02   1.97272256e-01
   6.66540833e+01   5.07436867e+01   2.59195361e+03   6.43372726e+01
   7.39650574e+01   2.93026660e+03   3.93642336e-01   1.76205254e+01
   2.93017788e+01   6.09505615e+02   6.14631195e+01   2.67640533e+02
   6.57207812e+03   4.30522859e-01   2.63392181e+02   3.39057666e+03
   1.22266577e+03   3.74465065e+01   9.93859863e+03   3.11001182e+00
   1.61723328e+00   2.14046722e+02   5.89302254e+01   0.00000000e+00
   5.25906396e+03   0.00000000e+00   6.58827271e+02   1.94847519e+02
   2.75949799e+02   4.21344805e+00   0.00000000e+00   9.51918316e+00
   0.00000000e+00   1.65506042e+02   5.01159966e-01   8.12322632e+02
   2.55109055e+02   4.10926172e+03   1.91293137e+02   1.52550549e+03
   8.89163940e+02   4.15721893e+00   1.43062988e+03   2.88102814e+02
   1.05379956e+03   2.89957764e+03   1.91627254e+01   6.58713989e+02
   5.74913232e+03   8.69911194e+02   2.49589584e+02   3.52835960e+01
   8.27733154e+01   2.16549316e+03   4.92741211e+02   6.04777038e-01
   3.23759064e+02   3.28863573e+00   2.45172329e+01   9.08148193e+00
   0.00000000e+00   5.72035352e+03   3.80935852e+02   3.13960171e+01
   2.33787117e+01   8.43069916e+01   4.64134979e+00   6.99372787e+01
   3.83152417e+03   0.00000000e+00   1.53333099e+02   5.99859715e-01
   2.72353101e+00   5.08441391e+01   7.20264959e+00   1.18994759e+02
   2.35271511e+01   1.72077271e+02   3.56662384e+02   4.27553131e+02
   5.33312263e+01   5.29714890e+01   6.70111771e+01   1.84300652e+01
   6.48045502e+01   2.07098358e+02   1.53635681e+00   2.06415749e+00
   2.31373062e+01   2.22934494e+01   1.58935046e+00   1.52573120e+02
   1.21108246e+01   4.85890198e+01   2.35354272e+03   1.91414688e+02
   2.71584213e-01   0.00000000e+00   6.26618729e+01   1.17807907e+02
   5.22990990e+01   7.08483765e+02   2.42209045e+02   1.10803963e+02
   4.89163239e+02   1.09333154e+03   1.25475746e+02   1.51663403e+03
   7.34421997e+01   8.00722809e+01   2.87183667e+03   1.22167038e+02
   4.32385156e+03   4.53603662e+03   3.73640356e+03   5.04540672e+01
   0.00000000e+00   7.12013016e+01   4.88932404e+02   1.59761060e+03
   1.88955920e+03   1.92758007e+01   3.65471997e+03   6.66686462e+02
   7.97788620e+00   1.04039375e+02   6.72189026e+02   0.00000000e+00
   7.06985901e+02   1.24395349e+03   5.70926697e+02   0.00000000e+00
   7.22588013e+02   4.80321360e+00   0.00000000e+00   5.29122864e+02
   2.25644995e+03   1.81674900e+01   1.16529694e+01   9.14712207e+03
   2.38146019e+00   2.70071838e+02   1.11645279e+02   4.05501251e+01
   5.34748096e+03   0.00000000e+00   8.17934766e+03   1.08704056e+02
   2.73703933e+00   7.09087372e+01   5.96516113e+02   1.40796985e+03
   5.16092300e+01   7.98521851e+02   8.51493149e+01   6.12094055e+02
   0.00000000e+00   4.84383047e-01   4.55362892e+01   6.71462860e+01
   1.53765030e+01   7.85229340e+01   9.38184143e+02   7.32364319e+02
   4.77555609e+00   1.06635445e+02   5.92087451e+03   6.53878629e-01
   0.00000000e+00   2.95461963e+03   2.85024323e+02   0.00000000e+00
   4.61178174e+03   3.30093155e+01   2.76436043e+01   0.00000000e+00
   7.40101746e+02   2.21275909e+02   6.24036572e+03   1.42558777e+02
   1.90902966e+03   2.80647858e+02   6.19013138e+01   5.91048401e+02
   3.60385645e+03   1.99054883e+03   2.76835680e+00   4.36389148e-01
   4.34572754e+03   4.59229053e+03   9.58304199e+03   3.64103638e+02
   0.00000000e+00   6.39618652e+02   2.34813568e+02   7.53938370e+01
   5.29773045e+00   1.50729340e+02   5.51413383e+01   7.23549927e+02
   1.17899585e+03   1.27729683e+02   3.49181030e+02   1.10950613e+00
   6.09873819e+00   2.02585022e+03   4.82745123e+00   5.03475977e+03
   3.94600754e+01   1.86540909e+02   6.45132904e+01   2.47895908e+00
   0.00000000e+00   2.87407166e+02   1.41026096e+01   5.01776237e+01
   1.07872993e+02   1.19457344e+02   6.27740356e+02   2.66318760e+01
   5.84652710e+02   1.80237915e+02   3.54826752e+02   3.60805249e+03
   1.63582007e+03   2.00895483e+03   1.90139880e+03   1.25624981e+01
   1.95871902e+02   1.05581274e+03   2.48742358e+03   4.97239151e+01
   4.97800903e+01   4.06458960e+03   1.47894430e+01   0.00000000e+00
   6.65553320e+03   3.66769257e+01   1.49445227e+03   5.17817450e+00
   2.66533301e+03   5.73703857e+02   8.85508575e+01   4.59662857e+01
   1.48783600e+02   4.88657379e+00   2.22162262e+02   1.02141907e+03
   1.62150586e+03   4.08847523e+00   1.13843033e+02   3.41430054e+01
   4.14897346e+01   7.45976269e-01   7.39302588e+03   3.57264072e-01
   7.26392029e+02   1.57182544e+03   0.00000000e+00   4.31577332e+02
   1.96904016e+03   1.07238750e+04   9.75030136e+01   4.83617767e+02
   7.61600708e+02   4.28753433e+01   1.68503815e+02   2.00165691e+01
   1.57887466e+02   9.00530319e+01   3.24278030e+01   1.25596008e+02
   1.68046216e+03   4.20613174e+01   6.75959375e+03   4.28469467e+01
   5.42280640e+02   1.03179016e+02   1.73197582e-01   2.39062134e+02
   8.34850311e+00   3.11499390e+02   1.25896088e+02   1.39481979e+02
   5.35686377e+03   1.00289482e+02   1.97242325e+02   5.20085938e+03
   5.80812354e+03   2.01586533e+02   6.02934937e+02   2.72774220e-01
   6.98429108e+01   1.01097100e+04   1.06698425e+02   1.52612720e+03
   1.65784882e+02   1.25615919e+00   3.59024086e+01   0.00000000e+00
   4.13283569e+02   4.55878076e+03   1.40353149e+03   2.91321948e+03
   8.57798080e+01   2.49940739e+01   2.16540985e+02   2.00612259e+00
   7.43211823e+01   2.27326908e+01   1.08490654e+02   3.44139868e+03
   1.13882190e+03   8.48716125e+02   1.20455820e+04   4.09690132e+01
   5.09147377e+01   3.11599390e+03   6.28749084e+01   2.47404282e+02
   3.36408521e+03   2.13632774e+01   1.74824524e+02   3.62280823e+02
   6.73858719e+01   5.62503147e+00   3.61490288e+01   1.55854370e+02
   3.21785431e+02   1.92424698e+02   1.02268440e+02   5.93847466e+00
   3.05830498e+01   1.65011654e+01   1.43171415e-01   1.27504602e+03
   1.08381768e+04   1.67754236e+03   2.24477291e+01   5.64380798e+02
   9.40973535e+03   2.28726776e+02   1.28282617e+03   3.60400467e+01
   4.53317657e+02   1.24867538e+02   6.02091408e+01   2.94156766e+00
   2.21856470e+03   1.24725110e+03   1.34327927e+02   8.56703125e+03
   1.02658740e+04   1.08850476e+03   1.16704845e+00   4.79993896e+01
   1.39799747e+01   5.67810303e+02   5.43278313e+01   8.17548828e+02
   1.87790802e+02   0.00000000e+00   2.19853020e+01   1.63730100e-01
   1.88570892e+02   1.88310583e+03   5.55892792e+01   1.12096301e+03
   1.36897095e+02   6.52268505e+00   2.21455269e+01   7.24996777e+03
   6.90070724e+00   1.13408829e+02   7.71473206e+02   1.89541138e+03
   0.00000000e+00   0.00000000e+00   3.17977448e+02   6.15929070e+01
   1.86127243e+01   1.49101685e+03   9.53862244e+02   5.95845996e+03
   2.37337329e+03   5.79015198e+01   6.48454590e+02   6.15467090e+03
   9.67799530e+01   0.00000000e+00   2.88627869e+02   5.15547314e+03
   5.43957291e+01   3.99642761e+02   9.41377945e+01   5.43255908e+03]
[  7.24337708e+02   4.44885788e+01   1.16924896e+01   5.74184799e+00
   4.69685822e+01   1.91442969e+03   5.53669853e+01   9.95525208e+01
   3.55315948e+00   5.01356049e+02   4.15152740e+00   6.40076294e+01
   4.63149750e+02   2.93921362e+03   1.58200043e+02   2.68603504e-01
   2.81076450e+01   6.57712524e+02   7.97062225e+01   6.41107750e+00
   2.11193485e+01   2.91505098e+00   6.41588211e+01   1.43316907e+03
   4.98575598e-01   6.42036963e+00   1.29237747e+00   1.49690924e+01
   3.22994766e+01   1.11525513e+02   4.22056923e+01   1.68995881e+00
   1.80382141e+02   1.72721844e+01   2.26748242e+03   2.13548242e+03
   3.51585960e+00   2.41558862e+03   3.53603897e+01   6.95349121e+01
   9.05531502e+00   8.05787964e+01   2.56872292e+01   8.57927780e+01
   7.00909281e+00   1.67963425e+02   4.95822510e+02   5.12967229e-01
   8.55541840e+01   3.78097801e+01   1.03012256e+03   0.00000000e+00
   2.05466022e+01   9.89661713e+01   0.00000000e+00   4.29499588e+01
   9.54310894e+00   1.34946518e+01   1.50658417e+02   2.26246887e+02
   2.81776943e+01   7.44043427e+01   1.11610117e+01   4.47403107e+01
   7.12009888e+01   8.79947853e+00   1.16605232e+02   1.42972255e+00
   2.83965802e+00   1.84056873e+01   1.90529041e+01   1.62716174e+03
   2.64114475e+01   1.57582041e+04   1.55555396e+03   8.87316418e+00
   7.08303785e+00   1.09585543e+01   4.69672432e+01   1.10530672e+01
   3.44488754e+01   3.06605663e+01   6.88225746e+00   2.58204498e+01
   2.65576935e+01   0.00000000e+00   1.43685962e+03   2.02034111e+01
   1.30596909e+02   1.23879976e+01   2.48341522e+01   4.13911095e+01
   1.39133692e+01   6.35677063e+02   2.17431229e+02   6.42938995e+01
   4.02427330e+01   1.09584694e+02   5.19354935e+01   5.34243126e+01
   0.00000000e+00   3.72727890e+01   8.80171585e+01   3.13017845e+01
   7.28101873e+00   5.53643265e+01   5.87200046e-01   2.22837573e+03
   2.61692352e+01   3.80640459e+00   5.14930725e+02   4.33828735e+00
   1.28837948e+01   1.40752777e+02   0.00000000e+00   3.43932271e-01
   1.02300301e+01   4.60908813e+01   3.39807227e+03   2.06522322e+00
   3.12689545e+02   1.02203732e+01   1.33867283e+01   5.72657681e+00
   1.30242407e+00   1.78350996e+04   1.90098691e+00   4.52178116e+01
   9.60607849e+02   1.84712891e+02   6.26149101e+01   1.75158630e+02
   1.60919159e+02   1.05081215e+01   2.81885181e+03   9.18474770e+00
   2.40980005e+00   1.76959572e+01   3.55541260e+03   1.78756213e+00
   7.05956507e+00   1.31491736e+03   7.18219471e+00   8.60421204e+02
   1.10350304e+01   8.89716110e+01   7.07517815e+00   1.53581940e+02
   6.04024475e+02   1.12718401e+01   2.26362362e+01   3.79721222e+02
   2.99104958e+01   5.41488838e+01   1.00233478e+03   9.23470001e+01
   4.31382370e+01   0.00000000e+00   2.20202579e+01   1.53751941e+03
   6.64442578e+03   3.95629468e+03   8.38948345e+00   5.02017021e+01
   4.21504021e+01   2.93812990e+00   7.10438309e+01   1.18700228e+01
   9.32967567e+00   3.69525223e+01   8.65409088e+01   1.05341017e+00
   2.09083128e+00   9.43795837e+02   1.75095425e+01   1.22985443e+02
   2.58478088e+01   1.01696634e+01   9.91402283e+01   1.62716626e+03
   6.65367371e+02   2.51946049e+01   9.75648865e+02   2.62015594e+02
   6.13873367e+01   1.29174133e+02   3.60622965e-02   1.05381989e+00
   5.12306290e+01   1.30644409e+02   7.21089935e+01   1.74585807e+00
   5.08520654e+03   6.76738052e+01   3.19429588e+00   5.41747932e+01
   2.04080276e+01   1.29530075e+02   9.28315582e+01   2.13659326e+03
   4.01210823e+01   2.74688292e+00   1.44049695e+03   3.21906013e+01
   3.20324206e+00   5.86162043e+00   1.73270630e+03   3.50310159e+00
   5.95786018e+01   3.74702545e+02   1.23131668e+02   3.03801346e+00
   3.80732483e+02   7.64958878e+01   1.63324539e+02   3.07161285e+02
   0.00000000e+00   1.03758224e+02   2.67501709e+03   2.60162323e+02
   0.00000000e+00   1.47897978e+01   2.60537100e+00   3.41133461e+01
   6.93289413e+01   1.48872351e+03   9.12848663e+01   7.06353455e+01
   1.81832409e+01   8.43046799e+01   2.19100780e+01   1.84223718e+03
   5.79087341e+02   2.07204150e+03   0.00000000e+00   0.00000000e+00
   6.26988411e+01   2.76084229e+03   3.55513330e+03   4.41415863e+01
   8.80034332e+01   5.11120262e+01   7.41687546e+01   0.00000000e+00
   1.76387920e+01   3.38056475e-01   1.90897888e+03   9.38607454e-02
   7.96172562e+01   4.90264816e+01   1.33445837e+03   3.51185722e+01
   9.65942192e+00   9.12370667e+02   1.03911536e+03   2.14799500e+01
   1.09412910e+02   4.31886826e+01   2.31671387e+03   1.53632126e+02
   6.20809517e+01   2.20350323e+01   3.56015259e+02   2.78513012e+01
   2.35994759e+01   0.00000000e+00   2.58304504e+02   1.22352505e+01
   2.27699280e+00   2.18092880e+01   3.40905054e+03   6.01097595e+02
   6.05201797e+01   0.00000000e+00   1.27096748e+02   1.00620590e+02
   5.20465637e+02   2.40845985e+01   2.95267277e+01   1.43623662e+00
   9.36346741e+02   2.83638733e+02   8.70159912e+00   1.93006506e+03
   7.34386826e+01   3.46080475e+01   2.64638519e+01   1.02419952e+02
   7.90335846e+01   1.07840034e+02   2.13534009e+03   4.24882698e+01
   4.04448128e+01   4.68137436e+01   4.38249092e+01   1.40991013e+02
   2.34456291e+01   1.21828040e+03   4.27154732e+01   5.50483105e+03
   2.26482727e+02   3.85336647e+01   2.54684326e+03   4.05637329e+02
   2.68994507e+02   3.21382233e+02   5.71868210e+01   5.20039185e+02
   2.97660084e+01   1.40696426e+02   2.76880771e-01   1.46237946e+01
   1.22391787e+01   3.49226761e+01   2.41419824e+03   4.51971283e+01
   2.99580249e+03   3.14672776e-02   1.09478821e+03   1.06198921e+02
   2.86660614e+02   1.32920799e+01   6.08579254e+01   2.41520523e+02
   1.35754593e+02   1.94525513e+02   1.29063416e+01   8.61690903e+01
   1.50158920e+01   4.63555717e+01   2.29561043e+00   3.72434120e+01
   0.00000000e+00   2.44172714e+02   1.41652088e+01   5.75939636e+02
   3.20628953e+00   6.17018814e+01   4.92848396e+01   3.83826538e+02
   4.23021049e+01   0.00000000e+00   3.73759003e+02   1.18108091e+01
   0.00000000e+00   2.58904648e+00   1.28683624e+02   1.54550400e+01
   1.79873854e-01   8.72468758e+00   7.45205383e+01   5.91306190e+01
   0.00000000e+00   1.28614456e+02   2.50489426e+01   5.59262256e+03
   9.45679550e+01   5.97147102e+01   9.33498917e+01   1.40742912e+01
   3.32267761e-01   1.48212936e+02   3.92034187e+01   7.47938309e+01
   1.19393408e+03   1.77730346e+00   7.27006683e+01   9.00617123e+00
   8.67848892e+01   2.13671055e+01   0.00000000e+00   5.82215820e+02
   1.79661102e+01   0.00000000e+00   2.18865814e+01   1.33691587e+01
   3.29737915e+03   7.47442627e+00   3.72104797e+01   1.28804464e+01
   7.52415228e+00   3.24727295e+03   2.32160791e+03   0.00000000e+00
   5.87839539e+02   4.76116638e+01   4.06539383e+01   2.07953583e-02
   4.95834503e+01   0.00000000e+00   1.96918665e+03   3.45833282e+01
   1.99189804e+02   3.59015121e+01   2.32854834e+03   8.68035828e+02
   5.32923706e+02   4.15855026e+01   9.35428085e+01   1.86504077e+03
   1.11562447e+02   1.43246260e+01   7.26133823e+00   1.33748233e+00
   1.83229568e+02   2.15760376e+03   3.10051403e+01   9.87679367e+01
   6.20447922e+01   8.43204498e+01   9.74693848e+02   1.27055847e+03
   3.64726830e+00   6.86883423e+02   6.73396423e+02   0.00000000e+00
   4.31353493e+01   1.27323551e+01   1.71424133e+03   4.16059532e+01
   6.10569946e+02   1.34368353e+01   1.58214172e+02   5.99439812e+00
   1.16460892e+02   1.94971069e+03   1.28706635e+02   1.19037605e+02
   1.46996338e+04   3.22585388e+02   9.94683685e+01   2.75269127e+01
   7.71571274e+01   1.38938184e+03   9.30366440e+01   2.16989453e+03
   1.86488477e+03   6.77053146e+01   1.28787136e+01   8.35092010e+01
   2.38368931e+01   1.11659595e+03   2.53658112e+02   1.11387009e+02
   3.71598701e+01   3.65452309e+01   0.00000000e+00   5.28065147e+01
   2.04895840e+01   4.87631226e+00   7.67787457e+00   2.21603947e+01
   1.10652094e+01   2.43251556e+02   4.06129494e+01   3.90340308e+03
   6.06187744e+01   4.91720508e+03   1.27130875e+02   5.59019547e+01
   1.07992760e+02   5.46237488e+02   1.20322586e+02   1.74421234e+01
   8.25981873e+02   3.48616171e+00   2.56742993e+03   1.80014481e+02
   2.13187943e+01   5.42896919e+01   4.35904427e+01   1.69585571e+02
   1.10695410e+03   2.25047241e+03   7.20497971e+01   1.27239343e+03
   4.02655697e+00   3.89297068e-01   7.84395742e+00   4.16156143e-01
   5.79334717e+01   6.15692635e+01   1.93708008e+03   0.00000000e+00
   3.94287300e+01   1.81107235e+01   6.02427673e+01   2.63349414e+03
   1.19403958e+00   0.00000000e+00   4.92096481e+01   1.26690216e+02
   9.82584190e+00   1.99763745e+03   9.65596802e+02   1.50122949e+03
   2.46051831e+03   2.00364777e+02   9.03500443e+01   2.82036228e+01
   2.46450464e+03   2.25931740e+01   7.63670349e+00   2.46175171e+03
   5.15984688e+01   2.17872482e+02   3.35807076e+01   3.92346252e+02
   2.39694409e+03   8.45506958e+02   2.61199414e+03   4.44922161e+00]
