bicycle
bus
car
motorbike
person
[ 13759266.    16939620.    28677896.    23345482.    31819862.    14880847.
  11696805.     5031133.    15992509.    17411888.    12674340.    18167132.
  14130968.     6809352.5   12683323.    11895984.     9787906.     6762225.5
  31101948.     7465843.     7880984.    25416298.     4414520.5   17356280.
   4545198.    22659284.    15978509.    15060232.     3763854.25
  10595348.    17928120.    23420796.    29113364.     3158320.25
  32487934.     5264152.    12236458.     7438943.5   14728434.     5112226.
  20972550.    11775610.    40084420.    34722536.    16391346.    18317786.
  15175792.    13539047.     5629336.    31130532.    39192020.     9188379.
  12036617.    10762947.     5805528.    13691372.    19022472.    10455092.
  16547576.     9849560.    13836473.     4466857.5   13397686.     4451334.5 ]
[  3.24268140e+07   8.30506700e+06   2.36990940e+07   1.34962688e+06
   1.11636030e+07   3.12033725e+06   1.56448450e+07   3.84219844e+04
   1.23719040e+07   3.90582525e+06   3.15079520e+07   2.39473240e+07
   7.72923672e+04   2.98078900e+06   1.95353820e+07   1.08949820e+07
   1.22030960e+07   4.09068720e+07   2.84450660e+07   1.05443650e+07
   3.28809969e+05   4.05888680e+07   1.55582950e+06   2.38407320e+07
   1.08547688e+06   2.59632200e+07   7.90416200e+06   1.24093525e+06
   1.21446560e+07   2.25420293e+04   1.92872460e+07   1.34701672e+05
   1.95841325e+06   2.01483240e+07   1.90425220e+07   5.28323300e+06
   5.20309375e+05   7.31730650e+06   1.63919200e+07   2.46449340e+07
   7.21191400e+06   3.52879250e+06   9.24863300e+06   8.83302200e+06
   4.09231280e+07   2.21104420e+07   6.39548875e+05   3.10428100e+07
   1.59331420e+07   5.99678500e+06   1.98023220e+07   2.27968840e+07
   4.20052080e+07   2.03926440e+07   3.08843025e+06   2.26519560e+07
   1.13478260e+07   4.75202400e+07   5.83702600e+06   1.04160170e+07
   3.04839760e+07   7.07381104e+03   1.54464760e+07   4.18425120e+07]
[  2.80970775e+06   8.20503550e+06   1.23513195e+05   1.07020500e+05
   8.15885625e+04   7.14807344e+04   6.26217938e+05   3.70895750e+06
   1.01904711e+05   2.38938075e+06   7.40772950e+06   4.31055000e+05
   3.17142225e+06   2.87921675e+06   1.46786172e+05   7.85485781e+04
   4.24979000e+06   4.22734125e+05   1.58238600e+06   5.62175700e+06
   2.33298650e+06   1.46249814e+04   1.06694550e+07   1.14213060e+07
   7.40023200e+06   0.00000000e+00   2.15106600e+06   3.06437175e+06
   4.77000562e+05   7.23128150e+06   2.26889023e+04   7.99430200e+06
   1.72306400e+06   3.13824950e+06   4.73956600e+06   4.91250950e+06
   1.52908075e+06   1.67408500e+07   3.13215800e+06   8.33903613e+03
   4.99277050e+06   4.85214250e+06   3.15738775e+06   1.17493970e+07
   3.63634850e+06   2.70263938e+05   1.16064150e+07   3.14970977e+04
   2.12259875e+06   5.75706000e+05   1.51456525e+06   4.00470625e+04
   3.76971850e+06   6.39683250e+05   1.38357740e+07   8.57050000e+06
   1.16934200e+06   5.97640430e+04   2.16077078e+05   2.58382422e+05
   1.58507675e+06   1.35588090e+07   1.01481860e+07   3.48023750e+06
   1.92730160e+07   3.05065825e+06   1.38062320e+07   5.91585400e+06
   4.01455031e+05   3.21588150e+06   5.82990850e+06   1.06719080e+07
   1.90910388e+06   3.78948156e+05   0.00000000e+00   2.93230725e+06
   1.31983031e+05   7.74388550e+06   5.61156350e+06   6.64730125e+05
   1.08275812e+05   4.76705200e+06   3.44902850e+06   8.69954785e+03
   4.82017200e+06   5.05606300e+06   5.26457500e+06   2.23024561e+03
   5.45911200e+06   7.86559938e+05   7.99752700e+06   3.44673800e+06
   1.63710188e+06   4.80416600e+06   8.25784125e+05   8.43039200e+06
   4.76013525e+03   2.71259225e+06   1.54336238e+06   4.64775375e+05
   5.10247450e+06   7.55753688e+05   3.43485312e+05   2.60442025e+06
   6.75761426e+03   1.53213712e+06   9.40181094e+04   9.77229688e+05
   3.67821000e+06   2.28334391e+05   1.66837875e+05   7.70859550e+06
   1.66985062e+06   6.31957750e+06   6.50643550e+06   5.76305900e+06
   1.57558925e+06   9.69299625e+05   3.32854750e+06   2.15030875e+06
   2.49386875e+06   5.57983750e+06   3.94187375e+05   6.22655900e+06
   1.07229388e+06   4.09508750e+04   2.02921520e+07   3.19736328e+03]
[  4.20110400e+06   2.29283725e+06   1.42012031e+05   0.00000000e+00
   7.80041172e+04   3.83317475e+06   1.54447462e+06   1.19813725e+06
   1.23063930e+07   6.44347500e+06   8.91204400e+06   5.64178200e+06
   2.92561125e+06   1.61215425e+06   2.18259727e+04   2.64038800e+06
   3.12549300e+06   3.23787375e+06   2.59117800e+06   2.34677441e+04
   7.58095750e+06   5.44823450e+06   1.26470300e+06   4.44967344e+04
   8.28828750e+05   8.76697500e+05   9.00184188e+05   7.07786400e+06
   2.00998812e+05   5.72461250e+06   2.12469316e+04   1.38996850e+07
   4.62600700e+06   7.02921250e+05   1.11556725e+06   4.02066300e+06
   2.67001700e+06   1.22101140e+07   4.07772656e+05   8.77151094e+04
   1.15002738e+06   4.43723945e+04   2.84045820e+04   5.25101875e+05
   1.67852300e+06   7.57035650e+06   6.36179400e+06   6.73054800e+06
   2.88397850e+06   1.57439940e+07   2.13084100e+06   4.09131725e+06
   4.47594900e+06   2.95094150e+06   6.48399188e+05   2.36734266e+05
   6.35077200e+06   9.01393875e+05   1.80459106e+02   3.42684950e+06
   4.36340350e+06   6.13214050e+06   7.35650800e+06   4.15094975e+06
   5.80434125e+05   1.01759030e+07   3.16520156e+05   6.80762250e+06
   4.28733850e+06   8.45645200e+06   1.39855525e+06   1.25844850e+07
   9.68145900e+06   4.61001800e+06   1.73910740e+07   1.40056677e+03
   3.94895575e+06   1.54414975e+06   1.81197200e+07   3.55610475e+06
   3.81195100e+06   5.70081602e+04   1.04575240e+07   3.37393750e+06
   4.48484625e+05   6.48651700e+06   8.20031750e+05   2.65390275e+06
   2.18804828e+05   2.50891375e+06   1.36863016e+05   7.09112900e+06
   3.11561438e+05   1.07910240e+07   9.61411375e+05   4.94101100e+06
   5.67681875e+05   7.44281300e+06   9.98661750e+05   1.25566000e+07
   2.69390438e+05   3.14073844e+05   1.30389160e+07   4.95556104e+03
   1.28393172e+05   1.56450470e+07   3.52781200e+06   5.28491650e+06
   1.02402850e+07   6.43207250e+06   5.38333740e+03   4.60911750e+06
   3.67529062e+05   2.38201320e+07   3.89873000e+06   1.94195525e+06
   1.06649950e+06   4.03849025e+06   1.01624445e+05   1.00856383e+05
   1.27648550e+07   1.92252150e+06   6.33626465e+03   5.93984200e+06
   3.88392375e+06   1.89580700e+06   1.03823410e+07   7.04574550e+06]
[  0.00000000e+00   6.12371875e+03   1.19461138e+06   1.60284316e+04
   3.41171484e+03   1.92971912e+03   1.99962061e+03   6.07723503e+01
   2.86668675e+06   9.70802832e+03   7.95563904e+02   6.63818115e+03
   1.07747704e+02   9.55114297e+04   2.99272891e+04   1.38110850e+04
   5.38348086e+04   8.56971312e+05   3.45557837e+03   8.31947422e+04
   2.32295605e+03   2.21174238e+04   3.72132438e+05   1.44779629e+04
   1.51534502e+04   3.32004395e+03   2.23975400e+06   0.00000000e+00
   4.87166357e+03   1.58738984e+05   2.25468903e+02   2.29490283e+03
   3.01399727e+01   7.69106312e+05   7.37986484e+04   1.58623200e+06
   1.91568338e+06   1.77342129e+04   1.77767969e+03   7.01166162e+03
   2.61342236e+03   1.88280652e+03   4.46172266e+03   3.18644844e+05
   3.88713574e+03   5.75278992e+02   4.81133575e+02   3.46401672e+02
   1.02478078e+05   5.55870781e+04   2.86168086e+04   9.94336670e+02
   1.57814325e+06   2.44017344e+05   8.70420227e+01   9.02037500e+04
   7.12462500e+05   8.67856750e+05   5.97352637e+03   3.37892723e+00
   1.26493789e+05   5.59953789e+04   3.06813750e+05   1.53211703e+05
   2.16500610e+02   1.55954922e+04   1.12864880e+03   2.22637183e+03
   7.25874170e+03   1.66803531e+05   9.92387562e+05   2.22513375e+06
   0.00000000e+00   2.64451777e+04   4.73197479e+02   8.19801514e+02
   2.59451895e+04   4.80953750e+05   4.69522969e+05   4.18839375e+05
   3.32252719e+05   5.38188623e+03   1.31132012e+04   5.31393438e+04
   1.63939975e+06   2.89205750e+06   3.67996188e+05   1.78862775e+06
   9.62379219e+04   2.87736298e+02   5.73912598e+03   6.69685547e+04
   7.11267875e+05   1.02355801e+04   0.00000000e+00   5.68514160e+03
   8.12404443e+03   1.11065825e+06   1.37968042e+03   1.69766156e+05
   3.82168008e+04   1.45416516e+05   1.56384688e+06   2.35867516e+05
   2.00743379e+04   3.60471445e+04   1.35114834e+04   1.62658545e+03
   1.80495209e+02   4.31244125e+05   9.99812562e+05   3.58680078e+04
   2.10190094e+02   3.48748438e+04   5.35043320e+04   3.32564478e+03
   5.52866745e+00   3.07470293e+04   2.64621729e+03   2.25629250e+06
   8.90824375e+04   2.24863815e+00   1.40374199e+04   7.59282861e+03
   1.59073828e+04   9.08981938e+05   7.10158691e+02   0.00000000e+00
   6.46650250e+05   1.61623301e+04   1.75215234e+04   2.05222168e+04
   1.54933916e+04   1.17119212e+06   2.92536499e+02   1.89627356e+03
   2.86989050e+06   5.52401062e+05   3.18152168e+04   0.00000000e+00
   6.86310449e+03   9.64102051e+03   1.44642578e+04   8.30768312e+05
   2.13577808e+03   1.85896225e+06   5.06337256e+03   3.98885107e+03
   3.56612594e+05   9.16286804e+02   9.49696191e+03   7.21714795e+03
   1.06103430e+05   1.20134922e+05   7.65319375e+05   1.15888281e+04
   6.45040088e+03   2.35463219e+05   8.96758438e+05   5.61891125e+05
   6.06078027e+03   1.61309656e+05   1.04720369e+06   7.07742090e+03
   1.58799484e+05   2.85330900e+06   1.39522525e+06   6.83852625e+05
   3.69400031e+05   1.67663238e+06   1.68188025e+06   5.53205750e+02
   3.36440781e+04   5.84470438e+05   7.86271973e+03   2.29153105e+04
   1.37900588e+06   7.90285156e+03   2.05285825e+06   1.37787234e+05
   9.07318375e+05   1.94564172e+05   2.42900078e+05   3.74750078e+04
   1.38143984e+04   1.32373877e+04   1.55825609e+05   1.64659277e+04
   8.10771250e+05   1.34318643e+04   4.32607617e+03   1.94291575e+06
   1.81851791e+02   1.43012175e+06   7.68194275e+01   2.18914475e+06
   2.33841523e+04   6.27829688e+05   1.98343438e+06   1.17305112e+06
   8.44328125e+02   1.39797638e+06   2.19437900e+06   4.77111542e+02
   1.49128969e+05   1.02211206e+03   3.05051880e+03   9.52584180e+03
   7.85499561e+03   6.82327562e+05   7.75218812e+05   1.31577788e+06
   2.22795581e+03   2.82492598e+04   1.06942444e+02   3.53725352e+04
   2.76552905e+03   1.45461825e+06   7.74287578e+04   6.47426636e+02
   6.82504807e+01   5.28968750e+03   7.40252563e+02   4.51955156e+05
   8.42613625e+05   0.00000000e+00   1.94541309e+03   2.78630875e+05
   2.89105743e+02   1.17772712e+06   7.95786797e+04   2.91560394e+02
   7.86153438e+05   5.80765820e+03   8.19569375e+05   7.26359985e+02
   7.01582581e+02   2.60757844e+05   7.29638375e+05   2.35570093e+03
   6.85012375e+05   1.12922150e+06   4.87944434e+03   1.88547534e+03
   1.11440586e+05   1.67531523e+04   2.28770918e+04   3.29606250e+03
   2.22114941e+04   2.81212312e+05   1.34299160e+04   3.58598462e+03
   4.78914453e+03   1.60877934e+01   6.52758643e+03   4.09756219e+05]
[  1.41618012e+06   4.26456836e+03   1.50406445e+03   6.44988379e+03
   1.64149700e+06   1.27348075e+06   2.54339672e+05   2.85668188e+03
   2.99422090e+04   1.78394092e+03   5.33800415e+02   4.20974844e+04
   1.25595713e+04   4.87842070e+04   7.66725195e+03   4.79899561e+03
   6.86753387e+01   3.73347107e+02   1.19348388e+06   8.71191484e+04
   0.00000000e+00   4.70516846e+02   2.05134872e+02   3.93441281e+05
   9.72416153e+01   2.22748096e+03   1.04954565e+00   2.35054312e+05
   2.05560430e+04   7.10997772e+01   9.65959375e+04   9.83853613e+03
   1.81147012e+04   1.36356078e+05   2.01769199e+04   1.74653203e+05
   8.08480420e+03   1.44903198e+03   5.55881445e+03   0.00000000e+00
   1.35408109e+05   4.34623008e+04   1.08694395e+04   1.23821943e+04
   1.12768027e+04   9.70411426e+03   4.05767062e+05   4.93545898e+04
   2.14234531e+05   3.50879883e+03   7.03797803e+03   3.52161670e+03
   1.13502124e+03   1.80265898e+04   5.14040219e+05   5.03237094e+05
   1.22247461e+05   3.04336656e+05   7.71438750e+04   8.82356689e+02
   6.52044238e+03   8.18781094e+04   3.71083336e+01   1.56252960e+02
   0.00000000e+00   5.17324609e+04   1.84716172e+05   6.04189453e+02
   5.77337158e+02   5.36839570e+04   8.27356312e+05   4.50726715e+02
   3.23959590e+04   1.37068604e+04   9.58624766e+04   1.10139156e+05
   8.96596875e+04   4.04514404e+03   7.23741250e+04   3.85945281e+05
   3.43186554e+02   1.99837168e+04   2.65308685e+01   6.67724922e+04
   2.57313452e+03   7.16190000e+04   9.13051453e+02   1.75759453e+04
   1.58014072e+04   2.25072500e+04   1.86223027e+04   1.73290723e+04
   4.16530156e+04   3.69241438e+05   3.03235840e+03   5.19694023e+01
   1.57820391e+05   1.45710907e+02   1.36934170e+04   3.07860031e+05
   3.69362085e+03   4.77397109e+04   7.82888125e+05   1.07430618e+02
   3.19581885e+03   9.54783047e+04   1.27020633e+05   7.07632266e+04
   4.07639180e+04   1.58276625e+06   1.86999390e+03   9.25149812e+05
   5.54234985e+02   1.56626624e+03   4.65066016e+03   1.68858398e+04
   2.81706104e+03   1.21539834e+04   8.29510000e+04   2.23879453e+05
   4.17118438e+04   7.70573059e+02   1.95167344e+04   3.52053812e+05
   5.90611914e+03   4.46593799e+03   1.00628166e+01   3.41208867e+04
   1.58916663e+03   1.75818050e+06   3.26534688e+04   1.84829211e+03
   1.49527705e+04   1.46641338e+06   5.44419629e+03   1.64944297e+04
   2.19922031e+04   8.24451875e+05   4.85910742e+03   2.50018219e+02
   6.03357086e+01   1.91457007e+03   4.03671758e+04   4.00241289e+04
   4.02692451e+01   3.28934790e+03   4.27258008e+03   0.00000000e+00
   6.59498291e+01   2.24913525e+03   4.22527734e+03   4.36793398e+04
   6.43233750e+05   9.10687969e+04   2.98618311e+03   3.13800812e+05
   1.01560443e+03   8.78542557e+01   3.39962969e+04   1.63627138e+06
   9.95238965e+03   6.37994727e+03   1.17221240e+03   5.28493767e+01
   5.23235906e+05   0.00000000e+00   2.72856344e+05   1.24673047e+04
   4.52488344e+05   1.84980950e+06   3.11296112e+02   8.53602827e-01
   4.23887930e+04   2.75708406e+05   4.82278156e+05   2.93710718e+03
   6.62335107e+03   3.38289209e+03   4.31733838e+03   6.83296127e+01
   7.58457422e+03   1.45718457e+04   2.17767075e+02   2.42453535e+04
   1.85423241e+01   1.84147498e+03   8.13752109e+04   1.37430195e+04
   5.85015674e+03   1.85423126e+02   6.66039562e+05   4.53007520e+03
   4.30383606e+01   8.79859668e+03   5.58113828e+04   4.30657715e+03
   6.21021562e+04   5.33694258e+04   5.67981375e+05   1.65701874e+02
   2.18769455e+01   0.00000000e+00   4.68998594e+05   5.32647539e+04
   7.64090000e+04   2.56609955e+02   1.88242109e+04   9.67518875e+05
   1.45102266e+05   1.39494812e+06   3.55134277e+01   1.32457891e+04
   1.26043594e+04   8.10818438e+04   2.96127075e+03   2.33999703e+05
   2.38118781e+05   3.03668770e+04   2.39188457e+04   9.48002441e+03
   4.15358057e+03   1.39211377e+04   4.85771680e+03   1.88810352e+03
   6.76175385e+01   1.38934594e+05   7.87929297e+04   2.72154980e+04
   3.01323706e+03   8.01748810e+01   6.35588989e+02   8.01898047e+03
   1.75706375e+05   3.83196484e+03   8.18823562e+05   1.33913447e+04
   5.92509375e+03   1.04244912e+06   0.00000000e+00   0.00000000e+00
   7.51816406e+03   1.96882781e+05   3.58205872e+01   0.00000000e+00
   6.13452820e+02   3.06961792e+02   1.40499746e+04   2.31506860e+03
   5.76693062e+05   2.16381875e+05   5.30474102e+04   7.63288047e+04
   1.20677139e+04   7.25506062e+05   1.04384141e+04   8.37421406e+04]
[  2.78619000e+05   6.21976758e+04   1.18162695e+03   1.79741418e+03
   3.31997344e+05   2.20904336e+04   1.07150086e+05   1.30930010e+04
   1.54252197e+03   1.05785462e+06   5.36655977e+04   7.20796797e+04
   1.25481836e+04   4.12320215e+03   4.83895850e+03   2.12308667e+03
   2.77121496e+00   5.89795703e+03   6.28538361e+01   3.05050024e+03
   7.52014355e+03   1.81974953e+05   3.25680879e+04   8.97174902e+03
   1.58457263e+03   3.90779375e+04   5.48283643e+03   1.40662906e+05
   3.67529453e+04   4.01480094e+05   5.89570923e+02   3.59428711e+04
   1.37775484e+05   1.15373328e+05   1.64773193e+03   8.79436133e+03
   5.37234750e+05   1.19389100e+06   3.36538159e+03   1.26653462e+06
   6.13300659e+02   1.48308850e+03   1.34838848e+04   1.32163500e+05
   3.31647109e+04   1.15240547e+04   5.54877539e+03   1.82115449e+04
   2.95991758e+04   1.04390986e+04   2.96427598e+04   8.61832188e+05
   3.04043396e+02   6.05240746e+01   1.56661414e+03   5.81147754e+03
   2.26573203e+04   1.76234109e+05   0.00000000e+00   1.59777803e+04
   3.40018604e+03   1.10734578e+05   6.76080127e+03   6.35896191e+03
   9.21060059e+03   3.07630938e+04   1.00789805e+04   8.51447754e+03
   1.35611781e+05   7.59416406e+04   1.70799562e+05   2.65238496e+04
   1.10557531e+05   3.12548945e+04   2.58815531e+05   9.66795625e+04
   1.34791375e+05   7.81367969e+04   2.34614434e+04   3.26786353e+03
   4.74140839e+02   3.04136505e+02   1.10929359e+05   8.83893127e+02
   6.57462578e+04   3.89029785e+02   1.00108883e+05   9.85310059e+02
   3.39552765e+02   1.45952100e+03   4.47226685e+02   1.01855994e+03
   3.92475391e+04   1.44412048e+03   1.56991578e+05   2.30021729e+03
   2.06520004e+02   2.37757203e+05   7.88525562e+05   1.28384195e+05
   1.44414859e+05   9.39019922e+04   1.22325781e+03   1.19985327e+03
   1.03656602e+05   2.93820776e+03   3.85376969e+05   1.34370791e+04
   7.62092468e+02   8.19682715e+03   8.68512734e+04   1.44229863e+04
   4.86357266e+04   5.55524512e+03   1.68635046e+03   1.12288438e+05
   3.44129648e+04   8.83829062e+04   2.02584859e+05   1.23686930e+05
   2.03958435e+01   6.09978688e+05   8.05376328e+04   2.18639453e+05
   1.43836344e+05   6.00835596e+03   1.72973477e+04   3.91342354e+01
   2.02444946e+02   6.78662170e+02   2.81228906e+03   4.71100469e+04
   3.30511797e+04   6.57860059e+03   7.79491357e+03   1.64638672e+04
   3.40814453e+04   1.47421734e+05   6.73946328e+04   2.37110767e+03
   2.11230087e+02   7.03043750e+04   2.38658154e+03   3.93896875e+04
   2.36833848e+04   6.23391484e+04   8.40654766e+04   5.95379143e+01
   2.22626594e+05   9.55054883e+03   1.42464756e+04   1.28291680e+05
   2.63302490e+03   2.89282250e+05   4.39830505e+02   1.14951016e+04
   1.64198375e+05   4.02404102e+03   2.85352750e+05   7.09250122e+02
   2.72493750e+03   8.24260986e+02   4.79820117e+04   3.39961987e+03
   4.03280103e+03   5.75641895e+03   2.22332969e+04   2.01009469e+05
   1.26452686e+03   4.52061953e+04   1.37873230e+01   5.19312646e+03
   2.56299097e+03   4.07290869e+03   4.01409648e+04   8.22627051e+03
   6.40699883e+04   1.02503721e+04   1.97472188e+05   2.88310566e+04
   1.96695300e+03   3.34213281e+04   1.29857133e+05   4.95834922e+04
   7.25682656e+04   2.23805615e+03   1.23457797e+05   1.79349060e+03
   3.57246406e+04   5.48812000e+05   6.40305977e+04   9.19095605e+03
   1.02298260e+03   1.16819133e+05   1.92492599e+02   3.53999658e+03
   6.59616562e+04   9.41823730e+03   7.52311094e+04   6.58331016e+04
   3.50687461e+04   4.69914429e+02   3.08824141e+04   2.45802172e+05
   1.26805961e+05   2.71672211e+02   2.14842871e+04   1.67407988e+04
   1.79756516e+05   1.18047476e+01   8.01994092e+03   1.48212676e+04
   3.93411641e+04   2.84419238e+04   1.28750125e+05   1.00205719e+02
   5.42050098e+03   2.60705469e+04   4.99790771e+02   2.15423547e+05
   2.30962773e+04   7.92379395e+03   1.80740645e+04   1.86682168e+04
   2.92987305e+04   1.65040150e+01   3.56500916e+02   2.47809512e+04
   4.85968311e+03   5.07320898e+04   8.70712500e+03   6.04908086e+04
   1.93764612e+03   2.73904590e+04   1.14009725e+06   2.76743340e+04
   2.98334253e+03   9.57757129e+03   9.68097000e+05   3.98855786e+03
   3.34671411e+03   4.14989746e+02   2.60598169e+03   7.37971680e+02
   3.92208984e+04   4.47775812e+05   2.47318619e+02   5.86963806e+01
   2.24909891e+05   3.63301602e+04   5.22687174e-02   5.61023555e+04
   7.91863135e+03   2.44191919e+03   1.25016907e+03   1.58141152e+04]
[  8.85560120e+02   1.19151289e+04   2.22500293e+04   2.61902715e+04
   1.24721094e+03   7.40464609e+04   1.98593750e+02   7.18813782e+02
   6.39443588e+01   3.19762390e+02   7.20984141e+04   6.22119873e+03
   1.10963271e+04   1.08912734e+04   8.81073340e+03   4.06908447e+02
   1.03592861e+04   3.75943750e+04   5.62934570e+04   6.66826025e+03
   1.43050317e+03   9.36297422e+04   5.41535596e+03   3.07754486e+02
   7.90233281e+04   1.84372617e+04   9.89500078e+04   3.93726978e+03
   8.01093125e+04   9.20710547e+03   1.19770225e+04   1.42763781e+05
   1.32107236e+04   3.08798086e+04   2.20957969e+04   1.20930953e+05
   7.99391094e+04   2.37934668e+03   1.94316391e+02   3.98405977e+04
   2.23513611e+02   1.07867359e+05   4.48291602e+04   4.64860000e+04
   5.57064392e+02   6.31043848e+03   1.22577607e+04   1.89163965e+04
   1.11779600e-01   3.30668164e+04   1.03949820e+05   1.12092542e+03
   0.00000000e+00   3.76667656e+04   1.44220049e+04   1.09952324e+04
   4.19897614e+02   6.84525879e+03   7.53857239e+02   6.23734009e+02
   2.70047388e+03   1.29851289e+05   1.74510156e+04   2.58768555e+03
   4.14065479e+03   2.08878555e+04   1.03060266e+03   9.47557602e+01
   1.56773359e+04   1.28087695e+03   4.17854766e+04   3.36331616e+03
   8.60282812e+04   2.80435693e+03   5.26038551e+00   2.68633887e+03
   7.55112427e+02   9.79518473e-01   9.23607422e+04   4.42175000e+04
   5.01639824e+01   7.33921484e+03   1.36736182e+04   8.91887734e+04
   1.24833730e+04   5.05612946e+00   1.31873621e+03   4.20448633e+03
   7.85054141e+04   4.30974844e+04   1.67017559e+04   3.48446411e+02
   1.11143828e+05   9.57513867e+03   7.73255000e+04   1.49555059e+04
   3.86017031e+04   3.19869720e+02   2.71503242e+04   3.93266250e+04
   2.97366973e+04   4.82231384e+02   9.40921641e+04   4.55773682e+03
   2.64097734e+04   2.25714492e+04   1.36908618e+03   1.22041375e+05
   5.13787500e+04   1.39851050e+03   1.64370371e+04   1.24980420e+03
   1.41875156e+04   3.54247360e+01   7.92780945e+02   4.56219062e+04
   1.42666042e+00   5.07472422e+04   1.63213904e+03   2.87390195e+04
   1.01386328e+03   7.37077734e+04   3.86738867e+04   3.74557837e+03
   1.20786348e+04   6.62475234e+04   3.08947241e+03   1.63910312e+04
   1.66756621e+04   6.49639404e+03   6.47984985e+02   1.49525010e+04
   2.68320977e+04   3.20884238e+04   3.21134590e+04   7.16551895e+01
   1.15838613e+04   0.00000000e+00   7.63723267e+02   1.75176964e+01
   2.34360820e+04   4.76224579e+02   1.58440938e+04   4.95758295e+00
   3.15175586e+03   3.41942480e+03   2.02238403e+03   1.86648887e+04
   9.36224915e+02   1.28305391e+04   7.99552500e+04   5.90968652e+03
   1.13989880e+03   1.24142686e+04   1.55542252e+02   9.52578366e-01
   1.43855576e+02   8.09153931e+02   5.45338318e+02   9.18765312e+04
   1.70721152e+04   5.44744922e+03   1.99249434e+04   3.06766785e+02
   5.39935430e+04   2.43432837e+03   8.55548047e+04   3.89362732e+02
   3.88882227e+04   9.52293281e+04   1.14752002e+03   7.50434814e+03
   3.02658379e+04   1.76350330e+03   7.32927969e+04   3.75477617e+04
   4.29296914e+04   3.68309888e+03   7.64383203e+03   2.75313019e+02
   2.66409375e+04   3.12993945e+03   2.00677266e+04   3.39333320e+04
   1.13395547e+04   6.56760000e+04   6.08406172e+04   8.63681641e+03
   2.42904614e+03   5.26633350e+03   2.96040503e+03   1.97365996e+04
   1.26127256e+04   1.58640406e+05   9.49280938e+04   6.42176797e+04
   1.57954385e+04   1.94815137e+04   5.38046143e+03   1.03008130e+03
   1.03023094e+05   1.23340156e+04   8.26878052e+02   8.40708438e+04
   7.28720703e+04   6.98972595e+02   4.75208711e+04   4.05033633e+04
   6.74275360e+01   5.28519325e+01   1.62277490e+03   9.20404541e+02
   1.08652901e+02   1.56919336e+03   2.79362988e+04   5.88946436e+03
   7.96008545e+03   8.57181641e+03   2.68119570e+04   2.48897422e+04
   1.51383213e+04   4.26987422e+04   5.69756699e+01   1.62779560e+01
   2.95276328e+04   1.72530322e+03   1.48579443e+03   0.00000000e+00
   3.47855347e+02   8.19890430e+03   6.40003662e+02   1.61032715e+02
   4.68675156e+04   3.49892422e+04   6.33558320e+04   3.20232129e+03
   6.81558359e+04   3.74045312e+03   1.91254688e+04   3.48229297e+04
   1.47536172e+04   5.68886797e+04   8.61850879e+03   5.51397578e+04
   5.47615417e+02   1.07273320e+05   1.73377910e+04   3.49878082e+01
   1.87605762e+04   2.36499258e+04   1.97404473e+04   7.56193281e+04
   1.65059688e+04   9.64592734e+04   4.62568711e+04   6.04464570e+04
   1.15892297e+05   7.26365112e+02   6.42868958e+01   8.57321484e+04
   6.00388555e+04   2.40795498e+01   1.91457773e+04   2.62260107e+03
   3.06699715e+01   3.57601094e+04   2.52121313e+03   9.22901562e+04
   3.15933164e+04   2.43694043e+03   1.11339455e+01   2.02219348e+03
   2.45363550e+03   5.17985742e+03   1.18003539e+05   4.36197227e+04
   0.00000000e+00   3.72204895e+01   6.13679766e+04   6.76450879e+03
   3.65846710e+01   9.24361938e+02   7.38304443e+03   1.10347250e+05
   1.67167053e+03   6.66229932e+03   4.83769264e+01   1.63961548e+03
   8.94816406e+02   2.47283125e+04   1.42569277e+04   8.29941602e+03
   5.34841328e+04   3.11443906e+04   2.95425430e+04   3.96032495e+03
   1.09192619e+02   3.71002502e+02   2.84017188e+04   5.90577109e+04
   9.21909119e+02   1.85777710e+03   1.22591943e+04   1.81784317e+02
   2.23942529e+03   3.29960234e+04   2.58296289e+03   5.37196411e+02
   5.16106172e+04   2.27809372e+02   1.17951988e+02   7.53443652e+03
   5.67639343e+02   7.78667114e+02   8.40120312e+04   6.61880703e+04
   1.19616783e+02   5.10350000e+04   1.93583867e+04   8.12401025e+03
   2.97887646e+03   1.42446963e+04   1.08299453e+05   4.77806250e+03
   1.11641125e+05   1.11985500e+05   1.14664195e+05   3.08529609e+04
   3.66252930e+04   5.78000122e+02   5.43363008e+04   1.28421602e+04
   6.83944141e+04   3.02594019e+03   5.75956177e+02   3.97844414e+04
   2.19656082e+02   1.74420117e+04   2.63710400e+03   1.84838789e+04
   7.72375312e+04   5.18656152e+03   8.42922266e+03   5.86105225e+02
   5.34203186e+01   1.39202383e+04   2.04556953e+04   3.35628052e+03
   5.61796631e+03   1.30940613e+03   4.28509688e+04   1.46826904e+02
   4.50548096e+02   5.21661328e+04   2.20580781e+04   1.86340222e+03
   1.17355508e+05   1.37543079e+03   4.09346055e+04   1.60166797e+04
   5.48084336e+04   4.67960391e+04   3.19438263e+02   2.45608917e+02
   4.33160400e+03   5.91105103e+02   1.26292234e+05   3.23183643e+03
   6.44756445e+04   1.65644941e+04   4.48126807e+03   1.32434937e+03
   2.02915820e+04   7.16965527e+03   3.91903906e+04   1.34095996e+04
   5.61328369e+03   7.32592822e+03   8.64700623e+02   3.86882324e+02
   5.13731992e+04   1.11858535e+04   2.79265594e+02   4.86395352e+04
   1.73694688e+04   4.46901562e+03   2.80790918e+03   1.10011084e+04
   1.67726465e+03   1.40626556e+02   9.75269629e+03   3.55508643e+03
   3.40310034e+03   2.61654707e+04   2.62889160e+04   9.12898359e+04
   2.80675488e+03   2.41469360e+03   4.39469873e+03   4.52710663e+02
   5.28542671e+01   2.28697441e+04   2.49408262e+04   7.30858359e+04
   2.78939336e+04   1.65573242e+04   7.82342969e+03   1.20023331e+02
   4.21959610e+01   3.48262558e+01   1.45268789e+04   2.31578691e+04
   6.54602881e+03   5.55343872e+02   2.53888359e+04   4.38926094e+04
   4.91499170e+03   1.82103477e+04   3.21529473e+04   1.13215967e+04
   1.00306826e+04   7.84313232e+03   4.15467236e+03   5.61177422e+04
   8.78104609e+04   1.24671396e+04   2.17039629e+04   3.57556763e+03
   8.11984688e+04   1.88093103e+03   1.74246423e+03   7.39791406e+03
   6.04702656e+04   5.58139180e+04   1.43088789e+04   3.03088672e+03
   1.16658984e+03   1.68259668e+03   3.24398184e+04   1.30570869e+04
   1.45513379e+04   1.27410176e+04   3.94580469e+03   4.46597195e+00
   0.00000000e+00   7.66871094e+04   1.61587204e+02   2.25726777e+04
   2.24891553e+03   6.87096719e+04   1.17234395e+04   1.25957891e+05
   3.51795000e+04   0.00000000e+00   4.56071582e+03   2.80128956e-01
   8.68931458e+02   1.49885928e+04   5.19716980e+02   2.01086804e+03
   2.32448047e+03   1.73100898e+04   3.40145477e+02   4.28692578e+03
   2.75670469e+04   5.97829258e+04   9.58916748e+02   1.25485817e+02
   1.28570337e+03   5.32799170e+03   3.58167148e+00   9.55091980e+02
   1.43762715e+04   5.96307373e+01   3.85642700e+03   3.10071851e+03
   1.21042734e+04   1.29682900e+04   5.02177461e+04   0.00000000e+00
   4.79812012e+02   1.51833066e+04   4.27442500e+04   1.80331289e+04
   4.75707188e+04   2.72901794e+02   1.04153796e+03   1.35493088e+00
   3.03617734e+04   8.11566345e+02   1.01426047e+05   8.23929932e+02
   8.12408936e+03   1.45717627e+04   6.29889893e+03   5.31093604e+03
   4.90337158e+03   1.10759164e+05   2.70333374e+02   2.52647598e+04
   6.02859766e+03   1.48446243e+02   1.48944120e+01   1.53682100e+04
   6.43890771e+03   8.24417344e+04   4.43170898e+03   2.44260292e+01
   3.82445391e+04   7.95291626e+02   1.49389648e+03   1.37159859e+05]
[  4.47792822e+03   1.23238623e+04   2.26429932e+03   2.21844208e+02
   4.72591758e+04   2.05676918e+01   4.85417266e+04   2.28953438e+04
   6.66176875e+04   4.06737427e+02   1.03567371e+03   3.85150635e+03
   8.25991058e+01   6.86252500e+04   8.93223535e+03   1.08216228e+01
   1.39511074e+04   2.76246265e+03   2.49093140e+03   4.32299707e+03
   5.81954785e+03   1.31957705e+04   1.06897876e+03   3.09586090e+02
   5.61321777e+02   2.63409355e+04   3.23444312e+03   2.33081758e+04
   1.58597473e+03   5.87203125e+02   6.59428787e+01   8.31815369e+02
   2.10816162e+03   1.23280506e+01   6.64130615e+02   7.38021545e+02
   5.77881885e+03   5.71265144e+01   1.62790234e+04   6.93187988e+02
   1.90894863e+04   4.89873682e+03   1.69753235e+02   2.63416445e+04
   1.51487930e+04   7.12812439e+02   4.88255469e+03   1.03589392e+03
   1.14583643e+03   1.17152930e+03   2.32601288e+02   4.31305962e+01
   0.00000000e+00   9.69525879e+03   3.00723511e+03   1.39596094e+03
   9.97749414e+03   7.25632141e+02   9.45220398e+02   4.39799080e+01
   1.40010700e+01   1.11823669e+03   1.09309253e+03   1.09235535e+03
   9.18899292e+02   6.75280945e+02   1.03598066e+04   9.35832617e+03
   6.97626094e+04   8.80898926e+02   7.98230896e+01   2.68709238e+04
   4.71119118e+01   1.91855029e+03   1.58142834e+03   7.78966553e+02
   0.00000000e+00   6.66751465e+03   4.10554169e+02   7.61711426e+02
   1.86601245e+03   8.12222188e+04   5.65805117e+04   2.52314551e+04
   1.35200745e+03   5.10935287e+01   1.41186758e+04   9.83187012e+02
   1.31930725e+03   2.25385645e+03   3.57456797e+04   1.63924434e+04
   3.69561768e+03   0.00000000e+00   6.72263867e+03   1.56641569e+01
   1.54369751e+03   1.63563291e+04   3.35585889e+03   6.87147949e+03
   1.09700281e+03   2.59580347e+03   2.29961841e+03   1.37615967e+01
   1.94008435e+03   3.22723291e+03   9.83875488e+03   7.05538635e+01
   5.16266875e+04   9.44623984e+04   5.27966748e+03   5.36114307e+03
   6.65156677e+02   9.89493359e+03   7.64286484e+04   2.52111255e+03
   1.14166260e+03   9.16074280e+02   1.61504318e+02   6.53700500e+02
   2.32023453e+02   1.33701387e+04   1.61726123e+03   3.34050865e+01
   3.79235625e+04   4.10588959e+02   2.22522363e+03   4.09765564e+02
   1.94156971e+01   3.36738398e+04   1.04410118e+02   2.50855026e+02
   9.28191699e+03   1.82303379e+04   1.93328223e+04   2.19751606e+01
   6.84488770e+02   3.32677734e+02   2.49513711e+04   7.45387840e+00
   1.46883240e+02   3.84556702e+02   5.82099609e+03   1.81540009e+02
   5.65099365e+03   5.63193555e+03   7.53862256e+03   4.71058438e+04
   1.36257678e+03   2.07486255e+03   6.63958047e+04   6.21454443e+03
   3.00117305e+04   8.88526245e+02   2.02727051e+02   6.42355703e+04
   1.04572744e+04   2.79111875e+04   6.33009863e+03   1.00446309e+04
   3.01404565e+03   6.97411377e+03   0.00000000e+00   1.78692825e+02
   4.37689180e+04   1.62581189e+03   9.00819766e+04   2.95673561e+01
   7.76928516e+03   1.28169795e+04   5.00779663e+02   4.36050098e+03
   6.19377812e+04   1.52864248e+04   4.14846802e+01   9.18007812e+02
   1.82128064e+03   6.29081299e+03   2.12169482e+03   1.60986853e+03
   7.34639375e+04   4.99691528e+02   1.11260852e+03   0.00000000e+00
   2.13968203e+04   6.46526406e+04   1.62690563e+01   3.30201367e+03
   1.96860657e+02   4.52899453e+04   3.38628967e+02   3.22387024e+02
   3.72566490e+01   4.46123398e+04   1.26126475e+04   5.41850977e+03
   3.40563721e+02   1.89349941e+04   7.33604370e+02   6.12386602e+04
   2.50338496e+04   2.67426300e+02   1.39193325e+01   1.28888184e+02
   1.48545322e+04   8.41505737e+02   6.28077545e+01   5.14203271e+03
   1.69300018e+02   4.21839941e+03   3.01382275e+03   1.13918237e+03
   1.00445869e+04   1.31723594e+04   2.89075508e+04   8.00410547e+04
   2.09044023e+04   2.39262253e+02   2.26980438e+02   4.26050352e+04
   4.19406055e+03   1.14896118e+02   8.68963477e+03   3.04062256e+02
   3.95563745e+03   7.58346939e+01   8.56991602e+03   4.85117461e+04
   1.99722803e+03   2.51919287e+03   7.40132344e+04   1.96388138e+02
   3.95950592e+02   7.69831982e+03   3.16909623e+00   7.57804141e+04
   6.74221250e+04   6.53111572e+03   9.56655502e+01   3.53912170e+02
   3.22253540e+03   2.11805249e+03   2.99960059e+03   7.25312012e+03
   6.80469043e+03   6.02443750e+03   0.00000000e+00   5.00825781e+04
   1.04410408e+02   1.01118683e+03   2.43834253e+03   1.91761436e+01
   1.78458984e+04   1.36159988e+02   7.50750885e+01   5.16977905e+02
   8.18603271e+02   2.66475562e+03   2.51233496e+03   1.29180918e+04
   5.10373730e+03   1.57781958e+03   6.94746094e+02   7.94505310e+02
   2.37636938e+03   2.86249648e+04   1.18612488e+03   3.40047109e+04
   6.20491406e+03   4.90693164e+03   5.78686096e+02   6.93001587e+02
   1.08839014e+03   3.77453308e+02   4.92772818e+00   1.02253670e+02
   1.10810996e+04   0.00000000e+00   1.47423267e+03   8.30576270e+03
   3.68736914e+03   2.42409805e+02   2.52539414e+04   0.00000000e+00
   1.57140488e+02   1.65651445e+04   0.00000000e+00   3.89168477e+04
   4.82461578e+02   1.58469153e+03   2.39358276e+02   8.19653711e+03
   8.80237812e+04   2.00487441e+04   5.97433203e+03   9.07865137e+03
   3.92388867e+04   1.23075598e+03   1.04830757e+02   9.49838928e+02
   6.35958052e+00   5.08594092e+03   3.86908359e+04   5.67887001e+01
   8.84127344e+03   1.60176963e+04   1.48297363e+03   7.99897344e+04
   1.65524063e+02   4.67407257e+02   1.55996094e+02   6.02632910e+03
   1.80970117e+04   1.36243393e+02   1.46733875e+03   1.96572601e+02
   8.31883359e+04   2.90065216e+02   3.49403534e+02   2.66287842e+02
   6.39142285e+03   6.37333301e+03   1.23950469e+04   2.86116680e+04
   5.99465547e+04   4.27265869e+02   4.18896631e+03   3.81823359e+04
   8.84236023e+02   1.67540245e+01   1.01390141e+05   2.97127793e+04
   5.35433807e+01   1.81241284e+03   1.39827500e+04   3.39458667e+03
   0.00000000e+00   5.56902588e+03   1.01527972e+03   3.32016571e+02
   1.99587285e+04   5.00735596e+03   5.53583008e+03   3.49839766e+04
   1.43111668e+01   4.22422656e+03   6.07432373e+02   1.98786504e+04
   4.69537500e+04   2.15645279e+02   8.51068176e+02   1.39148564e+04
   9.40131653e+02   2.93309570e+04   9.41055312e+04   4.15057266e+04
   2.70276538e+03   7.26664490e+02   3.92241016e+03   5.60877609e+01
   1.87883301e+03   7.65209473e+02   5.03789444e+01   1.69088959e+02
   1.00314814e+04   2.88564395e+04   9.63012024e+02   2.15777051e+04
   2.24402985e+02   6.59561094e+04   1.22952499e+01   7.77056494e+03
   4.19562207e+03   8.82973438e+04   1.26578308e+03   5.33473584e+03
   1.62819531e+03   5.04889618e+02   4.24184668e+03   2.43031348e+04
   9.25604980e+03   3.33726611e+03   9.07448807e+01   4.30153107e+02
   7.72465454e+02   4.77593008e+04   3.15903750e+04   1.15645674e+04
   9.97322969e+04   3.63748242e+03   3.52819862e+01   1.93280579e+02
   7.40708154e+03   1.76938652e+04   1.32895544e+03   9.77795117e+03
   6.52807031e+03   2.12283783e+01   5.62043152e+02   2.17485791e+03
   3.40917877e+02   7.33333057e+03   4.25889258e+04   1.56952422e+04
   6.54562891e+03   3.67626846e-01   7.76572734e+04   7.46133118e+02
   1.03807637e+04   7.56444397e+01   6.27487402e+03   2.68067993e+02
   7.21162744e+03   1.91894980e+04   1.57230194e+02   0.00000000e+00
   4.72093964e+02   1.19885840e+03   9.14213867e+03   1.24448967e+02
   2.43023755e+03   2.85771387e+03   1.59470947e+03   4.91519775e+03
   1.87044153e+03   4.40111562e+04   2.93659882e+02   3.07683063e+00
   1.05275020e+04   2.09917633e+02   4.15073682e+03   5.45457734e+04
   1.71447290e+03   4.88681641e+02   5.72079590e+02   3.33406958e+03
   1.16070007e+03   1.13368738e+03   6.69620156e+04   7.17720215e+03
   7.85950244e+03   1.55801819e+03   3.25263916e+03   2.94392188e+03
   1.42869064e+02   3.25899567e+02   4.70453906e+03   7.96576538e+02
   5.42468933e+02   4.15169983e+02   0.00000000e+00   3.23691925e+02
   7.95039511e+00   0.00000000e+00   1.49364512e+04   1.49183331e+01
   0.00000000e+00   5.25724609e+02   0.00000000e+00   6.78383972e+02
   9.01988184e+03   1.98933655e+03   5.26405908e+03   1.10400452e+03
   9.76708906e+04   4.49657695e+04   2.79669708e+02   1.32731335e+03
   1.61094263e+03   1.69547617e+04   5.52890547e+04   6.99150696e+02
   4.07495758e+02   7.17397385e+01   1.62684668e+03   6.46252100e+03
   4.10839307e+03   2.35282776e+02   1.43793201e+03   8.14554119e+00
   1.56672500e+04   1.24766631e+04   2.06219507e+03   1.35728271e+02
   4.54017242e+02   5.78520386e+02   4.44533281e+04   2.29237289e+01
   9.60019434e+03   1.56785095e+02   1.08563633e+05   8.04453223e+03
   7.46310608e+02   4.70140381e+02   7.96552372e+00   1.19494932e+04
   2.43872754e+03   2.14688965e+02   1.16633728e+03   9.10776660e+03
   2.29430493e+03   1.79977051e+04   6.77350922e+01   2.39486252e+02
   1.18488135e+03   9.00832500e+04   1.83776840e+02   1.53312256e+03
   0.00000000e+00   2.04482695e+04   1.87176973e+04   5.74403955e+03]
[  1.51588940e+03   1.64088926e+04   4.42128326e+02   1.48496875e+03
   1.11279797e+03   2.32477168e+04   3.03535400e+02   1.32034766e+04
   5.12746436e+03   3.86510664e+04   1.42541736e+03   2.08405975e+02
   6.68472119e+03   4.39318633e+04   3.65730029e+03   5.96613831e+02
   2.49524170e+03   5.31816992e+03   7.39653125e+04   9.00294312e+02
   7.30985165e+00   4.53843994e+03   2.83132538e+02   3.98200854e+03
   9.30216211e+03   1.24346970e+02   1.29404229e+04   2.66719147e+02
   7.87879028e+02   3.02375903e+03   3.16479199e+03   5.81193115e+03
   3.89881421e+03   3.60494703e-01   5.84233057e+03   1.54880386e+02
   4.04193695e+02   8.48491406e+04   0.00000000e+00   9.68877441e+03
   1.18432852e+04   6.41604919e+01   1.89027703e+00   2.97488220e+02
   9.93131543e+03   3.52681915e+02   5.74546973e+03   1.66321562e+04
   6.23954102e+02   1.42754868e+02   1.65293787e+03   1.29055798e+03
   9.48692856e+01   2.06185078e+04   2.44183164e+04   2.95258848e+04
   7.32665833e+02   7.97282568e+03   5.11018829e+01   3.12515479e+03
   2.87775635e+03   1.34318567e+03   4.34758972e+02   1.63602219e+02
   3.48914111e+03   6.71769348e+02   2.46381104e+02   2.72152496e+02
   2.69459320e+02   1.89318390e+01   8.83466553e+02   2.07261973e+04
   3.36810938e+04   2.34249374e+02   2.60174844e+04   8.31028824e+01
   8.67750931e+01   1.18744312e+03   2.35295337e+03   1.49247354e+04
   3.75388770e+03   2.96244434e+04   1.79720234e+04   2.12174395e+04
   7.48111562e+04   1.18510147e+02   1.39191638e+03   1.82877949e+04
   1.29118213e+04   3.10546680e+04   1.28691092e+01   2.59569287e+03
   1.93825317e+02   1.33279199e+04   1.20449170e+03   1.44615166e+04
   9.09719141e+03   1.01425111e+00   1.67662188e+04   1.47096155e+03
   4.62610168e+01   2.71704126e+03   9.60555267e+01   5.04683643e+03
   4.35260296e+00   6.57368546e+01   1.96988757e+03   3.94282773e+04
   4.67293396e+01   2.67047695e+04   8.44036926e+02   5.42629609e+04
   7.14784082e+03   9.87859863e+02   5.39432297e+01   9.79094666e+02
   7.17396912e+02   3.68772578e+04   9.25705444e+02   3.08253937e+01
   2.10957470e+01   6.79663696e+02   1.48529424e+04   5.17497742e+02
   1.33809644e+03   1.66569180e+04   5.30881470e+02   1.20845352e+02
   7.38816467e+02   1.00635193e+03   1.67229160e+04   8.68946960e+02
   1.10236519e+02   9.03605408e+02   1.76256006e+03   1.30290117e+04
   4.24623320e+04   0.00000000e+00   1.43543457e+02   7.41425781e+01
   2.97746569e-01   1.69793915e+02   5.17205078e+02   3.50418701e+02
   8.77879944e+01   4.10716309e+03   2.38839307e+03   0.00000000e+00
   5.04076385e+02   5.59023906e+04   1.33930283e+02   2.23637329e+02
   4.95478729e+02   5.72444287e+03   1.27910571e+03   2.63110293e+04
   8.81219635e+01   9.54388428e+02   1.26865295e+03   1.15641797e+04
   9.91333862e+02   2.29261368e+02   1.02031940e+03   4.11495628e+01
   5.13138320e+04   6.93854675e+01   2.03077194e+02   4.03718262e+03
   7.70067285e+03   1.24847314e+04   1.69253654e+01   1.94470718e+02
   1.21822510e+04   9.63927490e+02   3.23087082e+01   5.96805713e+03
   5.95092891e+04   1.05033789e+03   4.25305586e+04   2.88231543e+03
   4.28283750e+04   3.79606914e+04   4.28879356e+01   5.88142480e+03
   7.22818115e+02   0.00000000e+00   1.62132002e+04   8.19932617e+03
   9.29926758e+01   4.49833740e+02   1.54804581e+02   5.96746887e+02
   4.01121289e+03   1.01363926e+04   1.25521533e+03   1.62629551e+04
   1.70839905e+03   1.36094116e+03   1.71271240e+02   2.95560327e+03
   4.89646777e+03   1.97731836e+03   1.51078125e+03   1.34200859e+00
   6.08986572e+03   1.90942566e+02   3.06908130e+03   1.22347998e+03
   1.21440850e+04   6.61545312e+04   3.94183868e+02   8.94717773e+02
   5.60505322e+03   1.26614160e+03   1.08562958e+02   1.27381484e+04
   6.61812734e+04   3.67420044e+02   6.66759262e+01   7.19874072e+03
   1.81842871e+04   4.31205261e+02   5.80365143e+01   1.67633289e+03
   4.13580658e+02   8.51007004e+01   1.88600159e+02   1.15456589e+02
   2.68968335e+03   2.18003143e+02   1.00979721e+02   3.06045166e+02
   1.19870605e+03   5.07371750e+01   2.19082527e+01   9.02175369e+01
   7.05695740e+02   4.52071289e+02   7.22244141e+03   2.84785858e+02
   4.45875519e+02   9.38595581e+01   1.67387000e+03   4.32913555e+04
   2.75189082e+04   9.15233887e+03   7.82767944e+02   3.47569434e+03
   6.01725693e+01   2.93053497e+02   4.38933777e+02   1.89031952e+02
   1.17987617e+04   2.25776147e+03   8.19715142e-01   2.85454132e+02
   3.77678516e+03   7.31069260e+01   7.70412720e+02   6.02454491e+01
   7.16153564e+02   1.02509351e+03   4.63891876e+02   4.43183289e+01
   4.98285781e+04   1.27595972e+03   4.77353555e+04   1.21166846e+03
   4.37297363e+03   2.37779053e+02   1.16794250e+02   1.57067297e+03
   2.24079681e+02   1.04970818e+02   4.11272891e+04   9.49217651e+02
   6.89041870e+02   8.05848450e+02   7.24315625e+03   2.28530332e+04
   4.57437195e+02   2.17250168e+02   6.68684326e+02   7.00557109e+04
   1.63306030e+03   2.49246802e+03   1.11812773e+04   4.33200958e+02
   6.08071411e+02   1.74337246e+04   5.27735010e+03   4.26000488e+03
   1.11579434e+04   3.05449707e+03   2.14382401e+02   1.42290442e+03
   5.08242285e+03   1.17103003e+03   1.14793398e+04   2.31438789e+01
   3.17364769e+01   1.94223169e+03   2.25979395e+04   1.57215469e+02
   1.33572373e+04   6.35199766e+04   9.27524780e+02   2.01194348e+03
   4.60897119e+03   7.66633008e+03   1.73373055e+00   5.07823389e+03
   3.77267456e+00   1.31664336e+04   2.05732349e+03   1.17066826e+04
   6.71698303e+02   8.40388379e+03   8.60876389e+01   1.12889189e+04
   1.22719893e+04   3.30935273e+04   2.32652905e+03   2.33379648e+04
   1.91317700e+03   1.47657349e+03   4.86656934e+03   3.10410706e+02
   1.64724182e+03   2.52547760e+02   9.63336035e+03   6.07271191e+03
   1.32271290e+00   1.64078809e+03   2.26130768e+02   1.65864111e+03
   1.22678146e+02   1.29476699e+04   1.09525879e+03   3.36703633e+04
   4.61313828e+04   3.17731934e+03   4.54591644e+02   2.03668579e+02
   6.97402191e+01   3.77473694e+02   3.34895000e+04   7.79398682e+02
   9.02272168e+03   8.33839551e+03   3.46681177e+03   5.32200977e+04
   3.82585388e+02   3.83050586e+03   9.50053406e+02   1.11955920e+03
   1.05956680e+04   2.62634155e+03   1.77125430e+04   2.00104294e+01
   8.02917656e+04   8.84815125e+02   4.29083906e+04   6.00337341e+02
   1.13315615e+04   2.61321808e+02   2.40078751e+02   9.35729004e+03
   4.57812012e+02   6.82473145e+03   3.53585510e+02   2.42618335e+03
   2.52823227e+02   1.25186035e+04   3.28668091e+02   1.01492047e+05
   1.55552002e+04   1.87660583e+03   5.00513379e+03   2.35220850e+03
   4.01489655e+02   1.36709734e+05   5.26703955e+03   4.70067932e+02
   5.49247681e+02   1.38584736e+04   1.08599129e+02   1.16823219e+02
   2.50154834e+03   1.27293481e+03   5.56644961e+04   2.63270288e+03
   2.07373975e+03   5.32946016e+04   6.74612109e+04   4.19103912e+02
   1.61679626e+02   9.04041992e+03   5.79701660e+03   1.36883027e+04
   3.12238922e+02   1.97998789e+04   2.46432495e+03   2.74763525e+03
   5.73264027e+00   2.76538262e+04   1.11445045e+02   1.69492285e+03
   1.46291882e+03   1.76813635e+03   1.06741138e+03   1.79735352e+04
   1.67445293e+04   8.40626892e+02   9.77981445e+02   2.03797550e+01
   5.39633936e+03   5.27466553e+03   0.00000000e+00   1.78990616e+02
   2.54975555e+02   2.52927969e+04   9.37361230e+03   3.64663208e+02
   1.23700000e+03   1.06889863e+04   1.21079199e+03   8.30169983e+01
   2.52795142e+03   9.06022266e+03   5.44609883e+04   8.38015747e+01
   1.20449561e+04   2.58289038e+03   9.22945709e+01   1.31773389e+03
   1.68270401e+02   1.10513496e+01   2.53087422e+04   1.27849510e+02
   5.11029114e+02   1.48661285e+02   2.45103806e+02   1.20462608e+01
   5.35610390e+01   2.32697070e+04   1.10556201e+03   3.89130219e+02
   1.66059363e+03   2.07682969e+04   2.70105988e+02   1.61983716e+03
   6.44292374e+01   1.28781734e+05   4.81229062e+04   7.67867050e+01
   1.88033215e+03   4.30532715e+03   1.75109395e+04   1.12252227e+04
   1.61214102e+04   5.29835059e+03   1.47671094e+04   1.44059631e+03
   8.11766309e+03   4.88322412e+03   4.37112335e+02   5.92046509e+02
   5.84058838e+02   1.11216530e+02   1.40101494e+04   2.32122441e+04
   1.43313340e+04   1.93897969e+04   1.79066943e+03   1.22226120e+02
   1.68261829e+03   1.03071021e+03   7.63932190e+02   2.08585059e+04
   6.01626807e+03   3.94176636e+02   1.33327480e+04   1.33857376e+02
   3.19028646e-01   4.04200268e+00   3.77230054e+03   7.16857361e+02
   1.21996558e+03   4.74285449e+03   4.97117383e+04   3.97586484e+04
   1.96908203e+04   1.49406226e+03   2.30355933e+03   5.37659973e+02
   1.99643848e+03   1.27889374e+02   2.81788037e+03   5.90001855e+03
   2.69086953e+04   3.61949883e+04   1.12681618e+02   1.23223242e+03
   1.86366621e+04   1.95731250e+04   2.00544235e+02   3.35917511e+01
   1.87704248e+03   1.18446789e+01   1.87190323e+02   1.26926992e+04]
[  2.18253098e+02   3.23887596e+01   1.03384450e-01   4.65179150e+03
   1.59863571e+02   2.07129002e+01   5.58601665e+00   7.50568295e+00
   1.02777275e+02   1.95935638e+02   3.63418884e+01   5.14224060e+02
   7.40301056e+01   6.61376801e+01   1.39214916e+01   3.02942085e+00
   0.00000000e+00   2.81025116e+02   0.00000000e+00   0.00000000e+00
   2.28723434e+02   1.37377070e+04   2.98255957e+03   1.01371259e+03
   5.83783875e+01   9.28922713e-01   0.00000000e+00   1.28860046e+03
   1.41814819e+02   1.15906470e+03   4.19501514e+03   6.15533981e+01
   9.80123047e+02   1.36469330e+02   6.25533819e+00   1.28201099e+03
   1.84291580e+02   1.17162363e+04   1.02493359e+03   1.79324219e+03
   7.25416016e+03   6.08542061e+01   2.55213159e+03   8.77748718e+02
   1.91898289e+01   0.00000000e+00   3.64007446e+03   2.30343676e+00
   9.30164623e+00   9.98297501e+01   6.60774765e+01   1.57846558e+03
   9.53625023e-01   1.35178619e+02   1.82547455e+02   6.51295853e+01
   4.87743066e+03   5.80769104e+02   0.00000000e+00   2.32774353e+02
   5.12290710e+02   2.25882065e+02   2.37412915e-01   1.28766357e+03
   1.30276367e+02   3.44952808e+03   5.74025955e+01   0.00000000e+00
   2.94229980e+02   7.33298096e+02   5.96326843e+02   1.38164530e+01
   2.90714378e+01   2.39819565e+02   5.32724559e-01   7.84866150e+02
   9.12491035e+00   5.98005615e+02   3.83634067e+00   1.10024757e+02
   0.00000000e+00   1.45321045e+02   5.64346741e+02   2.14605835e+03
   5.15575638e+01   2.45062485e+01   1.56247520e+00   2.40453053e+00
   1.20894941e+04   1.38500778e+02   1.11958867e+04   1.54864319e+02
   1.62620342e+04   8.38187439e+02   0.00000000e+00   5.05738770e+02
   1.64105020e+04   3.99436927e+00   2.04729932e+03   7.94321365e+01
   3.56384302e+03   4.43217201e+01   3.17430954e+01   1.16145742e+00
   3.66395532e+03   1.31373486e+03   0.00000000e+00   1.83360657e+02
   2.85612335e+01   0.00000000e+00   6.87579966e+00   2.32077835e+02
   3.50168433e+03   4.43773633e+03   1.94298363e+01   1.31950247e+00
   1.93885181e+03   3.51657837e+02   2.16810970e+01   8.10884933e+01
   0.00000000e+00   9.67542114e+02   0.00000000e+00   1.50131423e-03
   2.43438072e+01   3.26069504e-01   2.39976883e+01   0.00000000e+00
   9.05347137e+01   2.55100098e+03   1.11754065e+03   1.16236377e+03
   6.89181089e+00   4.81546974e+01   1.57026566e+02   4.77854309e+01
   1.36167852e+04   1.09252640e+02   3.25910217e+02   2.04311890e+02
   3.10644922e+03   2.15792557e+02   2.84705334e+01   2.79519263e+03
   1.65375919e+01   0.00000000e+00   4.56090736e+01   1.04442558e+01
   1.58132286e+01   1.83892231e+01   2.14912176e+00   2.87382507e+01
   1.26272461e+02   7.32254601e+00   6.24543238e+00   3.92839622e+00
   1.23225488e+03   1.99191818e+01   9.19110107e+01   7.38107681e+00
   4.20305084e+02   8.61408310e+01   1.39200342e+04   7.56466980e+02
   1.00689105e+03   1.03312920e+04   0.00000000e+00   3.47783447e+03
   4.35790405e+02   7.58954785e+03   3.34390730e-01   3.10620850e+03
   3.10089016e+01   6.20881165e+02   9.18082428e+00   2.78080521e+01
   8.69804459e+01   2.84684420e+00   1.88440277e+02   0.00000000e+00
   1.75778427e+01   2.35423462e+03   0.00000000e+00   2.33782739e+03
   2.72083984e+02   8.05072461e+03   1.57999496e+02   1.04864521e+01
   7.06668018e+03   2.63734222e+02   2.75222588e+01   2.52179694e+00
   7.89185181e+02   1.04920853e+02   4.89502533e+02   1.55048859e+02
   7.63595581e+00   1.59581201e+03   2.45055908e+03   3.84599854e+03
   1.98292465e+01   1.31843975e+04   4.75188560e+01   2.82014942e+01
   4.12825356e+01   6.40231552e+01   3.18974048e+03   1.26009607e+03
   0.00000000e+00   3.37486914e+03   4.61489453e+03   1.21939636e+03
   0.00000000e+00   0.00000000e+00   1.01131439e+02   3.02974365e+03
   1.37027405e+02   1.01062374e+01   1.17121170e+02   1.01890732e+02
   5.97972641e+01   2.72836761e+02   6.73559937e+02   9.17348099e+00
   5.80969043e+03   6.90537305e+03   9.38472986e-01   6.29974403e+01
   1.28912735e+01   1.05212476e+03   1.33182774e+01   7.10000610e+02
   2.06810181e+02   1.33895508e+03   2.50501001e+03   1.07577927e+02
   8.38000793e+01   8.76354004e+03   0.00000000e+00   1.46371863e+03
   1.06901161e-01   1.27125645e+04   1.09266350e+02   3.84288406e+00
   0.00000000e+00   3.24129639e+02   9.33260547e+03   0.00000000e+00
   2.86378908e+00   2.25130920e+01   6.45388574e+03   1.45723522e+00
   1.20294552e+01   6.43275757e+01   2.23214378e+01   9.05709595e+02
   9.75126282e+02   4.43593674e+01   5.97970676e+00   1.22545566e+04
   4.12787552e+01   1.51638474e+02   0.00000000e+00   0.00000000e+00
   2.94181764e-01   1.49706578e+00   4.44441032e+00   9.01335999e+02
   8.10187500e+02   1.25146132e+01   5.32122803e+00   9.98968445e+02
   6.73550892e+00   1.42277188e+04   3.61544189e+03   8.87576065e+01
   5.57187549e+03   6.65394135e+01   5.98591957e+01   4.30876398e+00
   9.44140244e+00   3.99584656e+02   1.24412363e+04   3.32843811e+02
   1.80377121e+01   1.20108009e+02   2.08713354e+03   4.68197937e+01
   2.77343607e+00   5.00357437e+00   7.33710938e+01   1.48573962e+03
   1.76702002e+03   5.09220947e+02   0.00000000e+00   0.00000000e+00
   2.01448929e+02   2.88915253e+02   4.43777037e+00   9.20406282e-01
   6.64374756e+02   6.95028198e+02   1.40862090e+04   0.00000000e+00
   4.96761871e+02   1.71051455e+00   7.58716507e+01   1.85134232e+00
   1.16464902e+04   0.00000000e+00   1.45021064e+04   3.13464146e+01
   4.79068527e+01   0.00000000e+00   1.50853467e+00   6.48017725e+03
   4.49360840e+03   2.59753784e+03   1.60301743e+02   4.17462082e+01
   2.82766968e+03   8.35466766e+00   9.81314087e+00   7.46860580e+01
   2.23180084e+02   0.00000000e+00   6.56086426e+01   2.10218521e+02
   1.76212296e+02   6.58379593e+01   4.05981026e+01   6.35086523e+03
   2.47798080e+01   5.77615967e+02   2.76536011e+02   2.69019678e+03
   1.28405872e+03   1.02025250e+03   6.17951514e+03   1.96880600e+02
   1.80902185e+03   0.00000000e+00   2.25020996e+02   9.66672993e+00
   4.65884375e+03   8.43288422e-01   4.80011865e+03   7.48318710e+01
   5.76755371e+02   2.44433689e+01   8.67725067e+01   0.00000000e+00
   3.78026978e+03   2.71990547e+01   8.21072459e-01   4.76535873e+01
   6.39241211e+03   5.34739648e+03   6.07413037e+03   9.10538101e+00
   6.95384979e+01   1.38309026e+00   1.50656757e+01   2.18459671e+02
   2.22820847e+02   5.61726913e+01   0.00000000e+00   3.40290100e+02
   2.08433289e+02   0.00000000e+00   1.06898491e+02   3.21319507e+03
   2.53301353e+01   1.55175934e+02   8.66336670e+01   1.81821106e+02
   2.35585728e+01   1.80199165e+01   0.00000000e+00   1.20127586e+02
   5.54113617e+01   1.41649756e+04   1.31636868e+01   8.84400586e+03
   1.30016125e+03   1.51577783e+03   1.17842053e+03   5.86539917e+01
   2.85018701e+03   4.70405396e+02   1.26784790e+03   2.81850395e+01
   1.83233673e+02   3.89065266e-01   1.55177032e+02   3.27089119e+01
   0.00000000e+00   2.48298764e+00   1.44072983e+02   1.61857208e+02
   2.51466492e+02   2.24105835e+03   7.23190234e+03   1.92932873e+01
   7.47421722e+01   4.07257729e+01   2.55230865e+02   1.29227390e+01
   1.87747078e+01   1.03111172e+04   4.71919518e+01   4.74680176e+01
   4.13058281e+01   3.85032532e+02   2.75770361e+03   1.51695801e+02
   3.66808765e+03   1.54532824e+01   5.07079411e+00   2.15959978e+00
   1.95650000e+04   1.03777454e+03   6.96483154e+01   1.23975830e+01
   9.04748718e+02   2.91155670e+02   4.84194422e+00   3.21611252e+01
   1.56711473e+01   1.19772144e+03   5.11114453e+03   3.55469475e+01
   1.20644798e+02   1.47337732e+03   1.53297034e+03   2.74404831e+01
   3.45917664e+01   1.34347119e+03   1.09311045e+04   9.20231934e+01
   3.08328323e+01   6.12838268e+00   6.54018860e+01   3.41428162e+02
   1.00565811e+02   9.29915011e-01   8.49319531e+03   5.25541455e+03
   1.06579932e+04   3.04556036e+00   4.18916687e+02   2.71480988e+02
   2.12403906e+03   8.46626282e-01   6.19822815e+02   5.13835571e+02
   5.63852577e+01   1.13365234e+04   7.77545395e+01   2.55735596e+03
   1.87995458e+00   7.49566284e+02   4.77830734e+01   3.13902008e+02
   9.78180859e+03   3.22633018e+01   9.84947891e+01   1.72470629e+00
   8.97634745e-01   5.20030640e+02   2.97554749e+02   4.50900879e+01
   1.95779388e+02   5.10606250e+03   9.38974619e-01   3.44930566e+03
   4.32714783e+02   2.31261581e+02   4.09390869e+03   4.78275482e+02
   3.93813867e+03   6.57394226e+02   3.57019318e+02   9.62470779e+01
   5.96484108e+01   1.40726294e+03   3.74992867e+01   5.52075732e+03
   1.92380583e+00   1.01794796e+01   8.34997177e+01   4.32768799e+03
   1.34394873e+03   6.43307343e+01   5.54461212e+01   0.00000000e+00
   2.04602686e+03   6.92182678e+02   7.25088257e+02   5.14981641e+03
   1.06748772e+02   9.63073578e+01   8.97580872e+02   2.78811621e+03
   0.00000000e+00   7.06071289e+03   1.01961231e+01   3.25457336e+02
   0.00000000e+00   1.21950039e+04   2.74954681e+01   1.86609848e+02]
[  5.90457268e+01   5.27967407e+02   1.22087662e+02   2.13484390e+02
   7.31249237e+01   5.37459717e+02   8.17332001e+01   2.91982361e+02
   4.65209503e+01   2.66984940e+01   1.11534570e+03   4.56333069e+02
   2.43686865e+03   1.84794907e+02   2.49917847e+03   1.59146149e+02
   1.38023829e+00   3.12730774e+02   8.60835510e+02   1.92096848e+02
   1.39851974e+02   4.36361313e+01   4.22297461e+03   1.29615265e+02
   1.78395126e+02   2.73155155e+01   4.46226273e+01   2.70010052e+01
   5.15306445e+03   9.78633595e+00   4.51411629e+00   2.89512444e+01
   4.58551465e+03   1.18737915e+02   2.77636948e+01   4.21074951e+02
   6.46281494e+03   2.23391724e+00   7.05399871e-01   2.16110107e+03
   5.72338672e+03   7.64101685e+02   3.19641423e+00   0.00000000e+00
   4.19370031e+00   3.35443726e+02   2.78566943e+03   3.28801689e+01
   1.44837399e+01   9.78405533e+01   4.80717850e+01   1.42483719e+02
   1.02810071e+03   3.80752075e+02   7.06119873e+02   4.35999658e+03
   1.10335531e+01   2.79204559e+01   2.19438550e+03   5.26519580e+03
   2.14494775e+03   2.98681702e+02   5.69421387e+03   8.90008926e+00
   4.45269763e-01   6.10297852e+02   3.06913872e+01   2.91067596e+02
   1.31971741e+01   3.99639648e+02   1.16203918e+03   1.06592517e+03
   3.39107178e+02   5.15488739e+01   6.41004944e+01   1.11704248e+03
   8.60232468e+01   5.38268860e+02   2.38236060e+03   9.82784557e+00
   4.48371840e+00   2.58285522e+02   2.59731909e+03   9.41635208e+01
   1.59516675e+03   5.69491504e+03   1.62291077e+02   2.94092960e+01
   3.35942700e+03   3.01056061e+02   3.12877228e+02   5.08990784e+02
   0.00000000e+00   2.76138501e+03   2.84120007e+01   1.71991348e+01
   3.85947113e+02   3.91489478e+03   7.36445694e+01   3.20282974e+01
   8.74944878e+00   2.57748013e+01   9.74524231e+01   8.96929455e+00
   1.15543433e+03   0.00000000e+00   1.03217140e+02   6.26165137e+03
   4.34107324e+03   2.01889557e+02   4.28894928e+02   4.96731300e+01
   1.42876904e+03   1.12679663e+03   4.08295319e+02   0.00000000e+00
   1.14823895e+01   4.45569267e+01   1.68621533e+03   1.11556488e+02
   4.85379868e+01   1.47938074e+03   3.16206276e-01   2.11636257e+01
   1.64938297e+01   4.65275787e+02   7.05839996e+01   1.69626297e+02
   6.19401514e+03   2.84284711e-01   6.87797241e+02   2.39715552e+03
   9.06642029e+02   5.30744476e+01   1.00328779e+04   4.45541859e+00
   3.54858971e+01   2.21995972e+02   5.12513847e+01   2.57777095e+00
   4.69449268e+03   0.00000000e+00   5.60742493e+02   2.00950027e+02
   3.74027344e+02   1.11894102e+01   0.00000000e+00   7.32937002e+00
   1.16818070e+00   6.39180603e+01   3.91963810e-01   3.21111389e+02
   3.78835846e+02   2.77224634e+03   1.58878632e+02   8.04791382e+02
   7.85025085e+02   2.64719391e+00   1.59546765e+03   4.01243073e+02
   1.35420312e+03   5.14207666e+03   3.39611769e+00   4.66398865e+02
   4.62321484e+03   8.81723511e+02   5.09854614e+02   5.31779480e+01
   8.85732727e+01   1.73220801e+03   8.59691345e+02   0.00000000e+00
   3.11422241e+02   3.09458876e+00   2.62690678e+01   0.00000000e+00
   1.85646760e+00   3.12965063e+03   1.75410202e+02   4.09463501e+01
   1.13088913e+02   1.75674267e+01   5.45729065e+00   4.53822975e+01
   4.00084448e+03   0.00000000e+00   1.23001190e+02   1.40068698e+00
   1.53379142e-01   3.86948013e+01   9.00809097e+00   1.24224739e+02
   2.43754253e+01   2.69898773e+02   4.20259979e+02   1.50076324e+02
   2.88162323e+02   7.51340790e+01   5.71110077e+01   5.17767754e+01
   9.67181931e+01   2.84946198e+02   5.66008449e-01   1.83123279e+00
   2.14206505e+01   2.74957027e+01   1.34704578e+00   1.75955521e+02
   2.27791348e+01   2.56621151e+01   1.32828320e+03   1.91286804e+02
   2.55814791e-01   2.42536098e-01   5.44868927e+01   9.06734695e+01
   1.30851608e+02   1.37061780e+03   1.44492889e+02   1.29173904e+02
   4.62389465e+02   1.65173547e+03   1.11839592e+02   1.17686743e+03
   7.33619614e+01   2.95549126e+01   1.67559399e+03   4.06600494e+01
   2.95157617e+03   4.28387451e+03   3.32984985e+03   1.38404495e+02
   0.00000000e+00   1.48663635e+02   2.33954468e+02   1.31161682e+03
   1.24627051e+03   4.13721733e+01   2.64302612e+03   6.49175903e+02
   1.35529585e+01   5.85717392e+01   6.64951050e+02   0.00000000e+00
   5.63826477e+02   9.28716675e+02   4.01747345e+02   0.00000000e+00
   6.73648071e+02   3.18884826e+00   1.33995140e+00   5.71089478e+02
   1.39718323e+03   6.99270189e-01   1.60007648e+01   8.10880127e+03
   9.31531525e+00   3.59977081e+02   2.30189438e+02   1.16794983e+02
   4.24671631e+03   2.76204143e-02   7.05257764e+03   1.85974045e+01
   3.51073418e+01   9.66588593e+01   4.02626373e+02   6.28223450e+02
   5.76389084e+01   1.24555896e+03   5.77676048e+01   5.55130188e+02
   0.00000000e+00   0.00000000e+00   6.72476425e+01   7.46473236e+01
   4.38142586e+01   3.83199921e+01   6.18988525e+02   4.61171631e+02
   2.37118378e+01   2.85741081e+01   3.46063745e+03   4.89244957e+01
   7.55223751e-01   2.52406079e+03   3.19051117e+02   1.44191086e+00
   5.07537793e+03   1.10850601e+02   1.34707289e+01   5.47725916e-01
   2.02921494e+02   6.96716431e+02   4.92078174e+03   5.08116226e+01
   3.01063208e+03   1.49148560e+02   7.57837677e+01   6.38562256e+02
   2.61385083e+03   1.33852991e+03   0.00000000e+00   1.14556141e+01
   5.44117920e+03   4.70197510e+03   7.74026807e+03   4.47826447e+02
   1.21299922e+00   5.40475098e+02   1.94552460e+02   5.65640755e+01
   1.22084951e+00   1.23104988e+02   4.51710358e+01   8.68062012e+02
   1.43234131e+03   1.03195595e+02   4.65825073e+02   0.00000000e+00
   4.09974813e+00   2.23764307e+03   3.84468422e+01   4.36769678e+03
   8.45133286e+01   2.17103867e+02   7.60222931e+01   0.00000000e+00
   3.31255646e+01   5.81890221e+01   9.95531559e+00   3.23166046e+01
   1.10577484e+02   1.60574112e+02   2.03959747e+02   1.03885698e+01
   2.04616684e+02   1.29673737e+02   1.80393341e+02   2.50802148e+03
   2.09686890e+03   1.16672974e+03   1.72833264e+03   1.74178925e+01
   3.85354279e+02   5.87341492e+02   1.77746899e+03   5.01965103e+01
   1.09014862e+02   2.86278125e+03   5.41492510e+00   0.00000000e+00
   4.36994043e+03   6.62130051e+01   7.61817627e+02   9.19628906e+00
   2.35222119e+03   4.07040527e+02   6.07106171e+01   1.39761658e+02
   7.07524109e+01   2.18986535e+00   1.73301590e+02   1.82814404e+03
   1.75838843e+03   4.61459255e+00   7.52243652e+01   3.73897057e+01
   5.89502792e+01   4.72533131e+00   5.31259766e+03   5.63874841e-01
   6.08162109e+02   2.25981104e+03   0.00000000e+00   4.54480377e+02
   1.30100623e+03   8.62267285e+03   2.02000778e+02   1.92631592e+02
   6.02780640e+02   2.77958088e+01   1.22134430e+02   2.87009525e+01
   2.59465210e+02   7.00276031e+01   5.40017471e+01   1.18574150e+02
   1.85810449e+03   2.52277126e+01   4.34331494e+03   1.24033524e+02
   5.93889893e+02   1.91154537e+01   8.08049321e-01   2.21761749e+02
   2.82304358e+00   2.07766953e+02   2.62166901e+02   3.98658295e+02
   4.40474023e+03   1.12169998e+02   1.37380371e+02   3.95895215e+03
   4.37594678e+03   1.74921371e+02   9.28661194e+02   8.18402350e-01
   1.06846428e+02   9.31532910e+03   5.36670570e+01   1.03005286e+03
   2.43662125e+02   3.04826570e+00   4.62726707e+01   0.00000000e+00
   9.81874084e+02   3.86426758e+03   1.37298975e+03   1.77246008e+03
   1.38877228e+02   2.34031658e+01   4.69637329e+02   2.77396530e-01
   6.66731949e+01   2.76944027e+01   1.32224533e+02   3.11701270e+03
   8.89379395e+02   3.46921051e+02   9.33867773e+03   3.10093555e+01
   1.43868683e+02   3.15380322e+03   5.76004677e+01   1.18107979e+02
   2.51354590e+03   4.42737999e+01   2.34941818e+02   1.94085800e+02
   1.97621899e+01   3.16134510e+01   2.55506134e+01   1.08097328e+02
   2.18286224e+02   2.68349640e+02   1.56357742e+02   6.51900113e-01
   1.82387428e+01   4.23307648e+01   3.41126144e-01   1.19533875e+03
   9.74849902e+03   1.53287463e+03   7.63372040e+01   6.91863647e+02
   8.01685449e+03   3.12784851e+02   1.85549878e+03   8.22769260e+00
   6.89679382e+02   2.29666733e+02   6.86176453e+01   1.43898952e+00
   1.47864746e+03   1.17263989e+03   1.52327042e+02   6.12421143e+03
   1.00148242e+04   9.18266296e+02   3.69408011e-01   5.00483284e+01
   9.03795147e+00   3.70295380e+02   3.06061220e+00   7.66741821e+02
   1.90344452e+02   4.33655560e-01   6.59846039e+01   2.92487293e-01
   1.61241547e+02   1.31202185e+03   2.97234375e+02   1.12017297e+03
   8.04400558e+01   4.00075483e+00   2.11669712e+01   6.88888818e+03
   3.97385502e+00   4.01769447e+01   4.58300995e+02   8.07298462e+02
   0.00000000e+00   0.00000000e+00   3.11283295e+02   1.15190620e+02
   3.29821320e+01   9.94578308e+02   1.66241614e+03   4.06249243e+03
   2.34944531e+03   8.34948807e+01   5.40331970e+02   4.40625244e+03
   9.36685181e+01   0.00000000e+00   2.82234222e+02   5.33490283e+03
   9.02262497e+01   3.95851410e+02   8.10746613e+01   3.32843384e+03]
[  8.01480286e+02   4.69860764e+01   3.77806926e+00   1.88265152e+01
   6.77020187e+01   1.78714075e+03   2.75907345e+01   2.85449982e+01
   1.76738870e+00   6.08756348e+02   3.88261318e+00   3.55676270e+01
   7.25950806e+02   2.19535889e+03   9.21169815e+01   0.00000000e+00
   3.42827225e+01   6.25734863e+02   9.50953598e+01   6.62918425e+00
   8.59540176e+00   0.00000000e+00   3.30020905e+01   1.21626978e+03
   7.64055789e-01   1.00172081e+01   2.08509398e+00   8.57216835e+00
   1.67432709e+01   2.47091324e+02   2.31818218e+01   3.74357283e-01
   6.73571091e+01   1.99528427e+01   2.17649316e+03   2.02915637e+03
   6.73658848e-01   2.25003296e+03   1.11991520e+01   9.65231400e+01
   8.62322807e+00   6.27840004e+01   4.67876482e+00   3.63918686e+01
   1.01804752e+01   1.08195770e+02   7.69665588e+02   1.30767763e-01
   8.08474045e+01   2.66071033e+01   6.64295349e+02   6.81206584e-01
   3.04123402e+01   7.11649628e+01   0.00000000e+00   8.92989063e+00
   1.00064640e+01   2.72988529e+01   1.15953316e+02   1.60287857e+02
   1.17999849e+01   5.57856979e+01   2.69592171e+01   2.43209400e+01
   2.43256340e+01   2.07706985e+01   6.74298706e+01   7.23798513e+00
   4.41351366e+00   5.03826828e+01   1.63786354e+01   1.60944080e+03
   3.57288551e+01   1.31678779e+04   1.42949158e+03   3.27924042e+01
   6.51842356e+00   9.70527077e+00   2.70648651e+01   8.80098534e+00
   6.28729677e+00   2.71953545e+01   5.70700455e+00   3.87986259e+01
   2.49798298e+01   0.00000000e+00   1.49646667e+03   2.37597084e+01
   8.76615982e+01   8.03287029e+00   9.66464844e+01   4.10517273e+01
   1.15888805e+01   5.83369263e+02   1.05690422e+02   1.19529314e+01
   3.46865158e+01   5.49639435e+01   9.78339462e+01   3.47450485e+01
   6.40454233e-01   5.66047630e+01   6.04423370e+01   2.44089527e+01
   9.33095551e+00   7.28377991e+01   8.93303514e-01   2.96344702e+03
   1.33404827e+01   1.53261602e-01   2.13504700e+02   7.50862598e+00
   5.32691479e+00   7.73963089e+01   1.25924245e-01   8.80954564e-02
   6.94814968e+00   6.78485184e+01   3.16860791e+03   4.76489991e-01
   2.56595947e+02   5.42008896e+01   4.59544907e+01   7.31756639e+00
   9.34228241e-01   1.49113174e+04   2.58672690e+00   3.27054939e+01
   9.39366333e+02   6.65020142e+01   2.40885754e+01   1.87379868e+02
   2.05626404e+02   1.30178909e+01   2.55635400e+03   1.77485714e+01
   6.49368715e+00   4.71294594e+00   2.45239624e+03   4.00407677e+01
   9.49448967e+00   1.91940491e+03   2.97697097e-01   9.30735291e+02
   1.84161530e+01   1.29916855e+02   1.27713203e+01   2.14590393e+02
   3.22511322e+02   3.11141396e+01   2.49115467e+01   6.48483948e+02
   2.38720703e+01   5.87697258e+01   8.97568787e+02   4.92207336e+01
   3.26264458e+01   0.00000000e+00   1.22034388e+01   1.20996912e+03
   5.17231592e+03   3.95834277e+03   1.39040356e+01   2.97193623e+01
   5.26484070e+01   7.41029596e+00   1.29485836e+01   2.88907871e+01
   1.57812738e+01   2.05921268e+01   9.74563065e+01   2.61427224e-01
   1.03810720e+01   1.03704077e+03   1.82918892e+01   2.29763298e+01
   1.96638050e+01   7.28992510e+00   9.17983322e+01   8.99926697e+02
   2.36101440e+02   3.88390541e+01   6.24757385e+02   2.06283875e+02
   9.29033279e+01   1.71469635e+02   6.42757118e-02   3.55389893e-01
   6.60721817e+01   1.31063828e+02   1.12133896e+02   3.09956932e+00
   5.26743945e+03   5.48054276e+01   9.42366242e-01   2.81221371e+01
   7.55471802e+00   9.79644394e+01   9.05958786e+01   1.62260681e+03
   4.89124260e+01   2.25831914e+00   1.98449561e+03   8.03201141e+01
   3.18840361e+00   9.53362179e+00   2.29200806e+03   1.04181366e+01
   6.19464455e+01   2.98497681e+02   1.59179291e+02   2.70999146e+00
   3.66012848e+02   4.68609123e+01   7.07623520e+01   2.60794128e+02
   0.00000000e+00   2.00574051e+02   1.61944958e+03   3.80500061e+02
   0.00000000e+00   9.16127777e+00   1.09976082e+01   1.33368721e+01
   5.96445923e+01   1.24144336e+03   6.35566673e+01   5.14543915e+01
   1.19170094e+00   8.78476028e+01   2.29533119e+01   1.39655396e+03
   7.08128662e+02   1.44701868e+03   0.00000000e+00   4.56265450e-01
   1.06975075e+02   3.06241235e+03   2.81491309e+03   1.15869408e+01
   3.05458641e+01   9.32680054e+01   3.40681686e+01   0.00000000e+00
   1.09310293e+01   6.31928265e-01   1.19026636e+03   1.21606268e-01
   1.72111313e+02   2.24614220e+01   9.93809570e+02   4.02435265e+01
   1.99949036e+01   1.03158923e+03   8.20903748e+02   3.23109341e+00
   9.92258682e+01   6.63600311e+01   1.42534167e+03   8.57246628e+01
   7.98881226e+01   2.13706207e+01   5.47708008e+02   4.66430969e+01
   5.81724777e+01   1.89618230e-01   3.27577393e+02   1.06444225e+01
   7.36801207e-01   2.00077419e+01   2.61075879e+03   8.92019104e+02
   1.65070019e+01   2.29869900e+01   2.26278000e+02   5.06493340e+01
   3.44434753e+02   1.56602964e+01   1.98956928e+01   5.43188477e+00
   8.28744812e+02   2.63576538e+02   3.90856590e+01   2.24498877e+03
   8.45582504e+01   3.47709160e+01   6.99365044e+00   3.58145790e+01
   1.47714432e+02   6.15447807e+01   2.07107959e+03   6.64921341e+01
   9.40644741e+00   3.47516632e+01   3.31276131e+01   1.02704826e+02
   2.29793587e+01   1.22871826e+03   3.72577119e+00   4.46954932e+03
   3.37482880e+02   3.39739456e+01   2.07251123e+03   3.54085724e+02
   2.41771835e+02   2.26058167e+02   2.03481636e+01   4.44436584e+02
   4.44252548e+01   1.29805634e+02   1.00251079e+00   4.33402061e+01
   2.67514439e+01   1.09758484e+02   2.16201440e+03   7.37505493e+01
   1.97882385e+03   0.00000000e+00   1.40768713e+03   2.85803490e+01
   3.38069458e+02   5.36513672e+01   5.55530548e+01   2.47990891e+02
   8.48429031e+01   6.53465576e+01   1.00325251e+00   9.59228592e+01
   7.17111969e+00   2.27394123e+01   0.00000000e+00   3.51060219e+01
   0.00000000e+00   2.65554840e+02   1.40862484e+01   4.40289612e+02
   4.71474552e+00   1.60690994e+02   9.44233627e+01   3.20688232e+02
   4.90876999e+01   1.05829084e+00   2.03019897e+02   2.83502502e+01
   0.00000000e+00   7.11917114e+00   6.77740784e+01   1.89452896e+01
   4.15511179e+00   2.98974171e+01   4.50038567e+01   3.72851791e+01
   0.00000000e+00   8.72794952e+01   2.89722290e+01   5.32185889e+03
   4.53841209e+01   4.12531395e+01   2.56321468e+01   1.83284512e+01
   8.70479012e+00   1.19887383e+02   2.00535736e+01   7.74779663e+01
   1.05872888e+03   2.90811372e+00   4.73785477e+01   8.31670952e+00
   1.07845551e+02   2.19124680e+01   1.37746227e+00   3.23310791e+02
   1.71352177e+01   0.00000000e+00   2.51946774e+01   5.50518465e+00
   2.58903857e+03   3.77597618e+00   2.14873638e+01   2.12413063e+01
   6.62372818e+01   3.13839062e+03   1.63595300e+03   0.00000000e+00
   2.37449707e+02   2.47975922e+01   3.24393425e+01   0.00000000e+00
   3.26450157e+01   0.00000000e+00   2.14737354e+03   4.09032974e+01
   1.54955887e+02   3.83875885e+01   2.17839575e+03   6.48271057e+02
   4.31829865e+02   1.99366913e+01   1.01100174e+02   1.73645129e+03
   6.22159920e+01   5.16620979e+01   6.22144842e+00   3.91649675e+00
   1.87233490e+02   1.31925269e+03   3.81643028e+01   5.30255089e+01
   4.80087471e+01   1.07740822e+02   7.60397644e+02   9.59838318e+02
   9.79958153e+00   8.44330383e+02   4.01820374e+02   5.30211985e-01
   1.72080269e+01   1.51348372e+01   1.85313464e+03   2.23585110e+01
   4.62749115e+02   1.84211502e+01   4.00104065e+01   9.28721619e+00
   2.84421520e+01   1.73123999e+03   6.11102753e+01   5.53839455e+01
   1.23083789e+04   2.46223129e+02   8.65059280e+01   1.47117043e+01
   1.01554832e+02   1.35524902e+03   4.82194633e+01   2.23587402e+03
   1.29365442e+03   1.46421524e+02   5.93356361e+01   4.68934975e+01
   7.06636488e-01   1.07761902e+03   2.40342987e+02   9.64455338e+01
   5.79983826e+01   4.42315140e+01   4.80501622e-01   5.05168037e+01
   1.10531206e+01   5.73618555e+00   2.60034256e+01   1.57948122e+01
   1.61648273e+01   2.39923935e+02   5.87402267e+01   3.63829370e+03
   4.00059357e+01   3.87022607e+03   1.73576614e+02   9.55945511e+01
   7.25398331e+01   5.01122955e+02   6.69601059e+01   3.91248055e+01
   1.26849402e+03   1.35215740e+01   1.50632764e+03   1.95872955e+02
   1.35885096e+00   8.32956982e+00   1.52031174e+02   9.72222672e+01
   8.27382141e+02   2.39796899e+03   7.32703781e+01   1.37295520e+03
   0.00000000e+00   8.65969434e-02   1.15015697e+01   2.32880044e+00
   2.92686253e+01   3.71180305e+01   1.64830359e+03   1.75063848e-01
   9.19243317e+01   3.33254738e+01   4.72406311e+01   3.22853955e+03
   3.03708822e-01   0.00000000e+00   6.09326324e+01   8.79178619e+01
   3.43712463e+01   1.51635876e+03   7.26349854e+02   1.10298340e+03
   1.96894983e+03   3.14721893e+02   6.23456497e+01   2.15158806e+01
   2.50476025e+03   1.43769236e+01   2.10649395e+01   1.44525952e+03
   2.73758240e+01   2.11507889e+02   1.18048811e+01   2.91151672e+02
   1.65480432e+03   4.32895782e+02   2.59942749e+03   9.98456240e-01]
