bicycle
bus
car
motorbike
person
[ 22302678.     7368868.5   37695304.    21597700.    42292536.     5576045.
  14428295.     5804955.    15805956.    12645077.    10319007.    23590440.
  22039414.     7487054.    20911894.    13274889.    17789594.    12484565.
  42364824.     9801416.     5625430.5   30669556.     5005794.5   21895778.
   7725754.5   19248254.    11754015.    14707511.     3438852.75
  13684721.    23419568.    38064736.    39185248.     2456108.5   34961812.
   2187330.75  15152463.     6201707.5   13153162.     3882696.    15198037.
  20567362.    49777708.    46469984.    16201982.    24386116.    18569064.
  23461020.     5519515.    40402864.    37293268.    12086004.    14989689.
  13684582.     7451291.5   16051470.    24481290.    16863372.    12530968.
   7446836.     5380087.5    2709250.25  15820830.     6358695.5 ]
[  3.43020760e+07   9.90324200e+06   3.18034880e+07   1.03494744e+06
   9.21011700e+06   4.02110475e+06   1.15740720e+07   1.15425518e+04
   1.32259110e+07   4.00186025e+06   3.74600920e+07   2.64650180e+07
   6.18249062e+04   1.53462250e+06   2.49122380e+07   1.41131210e+07
   4.33881000e+06   4.56197840e+07   1.73836320e+07   1.10927070e+07
   1.10335352e+05   3.78271080e+07   9.75128062e+05   3.15366280e+07
   7.11425562e+05   3.41458120e+07   7.14080400e+06   1.46695438e+06
   1.56399470e+07   2.68205703e+04   3.47674880e+07   9.89098359e+04
   1.06884612e+06   2.10467040e+07   1.24072590e+07   4.56261650e+06
   2.82284000e+05   1.16971350e+07   2.71240400e+07   2.29391380e+07
   1.18836580e+07   3.31226850e+06   3.25599375e+06   1.02996510e+07
   3.96569880e+07   2.48868620e+07   7.04729125e+05   4.48087320e+07
   2.30424300e+07   5.28678000e+06   2.56767900e+07   2.94213280e+07
   4.77393960e+07   2.88881120e+07   1.51013438e+06   2.49669140e+07
   1.61934800e+07   6.88624960e+07   5.46618100e+06   1.16717370e+07
   3.81407840e+07   6.80126367e+03   1.58078740e+07   5.13083120e+07]
[  4.58020300e+06   1.16844890e+07   6.32243438e+04   6.81702578e+04
   4.59796562e+04   3.44067930e+04   1.83413406e+05   4.66668050e+06
   2.65854648e+04   1.53171288e+06   7.88443850e+06   8.95536812e+05
   1.21636925e+06   2.66698450e+06   2.11325898e+04   3.44239219e+04
   3.48252925e+06   7.13474750e+05   9.73914250e+05   6.18098650e+06
   2.11209750e+06   7.46545215e+03   1.07279410e+07   1.51564560e+07
   1.05775810e+07   0.00000000e+00   5.81687812e+05   4.00882750e+06
   1.98209800e+06   7.37441300e+06   1.45371562e+04   1.05160850e+07
   8.22353500e+05   4.78852700e+06   3.57311650e+06   5.01433750e+06
   5.33968875e+05   1.87481020e+07   3.30369100e+06   5.73587744e+03
   6.97283350e+06   4.56800850e+06   5.20005850e+06   1.54860510e+07
   3.58597250e+06   1.09118156e+05   1.11215320e+07   4.01431758e+04
   2.88993300e+06   7.28470812e+05   2.41528275e+06   4.48399883e+04
   3.98798100e+06   1.37053150e+06   1.60802280e+07   1.22604450e+07
   1.55978875e+06   1.25840342e+04   1.05856398e+05   3.54044844e+05
   2.04778700e+06   1.64380090e+07   9.62003400e+06   3.45806800e+06
   1.95996860e+07   2.32155600e+06   1.40042220e+07   7.23744300e+06
   2.70651906e+05   1.70512050e+06   7.68394450e+06   1.10456720e+07
   1.56025712e+06   5.17656094e+05   0.00000000e+00   3.06226250e+06
   3.67641969e+05   6.30437850e+06   5.14822850e+06   4.95380875e+05
   1.59070254e+04   6.42285100e+06   4.10225050e+06   1.12773496e+04
   4.01971100e+06   6.44276500e+06   4.62611850e+06   2.57639648e+03
   6.69173650e+06   1.24690050e+06   7.84588100e+06   4.59662850e+06
   5.60051500e+05   5.22227350e+06   9.18847125e+05   7.47931850e+06
   1.81731897e+03   2.77629750e+06   1.27412200e+06   2.52574672e+05
   4.43555800e+06   6.26581312e+05   5.25174188e+05   1.14607550e+06
   9.45007324e+03   7.30478938e+05   2.38290328e+05   1.12297262e+06
   3.59215425e+06   2.98014406e+05   9.13799531e+04   8.15277400e+06
   6.20830938e+05   7.73043300e+06   5.21891250e+06   8.52996600e+06
   2.48891250e+06   8.79848062e+05   3.39442325e+06   1.22032562e+06
   3.38359075e+06   5.89791050e+06   7.99343906e+04   6.16392500e+06
   1.63923800e+06   1.90753438e+04   2.26929660e+07   1.54802832e+03]
[  3.69903500e+06   2.15234800e+06   3.03574875e+05   0.00000000e+00
   1.76306133e+04   3.55674600e+06   1.35794500e+06   1.59623238e+06
   1.50917210e+07   5.93217600e+06   9.26464600e+06   7.44783050e+06
   2.72915700e+06   7.86800500e+05   6.88105908e+03   2.85595975e+06
   2.08199262e+06   3.45822850e+06   2.02312875e+06   1.38942559e+04
   9.81418100e+06   3.57432875e+06   2.00329962e+06   3.60979102e+04
   1.04429188e+06   3.96023844e+05   1.53797450e+06   7.28199400e+06
   1.28223812e+05   6.54698500e+06   5.03103008e+04   1.48530190e+07
   4.49406550e+06   6.21376312e+05   1.37223388e+06   2.44811750e+06
   3.25137275e+06   1.17943120e+07   1.32605281e+05   6.26673164e+04
   1.83960825e+06   6.08961562e+04   1.72347988e+04   4.13922969e+05
   9.76574500e+05   8.93899100e+06   6.51455950e+06   6.11898150e+06
   3.47918925e+06   1.64815820e+07   2.75980650e+06   4.88722750e+06
   6.19275850e+06   1.58195700e+06   1.61301406e+05   1.56052109e+05
   5.81742050e+06   8.49224250e+05   6.65363159e+01   3.91310800e+06
   4.00132575e+06   7.43311300e+06   7.33278550e+06   4.01700200e+06
   3.20718094e+05   1.21959830e+07   1.74253656e+05   4.81433400e+06
   4.50954350e+06   8.32909450e+06   1.71123238e+06   1.37541420e+07
   1.17499850e+07   6.45835200e+06   2.05205940e+07   8.40004590e+03
   4.92776750e+06   2.74839825e+06   1.66927730e+07   3.63838625e+06
   3.13194300e+06   4.34325977e+04   9.64379200e+06   3.16621700e+06
   8.49132734e+04   6.84043000e+06   9.34838250e+05   3.62503825e+06
   1.01653789e+05   1.06481288e+06   7.56810781e+04   7.80189050e+06
   2.63848531e+05   1.10939070e+07   1.16749688e+06   2.94689775e+06
   4.23184500e+05   7.73689200e+06   9.04278312e+05   1.33990560e+07
   1.57448406e+05   1.33186672e+05   1.68715660e+07   2.33837646e+03
   1.26970414e+05   1.58622660e+07   2.86693150e+06   7.20255250e+06
   1.03825940e+07   7.27677800e+06   6.34187549e+03   5.63116700e+06
   2.06546406e+05   2.42780520e+07   4.76021200e+06   8.88383438e+05
   7.74751688e+05   4.95470150e+06   3.36925039e+04   3.40120625e+04
   1.56561620e+07   3.03604475e+06   2.13202891e+04   8.99684400e+06
   6.31334150e+06   1.71249425e+06   1.35965160e+07   9.58865800e+06]
[  0.00000000e+00   1.86831543e+04   1.45843488e+06   1.21917285e+04
   5.12052460e+01   3.99440155e+02   3.99111084e+02   1.01379957e+01
   2.65675525e+06   1.42790732e+04   1.84688690e+02   7.59269043e+03
   9.28655243e+01   7.33944453e+04   3.24363926e+04   1.41262683e+03
   3.60846992e+04   8.55106188e+05   6.47102686e+03   6.78406172e+04
   2.88341808e+01   9.25974512e+03   5.86133438e+05   5.72271484e+03
   2.02628164e+04   8.52211853e+02   2.16588825e+06   0.00000000e+00
   4.37429590e+03   1.31329639e+04   2.34372360e+02   2.68966125e+02
   1.55426834e+02   9.45358562e+05   5.34838008e+04   1.83811938e+06
   2.47987600e+06   1.03661484e+04   9.71607849e+02   5.49217480e+03
   7.19522119e+03   6.81186279e+03   5.80619971e+03   3.75256031e+05
   1.34813525e+04   5.67242126e+02   4.11849442e+01   8.94564667e+01
   7.05658516e+04   1.92669570e+04   7.33620625e+04   4.28209229e+01
   1.67754462e+06   4.41882938e+05   1.41849167e+02   1.81433672e+05
   6.45827812e+05   1.03821425e+06   2.84829443e+03   5.40368423e+01
   7.72843672e+04   3.35962188e+04   5.21867625e+05   5.46442031e+04
   7.43953247e+02   2.00804902e+04   5.10815979e+02   7.84609436e+02
   5.44931592e+03   1.19988258e+05   1.36334812e+06   1.62672700e+06
   0.00000000e+00   2.99657520e+04   1.49197525e+02   3.04341284e+03
   1.30734209e+04   3.13874156e+05   6.51748375e+05   1.35012781e+05
   1.80284594e+05   5.20237061e+03   8.03183984e+03   3.15766284e+03
   1.92402050e+06   2.82264200e+06   6.70128750e+05   1.79377138e+06
   1.19713664e+05   1.47006653e+02   4.98814453e+03   9.07420391e+04
   4.16922281e+05   4.17734619e+03   0.00000000e+00   3.72092212e+03
   5.77581982e+03   8.73591062e+05   2.71964014e+03   3.94882656e+04
   2.80274785e+04   3.60595312e+04   1.83685862e+06   9.95252109e+04
   3.55432495e+03   9.33657227e+03   1.62695078e+04   8.59825745e+02
   6.91623688e+01   9.21374688e+04   9.95813562e+05   1.73274785e+04
   0.00000000e+00   2.59848359e+04   2.34108457e+04   3.44002319e+03
   0.00000000e+00   4.59674902e+03   5.71159912e+03   2.26812650e+06
   3.44884258e+04   2.69275049e+03   1.76785215e+04   1.80505017e+03
   9.65212793e+03   1.19290400e+06   4.93908496e+03   0.00000000e+00
   9.79869062e+05   1.88415723e+04   2.03409902e+04   1.83688770e+04
   1.15576973e+04   1.33650412e+06   5.96342545e+01   1.01347852e+03
   3.43543675e+06   6.31268312e+05   2.79360762e+04   1.02714386e+01
   1.92096445e+04   1.28733557e+03   5.92038867e+03   7.61826688e+05
   9.31766235e+02   2.34347725e+06   3.97919092e+03   2.39320093e+03
   1.35923719e+05   1.27073059e+01   4.04585034e+03   3.83680005e+03
   8.82828906e+04   1.31073797e+05   8.38932125e+05   3.21554956e+03
   4.00272168e+03   2.70758969e+05   1.32005725e+06   2.67252344e+05
   2.00674759e+02   1.48901453e+05   1.19063825e+06   6.70805811e+03
   4.07831680e+04   2.74692250e+06   1.36324988e+06   2.08699766e+05
   1.25446422e+05   1.62501000e+06   1.79732125e+06   2.98434375e+03
   7.57043555e+03   5.82654250e+05   5.56942920e+03   1.07407490e+04
   2.02159800e+06   6.73875146e+03   2.63480250e+06   1.18303164e+05
   5.78935688e+05   1.23789273e+05   5.95982062e+05   1.65346621e+04
   1.53360889e+04   1.72415664e+04   9.11142891e+04   4.00546484e+04
   9.13802250e+05   1.70788496e+04   4.72423096e+03   1.90893425e+06
   9.88977051e+01   9.43115562e+05   7.22241287e+01   1.77170175e+06
   6.68791162e+03   6.01320562e+05   2.22517125e+06   1.09415438e+06
   1.22501465e+03   2.09499538e+06   1.55160838e+06   2.24129590e+03
   1.25731570e+05   1.97025620e+02   5.49095508e+03   4.38969531e+03
   1.59519067e+03   1.06775438e+06   5.98200125e+05   1.87442775e+06
   2.85410986e+03   2.43665977e+04   1.10012650e+02   2.17374023e+04
   2.89031787e+03   1.26353175e+06   4.05856914e+04   3.21565552e+02
   3.32110840e+02   2.62447510e+03   1.76848145e+03   1.88179828e+05
   5.79225750e+05   0.00000000e+00   1.81494217e+02   1.89647312e+05
   1.77459976e+02   1.09835575e+06   2.09088340e+04   3.29927637e+03
   1.11835488e+06   1.12348555e+04   1.09185400e+06   3.44667993e+03
   3.25462891e+03   7.77654609e+04   8.13177312e+05   8.69172485e+02
   6.33202250e+05   1.24375138e+06   6.84373535e+02   7.34779480e+02
   4.15999570e+04   4.03432153e+03   8.68400574e+02   2.67073438e+03
   6.10236094e+04   5.00020094e+05   1.13725830e+04   1.10295496e+03
   1.51896016e+04   2.69159966e+01   2.05423364e+03   5.40158188e+05]
[  1.72191275e+06   9.74427832e+03   5.04995789e+02   2.00874622e+03
   1.60958188e+06   1.90107962e+06   2.38061531e+05   6.45208313e+02
   1.68217949e+04   3.72466705e+02   4.22861420e+02   9.60425879e+03
   2.94836890e+03   2.19636230e+04   7.71521289e+03   1.52107217e+04
   4.83746460e+02   1.77053174e+03   1.08486125e+06   6.44768477e+04
   7.01694679e+00   3.47337067e+02   2.95155579e+02   5.91429500e+05
   5.82396355e+01   8.45503723e+02   1.01939163e+01   3.78990469e+05
   1.45994082e+04   7.95820740e+02   1.99896250e+04   1.16802266e+04
   1.63384258e+04   9.73231484e+04   7.70218066e+03   3.38046094e+04
   1.42319473e+04   2.62371167e+03   3.98084448e+03   3.33716064e+02
   1.29847336e+05   4.34891133e+04   9.10754102e+03   2.11510693e+03
   7.49130859e+03   8.05396191e+03   4.82726375e+05   2.69472539e+04
   1.22359320e+05   6.16876709e+02   3.85659814e+03   3.03741821e+03
   2.99682153e+03   1.65364277e+04   3.38680875e+05   2.24900938e+05
   6.16684297e+04   2.16503547e+05   5.32089570e+04   2.02594312e+03
   5.41098535e+03   4.79692656e+04   4.69896889e+00   5.42377853e+01
   0.00000000e+00   2.53210410e+04   3.91266656e+05   3.48136902e+02
   8.14785095e+02   3.47967266e+04   1.01615669e+06   1.26152107e+02
   2.80138203e+04   1.07277119e+04   4.10001172e+04   5.84103203e+04
   5.49224688e+04   9.92741309e+03   4.08749805e+04   5.36322875e+05
   9.70351028e+01   1.21776367e+04   1.02595100e+01   6.26256211e+04
   1.27927539e+03   7.46778047e+04   6.06298523e+02   2.06277012e+04
   8.01645801e+03   1.37587256e+04   9.24183984e+03   7.69410986e+03
   2.02166094e+04   5.09253844e+05   1.56689563e+03   0.00000000e+00
   2.12145000e+05   4.39047165e+01   1.14942559e+04   9.87791797e+04
   2.10378491e+03   3.37183906e+04   9.37055000e+05   3.31594048e+01
   1.09097925e+03   3.55431523e+04   7.12031562e+04   9.16731875e+04
   3.16353242e+04   1.73659838e+06   1.66547656e+03   7.60106750e+05
   4.58520889e+01   2.40225317e+03   4.93066504e+03   1.10174111e+04
   3.32452222e+03   1.14456367e+04   2.38806641e+04   6.29176875e+04
   6.35667529e+03   4.96516357e+02   6.95865576e+03   3.12454281e+05
   3.11351709e+03   4.18753613e+03   6.93808913e-01   1.90567129e+04
   1.38080225e+03   2.41751650e+06   2.58561660e+04   2.37095728e+03
   6.09315527e+03   1.58136125e+06   1.82612207e+03   1.15547520e+04
   1.86335586e+04   9.04283625e+05   8.58996155e+02   5.32915710e+02
   0.00000000e+00   1.12729565e+03   1.18769756e+04   6.77547188e+04
   0.00000000e+00   1.15855396e+03   9.14132507e+02   0.00000000e+00
   0.00000000e+00   2.85072803e+03   2.28259521e+03   4.46055420e+03
   8.07297625e+05   1.36901094e+05   2.40867569e+02   2.69564500e+05
   9.94587219e+02   2.12492950e+02   3.90775312e+04   1.54788288e+06
   2.72056641e+03   6.08147266e+03   1.05048608e+03   3.17506332e+01
   2.92639531e+05   0.00000000e+00   3.14210000e+05   3.19586377e+03
   2.99226344e+05   1.84001925e+06   9.15870895e+01   0.00000000e+00
   3.13431914e+04   2.68986688e+05   6.51484625e+05   4.68770996e+03
   2.75545776e+03   1.52713257e+03   9.53304785e+03   9.29411392e+01
   7.03603223e+03   5.31004004e+03   9.94365597e+00   1.40547471e+04
   7.06341476e+01   4.45816376e+02   5.42631562e+04   9.31804980e+03
   2.09566406e+03   1.75031776e+01   9.73793750e+05   2.39333936e+03
   6.15843887e+01   5.01906934e+03   3.79153633e+04   1.73162830e+03
   3.49386602e+04   2.57242949e+04   4.68578406e+05   1.78175316e+01
   4.09849701e+01   1.36112475e+00   5.66331938e+05   3.47525703e+04
   2.98648496e+04   1.96968643e+02   1.06047451e+04   8.78136188e+05
   1.15267242e+05   1.17807250e+06   5.80091171e+01   3.47561768e+03
   5.17292041e+03   2.93683027e+04   2.42092456e+03   4.21715719e+05
   2.76398000e+05   6.84172070e+03   6.69457178e+03   2.49373389e+03
   4.30196875e+03   1.00942852e+04   8.76884375e+03   1.19348755e+03
   0.00000000e+00   1.92629594e+05   8.94524844e+04   2.88150059e+04
   1.30972278e+03   0.00000000e+00   2.55606194e+01   2.60035957e+04
   3.54194906e+05   1.01618340e+04   1.25988475e+06   5.04095068e+03
   5.98842139e+03   1.09159888e+06   1.60728493e+01   2.56812820e+01
   1.87837463e+03   3.09533250e+05   3.89807642e-01   0.00000000e+00
   2.89079297e+03   2.78590576e+02   1.14161279e+04   5.19759766e+03
   6.28423938e+05   3.36270906e+05   2.69096504e+04   8.55667969e+04
   2.13910684e+04   5.42162688e+05   7.94858838e+03   5.63244062e+04]
[  2.85986031e+05   3.65011406e+04   1.81950928e+03   1.28288831e+03
   3.93432250e+05   5.41497266e+03   2.21310508e+04   4.80517695e+04
   2.44627734e+03   7.79490562e+05   1.54298105e+04   4.62454688e+04
   8.70402734e+03   3.21465942e+03   3.95021826e+03   2.62062451e+03
   2.15154324e+01   1.78711108e+03   1.48114300e+01   1.00067529e+03
   1.68677500e+04   1.89665203e+05   3.23594141e+04   1.37417949e+04
   1.24139282e+03   1.05911055e+04   3.23916577e+03   1.42725750e+05
   9.77951758e+03   3.97892531e+05   1.67166901e+02   1.05909287e+04
   5.10818516e+04   5.56294297e+04   1.60450732e+03   7.68832275e+03
   5.73148875e+05   1.63943300e+06   2.04052246e+03   1.43874225e+06
   9.58352783e+02   1.12753186e+03   1.10370381e+04   5.09903125e+04
   2.79389258e+04   5.72195508e+03   2.14303247e+03   1.17921484e+04
   3.90483320e+04   2.20796606e+03   4.87588125e+04   1.01950338e+06
   5.24456482e+02   3.14776669e+01   1.52255701e+03   1.11732188e+04
   1.25694932e+04   1.84676203e+05   9.20460129e+00   1.42853252e+04
   1.04141956e+03   7.57645469e+04   1.80990039e+03   8.81595996e+03
   9.58058496e+03   1.55009990e+04   8.55688574e+03   6.82165576e+03
   2.32599172e+05   9.74931484e+04   4.70628477e+04   2.82862354e+03
   8.43743750e+04   1.56773291e+04   3.47051469e+05   8.25597578e+04
   1.23322398e+05   4.15893320e+04   8.12705273e+03   3.14098877e+03
   6.99711151e+01   7.74443665e+01   7.60785000e+04   3.98552582e+02
   5.82383711e+04   3.68880615e+01   7.73639141e+04   4.86767334e+02
   1.23832493e+01   1.61255933e+03   9.13656006e+02   1.41853247e+03
   5.36955508e+04   2.47452441e+03   1.29270875e+05   5.62881055e+03
   2.79956970e+02   3.03090344e+05   6.20869125e+05   1.24636758e+05
   1.14058688e+05   4.08509375e+04   2.77851044e+02   1.09163599e+03
   7.76642422e+04   3.52511597e+03   4.93583906e+05   2.86794473e+04
   4.99207764e+02   7.57836621e+03   2.61135312e+04   7.80543066e+03
   4.60956133e+04   2.65364087e+03   1.06328723e+03   5.06349180e+04
   3.02810693e+03   1.11327562e+05   8.81504219e+04   8.91681094e+04
   0.00000000e+00   9.81110750e+05   4.88588086e+04   2.09692891e+05
   3.88675664e+04   2.61412378e+03   1.41920166e+04   2.09976063e+01
   2.29255371e+02   4.39753662e+02   2.35495142e+03   3.50777344e+04
   1.56006309e+04   2.47995435e+03   6.01390332e+03   1.26234561e+04
   1.64388105e+04   1.11531656e+05   1.28600225e+04   1.87616895e+03
   2.23295021e+01   3.81897812e+04   7.25135986e+02   5.17117070e+04
   4.06016055e+04   1.19983916e+04   4.32211328e+04   6.94160919e+01
   1.12552898e+05   2.64324194e+03   9.09150293e+03   1.43867844e+05
   2.94290820e+03   2.03060797e+05   2.73155731e+02   1.72358672e+04
   9.02234453e+04   2.77303076e+03   1.63442062e+05   5.25385620e+02
   8.78608826e+02   1.52265823e+02   1.16541211e+04   1.68744592e+03
   1.80401013e+03   4.41967920e+03   3.36524688e+04   2.51019859e+05
   7.47201172e+02   3.29651328e+04   1.79068893e+02   4.96022998e+03
   1.27266797e+03   2.22270215e+03   4.73408867e+04   5.60927490e+03
   5.16698828e+04   4.64437256e+03   9.70689375e+04   2.77714258e+04
   1.03638806e+03   3.81649219e+04   1.96028613e+04   1.15468213e+04
   1.01093828e+05   2.32820239e+03   1.22912469e+05   3.62289886e+02
   1.76682375e+05   5.39135250e+05   7.35498672e+04   3.81174170e+03
   1.00536035e+03   8.26209375e+04   4.74811058e+01   1.85992175e+03
   5.01974609e+04   9.62603906e+03   1.65590195e+04   5.62337344e+04
   7.85817139e+03   2.09980347e+02   2.31511836e+04   2.57647969e+05
   1.31415891e+05   6.63347351e+02   1.48192451e+04   1.71662188e+04
   1.64791484e+05   8.59166527e+00   9.99951758e+03   1.26316357e+04
   3.49531523e+04   2.03109414e+04   9.41294375e+04   2.14216518e+01
   6.00760840e+03   2.95550820e+04   2.32904190e+02   9.59134922e+04
   1.21928965e+04   6.61082178e+03   3.22139805e+04   2.73263125e+04
   3.69143359e+04   1.09631338e+01   2.12504868e+02   2.04310605e+04
   1.40861292e+03   3.29285625e+04   2.90815508e+04   7.46159297e+04
   7.08831543e+02   3.50284336e+04   1.36626800e+06   6.76440234e+03
   2.24618896e+03   2.83778198e+03   1.07312562e+06   1.74738660e+03
   3.59427856e+03   4.30803131e+02   8.26231628e+02   4.93150909e+02
   2.45781035e+04   4.37616344e+05   5.10365105e+01   1.67195320e+01
   1.52485781e+05   1.42463057e+04   8.40128779e-01   7.54768047e+04
   4.60400049e+03   2.73552417e+03   5.88957214e+02   4.66651855e+03]
[  5.69112488e+02   2.41494219e+04   2.84342578e+04   4.21788438e+04
   8.03625671e+02   9.76861875e+04   3.04773682e+02   2.52523730e+03
   1.28281769e+02   5.76113701e+01   8.20313359e+04   7.51767236e+03
   3.90970801e+03   7.48285596e+03   6.32873633e+03   3.53305267e+02
   1.43505635e+04   2.48976680e+04   3.51432578e+04   4.37223193e+03
   3.53095032e+02   1.19858344e+05   2.32613818e+03   9.18205109e+01
   6.35564570e+04   1.00269785e+04   8.90417344e+04   8.27517480e+03
   8.83644453e+04   1.51783770e+04   1.10522783e+04   1.27906172e+05
   1.76552695e+04   2.80915137e+04   3.79840430e+04   9.04950234e+04
   8.71763750e+04   2.75061523e+03   4.01260864e+02   2.52235566e+04
   2.93838074e+02   1.24440219e+05   4.38483281e+04   4.32458047e+04
   2.71821655e+02   7.19425732e+03   1.25779639e+04   2.52203457e+04
   0.00000000e+00   2.94639980e+04   9.90121875e+04   8.50733765e+02
   4.72611332e+00   2.53844492e+04   7.07620166e+03   1.83787480e+04
   1.58719849e+02   2.14069629e+03   2.88061707e+02   6.34605286e+02
   3.23504199e+03   1.35807281e+05   2.68854551e+04   3.59748218e+03
   4.63757324e+03   1.36263438e+04   6.60502747e+02   1.82898590e+02
   8.29389746e+03   2.29558716e+03   4.51090469e+04   2.74436963e+03
   7.18477422e+04   1.79833630e+03   2.31309624e+01   4.56827911e+02
   6.33005493e+02   2.74626136e+00   1.05221398e+05   6.46597461e+04
   4.08306999e+01   8.42499805e+03   2.76832578e+04   1.05535906e+05
   2.39286206e+03   0.00000000e+00   8.58084595e+02   1.36341223e+03
   1.15936648e+05   7.05166797e+04   8.70084766e+03   5.16944847e+01
   1.17571195e+05   1.61804307e+04   5.43466328e+04   1.43367393e+04
   2.10610664e+04   1.20908249e+02   4.09849531e+04   3.89472461e+04
   9.73156641e+03   3.67226593e+02   1.42813781e+05   2.45142993e+03
   3.71265234e+04   2.25140566e+04   6.28110718e+02   8.46667734e+04
   8.05691484e+04   1.43236926e+03   6.47388867e+03   4.05983917e+02
   3.08795176e+04   1.23139305e+02   2.21915390e+02   2.53423984e+04
   0.00000000e+00   2.77742734e+04   9.97129517e+01   3.77672227e+04
   8.95989441e+02   7.71905312e+04   2.70487988e+04   1.86558105e+03
   7.59936816e+03   5.48407227e+04   3.61637939e+03   2.30705547e+04
   2.39841602e+04   7.66304785e+03   3.89786041e+02   1.27138652e+04
   1.90736523e+04   1.80754434e+04   3.28316055e+04   2.23430767e+01
   7.58140625e+03   4.50221672e+01   4.36650055e+02   1.54514027e+01
   3.46103008e+04   9.29440979e+02   2.11977656e+04   0.00000000e+00
   2.96108887e+03   4.50887598e+03   1.67041003e+03   4.86349902e+03
   4.01530334e+02   2.31290215e+04   9.54893906e+04   8.33143164e+03
   1.29184167e+03   2.28317163e+03   1.09897583e+02   2.56630087e+00
   1.08757973e+02   6.72091309e+02   4.79507111e+02   9.50623047e+04
   1.89961309e+04   4.08362476e+03   1.81746211e+04   0.00000000e+00
   5.95860352e+04   2.45009375e+03   8.43718359e+04   1.51826813e+02
   5.49343203e+04   5.47122305e+04   4.17964020e+02   7.91430566e+03
   2.97261797e+04   3.69272754e+03   5.88018438e+04   3.83504922e+04
   3.55252852e+04   5.00583398e+03   9.50272461e+03   4.92645782e+02
   3.49680430e+04   1.30190002e+02   2.58795879e+04   2.80282773e+04
   5.16289893e+03   4.44110859e+04   9.71918359e+04   8.23775586e+03
   1.71890771e+03   2.38107544e+03   4.72849219e+03   2.82982617e+04
   8.72268848e+03   1.35113156e+05   1.18535578e+05   5.11137266e+04
   2.18419629e+04   1.51250039e+04   7.67407080e+03   2.69258325e+03
   1.11712406e+05   1.31190918e+04   2.85887794e+01   8.84537891e+04
   9.13852188e+04   1.30443298e+02   4.31121367e+04   7.80521328e+04
   1.15481787e+01   1.62865772e+01   5.89836426e+02   8.07585327e+02
   6.42838379e+02   1.42432483e+03   4.58990117e+04   4.14196924e+03
   3.81503809e+03   9.72583789e+03   4.01758633e+04   1.68038496e+04
   8.58876172e+03   8.27588516e+04   1.41900501e+01   1.14975195e+01
   3.79025938e+04   2.72751807e+03   8.31933594e+02   9.43447709e-01
   4.11617432e+02   2.82529346e+03   3.77319244e+02   1.23863678e+01
   5.82939961e+04   3.53498828e+04   7.24813281e+04   1.86151538e+03
   5.67773086e+04   1.24143713e+03   1.25348643e+04   9.54200098e+03
   9.57651172e+03   3.04628711e+04   6.39450293e+03   4.12903828e+04
   7.17747070e+02   1.32300656e+05   5.56122266e+03   3.20904660e+00
   1.78304785e+04   2.99539707e+04   3.19677090e+04   6.73844375e+04
   5.60327002e+03   1.25567953e+05   1.64600957e+04   5.49821836e+04
   8.96509453e+04   1.06310596e+03   1.30438736e+02   5.67631094e+04
   6.61934609e+04   5.85844765e+01   4.02321045e+03   1.53562354e+03
   7.93089628e-01   1.35039238e+04   5.81968140e+02   1.11467375e+05
   4.20580586e+04   1.12918628e+03   5.12660456e+00   7.80997559e+02
   8.25468457e+03   4.57760986e+03   9.68343750e+04   3.20469043e+04
   2.01156354e+00   7.11577415e+00   8.89469375e+04   1.08195566e+04
   4.64539576e+00   9.22614502e+02   1.01443066e+04   1.04774008e+05
   2.62317065e+03   2.50575488e+03   7.56186819e+00   5.11502319e+02
   1.19725330e+03   1.16481836e+04   1.63801592e+04   1.10969443e+04
   5.16564258e+04   3.97521914e+04   4.32962109e+04   2.51688013e+03
   1.15247108e+02   2.13831589e+02   2.74976914e+04   9.38613047e+04
   2.13690395e+01   7.68737366e+02   1.91229004e+04   6.12495918e+01
   1.64805762e+03   4.36804336e+04   2.83372070e+03   4.21130798e+02
   6.89667578e+04   2.11542099e+02   1.10011883e+01   1.18231895e+04
   1.73742142e+02   1.03102869e+03   8.98667891e+04   6.92257969e+04
   2.32261810e+01   5.10898477e+04   1.31859277e+04   1.17239248e+04
   7.51268799e+02   1.15768213e+04   9.74892500e+04   3.79514014e+03
   1.06902641e+05   9.32571094e+04   1.50608844e+05   3.03953555e+04
   3.50167656e+04   2.62431976e+02   5.90155781e+04   8.11817822e+03
   6.80170781e+04   5.72427002e+02   6.31745361e+02   7.38531484e+04
   7.32314453e+02   1.18063477e+04   2.29349316e+03   2.95902070e+04
   7.33449844e+04   2.84689990e+03   1.23527539e+04   2.03715103e+02
   1.48895063e+01   1.13444600e+04   2.46656484e+04   8.55309631e+02
   1.68855234e+04   1.06837195e+03   2.62606777e+04   8.78029938e+01
   9.06672058e+02   5.27702734e+04   4.92664648e+03   1.30233496e+03
   9.77006172e+04   5.88617981e+02   4.00998438e+04   1.04075732e+04
   4.56836562e+04   6.13221992e+04   2.38716064e+02   4.85274170e+02
   1.38774707e+03   9.60599854e+02   1.02614305e+05   4.62819336e+03
   6.03058516e+04   7.42737500e+03   4.10295850e+03   2.37210742e+03
   1.41255361e+04   1.26019849e+03   4.16451055e+04   6.47206836e+03
   3.55622900e+03   7.52503516e+03   3.44481476e+02   4.38523521e+01
   2.64849043e+04   1.01655078e+04   3.23684723e+02   2.67516523e+04
   5.31503369e+03   3.13412280e+03   3.02536157e+03   1.53074395e+04
   8.92517456e+02   5.80489693e+01   3.97907861e+03   7.62005676e+02
   4.83876855e+03   1.03477285e+04   1.80858809e+04   8.83881094e+04
   1.99811218e+03   8.99572815e+02   3.12293726e+03   3.54593384e+02
   6.31049385e+01   7.61522266e+03   3.79762773e+04   8.45926875e+04
   2.78001309e+04   1.06524209e+04   6.60024512e+03   7.56613770e+01
   5.01590309e+01   3.65672569e+01   2.20735293e+04   1.37597100e+04
   7.19304834e+03   8.59738159e+02   5.06866016e+04   3.00919629e+04
   9.77594910e+02   1.12800088e+04   2.86613789e+04   9.58933789e+03
   5.70569482e+03   6.83992627e+03   4.34129346e+03   8.44381094e+04
   6.61437500e+04   1.79086914e+04   3.78584297e+04   8.51522461e+03
   9.51887656e+04   2.05112183e+03   7.96848755e+02   6.02831445e+03
   7.53633438e+04   3.56985703e+04   2.06688594e+04   4.46120605e+03
   4.32234497e+02   1.89054712e+03   2.23131543e+04   8.15571094e+03
   1.78170898e+04   4.75047217e+03   4.66678564e+03   1.06164265e+01
   0.00000000e+00   4.14469023e+04   1.05039940e+02   9.64401172e+03
   8.67229675e+02   6.73842969e+04   1.95285815e+03   1.08260867e+05
   1.64481191e+04   0.00000000e+00   2.97542700e+03   1.23368716e+00
   6.49062622e+02   1.93579512e+04   5.27979279e+01   1.71991382e+03
   2.94112976e+02   1.51471211e+04   1.57037766e+02   8.41259961e+03
   2.16565566e+04   8.07739609e+04   6.26804382e+02   3.54543829e+00
   1.38292810e+03   2.63926465e+03   2.54130602e+00   1.16050427e+03
   1.38386865e+04   1.25938820e+02   2.91409717e+03   2.59633545e+03
   3.11201875e+04   7.06406934e+03   2.46116465e+04   0.00000000e+00
   4.14109375e+02   3.40213281e+03   5.01100586e+04   1.41987969e+04
   1.48623477e+04   1.02408569e+02   2.38496582e+03   0.00000000e+00
   1.64342559e+04   1.48723352e+03   1.31453219e+05   3.75763092e+02
   1.27901924e+04   2.82030029e+03   7.32165381e+03   2.88396729e+03
   4.09281714e+03   1.02455141e+05   2.31853223e+03   3.71091250e+04
   3.23636182e+03   1.40923325e+02   2.21296263e+00   1.75265156e+04
   4.73685449e+03   7.15138203e+04   3.30608179e+03   4.99576378e+00
   3.84228906e+04   7.56015991e+02   5.57648804e+02   1.51434406e+05]
[  5.63675439e+03   8.17011133e+03   2.95859644e+03   3.54238396e+01
   4.04880664e+04   8.13913631e+00   5.34676953e+04   3.63045430e+04
   9.25235078e+04   2.99191132e+02   3.38097717e+02   1.71574551e+04
   4.46379585e+01   7.93908750e+04   7.55134570e+03   1.14244013e+01
   3.57871118e+03   3.28328809e+03   9.91416687e+02   1.52530994e+03
   5.11669141e+03   6.86623291e+03   1.79416113e+03   4.92785797e+01
   2.94589874e+02   1.45948555e+04   1.98355261e+03   1.98962617e+04
   1.28564648e+03   5.37075989e+02   1.66228668e+02   5.67528015e+02
   1.10695544e+03   8.09946239e-01   5.01388397e+02   1.09805212e+03
   2.06352979e+03   1.42633953e+01   2.50116895e+04   3.06948425e+02
   1.53318506e+04   3.92580859e+03   7.37761993e+01   3.68845781e+04
   6.12626807e+03   8.17623047e+02   4.78025977e+03   4.05515106e+02
   9.07797607e+02   6.43267944e+02   2.32040381e+03   2.25177727e+01
   0.00000000e+00   1.11483496e+04   1.68152832e+03   3.93493359e+03
   9.33501855e+03   5.23198364e+02   2.57561890e+02   9.22394657e+00
   4.67208862e+00   1.13283740e+03   6.31450562e+02   7.46766052e+02
   3.28649139e+02   2.37084671e+02   6.49000146e+03   5.78864453e+03
   5.52185703e+04   1.04170105e+02   1.07907135e+02   4.08701953e+04
   1.80021820e+01   8.35616406e+03   1.16496826e+03   4.74496857e+02
   1.08899236e+00   6.63971973e+03   4.08527924e+02   1.26458228e+03
   2.70398071e+03   9.80126406e+04   4.84666133e+04   2.01166113e+04
   9.55362793e+02   1.83696842e+01   1.53648721e+04   1.43413904e+03
   1.73002368e+03   7.33920349e+02   2.81811543e+04   4.16055371e+03
   2.49358252e+03   1.34399569e+00   2.38469580e+03   4.12925529e+01
   8.89615112e+02   1.79228262e+04   7.20046045e+03   5.41194824e+03
   2.67451709e+03   3.25663257e+03   2.20911865e+03   4.40935040e+00
   3.75320251e+02   2.34324927e+03   2.74640781e+04   1.94694099e+01
   5.48011367e+04   8.43460469e+04   1.54935303e+03   9.06457397e+02
   1.43714172e+02   4.63688574e+03   7.53224844e+04   2.73115283e+03
   4.96529297e+02   7.75831543e+02   2.96820164e+01   4.50358276e+02
   1.85182251e+02   4.72472217e+03   1.68298682e+03   4.36158257e+01
   4.51601992e+04   3.16285797e+02   3.15803271e+03   6.39775085e+02
   1.37051888e+01   2.64355957e+04   1.99983383e+02   4.96337585e+02
   1.19822974e+03   1.69020215e+04   1.98822676e+04   4.66410866e+01
   1.57193466e+02   2.36853317e+02   2.39925332e+04   0.00000000e+00
   2.91847687e+02   2.66368744e+02   1.06793145e+04   8.17415161e+01
   6.14254297e+03   5.09615137e+03   3.71971826e+03   4.17395469e+04
   7.16557861e+02   2.61208691e+03   8.22480938e+04   4.81214502e+03
   2.17200000e+04   9.56285156e+02   2.89371674e+02   7.04086250e+04
   1.24051260e+04   3.06100352e+04   3.01078271e+03   8.65679199e+03
   5.27318799e+03   7.44348047e+03   0.00000000e+00   2.68857361e+02
   4.41144453e+04   1.63056238e+03   9.22773828e+04   2.07639732e+01
   4.25496924e+03   1.80963105e+04   3.28894318e+02   1.51923535e+03
   7.87713203e+04   1.96467715e+04   2.10868874e+01   6.53085083e+02
   1.51443652e+03   7.67155371e+03   9.28973022e+02   1.20016296e+03
   8.58970703e+04   5.74441467e+02   4.71958649e+02   0.00000000e+00
   1.86114355e+04   5.96276133e+04   1.03249252e+00   1.03892920e+03
   5.05158813e+02   7.39033047e+04   1.18416248e+03   9.90401306e+01
   2.58642521e+01   7.37711953e+04   4.45938477e+03   6.95907031e+03
   7.34764633e+01   2.05661152e+04   1.37678955e+03   5.71927930e+04
   2.98945508e+04   3.06642059e+02   0.00000000e+00   4.83478355e+01
   1.38234893e+04   5.22342529e+02   8.65958633e+01   6.60534863e+03
   5.14774590e+01   4.49716162e+03   2.23153687e+03   6.23654053e+02
   6.01178174e+03   1.21725615e+04   4.03603516e+04   6.25455000e+04
   2.94071289e+04   2.09720993e+02   2.95586548e+02   4.29755430e+04
   4.85799609e+03   5.35090332e+01   3.44727051e+03   1.54449326e+02
   4.72151855e+03   1.89345036e+01   5.48025146e+03   4.17809180e+04
   1.51756653e+03   4.10084521e+03   7.51130156e+04   1.27399414e+02
   5.74562988e+02   9.79974414e+03   1.12229443e+01   9.03697969e+04
   8.04204453e+04   2.24352344e+03   1.25969536e+02   4.02683754e+01
   3.18972974e+03   4.44604639e+03   2.32241074e+02   4.64225146e+03
   7.56810791e+03   5.40440430e+03   0.00000000e+00   7.55644062e+04
   4.90130615e+01   2.26211075e+02   4.98498682e+03   5.66701937e+00
   8.92568066e+03   4.36854019e+01   2.68065472e+01   1.88659012e+02
   2.35552094e+02   2.08705737e+03   4.97139355e+03   6.65503906e+03
   1.60557068e+03   1.52139990e+03   1.18283264e+03   3.92683533e+02
   1.37977209e+03   1.75174297e+04   1.66395905e+02   3.10849043e+04
   5.09513867e+03   6.45276318e+03   6.76677246e+02   1.41488510e+02
   1.70575610e+03   3.86032715e+01   1.01122961e+01   7.10321522e+00
   1.31449756e+04   0.00000000e+00   1.61730237e+03   1.84287480e+04
   7.04098828e+03   6.47172668e+02   2.22914980e+04   0.00000000e+00
   9.11905594e+01   1.05261377e+04   6.87873602e+00   3.80571289e+04
   2.30643875e+02   9.47046021e+02   7.05885773e+01   3.51189331e+03
   8.44731953e+04   1.54470439e+04   7.31938818e+03   6.46365088e+03
   5.15634531e+04   1.16663245e+03   4.45863647e+02   1.63244983e+03
   0.00000000e+00   2.12021289e+03   2.88906465e+04   0.00000000e+00
   5.81005225e+03   2.18672305e+04   4.04959009e+03   7.27892969e+04
   1.87151596e+02   1.66238281e+02   1.72753510e+02   3.60043628e+03
   3.24059590e+04   1.10874619e+02   7.30330994e+02   4.23065887e+02
   7.59736328e+04   3.87130089e+01   1.15309456e+02   1.06772560e+02
   8.09502881e+03   1.79496445e+04   9.66415625e+03   2.79803047e+04
   7.76713672e+04   9.58906738e+02   3.39568726e+03   1.84112969e+04
   1.16199402e+03   1.44557762e+01   7.54841328e+04   1.81431094e+04
   1.47674377e+02   1.08083118e+03   1.11756865e+04   4.23626270e+03
   0.00000000e+00   1.05304326e+04   3.33019836e+02   2.40833359e+02
   2.07236777e+04   4.68580566e+03   3.01813306e+03   5.18104609e+04
   8.53439026e+01   3.64885254e+03   3.08972076e+02   2.60145664e+04
   5.95158906e+04   2.05490189e+02   1.12144702e+03   3.18319824e+03
   2.25950122e+03   8.25106738e+03   1.05364258e+05   3.97590391e+04
   2.30266992e+03   8.86259766e+02   8.48664453e+03   1.74387722e+01
   6.28531885e+03   8.02282166e+02   2.58968468e+01   1.74283340e+02
   1.81549062e+04   4.02202656e+04   4.58561890e+02   2.01680645e+04
   2.44044739e+02   4.59182109e+04   8.74286461e+00   5.57568457e+03
   1.86981494e+03   1.02410297e+05   8.03176514e+02   3.02829370e+03
   4.56933289e+02   4.42324127e+02   2.49901147e+03   1.60799453e+04
   1.22552520e+04   3.79486548e+03   2.79711094e+01   1.74644989e+02
   9.38290405e+02   4.64853711e+04   4.71169297e+04   4.84393018e+03
   8.97723047e+04   1.69701428e+03   1.03457270e+01   3.89191856e+01
   4.48117578e+03   1.16349619e+04   1.20813647e+03   1.08994365e+04
   6.76097559e+03   1.21303062e+02   5.52639221e+02   5.76643188e+02
   3.09111816e+02   7.12167969e+03   2.56614785e+04   1.65783047e+04
   5.85830713e+03   2.41257876e-01   8.20800000e+04   4.47477997e+02
   4.48059473e+03   6.73084488e+01   8.35733203e+03   3.74479126e+02
   8.57135742e+03   1.40315312e+04   1.00453751e+02   1.39396868e+01
   1.30106171e+02   2.80291113e+03   8.25414844e+03   1.20284081e+02
   1.54685193e+03   5.21561768e+02   2.20626221e+03   5.97718359e+03
   5.24644922e+03   3.41049297e+04   1.68098877e+02   5.01471710e+00
   4.39188916e+03   2.71280151e+02   2.35749731e+03   3.74937656e+04
   5.15490283e+03   3.49307220e+02   3.85219757e+02   4.42195605e+03
   2.29851172e+03   1.71890295e+03   6.19149414e+04   8.69800391e+03
   1.68649180e+04   6.42129028e+02   3.93393335e+03   3.25657202e+03
   1.95934486e+01   8.94192200e+02   4.52605273e+03   4.36295258e+02
   1.96396011e+02   8.52656372e+02   0.00000000e+00   3.60699768e+02
   2.55369816e+01   1.05386066e+00   1.69479883e+04   0.00000000e+00
   3.16404486e+00   2.74413843e+03   0.00000000e+00   5.50618591e+02
   6.33519043e+03   1.45357019e+03   9.24515332e+03   4.48802216e+02
   9.93884297e+04   4.14341406e+04   5.18494812e+02   2.11179956e+03
   3.59151733e+02   2.97998594e+04   4.53645938e+04   2.34282471e+02
   2.96029877e+02   2.14965267e+01   1.72444263e+03   6.60965430e+03
   4.07697681e+03   2.23941940e+02   1.13117200e+03   6.82261348e-01
   1.01803135e+04   7.49072754e+03   2.19691113e+03   8.43880310e+01
   5.45115234e+02   1.05010693e+03   5.61635664e+04   4.13666070e-01
   6.83232239e+02   4.05216034e+02   9.38351406e+04   7.66945361e+03
   4.24880066e+02   1.32007217e+02   3.89029074e+00   1.43548809e+04
   3.19897888e+02   9.04998398e+01   7.17287537e+02   7.16677539e+03
   1.55652405e+03   2.83448682e+03   1.57685226e+02   4.68614166e+02
   5.81899414e+02   1.03547562e+05   1.10770653e+02   1.49128101e+03
   1.17826951e+00   1.43526338e+04   1.03118994e+04   4.33728809e+03]
[  2.65901581e+02   1.25136475e+04   1.28478317e+02   2.19339868e+03
   8.24610291e+02   2.59999043e+04   2.06773224e+02   1.24722676e+04
   5.73248242e+03   5.67958008e+04   1.10455042e+03   9.97615967e+01
   6.51908789e+03   3.86864883e+04   3.48286279e+03   5.64061401e+02
   2.92973486e+03   3.14969238e+03   7.43813672e+04   7.48606201e+02
   6.70307446e+00   3.96931592e+03   2.27322647e+02   2.43492749e+03
   1.30039541e+04   9.67082596e+01   1.30066484e+04   1.32361938e+02
   6.82919800e+02   1.66505164e+03   1.54833081e+03   3.46438721e+03
   9.07844360e+02   1.88630819e-01   4.69162012e+03   4.44490242e+01
   2.65326416e+02   8.60607812e+04   7.78671265e-01   8.34220312e+03
   8.78655469e+03   4.38761597e+01   2.17031336e+00   3.69010529e+02
   1.05902793e+04   5.40247986e+02   5.16986426e+03   1.20924492e+04
   3.81419159e+02   3.11026917e+01   1.25585388e+03   1.44881360e+03
   1.01006149e+02   1.81892520e+04   1.78247734e+04   4.35001836e+04
   8.21382935e+02   1.16736709e+04   2.07849140e+01   2.80892407e+03
   3.70776270e+03   7.42065979e+02   9.31927673e+02   4.04759949e+02
   4.03178345e+03   6.80700500e+02   9.15656357e+01   3.04462830e+02
   1.48043671e+02   1.83148632e+01   4.09082184e+02   1.73049902e+04
   4.12255508e+04   3.08667694e+02   2.98782168e+04   2.65565910e+01
   1.68528763e+02   6.29762817e+02   8.37253845e+02   1.55734434e+04
   1.07858728e+03   3.61584688e+04   1.90583809e+04   1.09735371e+04
   7.39555781e+04   3.46585503e+01   2.08085156e+03   1.34009121e+04
   1.09576016e+04   3.49501133e+04   1.44002552e+01   4.42862158e+03
   5.91258423e+02   1.08008916e+04   1.27149304e+03   7.90668115e+03
   8.68963672e+03   2.83045983e+00   1.60965908e+04   1.16489355e+03
   4.16026573e+01   2.61742017e+03   2.65779438e+01   3.73473560e+03
   8.12571621e+00   8.36438179e+00   1.75487659e+03   3.97410352e+04
   1.79754028e+01   2.26483574e+04   2.81996765e+02   5.21534453e+04
   7.14118311e+03   1.44760666e+02   1.36072607e+01   2.91195374e+02
   5.23261353e+02   2.68724121e+04   5.52138184e+02   3.51404076e+01
   0.00000000e+00   7.14897644e+02   9.11718066e+03   2.25910797e+02
   7.37284119e+02   1.20082900e+04   4.64503937e+02   3.19845810e+01
   8.49259949e+02   3.77278625e+02   1.78880273e+04   8.60266418e+02
   1.19938637e+02   1.41163843e+03   5.36591309e+02   7.26064551e+03
   5.45584531e+04   0.00000000e+00   1.18317192e+02   3.78454399e+01
   0.00000000e+00   1.66527084e+02   3.17499084e+02   2.93936462e+02
   1.98130051e+02   3.45807593e+03   3.27872412e+03   3.67448851e-02
   2.99228760e+02   5.32538672e+04   1.13517479e+02   9.94054031e+01
   8.82028687e+02   4.16509619e+03   7.10754395e+02   2.24186367e+04
   1.94780846e+01   9.03023560e+02   1.07527992e+02   9.98148242e+03
   4.24512634e+02   6.95423218e+02   7.41882385e+02   1.10019592e+02
   4.76462383e+04   1.32921963e+01   2.96610413e+02   4.29542627e+03
   9.01113379e+03   1.66676211e+04   2.69039094e-01   1.04642006e+02
   5.95302051e+03   1.08242151e+03   2.28166065e+01   3.12166675e+03
   6.38359062e+04   7.63795898e+02   5.21264609e+04   5.70069824e+03
   4.07048555e+04   3.27673262e+04   3.57356224e+01   4.96498779e+03
   1.71500183e+03   1.94236076e+00   3.27131812e+03   4.16838379e+03
   2.67329159e+01   3.43871490e+02   3.50459259e+02   5.74723694e+02
   2.37703174e+03   7.74108936e+03   1.60840759e+03   1.82526445e+04
   1.85863586e+03   8.69873840e+02   4.17500458e+02   3.34642017e+03
   3.12427808e+03   1.10370483e+03   1.81522180e+03   4.39806134e-01
   2.73021582e+03   1.08423645e+02   3.13161450e+03   8.67470825e+02
   8.53812695e+03   7.22830469e+04   2.11914322e+02   5.07548950e+02
   3.97372217e+03   5.16229590e+03   9.73080063e+01   1.02289111e+04
   7.98019531e+04   1.20567131e+02   9.22374344e+01   5.48557959e+03
   1.46736621e+04   3.32340240e+02   7.08893051e+01   2.08472632e+03
   6.48706238e+02   5.60079765e+01   2.75579109e+01   5.69248772e+01
   1.04167529e+03   1.81315170e+02   2.98489170e+01   2.38516724e+02
   2.94490161e+03   5.46091194e+01   6.13701534e+00   3.53846130e+01
   2.05206512e+02   3.88349274e+02   1.72780676e+03   1.54643097e+02
   5.88609467e+01   1.64024220e+01   1.19440796e+03   4.14027578e+04
   3.28339961e+04   8.34713379e+03   2.14955231e+02   1.48558057e+03
   1.04843330e+02   5.71391296e+02   4.52389069e+02   3.27933258e+02
   1.02688691e+04   7.54898743e+02   4.71708784e-03   1.89116806e+02
   2.23610547e+03   5.66202660e+01   1.14147192e+03   3.66062241e+01
   3.68896606e+02   1.64798486e+03   2.45135117e+02   1.85801220e+01
   4.30875430e+04   1.57478162e+03   4.79122617e+04   1.12529175e+03
   4.03806738e+03   8.89641476e+00   1.10780617e+02   9.83657227e+02
   2.06830948e+02   2.67451839e+01   4.86900273e+04   8.54127014e+02
   1.88299731e+03   4.07122589e+02   6.55834863e+03   1.46115254e+04
   3.03471924e+02   1.63617325e+02   7.07566284e+02   7.83474922e+04
   3.93474976e+03   3.01900879e+03   1.31355205e+04   5.71137512e+02
   4.21630341e+02   1.24824199e+04   1.77606567e+03   2.86973804e+03
   9.40213086e+03   2.62249438e+03   1.70628586e+02   1.50101575e+03
   4.68599268e+03   7.44938110e+02   8.28744141e+03   3.65576506e+00
   1.50475101e+01   6.97584106e+02   1.52463467e+04   3.63829384e+01
   1.34876621e+04   7.26016719e+04   1.03702307e+03   1.71901929e+03
   5.37543262e+03   4.24827979e+03   1.04053283e+00   5.20321680e+03
   0.00000000e+00   6.01242334e+03   1.93396729e+03   1.95195078e+04
   4.21528687e+02   6.28973242e+03   1.06346397e+02   1.52721826e+04
   6.34141553e+03   3.89339297e+04   3.17869458e+03   3.47213398e+04
   2.51956528e+02   5.62953918e+02   3.23698560e+03   3.51217957e+02
   1.05360583e+03   2.70189484e+02   1.03857148e+04   6.37279150e+03
   0.00000000e+00   9.13053223e+02   2.30292572e+02   2.77450513e+03
   6.09243965e+01   7.56771094e+03   2.20191992e+03   2.93992637e+04
   4.06609141e+04   1.43195496e+03   1.61507233e+02   2.60068085e+02
   8.71409893e+00   2.93013611e+02   2.52305234e+04   1.24923926e+03
   1.12473594e+04   6.38368994e+03   3.64520337e+03   5.94367891e+04
   2.72315704e+02   1.87793701e+03   1.34054858e+03   4.60147675e+02
   2.26457539e+04   2.82923267e+03   2.85389902e+04   2.38133507e+01
   7.46592109e+04   2.53075790e+02   3.42881211e+04   1.14361597e+03
   8.78377930e+03   2.73680664e+02   8.48520660e+01   9.27834180e+03
   6.58310669e+02   3.86517236e+03   3.47420074e+02   2.07626025e+03
   9.45168457e+01   1.07218623e+04   2.47307770e+02   1.16242641e+05
   1.31716768e+04   1.61808752e+03   3.57702979e+03   1.20310901e+03
   1.01144310e+02   1.49145891e+05   3.62281836e+03   6.80897034e+02
   3.68805695e+02   4.52780273e+03   7.29145508e+01   1.56170044e+01
   2.32578638e+03   2.51842432e+03   6.83784453e+04   3.30508618e+03
   1.49763123e+03   5.83866836e+04   7.54430312e+04   1.52111801e+02
   1.72660675e+02   6.81712158e+03   2.99075854e+03   1.13190098e+04
   2.33424088e+02   1.85371133e+04   1.61435986e+03   2.78122583e+03
   5.46838531e+01   2.41248828e+04   7.49887314e+01   1.45368469e+03
   9.44694275e+02   2.37849658e+03   1.30135645e+03   1.38449961e+04
   1.45625762e+04   7.63940308e+02   9.98544983e+02   7.59063292e+00
   3.73461084e+03   8.97114563e+02   0.00000000e+00   1.82801239e+02
   3.30124115e+02   2.84865996e+04   6.04556348e+03   3.85974388e+01
   3.64809906e+02   9.33811523e+03   1.47572668e+03   1.34896727e+01
   1.76044019e+03   6.51973535e+03   5.59639102e+04   2.41834763e+02
   1.40322363e+04   7.04284790e+02   4.38986778e+01   4.35689056e+02
   1.74100571e+02   1.58240318e+00   2.40010234e+04   4.41488457e+01
   1.02719376e+02   1.90754929e+02   7.37813187e+01   5.08771949e-02
   3.78754082e+01   1.96214492e+04   4.38593292e+02   6.17497742e+02
   1.25614648e+03   2.56244609e+04   1.90482178e+02   1.18642603e+03
   1.29431137e+02   1.53445453e+05   4.86153008e+04   3.77199402e+01
   1.17084131e+03   9.20333594e+03   2.30983535e+04   1.08624072e+04
   1.72563867e+04   1.14186201e+04   1.12339961e+04   5.88173645e+02
   1.29286309e+04   4.54049072e+03   4.70237091e+02   3.24820221e+02
   1.51597009e+03   3.21101456e+01   9.79934180e+03   1.54531816e+04
   1.46476865e+04   1.50358193e+04   7.70695862e+02   7.33544769e+01
   7.71278992e+02   9.63920898e+02   2.23573901e+03   2.33413652e+04
   7.35138721e+03   2.63271149e+02   1.97358906e+04   5.51076241e+01
   7.80005884e+00   0.00000000e+00   6.42631787e+03   5.13849182e+02
   1.45371423e+03   7.17969824e+03   5.39127539e+04   2.46640449e+04
   1.21553027e+04   1.02344519e+03   2.48012665e+02   4.91744080e+02
   1.03499194e+03   2.31352692e+01   2.82247827e+03   4.08706055e+03
   2.25155820e+04   2.73661582e+04   8.90098724e+01   1.14188733e+03
   1.31991416e+04   2.62150215e+04   1.59212830e+02   2.41838627e+01
   5.02092346e+02   8.91721573e+01   5.91668739e+01   1.43565146e+04]
[  2.49660934e+02   3.77956843e+00   5.08225381e-01   5.87610254e+03
   2.00606873e+02   4.44280968e+01   3.89610434e+00   2.06593204e+00
   1.64338348e+02   1.21015800e+02   1.94740047e+01   5.22628784e+02
   1.62201252e+01   2.16719345e+02   1.58585968e+01   9.07369494e-01
   0.00000000e+00   1.85390686e+02   0.00000000e+00   0.00000000e+00
   2.24493195e+02   1.52910947e+04   6.42935352e+03   2.42897537e+02
   6.45997477e+00   0.00000000e+00   0.00000000e+00   9.83500549e+02
   3.63840759e+02   1.16760986e+03   6.76130615e+03   4.51128754e+02
   1.22903699e+03   2.36873657e+02   1.10930214e+01   1.23886658e+03
   4.73478413e+00   1.33736133e+04   1.40855310e+03   1.19110486e+03
   6.89791455e+03   2.69001980e+01   1.68184998e+03   1.67321851e+03
   2.16037159e+01   1.36672735e+00   4.00571021e+03   7.61200619e+00
   2.21865120e+01   3.56894150e+01   5.14631195e+01   1.18550989e+03
   0.00000000e+00   1.94229935e+02   1.35928741e+02   4.22439651e+01
   4.67774219e+03   4.14996033e+02   0.00000000e+00   1.32229706e+02
   2.29704483e+02   8.81855774e+00   3.75863552e-01   6.29862915e+02
   5.30146294e+01   2.73214722e+03   9.09116173e+00   4.40990210e+00
   2.21511627e+02   2.10996021e+03   4.87527466e+02   6.07958412e+01
   4.76808548e+00   2.61708221e+02   3.15742326e+00   2.06018408e+03
   6.10538912e+00   1.19011365e+03   1.03600073e+00   6.61068649e+01
   0.00000000e+00   1.06496948e+02   3.47774170e+02   1.50012024e+03
   1.51634430e+02   3.44118843e+01   2.10759220e+01   2.45876789e+00
   1.15201064e+04   1.32742386e+02   1.17147871e+04   1.20548111e+02
   1.62314844e+04   3.65486115e+02   0.00000000e+00   4.51388489e+02
   1.23683271e+04   6.61357462e-01   2.22676099e+03   6.05565758e+01
   1.33424768e+03   1.47706022e+01   8.76720524e+00   4.65458184e-01
   1.68159534e+03   1.38313977e+03   0.00000000e+00   1.14756195e+02
   7.19367552e+00   0.00000000e+00   8.12274456e+00   2.01799118e+02
   2.37215747e+03   5.64653369e+03   4.04067268e+01   0.00000000e+00
   2.62389380e+03   3.16827179e+02   1.28411026e+01   5.31379890e+01
   0.00000000e+00   4.03453735e+02   5.01860917e-01   6.33725023e+00
   1.34981737e+01   1.52847040e+00   2.75238934e+01   8.84993458e+00
   3.84062080e+01   1.02082147e+03   1.19812378e+03   9.66306091e+02
   2.04465508e+00   9.53212585e+01   3.55786957e+02   5.57833405e+01
   1.13879766e+04   1.92602463e+02   1.20052208e+02   2.84699066e+02
   2.81593237e+03   5.35146523e+01   1.46125517e+01   3.31085474e+03
   2.11542759e+01   4.31219429e-01   7.96623383e+01   3.50129247e-01
   2.84503689e+01   3.52334070e+00   4.56677884e-01   5.78488274e+01
   8.07277603e+01   1.03590250e+01   5.78547516e+01   1.06853899e-02
   9.21744507e+02   2.57087173e+01   5.00567293e+00   3.58033323e+00
   1.93310791e+02   4.46799698e+01   1.55935557e+04   6.11336060e+02
   1.21800208e+03   9.77915820e+03   0.00000000e+00   3.73646729e+03
   3.54373016e+02   5.46052051e+03   2.05467820e-01   2.66908496e+03
   9.97248173e+00   8.32009521e+02   2.45660496e+01   1.74460244e+00
   5.45783653e+01   5.46203041e+00   1.79574051e+02   0.00000000e+00
   4.60504379e+01   2.65393091e+03   0.00000000e+00   1.78400879e+03
   2.75011230e+02   9.28710352e+03   2.09186153e+01   4.27654381e+01
   7.82415283e+03   1.25435326e+02   3.06881771e+01   5.39906540e+01
   1.24238147e+03   5.39341370e+02   7.01919312e+02   2.89192810e+02
   3.09222374e+01   2.72910986e+03   3.90606665e+03   5.31050098e+03
   1.97192898e+01   1.55646074e+04   9.36485386e+00   3.21523972e+01
   6.00618782e+01   6.01321487e+01   1.93918079e+03   1.60992822e+03
   0.00000000e+00   2.73407153e+03   4.40318359e+03   8.26534790e+02
   0.00000000e+00   4.20936632e+00   1.56776215e+02   2.36490186e+03
   1.82279785e+02   1.61147404e+01   2.01188278e+01   2.08848969e+02
   8.31057129e+01   1.20910202e+02   3.05511292e+02   2.04291611e+01
   5.75539746e+03   8.62193359e+03   2.31280518e+00   1.46283436e+00
   3.77666242e-02   8.51036743e+02   8.74243851e+01   5.30920593e+02
   3.48531189e+01   9.49467468e+02   3.07729785e+03   1.00577431e+02
   7.07296143e+01   1.07683877e+04   1.12491041e-01   1.09212073e+03
   0.00000000e+00   1.56201367e+04   5.88636665e+01   5.68511200e+00
   0.00000000e+00   4.32917877e+02   9.15925684e+03   0.00000000e+00
   0.00000000e+00   9.89107971e+01   7.74313428e+03   3.10645771e+00
   3.46501017e+00   5.12086487e+01   2.11085186e+01   1.09237463e+03
   8.95482605e+02   1.34344406e+01   3.75139642e+00   1.05383701e+04
   6.03127365e+01   5.99228325e+01   0.00000000e+00   0.00000000e+00
   1.99127996e+00   0.00000000e+00   1.65999591e+00   1.59894006e+03
   1.56231799e+03   2.67834911e+01   6.50337279e-01   1.49386511e+03
   1.00739117e+01   1.43027412e+04   4.52023438e+03   3.85159225e+01
   4.26241357e+03   3.53247337e+01   6.93274612e+01   3.05684948e+00
   5.99530334e+01   7.02306396e+02   1.28261963e+04   1.46858658e+02
   3.22546268e+00   1.59841949e+02   1.37583215e+03   1.08377045e+02
   3.31182694e+00   4.31028795e+00   8.52822647e+01   1.60340747e+03
   1.57049438e+03   3.88221436e+02   0.00000000e+00   2.46089292e+00
   1.65311569e+02   1.48104477e+02   7.66669226e+00   1.47802031e+00
   6.07299255e+02   5.04327789e+02   1.09069980e+04   0.00000000e+00
   2.55183655e+02   1.38072002e+00   8.95053864e+01   1.97525144e+00
   1.06302373e+04   0.00000000e+00   1.25163926e+04   1.27080278e+01
   4.02333832e+01   0.00000000e+00   1.15084195e+00   5.94990186e+03
   3.83722900e+03   3.42754150e+03   3.98307220e+02   3.70237999e+01
   2.96548877e+03   1.76978130e+01   6.42457342e+00   1.39187393e+02
   5.17538452e+02   1.15489221e+00   2.05907478e+01   6.07118874e+01
   9.69088287e+01   1.33977404e+01   2.03034477e+01   4.82844775e+03
   4.63015671e+01   8.43709106e+02   2.15603622e+02   2.64322217e+03
   1.40723303e+03   2.07766504e+03   5.44153760e+03   8.81608658e+01
   1.66894153e+03   0.00000000e+00   9.32026062e+01   2.17161894e+00
   3.46304590e+03   1.73798323e+00   4.25624170e+03   1.91242924e+01
   8.80983582e+02   6.64571991e+01   3.74173203e+01   0.00000000e+00
   4.18602734e+03   2.75062351e+01   0.00000000e+00   9.00859680e+01
   6.20790723e+03   6.80821924e+03   6.13759766e+03   1.66493092e+01
   2.74657021e+01   4.69549060e-01   3.74867401e+01   1.53095978e+02
   2.14869095e+02   7.24095612e+01   2.94611216e-01   3.86585846e+02
   1.41300095e+02   0.00000000e+00   1.50513412e+02   3.98479980e+03
   4.74680138e+00   6.96866913e+01   6.48808441e+01   1.06570023e+02
   4.64971018e+00   9.14406013e+00   5.39762878e+00   2.51506104e+02
   7.96946259e+01   1.64732344e+04   2.52382927e+01   7.44979199e+03
   8.79395142e+02   2.90730713e+03   1.66017383e+03   1.75986159e+00
   2.39172095e+03   2.20879898e+02   8.75211365e+02   2.72291965e+01
   8.70850067e+01   0.00000000e+00   7.56662598e+01   5.50520782e+01
   1.22493185e-01   4.63430023e+01   2.54268692e+02   1.10700378e+02
   1.17079475e+02   1.42592249e+03   8.97620605e+03   1.60968475e+01
   1.40497635e+02   2.09240093e+01   2.58354523e+02   1.02804289e+01
   3.99229202e+01   1.00546631e+04   2.64380379e+01   4.71411095e+01
   1.50992861e+01   3.53274445e+02   4.19925342e+03   1.46380981e+02
   4.91284668e+03   4.43915215e+01   3.57555479e-01   9.16508007e+00
   2.00721934e+04   1.33466113e+03   1.08431961e+02   3.48355436e+00
   5.87559509e+02   2.99370087e+02   1.53731728e+00   4.78137741e+01
   6.73450613e+00   6.77114258e+02   3.85573486e+03   4.49209366e+01
   4.95794296e+01   1.43437219e+03   9.96866638e+02   3.76195068e+01
   2.11504612e+01   7.07018250e+02   1.31053252e+04   3.34998016e+01
   3.62153473e+01   1.23251076e+01   3.04299431e+01   3.59340576e+02
   9.20529327e+01   1.77717364e+00   8.76966602e+03   6.76638330e+03
   1.08092666e+04   8.27334583e-01   4.87175079e+02   2.14861526e+02
   2.38566821e+03   1.42976773e+00   9.03734497e+02   3.40120941e+02
   1.07985031e+02   1.15904424e+04   1.38478561e+02   2.26620508e+03
   0.00000000e+00   5.94304626e+02   1.43651981e+01   1.05337532e+02
   8.71461621e+03   5.92757149e+01   7.33455048e+01   0.00000000e+00
   2.81389710e-02   3.15351318e+02   1.71845398e+02   5.60608387e+00
   1.21583801e+02   4.90263818e+03   0.00000000e+00   1.53674414e+03
   2.96058258e+02   4.31557220e+02   6.02103467e+03   1.95657944e+02
   4.56492334e+03   6.36918518e+02   3.49036652e+02   7.88458405e+01
   3.65888214e+01   2.16705493e+03   8.12936859e+01   6.78349561e+03
   0.00000000e+00   1.81270256e+01   1.24282093e+01   5.46510107e+03
   1.89411392e+02   7.59307098e+00   3.30933647e+01   0.00000000e+00
   2.73642676e+03   3.48013519e+02   7.09824890e+02   6.69923145e+03
   1.48192368e+02   1.60442184e+02   1.53171008e+03   3.05399609e+03
   8.15672302e+00   5.70192285e+03   9.69684696e+00   4.56436890e+02
   0.00000000e+00   1.12915732e+04   3.71191454e+00   1.30031952e+02]
[  3.17841339e+01   6.70919312e+02   9.90944443e+01   3.36596161e+02
   1.12361183e+02   9.13654175e+02   1.08199554e+02   1.88623383e+02
   2.82688007e+01   3.97296410e+01   1.07872266e+03   1.19317810e+03
   3.05650122e+03   2.77997345e+02   3.12252637e+03   2.19959457e+02
   8.53160858e-01   2.38772614e+02   7.35284119e+02   3.18916260e+02
   8.69866257e+01   3.14372406e+01   3.83804224e+03   8.87497101e+01
   1.25075760e+02   4.55706215e+01   5.78035316e+01   1.83467407e+01
   6.04025146e+03   2.66012783e+01   1.14417295e+01   3.06132908e+01
   4.03092627e+03   1.56356140e+02   1.84006653e+01   1.26168884e+03
   6.37527588e+03   2.99367733e+01   8.46025705e-01   1.58078723e+03
   5.75859766e+03   4.69006714e+02   1.62170720e+00   6.21904969e-01
   1.58975267e+00   3.59022797e+02   3.62759106e+03   7.30369644e+01
   4.69736519e+01   6.84117050e+01   5.49469604e+01   1.70909409e+02
   1.25424463e+03   5.88645996e+02   5.04522614e+02   4.36714844e+03
   1.62277374e+01   3.31312714e+01   2.57440723e+03   5.14121777e+03
   1.98335925e+03   1.86623337e+02   6.69908350e+03   2.18146634e+00
   1.43189776e+00   2.80269226e+02   9.54708710e+01   2.10213577e+02
   1.39740515e+01   9.28635803e+02   1.63727295e+03   1.39024231e+03
   5.43425049e+02   1.04831825e+02   7.90512466e+01   1.24232422e+03
   5.47605591e+01   8.48276367e+02   4.12129590e+03   7.63047791e+00
   1.09755640e+01   2.39546982e+02   3.16876172e+03   2.50775909e+01
   1.28910303e+03   5.83033887e+03   8.76886597e+01   6.18547401e+01
   3.48825830e+03   3.78665833e+02   3.16222748e+02   2.78248932e+02
   0.00000000e+00   2.99123584e+03   4.51593895e+01   9.86971951e+00
   2.59194122e+02   3.95975854e+03   6.87492752e+01   4.40565987e+01
   2.91863670e+01   2.95182571e+01   9.50043716e+01   1.18228006e+01
   2.15489453e+03   0.00000000e+00   1.94505341e+02   5.09928564e+03
   4.62960596e+03   1.40395584e+02   5.31682861e+02   2.46418800e+01
   2.38988940e+03   1.27694592e+03   4.18986359e+02   1.15693557e+00
   8.51362228e+01   2.19663906e+01   2.14914819e+03   3.70015259e+01
   3.97466087e+01   2.55079614e+03   3.62903178e-01   4.88770142e+01
   4.94336166e+01   4.49717712e+02   9.62899017e+01   3.04084106e+02
   5.70577539e+03   7.26345587e+00   2.60312744e+02   2.64351660e+03
   1.52986682e+03   1.48151569e+01   1.08984336e+04   9.05789375e+00
   1.74153786e+01   2.47981277e+02   5.40286026e+01   3.46356958e-01
   4.68326465e+03   0.00000000e+00   8.41692017e+02   1.75625015e+02
   2.22612701e+02   1.11703482e+01   1.83434296e+00   1.60656166e+01
   2.67474174e+00   1.32891678e+02   4.60446548e+00   8.94587646e+02
   2.13309067e+02   3.95999878e+03   2.01405396e+02   1.28285815e+03
   9.46405029e+02   7.95002282e-01   1.76719092e+03   4.29317535e+02
   1.42491931e+03   3.61452515e+03   2.98307681e+00   6.30611084e+02
   5.21451025e+03   9.59447632e+02   4.81637299e+02   4.65234222e+01
   2.57306652e+01   1.54570496e+03   7.48466492e+02   5.71081638e-01
   2.46590912e+02   2.96619105e+00   5.85436897e+01   5.74532080e+00
   6.60208285e-01   4.85627881e+03   4.86812622e+02   6.57214975e+00
   1.05291374e+02   4.19931755e+01   3.08840847e+00   4.16824226e+01
   4.07439844e+03   9.24046612e+00   1.32956329e+02   4.89474714e-01
   8.26889992e-01   2.92643394e+01   2.07122116e+01   6.53784027e+01
   5.16664219e+00   1.45430954e+02   5.19932251e+02   3.82647766e+02
   1.29558228e+02   5.62196159e+01   4.51599541e+01   2.06302109e+01
   3.13175793e+01   2.08241226e+02   7.46693075e-01   2.44795609e+00
   2.44782257e+01   8.88996601e+00   9.89702988e+00   3.09341797e+02
   4.21610184e+01   3.10094509e+01   2.16597998e+03   2.24059631e+02
   7.48431563e-01   8.65102112e-01   6.24649429e+01   9.17178040e+01
   6.06412544e+01   9.19496277e+02   2.62855164e+02   1.56065781e+02
   3.93546173e+02   1.24189673e+03   1.19597214e+02   1.60636621e+03
   5.13797531e+01   3.07843285e+01   2.44570825e+03   1.87671936e+02
   3.85973804e+03   4.54015039e+03   3.92310547e+03   5.77001839e+01
   0.00000000e+00   8.44255676e+01   3.45096436e+02   1.46189819e+03
   2.02392261e+03   4.52198553e+00   2.66168750e+03   6.95840332e+02
   1.12991486e+01   3.50752716e+01   4.98698029e+02   1.65732622e-01
   6.09003845e+02   8.14809387e+02   5.26156494e+02   0.00000000e+00
   5.25177429e+02   1.29899931e+00   4.86519903e-01   4.10665375e+02
   2.15808423e+03   6.16758317e-02   1.60796738e+01   7.54342676e+03
   2.09555149e+00   2.42569260e+02   8.92275696e+01   3.88925552e+01
   4.71463379e+03   5.02477109e-01   7.79511133e+03   2.33580303e+01
   5.77012253e+00   7.23131790e+01   3.63727600e+02   1.32118384e+03
   6.95201416e+01   6.21834290e+02   5.55211830e+01   3.46612488e+02
   0.00000000e+00   3.46539170e-01   8.39616776e+01   9.82485962e+01
   5.13828392e+01   1.06035492e+02   9.12723694e+02   1.01259326e+03
   9.28016663e+00   1.00949654e+02   4.61590186e+03   8.00635624e+00
   2.25823092e+00   2.88877344e+03   1.93758926e+02   3.06453824e-01
   4.83346240e+03   6.15581093e+01   2.41907597e+01   3.96063781e+00
   5.98186584e+02   4.69726227e+02   5.38272119e+03   2.45371532e+01
   2.79308228e+03   2.58093781e+02   9.09443207e+01   6.47243530e+02
   3.58507031e+03   1.07124609e+03   9.31861401e+00   1.30080998e-01
   4.72395850e+03   3.57483716e+03   8.86270215e+03   3.36909424e+02
   5.66101968e-01   3.22602600e+02   1.87877167e+02   2.20122482e+02
   3.66716385e+00   1.97643204e+02   8.11704788e+01   8.51480042e+02
   1.14431323e+03   7.56801834e+01   5.18263977e+02   6.16090107e+00
   1.69363225e+00   2.55291187e+03   4.25047150e+01   4.87970752e+03
   3.89182663e+01   1.47864487e+02   1.73800491e+02   1.27239275e+00
   2.74419765e+01   3.50850952e+02   1.40114224e+00   1.06190271e+01
   7.49205475e+01   6.79914551e+01   6.89869995e+02   1.65736084e+01
   6.88846313e+02   1.70296646e+02   6.84515259e+02   3.55832715e+03
   2.06982593e+03   1.10670300e+03   2.23355054e+03   5.93034685e-01
   2.15959457e+02   8.34967224e+02   1.74936694e+03   9.86604919e+01
   1.39137497e+02   3.58470581e+03   6.33342981e+00   1.17418373e+00
   5.92896143e+03   6.40344849e+01   1.53361609e+03   3.96012688e+00
   2.02044019e+03   5.13647400e+02   7.52631149e+01   1.00484184e+02
   5.17604408e+01   9.14592552e+00   1.47128799e+02   1.43086487e+03
   1.31328003e+03   5.17553139e+00   8.60673828e+01   4.99754333e+01
   4.78951416e+01   1.68410122e-01   4.89961230e+03   3.12459171e-01
   7.38253052e+02   2.09349487e+03   5.36867641e-02   4.42835571e+02
   1.69790332e+03   9.24208203e+03   1.88220306e+02   3.97257935e+02
   4.57447418e+02   2.57919273e+01   1.77590012e+02   1.90359306e+01
   2.04982758e+02   1.09810394e+02   3.91853371e+01   1.40488312e+02
   2.37560449e+03   6.49070816e+01   6.57293164e+03   1.05108864e+02
   5.54994202e+02   5.43256683e+01   1.27954316e+00   9.40548477e+01
   4.58190441e+00   2.93315247e+02   1.77833984e+02   2.64835083e+02
   3.75935742e+03   1.60651077e+02   7.87089691e+01   4.48702588e+03
   4.19759814e+03   3.16526550e+02   4.49380737e+02   1.63303816e+00
   1.35325897e+02   8.87826367e+03   1.09791183e+02   1.29259314e+03
   1.89554413e+02   4.66392803e+00   1.20054741e+01   0.00000000e+00
   9.10319824e+02   3.77287964e+03   1.18161414e+03   2.66803638e+03
   4.27531052e+01   3.62728043e+01   5.05292877e+02   0.00000000e+00
   4.85291710e+01   2.51867561e+01   1.57801498e+02   3.49692114e+03
   8.25070129e+02   8.09859070e+02   1.08827510e+04   4.77809258e+01
   1.23427856e+02   2.75226343e+03   7.68154297e+01   1.59599808e+02
   2.21903687e+03   2.83437824e+01   3.76740997e+02   2.86482574e+02
   5.17378883e+01   3.40601158e+01   1.02042213e+02   2.06971619e+02
   1.10630440e+02   1.55072754e+02   8.11033478e+01   9.79254961e-01
   6.02155533e+01   4.44852142e+01   3.87974828e-01   1.30236499e+03
   1.11340879e+04   1.70601733e+03   6.82675171e+01   6.09641663e+02
   9.54669043e+03   1.97046326e+02   1.66991846e+03   5.16382885e+00
   4.90857025e+02   1.61236877e+02   1.22308960e+01   6.75457716e+00
   1.93856018e+03   8.88586365e+02   8.50836945e+01   6.72407275e+03
   8.40044238e+03   9.84946411e+02   1.95994854e-01   8.07562332e+01
   6.99331141e+00   4.84116150e+02   4.58237114e+01   7.35202209e+02
   4.75696106e+01   1.16173518e+00   2.32952499e+01   1.22935944e+01
   1.62221573e+02   1.01213361e+03   1.04321281e+02   9.48000305e+02
   8.28526230e+01   5.74304008e+00   3.19013977e+01   7.84423047e+03
   8.54759121e+00   1.09611122e+02   4.62677002e+02   1.85264258e+03
   0.00000000e+00   2.17711657e-01   4.18511017e+02   8.03517380e+01
   6.24488115e+00   9.69002075e+02   1.37915308e+03   4.79274658e+03
   1.58436609e+03   6.56840591e+01   3.91006134e+02   4.60237305e+03
   8.29778976e+01   0.00000000e+00   1.55430145e+02   5.25432666e+03
   9.81081696e+01   4.42274323e+02   1.18059212e+02   4.14138428e+03]
[  6.46338074e+02   3.64722023e+01   2.93935847e+00   9.07652092e+00
   9.98147202e+00   1.50546338e+03   6.74916611e+01   4.94347115e+01
   1.46065164e+00   4.23757538e+02   2.29705791e+01   6.24913712e+01
   5.58252991e+02   1.84063977e+03   2.01445709e+02   0.00000000e+00
   2.63550453e+01   7.10475769e+02   7.29190826e+01   2.69380045e+00
   1.64520569e+01   0.00000000e+00   8.92175903e+01   1.41369946e+03
   1.92374811e-02   4.00544453e+00   3.85476637e+00   4.00435333e+01
   3.19196720e+01   1.02142799e+02   2.13670006e+01   2.55311322e+00
   2.34398438e+02   1.53804932e+01   2.36764478e+03   2.44765259e+03
   6.81652355e+00   2.41658252e+03   6.06558075e+01   8.46049957e+01
   6.36680317e+00   2.76064949e+01   1.22984104e+01   3.92130623e+01
   1.16069689e+01   1.16120781e+02   5.92309570e+02   2.57903218e-01
   1.02476936e+02   6.63703918e+01   9.67226746e+02   0.00000000e+00
   4.61329384e+01   7.71869431e+01   1.44489646e-01   7.20997849e+01
   9.45098495e+00   1.94764748e+01   1.77799744e+02   3.59966827e+02
   9.12629604e+00   3.71488419e+01   1.29594908e+01   1.45489874e+01
   1.22264423e+01   2.19474659e+01   1.02234756e+02   1.21876965e+01
   2.41223335e+01   1.74487514e+01   6.73383999e+00   2.22914014e+03
   3.12550488e+01   1.38660781e+04   1.55605945e+03   4.65462923e+00
   1.39579573e+01   4.60792923e+00   7.28899078e+01   2.71374645e+01
   2.97895088e+01   2.88504028e+01   2.71649146e+00   2.43015118e+01
   5.66743584e+01   2.93007231e+00   1.71437219e+03   1.77832813e+01
   8.99848251e+01   2.00042973e+01   4.52986183e+01   3.75918617e+01
   9.32732487e+00   3.51092804e+02   1.61099991e+02   1.52163153e+01
   6.88002167e+01   5.57515030e+01   1.01838600e+02   1.46280319e+02
   0.00000000e+00   3.01226273e+01   8.65898972e+01   6.00118599e+01
   3.54695435e+01   2.28378315e+01   5.31762075e+00   2.76453955e+03
   2.28972759e+01   1.09034166e-01   5.10603821e+02   2.48979969e+01
   1.64087372e+01   1.07061676e+02   0.00000000e+00   3.45249534e+00
   1.85765095e+01   5.47663612e+01   3.32726587e+03   2.99629164e+00
   2.86905731e+02   3.66898994e+01   3.67052422e+01   6.42426968e+00
   2.09613729e+00   1.69725195e+04   3.69172454e-01   2.38253384e+01
   7.10799988e+02   1.94936966e+02   5.21964569e+01   1.41650955e+02
   2.33006012e+02   1.46118307e+01   2.77864062e+03   1.60964165e+01
   1.67996490e+00   1.59346199e+01   2.38023413e+03   2.05712681e+01
   6.29529476e+00   1.44348059e+03   5.02105713e+00   9.32555725e+02
   1.69566517e+01   1.04130928e+02   9.02875233e+00   1.38644318e+02
   7.11475037e+02   2.57725811e+01   1.64385796e+01   6.48637756e+02
   1.65232964e+01   7.93798370e+01   9.41648804e+02   5.43944778e+01
   1.84606781e+01   0.00000000e+00   1.40741110e+01   1.50055945e+03
   6.06580762e+03   4.25658594e+03   8.64536095e+00   2.51032619e+01
   3.79749374e+01   2.27057228e+01   7.72813187e+01   3.09224854e+01
   1.21406116e+01   7.14639521e+00   8.30645447e+01   0.00000000e+00
   7.30661392e-01   1.18762292e+03   5.75693512e+01   6.42319336e+01
   6.62953339e+01   2.66455650e+00   4.40026245e+01   1.35674121e+03
   6.29801025e+02   7.59294052e+01   8.59613892e+02   2.67442047e+02
   5.02567635e+01   1.10952736e+02   4.78558123e-01   2.92886585e-01
   1.23693954e+02   1.21573257e+02   9.31708679e+01   8.94635487e+00
   5.92422412e+03   5.34537659e+01   1.96235955e+00   3.90822639e+01
   3.69446144e+01   6.36532059e+01   7.51631546e+01   2.20107764e+03
   5.21265640e+01   7.67166185e+00   1.59779346e+03   3.57283669e+01
   2.77235680e+01   7.68989944e+00   1.86396240e+03   6.39155865e+00
   5.91865654e+01   2.11779312e+02   1.08600327e+02   4.45276308e+00
   4.46149536e+02   6.28570290e+01   1.15276901e+02   2.61643921e+02
   0.00000000e+00   9.93480835e+01   2.83245459e+03   5.14062683e+02
   0.00000000e+00   8.13118649e+00   2.38423204e+00   2.59367104e+01
   5.29475708e+01   1.43684375e+03   6.10535927e+01   6.75362091e+01
   1.01480055e+01   3.93765678e+01   1.41528931e+01   2.13309814e+03
   7.54634583e+02   1.37519141e+03   0.00000000e+00   0.00000000e+00
   1.00091782e+02   3.62442505e+03   2.90549927e+03   2.84870262e+01
   5.02713051e+01   8.44206009e+01   1.03526299e+02   0.00000000e+00
   1.31905346e+01   1.88901618e-01   1.71163940e+03   0.00000000e+00
   3.35294983e+02   5.39405098e+01   1.39624939e+03   6.67628632e+01
   1.50460110e+01   1.21929663e+03   1.03283240e+03   3.03277798e+01
   8.31327209e+01   1.21155872e+01   1.81397864e+03   1.20794945e+02
   1.12628349e+02   1.16890612e+01   7.40073364e+02   2.86246281e+01
   1.88800259e+01   0.00000000e+00   3.30831207e+02   1.02553358e+01
   6.57498181e-01   3.82509918e+01   3.08999487e+03   8.11098328e+02
   5.89902382e+01   6.06561482e-01   9.48882904e+01   9.11164017e+01
   2.91384613e+02   5.50880394e+01   3.07415943e+01   1.31546676e+00
   9.27326843e+02   2.02568436e+02   6.29933929e+01   2.31615088e+03
   6.09180641e+01   9.34291458e+00   8.01352787e+00   5.75363121e+01
   8.66592255e+01   5.34818153e+01   1.74135266e+03   2.36106701e+01
   3.23812027e+01   4.72355003e+01   2.60471687e+01   3.25241821e+02
   1.85949726e+01   1.27296606e+03   3.77437782e+01   6.06105371e+03
   3.54396667e+02   2.45833225e+01   2.67959766e+03   3.92466949e+02
   2.75249084e+02   1.55951004e+02   1.96783867e+01   2.99005341e+02
   4.99395790e+01   8.05182953e+01   5.99940836e-01   2.09293079e+01
   2.36691570e+01   5.33255081e+01   1.75897766e+03   2.14019432e+01
   2.59195557e+03   1.71748555e+00   1.20466492e+03   8.80246735e+01
   3.17499390e+02   3.26468506e+01   1.18365265e+02   2.79310974e+02
   1.03150970e+02   7.18714828e+01   3.91584253e+00   7.93555984e+01
   6.63813496e+00   3.48554153e+01   6.86806202e-01   9.53829861e+00
   0.00000000e+00   1.52459839e+02   2.57942657e+01   6.85638611e+02
   1.31369114e+01   1.29427277e+02   3.57892380e+01   4.79783234e+02
   3.69562035e+01   1.29065081e-01   1.24096092e+02   1.54659977e+01
   0.00000000e+00   4.54685497e+00   5.88714523e+01   9.37783718e+00
   2.40602064e+00   4.49036942e+01   9.90046310e+01   1.64666176e+01
   0.00000000e+00   1.69927109e+02   3.42419624e+01   5.35124268e+03
   1.64224701e+02   1.14880493e+02   8.05778961e+01   1.35887594e+01
   1.12364364e+00   1.53497833e+02   1.21063065e+02   8.95302887e+01
   1.37294287e+03   8.14060307e+00   2.78541183e+01   7.31679153e+00
   1.00211159e+02   1.64938564e+01   0.00000000e+00   5.78526428e+02
   4.11432800e+01   0.00000000e+00   1.91284637e+01   3.76038432e+00
   3.27438770e+03   1.09707260e+01   8.94542980e+00   1.90523434e+01
   1.84716091e+01   3.71708350e+03   1.32532898e+03   0.00000000e+00
   5.29788757e+02   8.28363419e+01   1.90688286e+01   4.13495719e-01
   4.37672958e+01   0.00000000e+00   2.17957983e+03   5.48359680e+01
   1.36025406e+02   8.09292221e+01   1.82938916e+03   7.39971191e+02
   3.38527344e+02   4.06204262e+01   6.38730659e+01   1.77604419e+03
   1.96622147e+02   4.16607361e+01   4.49460793e+00   5.05900812e+00
   8.54194260e+01   2.10547021e+03   4.46655998e+01   4.02429352e+01
   6.27700386e+01   8.23764114e+01   9.81027344e+02   1.11324207e+03
   1.11563787e+01   1.17164343e+03   5.14758911e+02   0.00000000e+00
   2.67589607e+01   7.86287785e+00   1.68447559e+03   3.71453819e+01
   8.41174927e+02   1.83706436e+01   1.09353989e+02   2.14636879e+01
   5.22852364e+01   1.64233337e+03   1.52543274e+02   5.70255508e+01
   1.30813887e+04   3.19519501e+02   9.49078217e+01   1.81188335e+01
   6.88853912e+01   1.29174341e+03   4.27661972e+01   1.61465393e+03
   1.63674109e+03   6.78442612e+01   6.83243332e+01   9.42838669e+01
   4.40430546e+00   1.03206836e+03   2.02756485e+02   6.22713432e+01
   4.02976646e+01   6.36850357e+01   4.96749997e-01   9.88361435e+01
   2.19424400e+01   2.17466507e+01   9.01115322e+00   2.37294903e+01
   3.97022796e+00   1.90819946e+02   5.36366768e+01   3.05819824e+03
   7.34584122e+01   4.50322217e+03   2.19715576e+02   3.01456699e+01
   8.03836365e+01   5.80541626e+02   5.23661613e+01   2.48164711e+01
   9.53673096e+02   8.97635460e+00   1.80150708e+03   3.04960144e+02
   5.41480875e+00   2.25293674e+01   7.30423050e+01   1.62570557e+02
   9.69526611e+02   2.65629395e+03   7.85092545e+01   1.36548315e+03
   4.24599981e+00   9.89615500e-01   1.15403872e+01   2.33512592e+00
   5.84544830e+01   6.03521042e+01   2.14434937e+03   0.00000000e+00
   7.79846420e+01   2.37694187e+01   4.82516327e+01   3.00410205e+03
   7.77108848e-01   2.57940710e-01   2.33023567e+01   7.23284149e+01
   2.91054726e+00   1.82935400e+03   9.26070801e+02   1.66579175e+03
   1.98337683e+03   3.54729858e+02   9.91438828e+01   1.31713305e+01
   2.91342358e+03   1.72080498e+01   4.01018858e+00   1.93934924e+03
   6.60676422e+01   1.91802780e+02   1.18044271e+01   2.66152435e+02
   1.78696448e+03   9.14661438e+02   2.25222559e+03   4.34143877e+00]
