bicycle
bus
car
motorbike
person
[  7211165.5      5450919.5     35784216.      10517222.      39164748.
   3542596.75    12992561.       4091638.      10738393.       6407623.5
   6016461.5     23094200.      11284580.       8571314.       6105277.
   5912309.5      4566816.       2139144.      38830236.      10301183.
   3366450.       9133280.       4773930.      24250080.       1170980.875
   9449296.       6235654.       6311637.5      3146397.25    13848099.
  23889138.      10018528.      42378840.       1041307.3125  15296136.
    980713.9375  15009912.       2917180.75     7002355.5      1495139.375
   7992164.       4092323.5     19728540.      46691708.       8408923.
  24299196.       6544676.5      5475211.       1559960.      38205288.
  17936596.      10570157.      14561413.      13000547.       9812089.
  13019123.      22158466.       5349951.       6227418.       2912571.75
   2009392.125    1260442.125   12980157.       1378540.375 ]
[  1.75552020e+07   9.94719300e+06   1.43364770e+07   1.28536953e+05
   7.65279800e+06   1.85078850e+06   7.13427450e+06   2.24600439e+03
   6.74779300e+06   1.23494725e+06   2.69115220e+07   2.38851480e+07
   1.15239287e+04   8.24191562e+05   2.12725060e+07   1.35293040e+07
   1.23084000e+06   2.34257580e+07   9.09056100e+06   1.08800500e+07
   6.80436328e+04   2.89196660e+07   2.24870312e+05   2.79815800e+07
   2.88742281e+05   3.51380560e+07   3.73431650e+06   1.29390675e+06
   1.21682700e+07   7.50134570e+03   7.25578000e+06   1.98716230e+04
   8.52930625e+05   9.61643000e+06   7.15489350e+06   4.63539050e+06
   7.19372969e+04   3.50727250e+06   9.40887500e+06   8.92661300e+06
   7.34814312e+05   5.63425100e+06   3.13740375e+06   7.96487950e+06
   2.36487380e+07   1.05330600e+07   5.11125859e+04   1.44572450e+07
   1.29486690e+07   1.96435738e+06   2.87157220e+07   9.97193800e+06
   2.95659940e+07   8.80889500e+06   2.11077000e+05   1.03616440e+07
   1.45393910e+07   3.53997080e+07   4.31808950e+06   9.58348500e+06
   1.28274060e+07   2.91899146e+03   1.44456550e+07   3.21259380e+07]
[  1.37791475e+06   6.01787700e+06   8.96123145e+03   5.49288242e+04
   1.23563398e+04   3.40465586e+04   3.18208770e+04   4.37861600e+06
   1.71653223e+04   1.56769125e+06   3.48002425e+06   9.79522938e+05
   6.46058562e+05   1.26548012e+06   2.42865586e+04   1.98514824e+04
   1.22821162e+06   1.58691719e+05   1.47225203e+05   5.00533800e+06
   1.02850412e+06   4.68116547e+02   4.70718200e+06   8.09830200e+06
   4.39887150e+06   0.00000000e+00   3.59975188e+05   4.07416350e+06
   3.66725781e+04   2.66119950e+06   5.45352588e+03   9.79956500e+06
   7.34507625e+05   2.08785875e+06   1.55686238e+06   2.02356450e+06
   3.32379688e+05   1.19220700e+07   2.81033025e+06   5.06785938e+03
   1.78784375e+06   3.84287550e+06   1.27333875e+06   7.05187600e+06
   2.19154475e+06   2.42074375e+05   3.95072800e+06   3.98263633e+04
   4.11577812e+05   2.50132891e+05   3.01598844e+05   1.09742969e+04
   2.33041275e+06   1.55600922e+05   1.03279300e+07   6.03770650e+06
   2.19524550e+06   2.58407446e+03   3.69861758e+04   2.58525953e+05
   2.77432700e+06   8.19036100e+06   5.15218850e+06   1.85403738e+06
   1.06730240e+07   1.92365200e+06   7.22446950e+06   2.51873625e+06
   8.98595312e+04   9.91939500e+05   4.02987100e+06   7.03262600e+06
   9.20793250e+05   2.60897754e+04   0.00000000e+00   9.04159375e+05
   2.94269082e+04   3.92253875e+06   4.62158500e+06   5.49920039e+04
   1.50060225e+04   6.46061650e+06   2.82982950e+06   2.05892139e+03
   2.13204800e+06   6.14865550e+06   3.86878650e+06   4.83825684e+02
   2.70980100e+06   3.65299656e+05   4.11612425e+06   3.43016925e+06
   5.94173203e+04   4.31364700e+06   1.22675312e+05   5.54280300e+06
   8.50754004e+03   2.25737625e+06   1.40464575e+06   2.22062672e+05
   1.68457838e+06   9.73591750e+05   4.73192625e+05   5.63170250e+05
   1.04689697e+04   5.09611062e+05   1.58985420e+04   3.94256469e+05
   3.58838775e+06   2.41168547e+05   3.59564492e+04   4.81893100e+06
   7.53573359e+04   7.39052200e+06   2.35299500e+06   2.30997775e+06
   1.85800525e+06   3.61801750e+05   1.86579012e+06   1.11585100e+06
   3.07698700e+06   4.77674950e+06   1.28619219e+04   6.38794500e+06
   2.12208219e+05   1.61861582e+04   1.29499280e+07   4.31117529e+03]
[  2.26049825e+06   2.19982200e+06   3.14564438e+05   0.00000000e+00
   8.15817041e+03   1.63068400e+06   2.78090969e+05   5.92679500e+05
   9.23145400e+06   2.45615250e+06   8.17878100e+06   6.16068350e+06
   2.72691825e+06   1.74493891e+05   8.19909277e+03   8.24620312e+05
   1.54672188e+06   1.13406438e+06   1.93036875e+06   1.58780527e+04
   4.25587250e+06   1.68546125e+06   2.57925825e+06   1.39078203e+04
   7.67697250e+05   1.11686336e+05   4.93997594e+05   3.49930000e+06
   4.52540078e+04   2.15909850e+06   7.89654688e+04   8.31211750e+06
   3.36414050e+06   1.14997562e+05   1.31423362e+06   1.94611038e+06
   2.83009200e+06   8.28155050e+06   1.20245398e+05   2.30505410e+04
   2.28547575e+06   2.64374629e+04   2.48756348e+04   4.61063250e+05
   1.01264312e+06   5.21484100e+06   6.10915050e+06   3.02997500e+06
   9.27633625e+05   7.62755900e+06   3.07418225e+06   2.41592500e+06
   6.20515350e+06   1.08498475e+06   8.76369922e+04   5.03462305e+04
   2.17316525e+06   1.68298922e+05   2.38422852e+01   3.32685925e+06
   1.45030762e+06   6.90535600e+06   3.39478475e+06   1.23113462e+06
   3.84873312e+05   6.20709700e+06   2.80208062e+05   2.51227600e+06
   3.08606550e+06   7.00311000e+06   2.31004000e+06   8.91056100e+06
   4.09708850e+06   6.74599500e+06   9.89191100e+06   6.54574854e+03
   2.24061475e+06   2.36929750e+06   9.69334300e+06   3.09011275e+06
   2.47730875e+06   3.11969980e+04   4.67883800e+06   2.71047475e+06
   1.20960967e+04   4.14259525e+06   1.39211094e+05   3.54110900e+06
   1.47542734e+04   7.69253000e+05   1.08403740e+04   6.85256650e+06
   1.29294961e+05   5.22445450e+06   1.38296088e+06   1.99899412e+06
   4.77743156e+05   4.18522400e+06   1.31019844e+05   8.11408550e+06
   3.53895586e+04   2.09954781e+05   9.69291200e+06   2.39885620e+02
   1.26102344e+05   9.73695600e+06   2.33076875e+06   5.78147000e+06
   4.17135550e+06   7.08931400e+06   5.53059229e+03   2.09252688e+06
   3.48758094e+05   1.47390970e+07   3.87770100e+06   4.48346281e+05
   3.39379625e+05   1.75399062e+06   1.95386289e+04   2.07022617e+04
   1.00240610e+07   7.57319625e+05   2.51915312e+04   5.16700550e+06
   1.71615050e+06   1.71950988e+06   9.64465400e+06   5.87930250e+06]
[  4.73248959e+00   1.10096953e+04   9.62898125e+05   5.52824902e+03
   1.76849327e+01   2.54613647e+02   6.61135925e+02   0.00000000e+00
   1.24238700e+06   3.88436055e+04   9.68371964e+01   1.65680430e+04
   0.00000000e+00   3.99971953e+04   5.20490039e+04   2.45455493e+03
   4.97827881e+03   6.99341625e+05   1.30018042e+03   9.70559922e+04
   0.00000000e+00   2.41225537e+03   6.47418375e+05   9.08423047e+03
   1.70987578e+04   2.15058990e+02   1.14249362e+06   0.00000000e+00
   3.46593262e+03   1.02933799e+04   1.38274646e+03   3.91022148e+01
   0.00000000e+00   2.21992234e+05   2.19167070e+04   1.07614050e+06
   1.14304738e+06   2.70869263e+03   1.55889502e+03   6.79510315e+02
   1.13946709e+04   3.10136719e+02   2.02015234e+03   3.65906469e+05
   6.63837549e+03   4.06707642e+03   2.34189854e+01   1.44816177e+02
   7.06640234e+04   1.96220215e+04   4.52514697e+03   5.27278366e+01
   1.26137012e+06   5.96380188e+05   3.93853798e+01   7.38573877e+03
   4.56788469e+05   8.69054250e+05   1.60773206e+03   1.33481872e+00
   7.18329922e+04   1.44049863e+04   3.96091906e+05   3.57251758e+04
   2.26286545e+01   6.46826514e+03   1.07617114e+03   2.27112012e+03
   8.36588281e+03   8.59157344e+04   8.70512125e+05   1.07261500e+06
   0.00000000e+00   2.05886348e+04   3.20292725e+02   1.17523254e+02
   5.92621973e+03   1.84420234e+05   2.22783375e+05   1.52634516e+05
   8.23107656e+04   9.09561340e+02   1.50617275e+04   1.00193335e+03
   1.63333562e+06   1.59211788e+06   1.26083398e+05   1.29039300e+06
   9.02690234e+04   4.51456085e+02   1.39245300e+03   3.54980781e+04
   2.06802312e+05   5.84879932e+03   0.00000000e+00   7.49586426e+02
   8.12297949e+03   6.05406000e+05   6.96868262e+03   1.54630488e+04
   1.37586709e+04   1.41309580e+04   6.82369312e+05   6.79766875e+04
   3.33491364e+02   3.47320215e+03   1.48574084e+03   6.08611133e+03
   0.00000000e+00   4.14332461e+04   3.40946844e+05   1.11997998e+04
   0.00000000e+00   1.76862734e+04   5.02108447e+03   4.41461084e+03
   0.00000000e+00   2.55236801e+02   3.82899951e+03   1.67590188e+06
   4.55497461e+03   5.28096657e+01   7.63918115e+03   6.96601013e+02
   1.02069934e+03   1.00011656e+06   6.11473236e+01   0.00000000e+00
   3.21082688e+05   9.64099609e+03   1.32634741e+03   8.15462695e+03
   1.65343086e+04   1.17090150e+06   1.36300154e+01   5.54049219e+03
   1.73008825e+06   7.65162062e+05   1.44685508e+04   1.77697487e+01
   1.57074736e+04   3.01798267e+01   2.96698950e+03   4.72811969e+05
   2.95771667e+02   1.13885838e+06   1.08011292e+03   9.91582489e+01
   9.73451328e+04   5.49239883e+01   6.67430713e+03   1.15619854e+04
   1.24263891e+05   1.02030674e+04   6.15700312e+05   1.22606653e+03
   6.39166943e+03   2.87747031e+05   3.07933594e+05   2.00046219e+05
   8.44350781e+03   4.92574336e+04   1.10760212e+06   1.59485293e+04
   1.73610312e+04   1.56988275e+06   1.29536275e+06   5.62845938e+04
   1.05247562e+05   8.93276688e+05   1.02416062e+06   1.07027122e+02
   5.00132568e+03   2.79904031e+05   1.50209473e+04   3.55537354e+03
   1.29178150e+06   1.80246875e+03   1.43556675e+06   3.64397617e+04
   4.70685688e+05   6.77914141e+04   2.19343094e+05   5.89225537e+03
   7.98379346e+03   9.10368164e+03   3.98503984e+04   4.63065156e+04
   8.47336875e+05   2.15792261e+03   7.23072412e+03   7.21787938e+05
   0.00000000e+00   3.69999156e+05   2.34348717e+01   9.93250875e+05
   4.80136182e+03   2.48512109e+05   9.28052125e+05   7.47974375e+05
   4.90848877e+02   8.49300562e+05   7.96949125e+05   1.49960291e+03
   2.99031426e+04   9.36954712e+02   4.15346069e+02   1.85243970e+03
   5.93828076e+03   3.89689562e+05   2.47954516e+05   1.33152150e+06
   3.55688159e+03   1.19487754e+04   8.70702934e+00   6.13156348e+03
   3.11831818e+02   8.97811062e+05   1.77685801e+04   1.21549126e+02
   2.59110156e+03   2.90880005e+03   3.30589172e+02   6.49515820e+04
   3.84486656e+05   0.00000000e+00   0.00000000e+00   2.42340938e+05
   4.71646805e+01   7.61370500e+05   3.04737480e+04   6.81064331e+02
   7.15344625e+05   1.35561377e+03   8.34309625e+05   1.62143799e+02
   2.17369287e+03   1.70226270e+04   6.68102688e+05   8.84887390e+01
   5.90776062e+05   9.66328625e+05   4.67165955e+02   1.64896179e+03
   2.49389062e+04   1.40010522e+03   3.30631805e+02   9.43279492e+03
   1.57989575e+03   5.46964000e+05   1.16132764e+04   5.75341125e+02
   5.39715271e+02   1.42721024e+01   1.53153076e+02   4.76614844e+05]
[  1.16108888e+06   1.12094609e+04   5.63308777e+02   2.77817810e+02
   1.22618625e+06   7.71442188e+05   1.15152461e+05   1.01123505e+03
   1.02618965e+04   2.06071899e+03   4.80167847e+02   6.53490332e+03
   6.97032776e+02   1.91998945e+04   4.75691260e+03   1.47352039e+03
   5.52800179e+00   2.34358337e+02   7.47384688e+05   7.69716094e+04
   3.35348034e+00   1.08689072e+02   9.87359009e+02   5.50962000e+05
   3.03772187e+00   8.00740967e+03   0.00000000e+00   3.88310406e+05
   2.35171562e+04   9.47674561e+00   1.62192939e+04   2.67829492e+03
   2.46692261e+03   5.00803008e+04   1.00810132e+03   1.03348145e+04
   1.64571777e+04   7.61710968e+01   3.03814575e+03   0.00000000e+00
   1.01733648e+05   3.04193281e+04   9.54870703e+03   3.60276099e+03
   2.93523950e+03   5.25130273e+03   4.13489875e+05   2.56095605e+04
   5.01564844e+04   8.84592514e+01   6.76589941e+03   4.36063086e+03
   1.23523224e+02   8.16313818e+03   2.55096875e+05   1.80230656e+05
   1.22209580e+04   4.18843828e+04   1.05586711e+05   2.14833130e+03
   1.91588074e+03   2.93930703e+04   2.18510723e+01   3.54466370e+02
   0.00000000e+00   3.22916064e+03   8.31544453e+04   1.48472961e+02
   1.77133081e+03   1.54578799e+04   3.73424406e+05   1.13812451e+03
   2.07458887e+04   2.22283276e+03   1.18826914e+04   6.14549102e+04
   1.76624844e+04   1.28485146e+04   3.85131406e+04   4.21841406e+05
   3.99896126e+01   1.00242568e+04   8.35496521e+00   1.36960127e+04
   9.15330444e+02   7.15346777e+03   6.72217651e+02   1.17707217e+04
   5.47033594e+03   9.40086133e+03   1.44608679e+03   6.54739111e+03
   3.68011367e+04   6.25829375e+05   1.75781738e+02   1.62543356e+00
   2.31813266e+05   0.00000000e+00   1.32529980e+04   1.12555367e+05
   3.87356934e+02   1.18986328e+04   3.19899094e+05   1.74786968e+01
   2.13546777e+03   1.85165195e+04   2.85951738e+04   5.99205195e+04
   8.88421582e+03   1.01448856e+06   2.21829575e+02   5.18657375e+05
   1.74242592e+01   1.54196741e+03   1.20519702e+03   9.23736719e+03
   3.75397491e+02   1.01088438e+04   7.99033203e+03   4.12765781e+04
   1.17711755e+03   2.38724976e+03   2.33647241e+03   1.66554375e+05
   1.08603625e+03   9.08188721e+02   3.98773581e-01   7.75821240e+03
   1.43694138e+02   1.22543350e+06   1.86020840e+04   1.13090784e+03
   2.00469690e+03   1.11161650e+06   8.11476807e+02   1.42877803e+04
   2.35389590e+04   4.33851656e+05   8.08573792e+02   1.79111252e+01
   7.11787510e+00   1.74970825e+03   4.83201025e+03   5.23569189e+03
   0.00000000e+00   1.08695715e+03   3.86322784e+01   0.00000000e+00
   0.00000000e+00   1.21629041e+03   8.67583160e+01   1.78598083e+03
   5.30494375e+05   1.71683984e+05   5.94589138e+00   2.24631797e+05
   8.58283142e+02   7.44449234e+01   2.15579219e+04   9.44908688e+05
   2.53094116e+02   5.24522412e+03   3.20568286e+03   0.00000000e+00
   1.90454891e+05   0.00000000e+00   4.47899875e+05   1.52306995e+03
   1.59895656e+05   1.18401812e+06   7.12348328e+01   9.36186790e+00
   3.65270469e+04   9.67126172e+04   4.59130719e+05   2.58493066e+03
   3.49360809e+02   3.95030688e+03   5.49795361e+03   5.23229265e+00
   5.26992090e+03   2.59249878e+03   2.56818714e+01   5.16018896e+03
   0.00000000e+00   9.39102051e+02   2.97037344e+04   4.11609814e+03
   1.95966882e+03   2.69337254e+01   2.46253516e+05   1.62240686e+03
   6.43860596e+02   1.42219580e+04   1.62709932e+04   2.63104175e+03
   1.60617441e+04   1.21653301e+04   2.84974375e+05   1.86147499e+00
   4.88563080e+01   2.19539571e+00   4.40186531e+05   2.26313828e+04
   1.40970625e+04   4.85499458e+01   1.12337109e+04   3.73242531e+05
   6.35380742e+04   5.78783250e+05   0.00000000e+00   6.59619934e+02
   5.96717188e+03   1.41505801e+04   4.52297180e+02   1.19540320e+05
   3.35911750e+05   2.29073364e+03   6.11273730e+03   4.57137305e+03
   1.07182598e+04   1.34649453e+04   3.45991058e+02   2.49047989e+02
   1.13557148e+00   7.42452578e+04   8.75755312e+04   3.02444653e+03
   3.97220703e+02   1.46224442e+01   5.62781811e-01   5.51528027e+03
   1.39901328e+05   7.92823145e+03   6.67016688e+05   3.94639771e+02
   3.04054639e+03   5.71932688e+05   0.00000000e+00   1.53267698e+01
   2.71363831e+02   2.62849125e+05   1.03359246e+00   0.00000000e+00
   1.41301315e+02   3.45451241e+01   4.19733008e+03   4.86398926e+03
   6.74495688e+05   2.75843000e+05   2.31314062e+04   2.62055059e+04
   1.43397400e+03   4.51248531e+05   5.73451465e+03   2.67466772e+03]
[  4.38371406e+04   1.52560332e+04   1.84600418e+02   1.57660681e+03
   1.30520773e+05   3.73967407e+03   1.98376855e+04   1.20583252e+03
   4.88165092e+01   5.55735375e+05   8.47885352e+03   1.24075342e+04
   3.18072607e+03   2.36559058e+03   5.45868042e+02   8.82509277e+02
   4.66098815e-01   1.59967822e+03   1.60726833e+00   3.03923169e+03
   1.32257344e+04   1.70628266e+05   2.28549883e+04   5.56947803e+03
   1.58303436e+02   6.24054590e+03   4.84542920e+03   1.94216766e+05
   1.04400059e+04   3.03163969e+05   8.57200089e+01   9.07239355e+03
   3.53327148e+04   5.31616094e+04   2.65466211e+03   2.19371338e+03
   3.05274875e+05   7.97130125e+05   7.42610718e+02   9.49991438e+05
   2.15073560e+03   2.86171240e+03   6.77091895e+03   4.91950039e+04
   4.35758545e+03   3.94715454e+03   4.15501129e+02   6.22966064e+03
   9.24260254e+03   5.93230420e+03   5.16129531e+04   5.43509812e+05
   1.19085889e+03   0.00000000e+00   2.00657166e+03   1.95213440e+03
   1.82903320e+03   1.75106750e+05   9.66089606e-01   1.56882432e+04
   8.94941956e+02   4.83455312e+04   1.92149841e+03   1.26708184e+04
   1.54553418e+04   6.37408545e+03   4.62082373e+03   4.30523096e+03
   1.04655297e+05   4.49143516e+04   3.51196836e+04   1.46738513e+03
   5.82862812e+04   1.00992998e+04   3.00095500e+05   4.17818594e+04
   1.03372805e+05   1.86430430e+04   7.64305420e+03   4.30688110e+02
   2.03355942e+02   3.60155884e+02   5.25350977e+04   5.62718994e+02
   5.44097031e+04   1.02226357e+02   1.51725293e+04   3.42582520e+02
   6.47086191e+00   7.98712341e+02   2.88230114e+01   3.97105542e+03
   3.91892554e+03   3.02568237e+03   5.05413867e+04   4.22442535e+02
   2.03280525e+01   2.67865875e+05   4.26507531e+05   5.99023047e+04
   3.42876875e+04   2.82619043e+04   8.12414734e+02   7.21953613e+02
   3.80363438e+04   3.14969165e+03   4.61902219e+05   1.85114648e+04
   1.14700537e+03   9.91519714e+02   1.29360068e+04   2.47209473e+03
   2.04879688e+04   5.94172913e+02   7.04236389e+02   4.36054062e+04
   1.89231128e+03   6.96484297e+04   5.87211172e+04   7.21133594e+04
   4.90378456e+01   5.06840938e+05   2.90570664e+04   2.37170641e+05
   1.96088535e+04   2.09515405e+03   2.15935332e+04   6.12117462e+01
   8.01149902e+02   6.70195557e+02   1.22831323e+03   2.71623965e+04
   2.25095352e+04   6.14927490e+03   3.19495166e+03   3.13665942e+03
   7.03972217e+03   9.17016094e+04   6.10887891e+03   1.10367590e+03
   9.22088814e+00   2.23519609e+04   3.63356018e+02   4.98140117e+04
   6.66743750e+03   8.98342578e+03   2.27726074e+04   2.64855218e+00
   7.75943672e+04   5.29196045e+03   9.04789844e+03   3.09691113e+04
   1.84399915e+03   9.00659453e+04   3.97278351e+02   7.39646143e+03
   6.93118750e+04   1.75044788e+03   1.65518234e+05   3.19317657e+02
   3.21318024e+02   3.18177704e+02   8.04256982e+03   1.07004224e+03
   3.08819067e+03   2.32276343e+03   3.19208340e+04   6.43584492e+04
   1.20564099e+03   1.47351670e+04   5.24252129e+00   3.13623047e+03
   6.37093079e+02   2.78618262e+03   2.17490605e+04   4.97097412e+03
   2.23022656e+04   4.53576074e+03   6.09928008e+04   2.81033086e+04
   2.35961746e+02   2.77508828e+04   1.63631338e+04   9.80595996e+03
   7.26009688e+04   4.86339966e+02   8.10929688e+04   2.06864258e+02
   2.59739917e+03   2.99344000e+05   3.69562656e+04   8.88726807e+02
   4.17813110e+01   4.30814102e+04   1.19291124e+01   7.92370453e+01
   2.34658926e+04   6.62973193e+03   1.57847432e+04   9.70049121e+03
   2.24113501e+03   7.29179306e+01   2.35629355e+04   1.42542859e+05
   1.27726578e+05   3.61706543e+03   3.22758447e+03   1.09482734e+04
   2.23267484e+05   8.03393555e+00   2.04812720e+03   3.72700049e+03
   2.55463359e+04   1.11057510e+04   5.59194805e+04   4.11784286e+01
   1.21640117e+04   1.28627783e+04   4.71004715e+01   5.78118438e+04
   1.64339258e+04   2.62677148e+03   3.38434204e+03   1.28890361e+04
   4.16411953e+04   0.00000000e+00   1.42585049e+01   1.72457949e+04
   8.04187622e+02   1.62754717e+04   1.60480244e+04   5.21611914e+04
   4.56362640e+02   2.25763457e+04   8.70423000e+05   7.97309229e+03
   3.17175079e+02   4.97552100e+03   7.53004500e+05   2.40131616e+03
   3.59957422e+03   2.61741516e+02   3.99316193e+02   1.44579382e+03
   1.59343096e+04   2.11030438e+05   1.49380732e+00   0.00000000e+00
   1.33428891e+05   1.63424062e+04   7.10737467e-01   3.19239434e+04
   6.58808838e+03   1.18708813e+03   2.19041763e+02   7.62572656e+03]
[  6.64916260e+02   7.80447119e+03   3.22389590e+04   3.52948438e+04
   5.04880798e+02   5.90908711e+04   6.73879700e+02   7.42214966e+02
   7.21522888e+02   3.98807800e+02   4.67575547e+04   7.60145801e+03
   5.56317725e+03   4.85414453e+03   3.41300586e+03   7.52526428e+02
   1.39561240e+04   1.99725645e+04   3.24196914e+04   3.04841968e+03
   2.32651489e+02   4.67338906e+04   2.06361743e+03   3.32848236e+02
   3.09167285e+04   9.40607617e+03   5.51079492e+04   2.32468115e+03
   5.42975508e+04   2.07070625e+04   7.27057324e+03   8.29314062e+04
   5.52527783e+03   2.57270723e+04   3.37123203e+04   5.77796992e+04
   6.56104766e+04   2.86996265e+03   9.16102661e+02   2.46117402e+04
   4.55249290e+01   7.51983984e+04   3.85963711e+04   3.18328984e+04
   1.49792664e+02   1.43849304e+03   5.19726270e+03   6.26796436e+03
   3.02781969e-01   1.33806416e+04   4.34186719e+04   3.22450836e+02
   0.00000000e+00   1.66268105e+04   1.96248547e+03   5.92360840e+03
   8.32015991e+01   7.22557983e+02   7.73755493e+01   8.75111023e+02
   2.48012256e+03   8.25796016e+04   1.48708115e+04   6.05625305e+02
   3.84717896e+03   9.73880859e+03   9.01875366e+02   1.46797791e+02
   9.44569238e+03   1.78787378e+03   3.88658047e+04   2.03500500e+03
   5.71092617e+04   1.60813049e+03   2.46942830e+00   1.32299362e+02
   3.35412689e+02   9.26486397e+00   7.26927969e+04   3.86335742e+04
   8.10050354e+01   3.77312036e+03   1.85960137e+04   6.49391758e+04
   2.95045825e+03   0.00000000e+00   8.18194458e+02   1.63239160e+03
   7.28648750e+04   6.19653438e+04   3.30018945e+03   9.03030701e+01
   5.74617305e+04   1.98887402e+04   4.08695625e+04   7.77114648e+03
   1.49694990e+04   4.51492615e+02   3.41888516e+04   2.07531250e+04
   8.86400195e+03   5.87303345e+02   8.52036406e+04   4.31374219e+03
   2.34849883e+04   2.09273105e+04   8.94848999e+02   5.17162461e+04
   5.81465039e+04   1.24890991e+03   6.08062939e+03   5.04123352e+02
   2.22229590e+03   1.84895935e+02   4.08136139e+02   2.28174922e+04
   3.42468929e+00   1.82942773e+04   1.92148342e+01   1.00593350e+04
   9.42925781e+02   6.87297344e+04   1.91939141e+04   6.11679871e+02
   4.83956055e+03   3.62271914e+04   3.86040234e+03   4.66076709e+03
   1.62406758e+04   8.00247559e+03   8.12456055e+02   5.41694580e+03
   1.32225156e+04   1.59362959e+04   2.68877891e+04   3.90403557e+01
   5.77791406e+03   0.00000000e+00   3.32434570e+02   1.01357597e+02
   2.25191113e+04   8.29482574e+01   1.52750645e+04   1.11120760e+00
   3.78274561e+03   4.46957080e+03   1.40492200e+03   4.01316919e+03
   1.09130237e+03   5.62696484e+03   7.55497422e+04   3.39122876e+03
   1.17740564e+03   2.28417407e+03   1.92229492e+02   0.00000000e+00
   1.82428772e+02   6.67662048e+02   9.40647156e+02   6.63420859e+04
   7.53764160e+03   1.45626440e+03   1.65388867e+04   5.42256126e+01
   2.46963789e+04   3.68344019e+03   5.34135898e+04   4.20591064e+02
   4.02365469e+04   3.84168398e+04   5.21248657e+02   5.88291162e+03
   3.69471445e+04   7.43163330e+02   2.78226719e+04   4.82692734e+04
   2.10123145e+04   5.48546582e+03   2.90249365e+03   8.82515747e+02
   8.07768018e+03   1.36420761e+02   1.52572695e+04   1.88898281e+04
   3.18739624e+03   2.48618301e+04   6.02206367e+04   5.29940088e+03
   3.04951880e+03   1.71819092e+03   1.52750000e+03   7.19846191e+03
   7.61729980e+03   8.63238750e+04   4.67264336e+04   2.91954727e+04
   1.59038027e+04   1.44418818e+04   6.93051758e+03   7.47616089e+02
   6.42306953e+04   1.70215254e+04   1.21148491e+02   4.46829727e+04
   7.88653203e+04   5.00028152e+01   3.29141797e+04   5.37017188e+04
   1.27501907e+02   4.03868774e+02   1.17418616e+03   4.54276154e+02
   8.52462616e+01   1.38848254e+03   2.19561504e+04   1.26937805e+03
   3.63080298e+03   1.01297344e+04   2.57088164e+04   1.49578008e+04
   3.56334326e+03   4.33911016e+04   7.04957123e+01   4.08120632e+00
   2.06450332e+04   1.09837305e+03   1.94899304e+03   0.00000000e+00
   3.86492615e+02   1.88943799e+03   2.19252045e+02   1.32063171e+02
   2.72401719e+04   2.94324902e+04   4.57298789e+04   1.74648621e+03
   3.38267852e+04   7.79615173e+02   9.16905371e+03   1.05887979e+04
   1.59067969e+04   1.63855430e+04   3.47503613e+03   1.89630977e+04
   3.66554749e+02   9.04147734e+04   4.73682373e+03   7.03757507e+02
   1.29278760e+04   2.86369590e+04   1.24854990e+04   4.86513438e+04
   6.05900732e+03   7.36542109e+04   7.21996729e+03   3.34885430e+04
   5.97435781e+04   1.65971887e+03   6.01487061e+02   5.36204258e+04
   3.16694863e+04   2.92227966e+02   6.35395508e+03   1.85072729e+03
   7.82252579e+01   4.51374219e+03   1.87491748e+03   7.44774688e+04
   4.15341172e+04   7.67777832e+02   2.87555298e+02   1.24247400e+03
   3.75935986e+03   3.63194165e+03   6.92730625e+04   2.40831055e+04
   3.32444763e+00   3.82642365e+01   5.68801836e+04   4.80902832e+03
   5.47111368e+00   9.92960815e+02   1.02289990e+04   6.13130117e+04
   1.23740430e+03   2.77874023e+03   3.03889632e-01   5.76757019e+02
   8.00909180e+02   1.24626152e+04   8.24938281e+03   9.57575000e+03
   2.97261719e+04   2.31167461e+04   1.68019922e+04   2.50107178e+03
   1.48804276e+02   2.38682465e+02   1.15653584e+04   5.73498008e+04
   2.54688644e+01   9.41673889e+02   1.55678408e+04   4.03409805e+01
   1.47828833e+03   3.51004609e+04   3.85259741e+03   3.36194916e+02
   3.62425078e+04   1.27547180e+03   4.41299171e+01   1.16933828e+04
   3.81159821e+01   1.67815259e+03   5.70506289e+04   2.21124473e+04
   4.47872543e+00   3.18194121e+04   1.00591025e+04   3.49868286e+03
   3.06055088e+01   1.00150156e+04   8.43853906e+04   1.28725708e+03
   5.67448516e+04   7.09216016e+04   8.77113047e+04   2.54815332e+04
   1.98920156e+04   3.55551270e+02   3.40926836e+04   5.96994873e+03
   5.41706484e+04   4.22453979e+02   2.38481152e+03   3.31035312e+04
   2.48096893e+02   8.26199219e+03   2.85676953e+03   2.12703105e+04
   5.16502695e+04   6.12996521e+02   7.07878906e+03   2.40158279e+02
   1.84459038e+01   8.72664551e+03   7.84286816e+03   1.58164880e+03
   2.61616968e+03   7.78377563e+02   3.12595742e+04   2.75604736e+02
   7.67774597e+02   2.88645957e+04   4.77101562e+03   3.06157544e+03
   6.37269336e+04   1.35637146e+03   2.54311738e+04   1.32720850e+04
   3.50483398e+04   1.84523398e+04   2.13861221e+02   2.94583313e+02
   1.42571143e+03   1.42707825e+03   6.09161328e+04   3.36163989e+03
   3.87956172e+04   3.24898364e+03   7.62164404e+03   1.57269543e+03
   1.42111904e+04   2.77631128e+03   2.92551172e+04   9.46526660e+03
   2.35020288e+03   3.06486938e+03   1.18757431e+02   1.04654152e+02
   2.67104023e+04   9.56901172e+03   4.85031548e+01   1.50747959e+04
   3.33873804e+03   1.84477502e+03   2.35410449e+03   1.30682002e+04
   5.02289642e+02   3.19031403e+02   2.79364062e+03   1.48160925e+03
   3.90360669e+03   8.01732471e+03   2.74682012e+04   4.32426602e+04
   8.98941895e+02   1.14603003e+03   2.44965820e+03   5.03918243e+02
   6.46215210e+01   5.68671875e+03   3.50110664e+04   5.87248633e+04
   3.41863203e+04   1.04703115e+04   8.00061865e+03   7.52090820e+02
   1.12930878e+02   1.08011045e+01   1.91621875e+04   1.14437539e+04
   5.70447144e+02   2.27511627e+02   1.87394219e+04   1.39622705e+04
   1.45412842e+03   6.70093115e+03   2.21086367e+04   3.86078467e+03
   3.09475122e+03   3.30984180e+03   3.30173682e+03   2.82518340e+04
   3.00889961e+04   5.27877344e+03   1.56535791e+04   1.29586035e+03
   5.38392266e+04   1.27046460e+03   2.82246368e+02   4.29820752e+03
   3.70810820e+04   1.88678398e+04   1.41342861e+04   1.17371570e+03
   1.03402966e+03   1.28623645e+03   2.22050938e+04   5.78102100e+03
   2.02051641e+04   6.04720850e+03   5.50259717e+03   3.89772773e+00
   0.00000000e+00   2.71000801e+04   5.17640114e+01   4.98746045e+03
   3.07425220e+03   2.88231094e+04   1.75239343e+03   6.57710938e+04
   1.81481289e+04   0.00000000e+00   4.11844629e+03   1.98912643e+02
   1.34790344e+03   8.75959180e+03   1.41937912e+02   1.59153308e+03
   1.31399890e+03   6.55719482e+03   9.20431976e+01   1.85126050e+03
   1.66879199e+04   4.90860898e+04   1.72439600e+03   9.58480453e+01
   8.73025269e+02   3.37455396e+03   5.60292816e+00   2.68747534e+03
   4.45690576e+03   4.72989616e+01   8.10996521e+02   2.25587183e+03
   2.61816040e+03   5.90673340e+03   1.68870176e+04   0.00000000e+00
   2.92124977e+01   4.12686865e+03   4.51378945e+04   1.23230811e+04
   1.08555977e+04   1.63179764e+02   3.86958618e+03   1.18320346e+00
   1.52839424e+04   2.15467603e+03   7.88134922e+04   1.68572021e+03
   1.10609268e+04   4.33966699e+03   3.54443896e+03   2.91822144e+03
   3.14406665e+03   6.59196562e+04   2.05850171e+03   1.07500547e+04
   2.27373535e+03   3.40918427e+02   8.37943256e-01   9.25591211e+03
   1.19685339e+03   3.07234668e+04   2.22745190e+03   2.18583912e-01
   2.20707988e+04   1.42748230e+03   2.00626074e+03   9.01435781e+04]
[  3.76033813e+03   5.86484229e+03   1.62935632e+03   7.72422409e+01
   3.03709043e+04   1.11266884e+02   4.22033750e+04   1.85630762e+04
   6.06202305e+04   1.00739838e+02   2.41860031e+02   2.70794751e+03
   1.46404831e+02   5.01232266e+04   4.65856299e+03   1.57481279e+01
   2.62505469e+03   1.42428064e+03   1.76326868e+03   5.19680908e+02
   4.97072266e+03   5.39651025e+03   1.78465601e+03   2.28457298e+01
   2.66450592e+02   8.47520898e+03   1.36626709e+03   2.22981875e+04
   1.03117078e+03   4.89932587e+02   7.76624817e+02   2.56052979e+02
   9.96995972e+02   0.00000000e+00   3.05155182e+02   1.63397339e+02
   1.80870422e+03   1.94909286e+01   1.19386230e+04   1.54505295e+02
   1.10517871e+04   4.69980664e+03   8.90040512e+01   1.67454746e+04
   1.73872632e+03   6.71552368e+02   4.89224316e+03   6.82245789e+02
   1.11636133e+03   1.30591260e+03   1.56846714e+01   1.24177961e+01
   0.00000000e+00   5.28644580e+03   2.20151611e+03   1.96045166e+03
   7.18667920e+03   5.13601318e+02   1.53982712e+02   1.10514712e+00
   2.04458356e+00   2.85382599e+02   9.84871277e+02   3.52775330e+02
   2.24397797e+02   1.82250626e+02   7.16108643e+03   6.19624561e+03
   3.30679570e+04   1.80834793e+02   1.04746689e+02   4.36338047e+04
   1.67232685e+01   2.09159470e+02   1.04213818e+03   1.13126709e+03
   3.13427043e+00   4.58130469e+03   6.37742004e+02   1.87280792e+02
   1.14257031e+03   6.82921562e+04   3.10846875e+04   9.59414648e+03
   1.25284485e+03   8.93430786e+01   8.13696680e+03   5.66938965e+02
   3.22454639e+03   8.84802185e+02   1.51031455e+04   5.04676221e+03
   3.00314990e+03   2.10631418e+00   2.11692749e+03   1.10754402e+02
   2.83167450e+02   1.27740977e+04   6.64591748e+03   4.85021777e+03
   6.38741455e+02   1.99205139e+03   2.68280347e+03   3.69488239e+00
   7.52760986e+02   1.72081238e+03   5.31193262e+03   1.24383545e+01
   4.15585703e+04   5.68684023e+04   1.66495532e+03   5.88154541e+02
   1.49579926e+02   1.18181543e+03   4.57926055e+04   1.41631604e+03
   2.18675064e+02   1.01222375e+03   3.54527435e+01   9.12203613e+02
   3.08816650e+02   6.23493896e+03   1.90506628e+03   2.87911186e+01
   2.21285176e+04   7.91408875e+02   1.24809131e+03   2.21601852e+02
   1.55032074e+02   2.32166016e+04   9.62680817e+01   7.08914429e+02
   8.55311523e+02   1.05752676e+04   1.03560049e+04   3.35884595e+00
   2.17203781e+02   1.96102203e+02   1.24238037e+04   1.84575295e+00
   4.37903412e+02   1.84716141e+02   7.87507422e+03   3.74845612e+02
   5.92500000e+03   7.79244434e+03   2.25273975e+03   2.89071289e+04
   1.33270117e+03   2.39266190e+02   4.63255938e+04   2.46849805e+03
   1.56805137e+04   1.48290491e+03   7.02704697e+01   4.96953438e+04
   5.53232861e+03   1.16605273e+04   2.40543701e+03   3.71056519e+03
   3.74854272e+03   1.04298145e+03   8.82113278e-02   6.86907715e+02
   3.00596016e+04   2.27351025e+03   5.36287812e+04   1.03455381e+01
   2.46408984e+03   2.22072188e+04   3.21306763e+02   2.48817163e+03
   5.28809492e+04   1.41834219e+04   3.78157349e+01   7.26932861e+02
   1.34165210e+03   7.25991602e+03   1.28249634e+03   7.27791016e+02
   6.39616719e+04   4.77997406e+02   9.35712280e+02   0.00000000e+00
   1.11802432e+04   4.90128047e+04   1.21801281e+00   8.00501465e+02
   1.94112488e+02   3.86669102e+04   1.57233704e+02   2.90324738e+02
   1.15215616e+01   3.04951758e+04   6.03439600e+03   6.43916748e+03
   5.51302414e+01   9.30895801e+03   1.03900952e+03   4.03751562e+04
   2.34015000e+04   4.26550262e+02   8.73945904e+00   3.91431244e+02
   1.15727900e+04   9.20838928e+01   1.34191986e+02   5.32785742e+03
   6.90801144e+00   2.14881689e+03   1.63979785e+03   1.55785461e+02
   8.28918750e+03   5.90483789e+03   2.70304316e+04   5.35073242e+04
   3.20473359e+04   3.10383331e+02   1.63907227e+02   2.59754062e+04
   8.24994434e+03   5.39156837e+01   2.92107568e+03   2.81197845e+02
   3.72641431e+03   1.61275436e+02   4.16292871e+03   3.29549688e+04
   1.66823132e+03   3.05707349e+03   4.79230273e+04   3.84854095e+02
   9.78005676e+01   6.29198340e+03   9.38863144e+01   6.25516758e+04
   5.08395742e+04   1.89863049e+03   3.03969364e+01   1.63404556e+02
   2.25266968e+03   4.23310889e+03   6.55052917e+02   2.09275293e+03
   4.23668066e+03   3.91272412e+03   0.00000000e+00   5.49380547e+04
   1.36109970e+02   1.56660065e+02   5.33784241e+02   3.89331093e+01
   7.87775537e+03   9.64372787e+01   1.50244331e+01   3.87345490e+02
   6.93510559e+02   2.40525488e+03   9.18684875e+02   6.64217432e+03
   1.84547241e+03   1.75084460e+03   1.14556067e+03   9.97416626e+02
   6.56090149e+02   1.27640518e+04   3.07233093e+02   2.14849082e+04
   4.30247559e+03   3.56666821e+03   5.26325073e+02   5.82754578e+02
   1.22840234e+03   5.88274231e+01   1.19751263e+01   1.90053997e+01
   1.43978730e+04   0.00000000e+00   3.58851709e+03   3.98956396e+03
   1.38005847e+03   2.44135269e+02   1.69867422e+04   0.00000000e+00
   5.86317711e+01   1.02973291e+04   1.69280357e+01   1.75699805e+04
   4.23396240e+02   1.37744885e+03   9.22075653e+01   2.92807446e+03
   4.88493945e+04   7.86651660e+03   6.73075391e+03   9.58392090e+03
   4.06764414e+04   1.27991089e+03   4.87591431e+02   8.04349976e+02
   8.63074303e+00   1.18756934e+03   1.82338516e+04   6.20402145e+00
   4.09201782e+03   1.37251309e+04   3.72233215e+02   5.42451289e+04
   7.84245987e+01   2.30624634e+02   3.62665291e+01   2.95199731e+03
   1.26786963e+04   5.68305420e+02   3.18053009e+02   1.78797516e+02
   3.90285703e+04   1.35705223e+01   2.17454315e+02   7.94023819e+01
   3.46006396e+03   9.95201855e+03   1.48566270e+04   1.10926602e+04
   5.20185898e+04   1.31215546e+02   1.04228259e+03   1.09418359e+04
   5.07190460e+02   1.78116550e+01   5.88691758e+04   2.65421602e+04
   2.92735443e+02   1.89504224e+03   1.00798018e+04   1.91113342e+03
   3.02362919e+00   4.58421777e+03   2.52009430e+02   6.19986633e+02
   1.60221133e+04   3.29468677e+03   3.08245728e+03   2.16153711e+04
   4.22086954e+00   2.73954688e+03   2.93660919e+02   9.66284766e+03
   3.77787695e+04   2.09473709e+02   3.85896118e+02   3.97088013e+03
   7.65198914e+02   6.30947607e+03   6.03135234e+04   2.54956777e+04
   7.11859436e+02   4.38414856e+02   3.17930347e+03   1.03600788e+01
   3.70341943e+03   1.53031506e+03   1.78245068e+01   9.64692261e+02
   1.47889004e+04   1.68153809e+04   1.46194543e+03   1.07779336e+04
   2.45806320e+02   2.72038125e+04   6.11708975e+00   7.45120703e+03
   3.82214551e+03   5.41050195e+04   8.57948730e+02   1.30843396e+03
   1.86183762e+02   8.97202393e+02   1.14465088e+03   1.66112266e+04
   9.01624805e+03   4.66663477e+03   4.98674316e+01   3.82119843e+02
   1.24798438e+03   1.93011777e+04   3.20852051e+04   2.49237036e+03
   4.32457070e+04   1.19311963e+03   4.65415508e-01   8.90962029e+00
   3.80724756e+03   7.23155566e+03   3.65465259e+03   6.53028418e+03
   4.18683203e+03   1.49505639e+00   1.12230713e+02   4.28991608e+02
   3.51305389e+02   2.45121436e+03   1.29058271e+04   1.59825107e+04
   5.61008252e+03   6.55676484e-01   4.18995703e+04   5.54029541e+02
   3.22146826e+03   1.67130470e+01   5.58682617e+03   7.85465088e+02
   5.76971777e+03   6.13811670e+03   2.47674522e+01   0.00000000e+00
   1.84012146e+02   7.92391541e+02   5.31819824e+03   9.75071182e+01
   3.92633209e+02   9.94235352e+02   3.59136816e+03   4.79786133e+03
   3.64465112e+03   1.73714258e+04   3.18454285e+02   0.00000000e+00
   3.25580054e+03   6.65604630e+01   2.08892529e+03   3.62470273e+04
   3.65531860e+03   4.01815460e+02   2.24106766e+02   3.69369116e+03
   2.07113184e+03   7.79416626e+02   4.82930234e+04   6.90434814e+03
   7.77062646e+03   5.10590363e+02   1.75092493e+03   1.91545483e+03
   2.50109529e+00   6.63530640e+02   2.54028638e+03   6.03508606e+02
   2.91898987e+02   7.09939148e+02   0.00000000e+00   2.73267731e+02
   6.80582404e-01   0.00000000e+00   1.31315957e+04   9.21960235e-01
   3.01585531e+00   1.08909155e+03   4.63083774e-01   4.01014496e+02
   7.15226270e+03   1.15568445e+03   7.67726758e+03   7.50121826e+02
   6.15965664e+04   2.67916816e+04   9.72199707e+02   3.22913867e+03
   3.14865936e+02   8.91666797e+03   2.84341816e+04   5.29635742e+02
   1.19624039e+02   6.12622147e+01   1.43691638e+03   6.76269727e+03
   2.11704736e+03   4.86026398e+02   1.61089014e+03   1.16183126e+00
   7.26425781e+03   3.34279907e+03   1.62297205e+03   3.53663055e+02
   6.13253845e+02   9.08957947e+02   3.32158438e+04   9.26001644e+00
   1.12702014e+03   1.54048538e+02   5.38211211e+04   9.12397852e+03
   8.20214661e+02   4.63210632e+02   2.49559712e+00   6.61640479e+03
   1.17674023e+03   1.14470207e+02   4.87744843e+02   3.94445093e+03
   1.47500610e+03   2.02414331e+03   6.19074364e+01   4.89682526e+02
   4.56447235e+02   7.11948750e+04   4.24271507e+01   5.21295532e+02
   0.00000000e+00   1.06871650e+04   8.32175293e+03   6.20008643e+03]
[  1.77851364e+02   8.92805957e+03   7.02854736e+02   2.38938525e+03
   7.27792664e+02   1.92492852e+04   2.99273621e+02   1.02304238e+04
   7.65163721e+03   2.93540156e+04   6.94617004e+02   1.31403214e+02
   6.59039893e+03   2.95732539e+04   2.81674365e+03   7.31275879e+02
   1.50272266e+03   3.28672217e+03   5.37865742e+04   1.09214734e+03
   2.40175796e+00   2.85666162e+03   2.99323242e+02   8.83388062e+02
   8.93925391e+03   6.88712845e+01   1.27810684e+04   1.25093102e+02
   6.55443848e+02   2.54146851e+03   1.57735730e+03   3.58580225e+03
   1.30901270e+03   0.00000000e+00   2.72229858e+03   2.00098297e+02
   2.92396606e+02   4.98432070e+04   0.00000000e+00   4.04229932e+03
   5.58482373e+03   7.79045258e+01   6.26658916e+00   2.00093826e+02
   9.12877637e+03   4.89057831e+02   7.71796973e+03   4.85210645e+03
   1.01987415e+03   4.80850677e+01   1.44610791e+03   2.39150073e+03
   1.68719559e+02   7.08597656e+03   1.66107559e+04   2.01319277e+04
   4.04086945e+02   1.09310137e+04   4.05506363e+01   2.33708618e+03
   1.96770825e+03   8.09083862e+02   1.30590234e+03   2.60221191e+02
   3.24642407e+03   4.52531464e+02   3.27183289e+02   2.23406784e+02
   1.32628494e+02   4.52017784e+01   1.01817401e+03   8.22323438e+03
   2.83396797e+04   2.05844772e+02   2.00426094e+04   2.46805115e+01
   4.99621338e+02   2.18436813e+02   1.19655676e+03   1.57831318e+04
   3.96227997e+02   2.47434648e+04   1.85024570e+04   7.50538477e+03
   4.90806875e+04   3.59073448e+01   8.61091675e+02   9.53305859e+03
   6.88877051e+03   1.44639600e+04   8.94024181e+00   2.20353833e+03
   5.83967346e+02   9.56138184e+03   1.19465613e+03   5.44981201e+03
   5.30415576e+03   2.45156527e+00   1.06515527e+04   7.20354797e+02
   4.70765610e+01   1.31358984e+03   1.09204102e+02   2.73343213e+03
   3.99141312e+00   5.27784777e+00   7.61563171e+02   3.25152520e+04
   9.12786603e-01   1.50608174e+04   5.70361328e+02   4.96897461e+04
   3.84460913e+03   1.77063614e+02   1.06553583e+01   1.03659192e+03
   1.10814441e+03   2.14346797e+04   6.33466370e+02   8.09558029e+01
   0.00000000e+00   1.26030533e+02   4.75531055e+03   3.90551117e+02
   3.66736908e+02   5.62383496e+03   1.86079987e+02   5.53421211e+01
   1.52072778e+03   3.26070984e+02   1.51268330e+04   3.91772858e+02
   4.04687134e+02   2.06777856e+03   1.92614487e+02   7.59295215e+03
   2.87937324e+04   2.37519717e+00   2.94027996e+01   1.77621582e+02
   8.66548479e-01   2.75298119e+01   5.38894470e+02   2.72222260e+02
   1.62596695e+02   2.71588965e+03   3.15105542e+03   0.00000000e+00
   4.92209747e+02   3.89510664e+04   3.65100021e+01   1.56898148e+02
   1.00739545e+03   1.82082800e+03   6.56040771e+02   1.45602471e+04
   6.92848206e+01   4.98261108e+02   2.86022827e+02   7.45955078e+03
   3.44282166e+02   4.31005829e+02   3.65805481e+02   1.34771072e+02
   3.53619805e+04   8.42080994e+01   1.24474419e+02   4.40903516e+03
   7.15695410e+03   1.65803027e+04   5.14170900e-02   2.23681519e+02
   4.93187988e+03   1.09221704e+03   3.21148621e+02   7.53648682e+02
   3.22867930e+04   4.08495667e+02   3.02738848e+04   1.71024756e+03
   2.97523105e+04   1.86480488e+04   4.38548622e+01   3.58263110e+03
   1.73768030e+03   3.79642010e+00   3.37352393e+03   3.63466943e+03
   1.71334705e+01   3.03374878e+02   1.57244156e+02   7.10830872e+02
   3.02122217e+03   3.74663354e+03   1.16291565e+03   9.81209863e+03
   1.65168274e+03   1.30554443e+03   8.70959473e+01   3.45981396e+03
   1.99922058e+03   1.12864563e+03   1.73035730e+03   0.00000000e+00
   3.71647046e+03   2.77443665e+02   1.77213940e+03   1.81753308e+03
   4.51266895e+03   4.85673984e+04   9.84228668e+01   5.27013489e+02
   2.07828906e+03   1.84989294e+03   2.17206070e+02   8.80291699e+03
   4.35630820e+04   3.73451042e+01   7.48328171e+01   3.22533911e+03
   8.76035938e+03   1.15432999e+02   9.96198120e+01   1.31835767e+03
   8.38663818e+02   5.39613953e+01   7.61200409e+01   1.92669373e+02
   6.09406250e+02   1.48123077e+02   4.60289116e+01   3.41755096e+02
   1.61184998e+03   5.96879234e+01   7.33608627e+01   2.09097672e+02
   9.69821167e+02   3.76957672e+02   1.90760181e+03   5.35840263e+01
   2.42168465e+01   5.46761322e+01   1.02471753e+03   3.55521211e+04
   2.47459863e+04   8.11719873e+03   2.68453888e+02   1.47825964e+03
   1.53643780e+01   1.18403149e+03   4.06677979e+02   9.85753021e+01
   8.44855664e+03   1.49239136e+03   4.56622696e+00   1.33588577e+02
   2.61764136e+03   7.84884186e+01   1.44324548e+03   1.51239288e+02
   7.86340393e+02   5.11399963e+02   3.33142609e+02   9.95648384e+00
   3.42501680e+04   2.25745557e+03   3.61678633e+04   7.08872437e+02
   2.37834082e+03   2.99837513e+01   1.40808731e+02   3.38008270e+02
   8.20838013e+01   9.36615143e+01   3.63389453e+04   1.89991699e+02
   1.44450488e+03   2.28806381e+02   5.87324121e+03   1.17062549e+04
   2.36700928e+02   2.89166290e+02   4.38911560e+02   5.23350469e+04
   1.99054456e+03   2.07116260e+03   6.79873633e+03   5.60874756e+02
   1.52746558e+03   6.10933105e+03   3.76498682e+03   3.28427905e+03
   8.00933838e+03   1.92734143e+03   2.75624123e+01   8.07906799e+02
   5.08640527e+03   6.62951538e+02   6.81319482e+03   4.45007706e+00
   7.40758991e+00   8.81117493e+02   1.17658594e+04   4.63629074e+01
   1.23807646e+04   4.00430039e+04   8.66210632e+02   1.98198486e+03
   4.03857373e+03   3.49212402e+03   1.74394345e+00   5.10070020e+03
   1.00365553e+01   4.19690723e+03   4.27451709e+03   1.57038740e+04
   3.71131165e+02   3.72089233e+03   6.98806152e+01   1.39755703e+04
   2.53558008e+03   1.50031416e+04   3.36572632e+03   2.02947402e+04
   8.61910248e+01   3.37807495e+02   7.59365845e+02   8.34829590e+02
   1.74824158e+03   2.14668396e+02   7.08999316e+03   4.73276758e+03
   1.40788388e+00   5.08252136e+02   1.92907745e+02   1.62548792e+03
   5.91241302e+01   6.24344141e+03   2.39522266e+03   1.83713223e+04
   2.88380586e+04   1.04469653e+03   2.53910767e+02   2.96032196e+02
   3.20777988e+00   3.07317841e+02   1.00307861e+04   3.03924683e+03
   6.72263184e+03   9.68884961e+03   3.34792114e+03   5.31883867e+04
   3.29204926e+02   2.70152954e+03   1.26064697e+03   3.55850830e+02
   1.25934756e+04   2.88700098e+03   1.86652637e+04   1.51772137e+01
   4.35350625e+04   4.83084686e+02   2.63549668e+04   1.47388550e+03
   6.52732031e+03   3.44453705e+02   8.73635559e+01   5.27375195e+03
   4.80046082e+02   3.18219800e+03   2.06238586e+02   2.35107837e+03
   4.82039215e+02   7.86643945e+03   3.79098297e+02   7.53462500e+04
   1.14234219e+04   2.84854419e+03   4.32907861e+03   7.50889343e+02
   2.48060112e+01   9.34505625e+04   2.63462354e+03   8.89417114e+02
   3.26805115e+02   3.31505493e+03   1.51258743e+02   6.91382074e+00
   1.54173779e+03   5.23173340e+02   4.11101836e+04   4.80940332e+03
   2.13655029e+03   3.16952363e+04   4.90844922e+04   2.16054474e+02
   7.57330856e+01   5.70206982e+03   2.75353369e+03   6.73608203e+03
   5.36552658e+01   2.04706406e+04   2.24634009e+03   3.38237720e+03
   1.23517523e+01   1.61474209e+04   2.38650894e+02   1.98615332e+03
   1.37918494e+03   2.34430737e+03   1.69286218e+03   1.24275381e+04
   1.11428877e+04   8.23922974e+02   1.73145667e+03   1.00945890e+00
   1.93753174e+03   5.05501923e+02   0.00000000e+00   6.39132629e+02
   1.95689835e+02   2.11649238e+04   5.35402490e+03   9.70908432e+01
   4.44331512e+02   9.52663965e+03   5.72837646e+02   1.44193773e+01
   2.18756738e+03   3.61805566e+03   2.91337871e+04   7.79683990e+01
   8.62899609e+03   6.11664795e+02   5.80682411e+01   1.25449028e+02
   1.64730164e+02   3.32738185e+00   1.52899971e+04   3.96595192e+00
   1.34977417e+02   8.64092560e+01   5.22709999e+01   1.47737050e+00
   9.76748352e+01   1.20523262e+04   7.33968506e+02   2.04156158e+02
   1.10133948e+03   1.87698047e+04   1.56746002e+02   9.16699768e+02
   1.99188599e+02   9.69043984e+04   2.68215801e+04   2.68550873e+01
   3.02392676e+03   4.48250244e+03   1.71492988e+04   5.06700439e+03
   1.42861660e+04   9.40172461e+03   8.52724609e+03   1.63005115e+03
   1.06418301e+04   3.70042041e+03   4.53657074e+02   2.10556458e+02
   5.08283844e+02   7.27075119e+01   3.59304419e+03   1.04523467e+04
   1.38637637e+04   1.33240498e+04   1.70562476e+03   1.95707153e+02
   3.90666626e+02   1.37147363e+03   5.52953613e+02   2.08774961e+04
   5.04373535e+03   9.00062027e+01   8.84286719e+03   1.78928543e+02
   7.24119172e-02   0.00000000e+00   4.31036475e+03   1.04488599e+03
   9.28066589e+02   7.59312891e+03   4.04119102e+04   1.88224922e+04
   6.67966699e+03   2.18842603e+03   5.53551636e+02   1.25062866e+03
   1.66151416e+03   5.33678513e+01   2.53097876e+03   2.23726880e+03
   1.59222900e+04   1.74953516e+04   9.80750942e+00   1.15369165e+03
   1.36601641e+04   8.62610742e+03   2.84715240e+02   3.68744278e+01
   4.67711578e+02   8.21694031e+01   6.52038116e+01   1.07779805e+04]
[  3.96592804e+02   3.16103363e+00   9.66141075e-02   3.70986426e+03
   1.22378487e+02   1.92345181e+01   2.64499140e+00   1.27914095e+00
   1.72630875e+02   1.57738342e+02   8.52020645e+00   2.16589508e+02
   1.09018946e+01   2.27227081e+02   3.05261021e+01   1.22331190e+01
   3.25100183e-01   1.55456238e+02   0.00000000e+00   0.00000000e+00
   2.81767487e+02   1.20682100e+04   2.97137061e+03   2.50008530e+02
   2.15478134e+00   0.00000000e+00   1.70665276e+00   1.25329309e+03
   1.33338074e+02   8.35722412e+02   3.57346704e+03   1.22890907e+02
   1.51035046e+03   2.82910370e+02   5.75476599e+00   1.75363745e+03
   3.80734482e+01   7.55144678e+03   1.60425513e+03   1.70414844e+03
   5.41406152e+03   7.18072128e+01   1.49667981e+03   7.84122864e+02
   8.14934349e+00   4.33113022e+01   2.25383496e+03   1.29810638e+01
   3.38139153e+01   2.62881584e+01   5.93607712e+01   1.44393921e+03
   0.00000000e+00   1.21672470e+02   1.52563919e+02   2.94071121e+01
   3.93623145e+03   5.12637878e+02   0.00000000e+00   1.11327011e+02
   2.56503967e+02   9.33978939e+00   0.00000000e+00   3.60630768e+02
   2.81738922e+02   1.39328674e+03   2.02034206e+01   5.76476038e-01
   2.35572876e+02   1.16168787e+03   2.25392700e+02   1.59902315e+01
   4.72264977e+01   1.80263351e+02   0.00000000e+00   6.19470642e+02
   4.54549265e+00   1.04739331e+03   2.13276577e+00   9.83803864e+01
   0.00000000e+00   1.99517654e+02   4.33566620e+02   1.88285791e+03
   6.08932686e+00   1.28245020e+01   2.70162642e-01   2.50026474e+01
   6.67497217e+03   2.23707031e+02   8.25251562e+03   1.89717651e+02
   1.07901182e+04   6.22755188e+02   0.00000000e+00   4.04631927e+02
   7.60026416e+03   4.40345478e+00   2.80480225e+03   9.99306641e+01
   1.16367542e+03   8.17359161e+01   1.12890835e+01   0.00000000e+00
   1.48859143e+03   1.20261902e+03   0.00000000e+00   2.24325123e+01
   8.14716816e-01   7.13829947e+00   7.62610149e+00   9.69289627e+01
   2.89208105e+03   2.01205811e+03   5.01988106e+01   1.11441851e+00
   2.18703052e+03   5.67929871e+02   5.49029427e+01   9.42529831e+01
   0.00000000e+00   1.54732864e+02   3.25879169e+00   1.25431108e+01
   6.03606415e+00   1.67755234e+00   7.68603897e+01   2.00563252e-01
   2.08019161e+01   1.75254456e+03   1.48266479e+03   1.00056464e+03
   0.00000000e+00   2.50814018e+01   4.18659027e+02   1.06601936e+02
   7.49343164e+03   3.04433563e+02   2.27175995e+02   1.98196777e+02
   2.88355151e+03   8.69532852e+01   2.45931549e+01   3.81341602e+03
   9.68303452e+01   2.54592091e-01   1.75106430e+01   0.00000000e+00
   6.06254768e+00   5.49952269e+00   5.38851880e-02   1.90834367e+00
   1.51972046e+02   1.38124263e+00   1.03227711e+01   4.91417503e+00
   7.77395203e+02   1.32291355e+01   3.09656620e+01   1.29908791e+01
   4.14742035e+02   8.78613739e+01   9.85133691e+03   1.05249670e+03
   8.72764709e+02   7.40886768e+03   0.00000000e+00   2.85576367e+03
   5.88378662e+02   4.65510400e+03   8.65700722e+00   3.56563428e+03
   1.05621691e+01   3.75579865e+02   3.59115868e+01   1.64758530e+01
   2.85998344e+01   2.52662582e+01   1.47371353e+02   0.00000000e+00
   2.74362087e+01   2.23061646e+03   0.00000000e+00   1.63830005e+03
   1.23952629e+02   6.02657471e+03   2.57842350e+01   2.69734931e+00
   3.79596094e+03   1.77279770e+02   1.32867233e+02   1.30141277e+01
   8.30006592e+02   1.43516937e+02   8.12871338e+02   1.40806747e+02
   6.21902466e+01   2.24795337e+03   1.78479114e+03   2.58354883e+03
   2.77552700e+01   8.81894922e+03   2.90977306e+01   3.57631149e+01
   6.93866653e+01   4.10030365e+01   1.77036951e+03   2.53622900e+03
   0.00000000e+00   1.56256836e+03   2.82282910e+03   1.39935400e+03
   0.00000000e+00   0.00000000e+00   7.87152786e+01   2.44866626e+03
   3.69472534e+02   7.75648270e+01   8.84825516e+00   1.88747864e+02
   5.31610031e+01   2.48466614e+02   1.56605713e+02   4.54327774e+00
   3.44627661e+03   5.88902393e+03   1.07361591e+00   1.07689114e+01
   2.43205741e-01   8.40664673e+02   7.69939575e+01   2.78825165e+02
   1.53834808e+02   9.98001465e+02   1.97259082e+03   1.55988937e+02
   3.70819092e+01   8.97719824e+03   2.84668535e-01   1.32987585e+03
   0.00000000e+00   9.69404492e+03   2.09217361e+02   0.00000000e+00
   4.56341803e-01   3.62523956e+02   5.62189111e+03   0.00000000e+00
   9.49056074e-03   3.76317167e+00   3.29372095e+03   1.37526016e+01
   1.16881714e+01   6.37912216e+01   1.39566925e+02   1.15129395e+03
   1.15893213e+03   1.23303375e+01   1.06465664e+01   6.91562402e+03
   3.80947418e+01   2.27863312e+02   0.00000000e+00   0.00000000e+00
   0.00000000e+00   4.54700327e+00   3.35845375e+01   1.03853333e+03
   2.75398315e+02   6.32728996e+01   2.91741800e+00   9.76503784e+02
   1.18912058e+01   9.63971191e+03   3.05199292e+03   4.45980358e+00
   4.66049268e+03   3.11385078e+01   9.86281052e+01   3.88339424e+00
   3.20996499e+00   3.96313934e+02   8.44855664e+03   1.55119385e+02
   5.07403755e+01   1.54861649e+02   1.09816589e+03   6.68402557e+01
   4.72615480e-01   1.72150192e+01   9.58029709e+01   1.66348071e+03
   1.58555261e+03   5.55155334e+02   0.00000000e+00   0.00000000e+00
   1.95687256e+02   2.84743683e+02   1.73376331e+01   1.59951001e-01
   8.29302124e+02   4.97992554e+02   7.47797363e+03   0.00000000e+00
   6.78578369e+02   0.00000000e+00   8.67887268e+01   4.34933841e-01
   7.66063379e+03   0.00000000e+00   8.09365039e+03   1.00264263e+01
   3.69768333e+01   0.00000000e+00   2.14388490e+00   4.38025635e+03
   2.91674170e+03   3.42667969e+03   1.58778152e+02   5.23861465e+01
   1.82092017e+03   8.57259598e+01   9.38491745e+01   9.20801163e+01
   1.57618713e+02   2.55666859e-02   1.21611538e+01   7.16558838e+00
   2.13510193e+02   8.92490082e+01   1.25362015e+02   3.30130078e+03
   1.29739441e+02   9.34880920e+02   2.83178802e+02   2.45351611e+03
   7.34439026e+02   1.17893994e+03   6.51683838e+03   6.50800323e+01
   1.70497815e+03   1.89270153e+01   5.59535713e+01   4.63696337e+00
   2.13733276e+03   2.62732430e+01   3.20550146e+03   1.44328125e+02
   3.61875427e+02   1.27526627e+02   2.59796467e+01   0.00000000e+00
   2.10192822e+03   6.71377792e+01   0.00000000e+00   1.18576080e+02
   3.82031177e+03   3.60730811e+03   5.18123975e+03   1.22972727e+00
   8.55110168e+01   7.15235889e-01   1.17052536e+02   1.56100052e+02
   2.27010773e+02   5.64563484e+01   0.00000000e+00   3.90595581e+02
   4.09405396e+02   0.00000000e+00   1.39370331e+02   2.49849072e+03
   7.87934685e+00   3.96792084e+02   3.16203747e+01   6.76895676e+01
   2.28360367e+00   2.54161129e+01   2.02016907e+01   1.19477448e+02
   5.43239479e+01   1.05616143e+04   4.36429825e+01   4.06432397e+03
   1.11464539e+03   5.98338257e+02   1.60957434e+03   5.25669861e+01
   2.94252563e+03   3.82113708e+02   7.34405396e+02   1.08458710e+01
   4.83273201e+01   4.76964675e-02   1.50887955e+02   6.31209450e+01
   0.00000000e+00   1.39000130e+01   1.25495544e+02   1.86216980e+02
   2.77399475e+02   1.32132239e+03   6.38803125e+03   5.49829292e+00
   6.53715744e+01   4.76797295e+01   3.03333344e+02   1.03116360e+01
   2.01302471e+01   7.78620605e+03   2.25550709e+01   6.35312080e+01
   4.56058645e+00   1.05747803e+03   3.08782837e+03   1.41965271e+02
   4.19612695e+03   3.55534248e+01   2.71650848e+01   1.72737370e+01
   1.40112598e+04   1.21480518e+03   1.41862656e+02   1.90898838e+01
   7.48885925e+02   3.44690521e+02   6.98207140e+00   1.11576385e+01
   4.41260433e+00   9.25572021e+02   4.08685693e+03   6.86520615e+01
   8.39320450e+01   1.73393518e+03   8.40601501e+02   6.84214172e+01
   2.14436279e+02   1.07026709e+03   8.85662305e+03   1.31104507e+02
   1.98295670e+01   2.53016262e+01   1.09690376e+02   2.13673172e+02
   5.13525429e+01   1.33035336e+01   5.44446338e+03   3.68349927e+03
   7.64098242e+03   5.69473021e-02   3.57403351e+02   1.44901230e+02
   1.79754175e+03   1.08189316e+01   5.61644348e+02   3.53663177e+02
   8.80867920e+01   7.49758398e+03   1.71649139e+02   1.35221460e+03
   1.02129422e-01   4.74191498e+02   9.35792084e+01   2.70588928e+02
   6.14665283e+03   1.77440701e+01   4.19310341e+01   5.64371109e-01
   0.00000000e+00   5.73843628e+02   2.83979248e+02   3.29957848e+01
   1.42809601e+02   3.88645386e+03   5.26918471e-01   9.66023071e+02
   3.62599152e+02   2.28023544e+02   2.94095630e+03   2.31720947e+02
   4.03529028e+03   3.49383057e+02   1.66675232e+02   4.36498032e+01
   3.54116974e+01   1.29512683e+03   2.47074234e+02   4.25818896e+03
   5.91367579e+00   1.87877998e+01   1.67274017e+01   3.49616748e+03
   1.75793930e+02   1.73846874e+01   3.42502594e+01   0.00000000e+00
   2.69907397e+03   3.71667145e+02   4.98659027e+02   5.67098682e+03
   2.38027298e+02   1.87910748e+01   1.52372156e+03   3.30538110e+03
   1.42926395e+00   3.47393188e+03   5.93979645e+00   2.32933990e+02
   0.00000000e+00   8.20293848e+03   6.97210312e+01   2.75666382e+02]
[  5.35934677e+01   4.00331360e+02   6.48386688e+01   3.97176147e+02
   2.05466843e+02   8.60008301e+02   7.47232819e+01   2.19263275e+02
   2.32138386e+01   1.44752838e+02   1.52525244e+03   3.76456360e+02
   2.53303003e+03   2.24968094e+02   2.80678735e+03   5.53021484e+02
   4.55560732e+00   2.10502426e+02   5.45477478e+02   3.27530731e+02
   1.87374161e+02   4.90151367e+01   3.43193359e+03   1.08685539e+02
   9.73698349e+01   5.69093628e+01   5.42697487e+01   3.63382835e+01
   4.44097266e+03   1.35895004e+01   1.43592730e+01   1.64704025e+02
   4.71131494e+03   8.18570709e+01   3.15688877e+01   4.92921417e+02
   5.09200732e+03   1.03052635e+01   4.58560467e+00   2.40490527e+03
   3.87991479e+03   5.17879761e+02   2.06263733e+00   0.00000000e+00
   9.17165184e+00   4.84984558e+02   2.76081396e+03   8.31136703e+01
   8.04575119e+01   3.77541504e+01   6.29914894e+01   1.17440468e+02
   1.02824683e+03   9.10360168e+02   6.31019958e+02   2.76461890e+03
   1.31988640e+01   4.19527893e+01   1.54022034e+03   3.60733105e+03
   1.29568665e+03   2.54676239e+02   5.77997705e+03   3.20992241e+01
   7.89260769e+00   2.93422546e+02   6.69762344e+01   1.80186096e+02
   1.32421103e+01   3.09411804e+02   1.46907495e+03   9.64441528e+02
   1.84118484e+02   1.24395103e+01   8.47991714e+01   9.68384338e+02
   2.60354401e+02   6.27880554e+02   3.07117676e+03   7.89314985e+00
   1.53798199e+00   2.56383453e+02   2.32863721e+03   2.70965462e+01
   7.93602722e+02   4.15773682e+03   8.51014481e+01   1.18507416e+02
   3.30595044e+03   2.95078400e+02   2.66627289e+02   4.19415863e+02
   0.00000000e+00   2.91549072e+03   3.57523384e+01   1.37566605e+01
   4.61732483e+02   3.43915869e+03   2.10882904e+02   1.05609360e+02
   1.01575098e+01   4.83928108e+01   1.07871742e+02   4.06576042e+01
   1.35341846e+03   2.67185956e-01   5.85967674e+01   4.19917529e+03
   2.57442578e+03   9.61897354e+01   4.84450897e+02   2.71218319e+01
   1.89239026e+03   1.31864636e+03   4.25561066e+02   1.06795883e+00
   5.36019592e+01   5.64159889e+01   2.27437524e+03   8.49021835e+01
   3.97899246e+01   2.33162891e+03   0.00000000e+00   3.81904640e+01
   3.07969151e+01   4.11728882e+02   7.58907623e+01   2.39664948e+02
   3.93895435e+03   1.18560827e+00   1.54879456e+02   2.06782666e+03
   1.27224744e+03   6.79139862e+01   7.89847070e+03   3.41506410e+00
   5.08568687e+01   4.74864746e+02   4.55748482e+01   3.58971596e+00
   3.39497314e+03   0.00000000e+00   9.32552002e+02   1.03524658e+02
   4.19833191e+02   7.35991621e+00   9.30387139e-01   8.30971718e+00
   3.99902534e+00   5.07901917e+01   7.14722013e+00   4.48015656e+02
   2.75035339e+02   1.99521082e+03   2.20071304e+02   1.23591992e+03
   1.09102112e+03   5.50309420e+00   1.58351575e+03   4.34882324e+02
   1.28918201e+03   2.80090942e+03   6.46747780e+00   3.93431274e+02
   2.64873706e+03   1.37607935e+03   2.77159302e+02   3.37506599e+01
   9.60977554e+01   1.61272876e+03   7.16972473e+02   1.45762968e+01
   6.58177795e+02   4.57281494e+00   7.42299805e+01   2.87972510e-01
   1.42657125e+00   3.26504858e+03   1.80670914e+02   2.05933208e+01
   8.01188202e+01   2.91184082e+01   9.12186432e+00   5.19669266e+01
   3.45009448e+03   9.58624959e-01   4.74387131e+01   1.09559250e+00
   5.33758402e+00   8.58417511e+01   3.41337109e+00   2.25667618e+02
   4.15016479e+01   2.41808792e+02   4.51128235e+02   1.72506210e+02
   1.78386429e+02   7.48699036e+01   3.38056908e+01   2.37447529e+01
   9.56159821e+01   2.47001328e+02   1.24202662e+01   1.59324503e+00
   4.52732620e+01   1.03266090e+02   4.44492817e-01   1.83140015e+02
   4.51622810e+01   2.29457321e+01   1.70270300e+03   3.34155121e+02
   0.00000000e+00   1.23277302e+01   1.39631683e+02   2.14531418e+02
   1.06110840e+02   1.18419373e+03   3.94322937e+02   1.72514679e+02
   2.38166901e+02   1.10839734e+03   1.34082336e+02   1.15941077e+03
   7.76414642e+01   3.27747498e+01   1.84884021e+03   5.57136116e+01
   2.56921948e+03   3.90871411e+03   2.23238062e+03   4.82008400e+01
   0.00000000e+00   1.36386948e+02   3.31363678e+02   1.42906982e+03
   9.92623657e+02   1.26679544e+01   2.40556519e+03   2.78222046e+02
   7.67685556e+00   1.26463943e+02   6.54803345e+02   1.37681618e-01
   4.19944611e+02   9.76884277e+02   2.83093872e+02   2.51176894e-01
   4.87868866e+02   7.78545260e-01   0.00000000e+00   3.17790802e+02
   1.18846033e+03   0.00000000e+00   6.99616089e+01   4.74616748e+03
   1.61236122e-01   2.46128052e+02   3.84830017e+01   2.34240608e+01
   2.57000928e+03   4.33145702e-01   5.08084717e+03   5.69369774e+01
   7.45380249e+01   2.31074326e+02   4.40928101e+02   1.07187854e+03
   8.17440720e+01   8.58154907e+02   1.17146584e+02   6.87804565e+02
   1.00105214e+00   4.65716869e-01   7.09314346e+01   1.64943130e+02
   4.23475609e+01   4.90953178e+01   9.56112976e+02   8.42423584e+02
   1.04769735e+01   3.46609077e+01   2.52356201e+03   1.44350634e+01
   5.30710745e+00   2.78102539e+03   3.45173279e+02   1.04638338e+00
   3.93833057e+03   8.86662445e+01   3.99396477e+01   0.00000000e+00
   6.26768066e+02   6.25488403e+02   3.48285693e+03   9.70745544e+01
   2.15336450e+03   2.90421387e+02   7.09402161e+01   7.84409851e+02
   2.45832959e+03   1.04746802e+03   2.21496034e+00   1.50382757e+00
   4.50464160e+03   1.93327283e+03   6.24280713e+03   6.69325806e+02
   2.82206845e+00   4.48532593e+02   2.33539261e+02   1.33737087e+01
   4.36278284e-01   5.49667435e+01   9.40666656e+01   1.09186096e+03
   1.81300269e+03   2.24939896e+02   5.86141418e+02   0.00000000e+00
   2.78713703e+00   1.41026453e+03   6.39591141e+01   2.40993384e+03
   6.47683563e+01   1.63871170e+02   7.15223083e+01   3.07605743e+00
   2.25626526e+01   1.66494354e+02   1.27066338e+00   5.57068710e+01
   1.06952271e+02   4.54150162e+01   2.50156509e+02   3.82464294e+01
   3.29702545e+02   2.50084976e+02   5.77804985e+01   1.66926562e+03
   1.30184863e+03   1.26749597e+03   1.51689490e+03   1.89236975e+00
   3.54035858e+02   1.06927014e+03   1.66933032e+03   1.65175446e+02
   1.40006958e+02   3.59028540e+03   2.35548377e+00   5.18027917e-02
   3.49830713e+03   6.71391830e+01   1.27273914e+03   4.01770973e+00
   2.18537134e+03   5.35806702e+02   1.52111511e+02   1.42506134e+02
   5.80661774e+01   1.11715450e+01   1.68497772e+02   1.70290845e+03
   1.05489197e+03   5.08424187e+00   2.79659958e+01   4.07054749e+01
   1.56829996e+01   4.22284269e+00   3.31470557e+03   1.54028893e+00
   6.64005310e+02   1.67579895e+03   0.00000000e+00   2.80254364e+02
   5.17379700e+02   5.46250391e+03   1.75260849e+02   2.86908417e+02
   7.13047180e+02   5.08721466e+01   2.44859726e+02   2.25933475e+01
   1.34818649e+02   1.02414345e+02   2.62796841e+01   2.74635193e+02
   1.62593750e+03   2.70150547e+01   5.17821729e+03   9.85512390e+01
   5.93243835e+02   6.12578735e+01   1.38425040e+00   1.00885300e+02
   8.25194740e+00   2.79984314e+02   1.39396667e+02   3.44276367e+02
   1.94674280e+03   3.66426788e+02   7.76690216e+01   2.94325366e+03
   2.68452686e+03   2.55217560e+02   7.41375610e+02   8.28367174e-01
   1.43958969e+02   6.93733594e+03   1.55521667e+02   6.71575378e+02
   1.14189621e+02   4.59235191e+00   7.78258371e+00   0.00000000e+00
   8.46148254e+02   2.34515601e+03   1.43584827e+03   1.97764783e+03
   1.05242523e+02   3.73437958e+01   5.69808044e+02   3.82396907e-01
   1.75812626e+01   1.06926346e+02   1.17327705e+02   1.36560779e+03
   9.05582214e+02   6.19960754e+02   5.53862549e+03   5.94728699e+01
   9.28750381e+01   2.14894556e+03   1.20991905e+02   3.32461761e+02
   2.34835645e+03   7.38169632e+01   4.34048004e+02   2.66768555e+02
   1.84111881e+01   3.67132416e+01   1.94413010e+02   1.64692261e+02
   8.27882233e+01   3.64006348e+02   1.57615387e+02   1.58395737e-01
   5.52884293e+01   3.13756218e+01   2.70637608e+00   1.61911414e+03
   7.17436816e+03   1.65607251e+03   3.99567375e+01   9.77535522e+02
   6.52562256e+03   3.50635406e+02   1.41172290e+03   1.84762311e+00
   9.81345032e+02   1.80275284e+02   9.11304092e+00   0.00000000e+00
   1.21846338e+03   4.81208221e+02   8.50531464e+01   4.78135986e+03
   6.28338037e+03   1.00276788e+03   4.30230045e+00   7.70721436e+01
   2.43810520e+01   5.06130280e+02   6.66372681e+00   1.41777832e+03
   1.94453232e+02   2.28174257e+00   2.44209290e+01   1.72228539e+00
   3.03245789e+02   1.17753601e+03   2.15596115e+02   1.23237000e+03
   1.05436043e+02   8.36507225e+00   5.52035103e+01   6.17080615e+03
   8.95382690e+00   1.09214661e+02   6.56183472e+02   1.24282910e+03
   7.05780029e+00   2.90722299e+00   5.58868530e+02   1.58232574e+02
   1.32332468e+01   8.36980347e+02   8.67309509e+02   2.80360693e+03
   1.35209351e+03   6.15354500e+01   4.20249695e+02   2.65223657e+03
   1.82582809e+02   0.00000000e+00   8.58782654e+01   3.42744141e+03
   2.15103653e+02   1.86100006e+02   2.24410767e+02   2.56998828e+03]
[  4.76302795e+02   5.81687584e+01   1.82370758e+01   2.87892838e+01
   2.48909531e+01   1.82096716e+03   4.81562157e+01   2.61649303e+01
   1.19920778e+01   8.31386230e+02   4.58177490e+01   2.75292225e+01
   6.20656860e+02   9.00425232e+02   2.63276825e+02   0.00000000e+00
   8.26262589e+01   4.19548065e+02   1.79135239e+02   5.68350363e+00
   3.41582794e+01   1.05535460e+00   1.08184189e+02   1.10820654e+03
   7.53567293e-02   5.09718943e+00   6.18007278e+00   5.68153687e+01
   1.36331396e+01   1.95195541e+02   8.98861618e+01   2.47828507e+00
   1.83578552e+02   2.16763420e+01   2.42406860e+03   1.81550964e+03
   2.13981590e+01   1.07502405e+03   4.42299500e+01   5.36032372e+01
   5.52344942e+00   1.58057814e+01   1.19638348e+01   7.82615814e+01
   5.06724882e+00   8.97268219e+01   4.07580627e+02   1.70341343e-01
   1.45013535e+02   2.17790661e+01   9.42713501e+02   0.00000000e+00
   1.58750992e+01   1.37962523e+01   3.58413011e-01   3.83143768e+01
   2.24998684e+01   2.77741318e+01   1.47569519e+02   1.59997284e+02
   5.52036171e+01   5.16725197e+01   8.12969894e+01   3.29042511e+01
   5.43862610e+01   6.78125763e+01   2.55105652e+02   2.28159847e+01
   1.06542721e+01   1.28478897e+02   2.66795921e+01   1.26998914e+03
   5.98458977e+01   9.60896973e+03   1.69564502e+03   5.16487741e+00
   6.39958477e+00   1.13382874e+01   1.54348663e+02   2.74491477e+00
   5.93489075e+00   5.24410095e+01   9.31194782e+00   1.10484209e+01
   6.68919983e+01   7.02605069e-01   1.38139136e+03   4.12885399e+01
   1.60660553e+02   3.81578751e+01   1.14049156e+02   1.11115637e+01
   6.35062981e+00   3.70617767e+02   3.23939331e+02   7.79529114e+01
   4.89863625e+01   1.14577393e+02   1.12081932e+02   1.67480240e+02
   1.94816515e-01   4.28618088e+01   1.04755066e+02   7.99610825e+01
   4.94766855e+00   8.03999424e+00   5.14012575e+00   1.42487146e+03
   6.62404633e+01   2.78835475e-01   4.47042877e+02   2.04496651e+01
   8.77048492e+00   6.26572952e+01   2.26422265e-01   1.13530409e+00
   4.91194649e+01   5.30241890e+01   1.76624939e+03   4.98722196e-01
   2.67283386e+02   8.59881878e+00   8.77973747e+00   4.77364397e+00
   1.42171836e+00   1.13934941e+04   7.54507303e+00   2.76499844e+01
   1.25096533e+03   1.02615410e+02   2.26221924e+01   2.30229050e+02
   2.32990112e+02   2.63393097e+01   3.23619751e+03   1.79169881e+00
   6.11056137e+00   1.32831621e+01   1.44753137e+03   5.10313072e+01
   1.48091516e+01   1.03233154e+03   1.41366875e+00   1.26337720e+03
   2.21464767e+01   1.03707565e+02   4.45702219e+00   2.20462769e+02
   3.88555664e+02   3.36006660e+01   4.36104012e+01   4.27428650e+02
   5.80560875e+01   7.23275528e+01   8.25766052e+02   4.14820938e+01
   1.14389343e+02   0.00000000e+00   2.12590141e+01   1.62407739e+03
   4.51669971e+03   2.60960742e+03   1.01799660e+01   1.01479378e+01
   7.33638763e+01   4.87874107e+01   4.68002968e+01   6.27367668e+01
   1.16473570e+01   1.44460030e+01   1.28498138e+02   1.83453202e-01
   2.91488051e+00   7.16883728e+02   1.53072081e+01   8.23155594e+01
   1.81667538e+01   2.49551544e+01   2.60646286e+01   9.07309814e+02
   2.61214539e+02   1.71077614e+01   9.20828674e+02   2.79695618e+02
   1.17437965e+02   1.08051903e+02   5.09085350e+01   7.68647432e-01
   1.62943726e+02   2.38751633e+02   4.50470009e+01   2.54450345e+00
   5.17945068e+03   1.49225494e+02   1.05886126e+00   9.01992111e+01
   1.65093193e+01   4.06448174e+01   1.13348656e+02   1.49722864e+03
   2.78436184e+01   3.08126760e+00   1.01427356e+03   8.41964188e+01
   2.12579823e+00   3.41860466e+01   1.41570593e+03   6.99645615e+00
   9.94272842e+01   2.93180756e+02   2.20683624e+02   4.51412344e+00
   4.95819458e+02   2.56515083e+01   1.90251633e+02   4.19260406e+02
   0.00000000e+00   1.33163101e+02   2.33049609e+03   6.78851501e+02
   0.00000000e+00   4.77201700e+00   5.42713547e+01   6.76475286e+00
   9.22250137e+01   6.28163635e+02   9.64950027e+01   1.52695496e+02
   1.06467199e+01   9.27830887e+01   2.55730953e+01   9.95396240e+02
   5.31159058e+02   1.00642224e+03   0.00000000e+00   0.00000000e+00
   8.38946152e+01   2.46609229e+03   2.12178711e+03   2.95717068e+01
   1.83279591e+01   9.85680008e+01   6.36972885e+01   0.00000000e+00
   6.19700766e+00   2.18310609e-01   1.14700330e+03   1.43698439e-01
   1.88209183e+02   9.67496948e+01   1.12220520e+03   4.71448021e+01
   1.35882921e+01   1.35820544e+03   6.98850647e+02   2.29269733e+01
   4.34683685e+01   1.65006008e+01   1.74484412e+03   1.31291855e+02
   2.21909241e+02   9.04762363e+00   6.39925720e+02   1.37013550e+01
   7.57022324e+01   0.00000000e+00   1.09899513e+02   2.10660477e+01
   3.10040951e+00   6.14916420e+01   2.10420898e+03   3.69336578e+02
   5.32872238e+01   8.04703295e-01   9.74950943e+01   5.78231354e+01
   3.75124390e+02   4.54139557e+01   1.97133656e+01   1.01330209e+00
   1.21312903e+03   6.99815979e+01   5.95557671e+01   9.64879028e+02
   6.29792099e+01   4.82604485e+01   1.88843989e+00   1.17907036e+02
   1.18807373e+02   1.12139191e+02   1.04955823e+03   9.59096375e+01
   4.94996147e+01   9.55214920e+01   3.97910194e+01   2.59754181e+02
   3.25642090e+01   1.18302759e+03   4.29312363e+01   4.17071289e+03
   2.53431534e+02   2.68282833e+01   1.87454626e+03   4.48631714e+02
   2.47213074e+02   2.78688751e+02   3.88832054e+01   6.55570496e+02
   5.82255745e+01   7.69022751e+01   0.00000000e+00   4.37558823e+01
   7.91753693e+01   3.69652290e+01   2.14591455e+03   9.51103745e+01
   1.68612744e+03   1.60845542e+00   8.95629211e+02   9.89737701e+01
   2.20906342e+02   4.76067924e+01   7.78392944e+01   2.66304291e+02
   1.27035095e+02   1.15299141e+02   1.97527623e+00   1.10587837e+02
   1.80973339e+01   2.35856323e+01   4.90480781e-01   1.05455046e+01
   0.00000000e+00   3.93847626e+02   3.21838021e+00   4.04130432e+02
   2.56081057e+00   1.61315125e+02   6.04206848e+01   5.18311279e+02
   6.73618088e+01   9.36599016e-01   2.26497253e+02   8.28959122e+01
   5.96017456e+00   3.45692897e+00   5.06779480e+01   1.93608284e+01
   8.18423176e+00   5.20776215e+01   5.65098915e+01   1.63906727e+01
   0.00000000e+00   8.16549911e+01   1.43079844e+01   5.43139941e+03
   1.12599754e+02   7.99083786e+01   1.46113464e+02   2.66139297e+01
   1.05012465e+00   2.22033981e+02   6.84333572e+01   6.43803940e+01
   1.34049109e+03   1.10421019e+01   3.46056137e+01   1.73190272e+00
   1.71876160e+02   5.58203278e+01   2.64224052e-01   5.80627197e+02
   1.59585094e+01   0.00000000e+00   1.13139410e+01   6.48794222e+00
   2.18282617e+03   7.12060356e+00   1.57448359e+01   1.08463411e+01
   6.19989433e+01   2.21791870e+03   1.05934680e+03   0.00000000e+00
   3.93953949e+02   6.42582779e+01   4.96969271e+00   1.22223735e+00
   5.09111900e+01   0.00000000e+00   1.87707874e+03   1.78101368e+01
   1.27326622e+02   1.36895081e+02   1.08584753e+03   7.15848206e+02
   1.28343338e+02   9.05112305e+01   6.08326721e+01   1.37191541e+03
   6.72225266e+01   3.84691849e+01   3.70130272e+01   9.95099723e-01
   1.82114288e+02   1.01775769e+03   3.74595222e+01   1.42723419e+02
   6.53826294e+01   1.86341782e+02   7.90597595e+02   6.37410950e+02
   9.79824066e+00   8.58397583e+02   4.68537140e+02   0.00000000e+00
   5.17000885e+01   5.26051855e+00   1.09810046e+03   3.56448364e+01
   5.81936707e+02   5.80663681e+01   1.13860863e+02   1.87989330e+01
   2.21504097e+01   9.34099670e+02   2.21225693e+02   4.65340958e+01
   9.32231445e+03   3.05424194e+02   1.13821625e+02   1.99844627e+01
   9.67307739e+01   9.36001160e+02   5.67526665e+01   2.05731226e+03
   1.54467651e+03   1.71397873e+02   9.73737869e+01   6.30798836e+01
   1.43475783e+00   1.12880334e+03   1.56566757e+02   8.27617722e+01
   7.96107864e+01   5.24616699e+01   4.85162437e-01   1.55003571e+02
   2.93199463e+01   4.75339079e+00   4.32497406e+01   1.30948696e+01
   1.60011597e+01   1.57664856e+02   5.99584618e+01   3.60304761e+03
   5.09597130e+01   2.13930249e+03   2.37690079e+02   5.74318542e+01
   1.14982513e+02   6.75117676e+02   2.03477402e+01   3.38352814e+01
   1.00237671e+03   1.00254679e+00   1.37421741e+03   1.21083046e+02
   2.49218559e+01   3.44072227e+01   5.50818748e+01   6.12067223e+01
   1.06256787e+03   1.53959265e+03   5.84358406e+01   1.84252710e+03
   5.04118967e+00   1.33750528e-01   3.08332386e+01   1.64678931e-01
   8.91480255e+01   2.71044216e+01   1.15836365e+03   0.00000000e+00
   1.07719330e+02   7.32190704e+00   6.81650696e+01   1.68229407e+03
   7.82348752e-01   1.25581026e+00   3.18907623e+01   2.26872192e+02
   2.45512333e+01   9.65465759e+02   5.54438354e+02   1.33899402e+03
   6.05011780e+02   2.71246033e+02   9.70008469e+01   1.99308872e+01
   1.86779529e+03   1.51196995e+01   4.88494158e+00   1.31782715e+03
   6.77287369e+01   1.93659500e+02   1.58858719e+01   1.73212753e+02
   1.08631860e+03   4.82793427e+02   6.77090149e+02   1.87228699e+01]
