bicycle
bus
car
motorbike
person
[ 11230887.    10319385.    43638076.    16958422.    48302640.     7990924.
  14910030.     5057262.    17067826.    11100558.    11018419.    26826372.
  12040518.     9697408.     9509410.     9375513.     7401749.5
   4269880.5   49046940.    12202521.     5701035.    15043207.     6200924.
  26460716.     2483758.25  15631039.    10624258.    10325861.
   3772895.25  16109602.    28056042.    15421168.    48459064.
   1884632.75  24142780.     2903522.75  15969212.     5120782.    11391041.
   3427426.25  13689124.     6934134.    30754958.    55052400.    13548072.
  28842432.    10381527.     8771228.     3215085.5   42532860.    28757472.
  11716060.    17127646.    15286315.    10683229.    17693826.    28286862.
   6347305.5   13015368.     6510694.     6568474.     3132813.75
  18034540.     2399404.5 ]
[  2.71745200e+07   1.22833110e+07   1.98926160e+07   2.57809250e+05
   1.08477560e+07   3.71145750e+06   1.17180530e+07   7.34389355e+03
   1.01748150e+07   3.39199800e+06   3.32261900e+07   3.08022160e+07
   3.99852812e+04   1.49060612e+06   2.51670740e+07   1.68154620e+07
   4.79705200e+06   3.43530640e+07   1.88276180e+07   1.14904100e+07
   1.33006047e+05   4.09520240e+07   5.78460062e+05   3.51392880e+07
   6.30776062e+05   4.03676520e+07   5.41552400e+06   1.72658975e+06
   1.69035740e+07   4.12840664e+04   1.22351930e+07   6.39767773e+04
   1.17207388e+06   1.53085790e+07   1.22779240e+07   5.20642400e+06
   2.46421484e+05   5.63188350e+06   1.46310720e+07   1.54419430e+07
   2.17461750e+06   5.52911500e+06   5.43805100e+06   1.12572450e+07
   3.59936320e+07   1.66778090e+07   1.48855500e+05   2.51905460e+07
   1.66616720e+07   2.43662875e+06   3.20386240e+07   1.56075670e+07
   4.13391160e+07   1.44571050e+07   9.31882188e+05   1.57331600e+07
   1.84983480e+07   4.79462480e+07   4.99727950e+06   1.36092170e+07
   1.97950440e+07   5.72440137e+03   1.90883080e+07   4.48134320e+07]
[  2.07485488e+06   8.39384000e+06   2.67594277e+04   5.82007383e+04
   2.59774238e+04   2.10163555e+04   1.53150844e+05   4.94643950e+06
   2.94871270e+04   2.17799475e+06   5.34406550e+06   9.96279250e+05
   1.41459925e+06   1.83364900e+06   3.39473594e+04   2.89515039e+04
   2.15845375e+06   2.73936344e+05   4.44335969e+05   7.12366950e+06
   1.21645488e+06   3.80275391e+03   7.98490950e+06   1.14816410e+07
   6.10114550e+06   0.00000000e+00   8.60676562e+05   4.75567500e+06
   1.76530188e+05   4.38183100e+06   9.18559766e+03   1.23813720e+07
   1.16325638e+06   2.95908275e+06   2.60126950e+06   3.27809775e+06
   7.18142562e+05   1.64613510e+07   2.96998550e+06   6.04785059e+03
   3.61637975e+06   5.59466900e+06   2.09451850e+06   1.02965010e+07
   3.59126825e+06   2.32961953e+05   7.77974650e+06   2.63369238e+04
   9.46171562e+05   4.34981406e+05   7.68099312e+05   3.30135820e+04
   3.31138550e+06   4.45561875e+05   1.40313800e+07   8.18688300e+06
   2.23054900e+06   9.59338086e+03   9.87534141e+04   3.49543906e+05
   2.82101250e+06   1.21386740e+07   7.42717650e+06   2.81843175e+06
   1.58732630e+07   2.50200825e+06   1.08154500e+07   4.11503775e+06
   1.98350000e+05   1.75705112e+06   5.65617100e+06   9.84657100e+06
   1.22517938e+06   1.69952012e+04   0.00000000e+00   1.61100150e+06
   6.22820859e+04   5.73583100e+06   5.94047800e+06   3.87314469e+05
   2.03668867e+04   7.45154450e+06   3.95962050e+06   1.09398867e+04
   3.44587450e+06   7.61427850e+06   5.25840900e+06   1.75467896e+03
   4.04859300e+06   5.35305000e+05   6.39630000e+06   4.77191500e+06
   6.72584062e+05   5.66652150e+06   4.16032531e+05   7.88549950e+06
   2.83241040e+03   2.98019825e+06   1.56682138e+06   1.91643828e+05
   3.17232925e+06   9.14310000e+05   5.20045719e+05   1.28643575e+06
   4.11955420e+03   9.00864750e+05   2.47885781e+04   6.30512625e+05
   4.02670450e+06   2.90997594e+05   7.24207578e+04   6.58626200e+06
   5.46463750e+05   9.22100900e+06   4.25508200e+06   4.06852225e+06
   2.56438825e+06   5.82547312e+05   2.79005100e+06   1.59326975e+06
   4.02211150e+06   6.29922900e+06   1.35838125e+05   8.02917450e+06
   5.59120250e+05   2.02085938e+04   1.87588800e+07   3.32843921e+03]
[  3.36481200e+06   2.47220600e+06   3.07086969e+05   0.00000000e+00
   1.38099385e+04   2.91435500e+06   5.35321000e+05   9.45738625e+05
   1.30555670e+07   3.99165125e+06   1.05295300e+07   7.76190350e+06
   3.31198950e+06   7.26724875e+05   7.14775684e+03   1.44312175e+06
   2.45580550e+06   2.16093125e+06   2.39600975e+06   1.19701074e+04
   6.10339000e+06   3.05411400e+06   2.63895200e+06   3.80013789e+04
   1.17759962e+06   2.53288953e+05   7.50479875e+05   5.32329850e+06
   9.93729766e+04   3.48663500e+06   7.34015000e+04   1.25099140e+07
   4.32087550e+06   4.74318438e+05   1.51824438e+06   2.85018450e+06
   3.69692050e+06   1.16352660e+07   1.90742172e+05   4.67073242e+04
   2.41363100e+06   4.19626562e+04   2.12725039e+04   4.83460219e+05
   1.20719388e+06   7.03696350e+06   7.77535300e+06   5.20916050e+06
   1.66610750e+06   1.18295540e+07   3.51780100e+06   3.69959875e+06
   7.50670050e+06   1.76986725e+06   2.90008344e+05   1.46706234e+05
   4.21395250e+06   3.65592250e+05   3.66839752e+02   4.48977350e+06
   2.50246425e+06   8.48942200e+06   5.54504450e+06   2.30784675e+06
   3.47025281e+05   9.31908000e+06   2.54965281e+05   4.16845650e+06
   4.32644400e+06   9.50128900e+06   2.41102675e+06   1.24440680e+07
   6.43371800e+06   7.72763350e+06   1.48009200e+07   2.33376294e+03
   3.21537675e+06   3.02646400e+06   1.43717160e+07   4.15543425e+06
   3.58999975e+06   2.86301602e+04   7.70561950e+06   3.35670250e+06
   8.22612266e+04   5.81642900e+06   3.03605562e+05   4.17350275e+06
   7.16805234e+04   1.33861112e+06   5.01441055e+04   8.62121400e+06
   2.27588656e+05   8.38109100e+06   1.49417750e+06   3.18975450e+06
   5.18721906e+05   6.20386550e+06   4.07081438e+05   1.22546200e+07
   1.16272742e+05   2.05784719e+05   1.36125190e+07   2.07826489e+03
   1.61545812e+05   1.35317790e+07   3.14753925e+06   7.13313000e+06
   7.40388000e+06   8.35623550e+06   5.35572021e+03   3.58150475e+06
   3.19122875e+05   2.09406940e+07   5.19659800e+06   8.88340438e+05
   7.93506875e+05   2.80281075e+06   1.45455596e+04   5.07519258e+04
   1.29710030e+07   1.20922462e+06   1.83627168e+04   6.50982000e+06
   2.70260300e+06   2.18374325e+06   1.27163550e+07   7.73197200e+06]
[  3.21499901e+01   5.73308838e+03   1.21719525e+06   1.08477393e+04
   4.29012305e+03   3.50684875e+02   9.78830688e+02   3.88718414e+01
   1.95646462e+06   1.77434316e+04   1.09882034e+02   8.06668896e+03
   1.72728615e+01   5.30313633e+04   6.06789297e+04   5.11838330e+03
   2.99814141e+04   1.01366994e+06   2.12151172e+03   7.75931719e+04
   6.53530884e+01   1.44808037e+04   7.14858875e+05   5.14754443e+03
   2.42550059e+04   9.74660156e+02   1.74338388e+06   0.00000000e+00
   2.62117212e+03   4.05062969e+04   1.64376785e+02   1.56757355e+02
   0.00000000e+00   3.93264125e+05   4.28681562e+04   1.49344812e+06
   1.64371062e+06   5.63498926e+03   1.15680115e+03   2.76172461e+03
   5.20204395e+03   6.07508496e+03   2.68815845e+03   4.35484969e+05
   3.93075122e+03   1.38008423e+03   3.60028954e+01   1.71476456e+02
   7.65861719e+04   1.61236436e+04   1.86651641e+04   1.35919769e+02
   1.54261550e+06   5.51056438e+05   3.67149887e+01   2.38479805e+04
   6.44283750e+05   1.07596762e+06   2.20242896e+03   1.58542366e+01
   8.69442266e+04   2.68085723e+04   5.51693375e+05   5.87389141e+04
   5.24539337e+01   5.24870264e+03   2.10208325e+03   1.33246497e+03
   4.30748242e+03   8.69584531e+04   1.17277725e+06   1.67859250e+06
   8.45855236e-01   1.54872305e+04   4.45829239e+01   1.20262138e+02
   8.91354980e+03   2.82792719e+05   3.52491781e+05   2.19294719e+05
   1.75792469e+05   4.49750537e+03   6.77848975e+03   6.95283838e+03
   2.04803238e+06   2.40020650e+06   2.39323328e+05   1.73529138e+06
   1.03384148e+05   3.09152252e+02   1.70818872e+03   4.05799805e+04
   3.57007906e+05   9.69499902e+03   0.00000000e+00   4.19074170e+03
   5.11307471e+03   9.83468375e+05   2.83387891e+03   3.79351406e+04
   1.32569609e+04   2.82093711e+04   1.15353412e+06   1.16776500e+05
   3.22143774e+03   7.70502881e+03   4.56501855e+03   2.53846704e+03
   1.90966022e+00   1.75163641e+05   5.80903312e+05   1.60329287e+04
   1.42177463e+00   1.23641846e+04   3.02710176e+04   5.61393848e+03
   1.06735296e+01   9.70442578e+03   1.72907764e+03   2.33588000e+06
   4.50261523e+04   5.56412926e+01   9.52414160e+03   1.03667566e+03
   7.85528906e+03   1.06099688e+06   4.72125519e+02   0.00000000e+00
   4.47734156e+05   8.06826025e+03   4.10203027e+03   1.61748584e+04
   9.01237207e+03   1.51524412e+06   1.60882410e+03   2.75082788e+03
   2.64091075e+06   8.29986312e+05   1.81201445e+04   0.00000000e+00
   6.68600342e+03   7.06625488e+03   5.80953467e+03   7.51276250e+05
   2.27311816e+03   1.64782200e+06   2.07351465e+03   1.14475562e+03
   1.63200938e+05   3.60901825e+02   2.14549609e+03   4.68691992e+03
   1.10109891e+05   3.33220859e+04   8.07340188e+05   5.05661230e+03
   8.37430273e+03   3.27137656e+05   5.41993812e+05   3.08894188e+05
   2.44063257e+03   6.73998672e+04   1.21674512e+06   5.49770947e+03
   6.49639258e+04   2.49079375e+06   1.63366362e+06   2.30768938e+05
   1.81310938e+05   1.39907900e+06   1.48148350e+06   9.61759399e+02
   1.39482285e+04   3.67093031e+05   8.42664551e+03   7.88283447e+03
   1.61821150e+06   5.81024854e+03   2.11005425e+06   9.91559609e+04
   6.52927500e+05   1.06116273e+05   2.69074812e+05   1.12544180e+04
   2.26731230e+04   1.26736025e+04   6.61541172e+04   2.95136016e+04
   1.02760775e+06   3.74396875e+03   5.23632227e+03   1.21197412e+06
   3.39885750e+01   7.55829250e+05   1.50933886e+01   1.56395988e+06
   1.66722168e+04   4.00822281e+05   1.59993888e+06   1.00153338e+06
   3.85719604e+02   1.19015538e+06   1.32707500e+06   5.27576111e+02
   5.30404102e+04   2.16336166e+02   2.80321625e+02   3.65297363e+03
   2.80050366e+03   5.21953188e+05   6.03044000e+05   1.59753850e+06
   4.30124561e+03   1.13483232e+04   4.37527924e+01   1.63156406e+04
   7.62742676e+02   1.32448012e+06   3.37442930e+04   2.46785034e+02
   1.27654187e+03   3.27475659e+03   4.65355286e+02   1.85355719e+05
   6.46268875e+05   0.00000000e+00   1.60821075e+02   2.26471438e+05
   6.84717102e+01   9.97778438e+05   3.83021055e+04   1.92857758e+02
   8.41025250e+05   1.32711096e+03   1.15883275e+06   4.27584320e+02
   7.57197754e+02   9.61086094e+04   8.76462812e+05   1.28175269e+03
   7.08283688e+05   1.18952950e+06   1.51438220e+03   8.98826050e+02
   2.51366934e+04   3.39058447e+03   5.12351685e+02   4.77264355e+03
   4.56516650e+03   5.69626938e+05   1.09478896e+04   2.82459839e+03
   8.58172461e+03   7.94196167e+01   1.37855261e+03   6.18791062e+05]
[  1.59395450e+06   7.80549365e+03   5.38978821e+02   1.84880420e+03
   1.62833225e+06   1.28299938e+06   1.71902188e+05   1.13439734e+03
   1.93612871e+04   1.08702136e+03   3.96805206e+02   1.30573047e+04
   3.64088501e+03   2.14275273e+04   3.53125293e+03   3.89863867e+03
   6.74936218e+01   3.20361664e+02   1.10477888e+06   6.50972070e+04
   0.00000000e+00   2.48779221e+02   7.18143692e+01   5.67375062e+05
   5.60620451e+00   4.02210229e+03   0.00000000e+00   4.21922781e+05
   1.88478125e+04   0.00000000e+00   4.83891992e+04   4.44027051e+03
   6.54893213e+03   8.43744609e+04   1.09546299e+04   5.48971758e+04
   1.30249443e+04   1.97131348e+03   2.72385864e+03   0.00000000e+00
   1.39502203e+05   2.70076406e+04   7.97376270e+03   2.67468115e+03
   6.82181152e+03   7.07863818e+03   4.88943656e+05   2.56972324e+04
   9.60473359e+04   3.30767548e+02   5.09509033e+03   4.20159717e+03
   1.17615454e+03   1.22501045e+04   3.12196375e+05   2.69646312e+05
   4.75068164e+04   1.13473258e+05   7.63579844e+04   9.34723206e+02
   3.79447803e+03   3.93375039e+04   1.53640115e+00   8.86672745e+01
   0.00000000e+00   1.36791689e+04   1.30746977e+05   2.59867737e+02
   8.16586487e+02   1.34601650e+04   6.42889562e+05   3.33132477e+01
   2.27352676e+04   6.90036279e+03   3.83856328e+04   7.48037422e+04
   4.02344336e+04   6.41486426e+03   4.94835625e+04   5.02023188e+05
   8.35963593e+01   1.65615840e+04   2.99404812e+00   2.90752402e+04
   2.04658167e+03   1.74672344e+04   5.72638184e+02   2.37756562e+04
   5.42761230e+03   1.95180078e+04   4.31172998e+03   7.06410986e+03
   2.75079824e+04   6.53982438e+05   1.49189148e+03   2.25245282e-01
   2.06499719e+05   1.17313683e+02   6.38625000e+03   1.64912672e+05
   3.08257617e+03   2.23747266e+04   4.99783656e+05   2.97625504e+01
   2.21132104e+03   3.67610508e+04   5.06099922e+04   5.38658086e+04
   2.40217051e+04   1.38467075e+06   5.75409546e+02   8.39956500e+05
   3.96019073e+02   6.56789917e+02   1.89709949e+03   9.07048633e+03
   1.99654333e+03   1.36008711e+04   2.10413418e+04   7.59761016e+04
   7.40734570e+03   1.03247668e+03   1.19369111e+04   3.06346188e+05
   3.02385352e+03   1.48787427e+03   0.00000000e+00   1.06386982e+04
   1.98190125e+02   1.67598225e+06   2.93785703e+04   7.13496887e+02
   5.91940430e+03   1.44596175e+06   1.13047534e+03   1.10702148e+04
   1.78709688e+04   6.85182188e+05   1.63505945e+03   2.29379025e+01
   2.99516327e+02   1.49459082e+03   7.47317529e+03   1.81582559e+04
   1.69291347e-01   4.16507324e+03   7.27140747e+02   0.00000000e+00
   1.84284077e+01   9.11500977e+02   1.85313339e+02   6.95316699e+03
   7.36370500e+05   1.80198141e+05   8.87403992e+02   2.40544781e+05
   1.11528992e+03   1.10281649e+01   3.60513086e+04   1.23262850e+06
   3.12575562e+03   3.92540918e+03   1.44132227e+03   5.35883484e+01
   3.21546562e+05   0.00000000e+00   4.37564594e+05   2.93440552e+03
   2.56327906e+05   1.57522862e+06   2.63742096e+02   0.00000000e+00
   2.44552129e+04   1.42761391e+05   6.80895438e+05   1.01830200e+03
   1.51661133e+03   1.83562170e+03   5.46658984e+03   1.56549652e+02
   8.22256445e+03   5.51474023e+03   7.73123016e+01   7.18819189e+03
   5.26274300e+00   9.01677185e+02   5.07781797e+04   8.19758203e+03
   2.52023584e+03   5.17308807e+01   4.34888656e+05   2.41012305e+03
   9.07130203e+01   7.82360742e+03   1.99132285e+04   1.98377209e+03
   3.12490801e+04   1.40099365e+04   4.62832031e+05   2.08626881e+01
   2.75331135e+01   0.00000000e+00   6.66644062e+05   3.66349414e+04
   3.34915977e+04   3.40462189e+02   1.32350215e+04   7.45224500e+05
   1.15520594e+05   9.33787875e+05   5.49073398e-01   3.51784717e+03
   4.03036841e+03   2.36557422e+04   1.54167456e+03   1.82522469e+05
   3.51251281e+05   6.40031885e+03   4.49126025e+03   3.50037720e+03
   4.96446338e+03   1.41527998e+04   6.78636670e+03   6.12352905e+02
   1.17665825e+01   7.95849688e+04   1.07203000e+05   2.57705566e+04
   1.59335583e+03   8.43511658e+01   7.42906006e+02   3.77308325e+03
   1.68594766e+05   4.52642334e+03   9.20305125e+05   7.57447363e+03
   4.15217334e+03   7.74593562e+05   0.00000000e+00   6.01110268e+00
   1.62857080e+03   3.31170844e+05   0.00000000e+00   0.00000000e+00
   6.78479309e+02   2.43495026e+02   5.93621973e+03   2.87745508e+03
   7.39000500e+05   3.37707344e+05   1.67628438e+04   3.21652578e+04
   3.91975049e+03   6.49643688e+05   8.30808301e+03   4.42043281e+04]
[  1.04086836e+05   1.98023770e+04   2.65232397e+03   1.05628650e+03
   2.39806312e+05   3.68227344e+03   4.25645273e+04   5.26300439e+03
   2.23624097e+03   7.21895500e+05   2.86690039e+04   2.61135312e+04
   4.99036572e+03   3.34297778e+03   4.56917871e+03   3.35630585e+02
   7.13282490e+00   2.54481909e+03   3.29772453e+01   1.24950232e+03
   2.27184473e+04   1.59415734e+05   2.32190605e+04   6.10428271e+03
   5.65371216e+02   9.20764453e+03   1.50041003e+03   1.61982438e+05
   1.62385264e+04   4.17086281e+05   9.65483246e+01   1.33103438e+04
   4.85833906e+04   6.68143359e+04   2.42332593e+03   6.99693457e+03
   3.91408781e+05   1.16448962e+06   2.08167114e+03   1.30288325e+06
   4.51898468e+02   1.86175610e+03   1.06466973e+04   5.73084961e+04
   2.26805742e+04   5.91963574e+03   7.83504944e+02   1.43723232e+04
   2.82126152e+04   2.40063574e+03   6.70608672e+04   8.02178000e+05
   5.39434448e+02   5.13971024e+01   1.31562292e+03   2.73885547e+03
   1.03097363e+04   1.82201625e+05   1.01925540e+00   1.12195693e+04
   9.76661499e+02   5.27591680e+04   8.25175354e+02   9.76462793e+03
   1.39178730e+04   1.16143203e+04   1.31660029e+04   3.34470483e+03
   1.40060875e+05   4.60206523e+04   5.23865000e+04   4.02170337e+03
   9.16064688e+04   1.63098486e+04   3.74259031e+05   7.93844844e+04
   1.58896844e+05   2.67098359e+04   1.11226572e+04   1.76758191e+03
   3.34469574e+02   3.47721100e+02   7.86153750e+04   5.11104980e+02
   6.76597656e+04   3.04953308e+02   3.90126016e+04   2.41710205e+02
   2.87367668e+01   7.02338806e+02   1.41691177e+02   1.29256348e+03
   9.55993555e+03   9.64148010e+02   9.65966797e+04   4.74518585e+02
   7.74170685e+01   3.19057031e+05   5.23893000e+05   9.90672812e+04
   9.34459688e+04   4.95729414e+04   7.05466492e+02   1.01589136e+03
   4.36438750e+04   2.29316650e+03   5.60605812e+05   2.89672598e+04
   5.11263428e+02   4.61863281e+03   2.84347012e+04   4.96688916e+03
   3.15577969e+04   4.57356592e+03   1.14733301e+03   7.20700781e+04
   1.00412529e+04   9.99385859e+04   9.71669531e+04   8.07811562e+04
   2.60980892e+00   6.89210250e+05   4.80418242e+04   2.71917531e+05
   6.05183086e+04   5.42026221e+03   1.42093076e+04   6.92089920e+01
   5.52012634e+02   1.71373215e+02   1.50557166e+03   3.05064551e+04
   1.84911250e+04   3.88202686e+03   5.72063281e+03   6.24751855e+03
   1.38155947e+04   1.04884016e+05   1.22790938e+04   9.41795898e+02
   2.30047417e+01   3.07993574e+04   4.01028473e+02   4.77713047e+04
   8.05846582e+03   2.11480664e+04   3.93147578e+04   4.13774567e+01
   1.16661969e+05   4.01566455e+03   6.04173584e+03   5.85027812e+04
   9.74647949e+02   1.61693641e+05   1.07146255e+02   5.84123633e+03
   8.22395781e+04   2.50427368e+03   2.24181016e+05   5.45103088e+02
   4.45795197e+02   5.58694702e+02   1.41566074e+04   1.39831226e+03
   2.45916528e+03   2.97718579e+03   2.75721289e+04   1.19942344e+05
   1.34171045e+03   2.28472344e+04   5.34470940e+01   4.38005127e+03
   1.16492029e+03   2.17267041e+03   3.98718672e+04   3.82531030e+03
   4.31050000e+04   8.22109668e+03   1.11401422e+05   2.91768711e+04
   6.24532898e+02   4.75875547e+04   4.16671055e+04   1.62755869e+04
   9.02006562e+04   9.65201355e+02   7.76286250e+04   5.16798340e+02
   1.01547910e+04   4.43289281e+05   4.52094219e+04   2.97977661e+03
   3.73672028e+02   6.27047344e+04   2.46120872e+01   5.65457214e+02
   4.02716602e+04   9.11195996e+03   1.94451211e+04   4.30402305e+04
   9.00135254e+03   2.02369751e+02   2.14162031e+04   1.86462328e+05
   1.40323375e+05   8.58273560e+02   1.29748262e+04   1.34251885e+04
   2.27707406e+05   1.99989450e+00   9.10921484e+03   6.46197705e+03
   2.69711309e+04   1.66398379e+04   8.87756016e+04   3.38190880e+01
   1.31228652e+04   2.19821309e+04   2.09205948e+02   1.03682500e+05
   1.34302021e+04   4.91639160e+03   4.45284473e+03   7.29740381e+03
   4.14272344e+04   5.44840717e+00   5.86883583e+01   1.69069707e+04
   2.18754321e+03   2.81270176e+04   1.27372949e+04   4.46250586e+04
   7.25673401e+02   3.36160234e+04   1.13335300e+06   1.05662539e+04
   1.34380835e+03   4.89189502e+03   1.00879300e+06   2.45529614e+03
   2.49518286e+03   2.44192490e+02   1.10762500e+03   5.21975098e+02
   2.15810117e+04   3.78412875e+05   6.82710419e+01   2.03648281e+01
   1.63790844e+05   1.54730635e+04   3.37634772e-01   3.78702266e+04
   5.94380469e+03   1.76424414e+03   6.43572632e+02   4.15594824e+03]
[  9.15314819e+02   9.71760742e+03   3.84005938e+04   4.32639805e+04
   6.31898438e+02   7.20841406e+04   4.80571472e+02   1.23275415e+03
   7.34387665e+01   8.28298950e+01   6.39258242e+04   7.39802490e+03
   3.07615039e+03   6.98601416e+03   4.84492090e+03   5.18038757e+02
   1.10613711e+04   2.34223281e+04   3.49216133e+04   3.31883740e+03
   5.18068665e+02   8.06791172e+04   1.92811938e+03   1.40942169e+02
   5.67227812e+04   9.86322266e+03   7.70753672e+04   3.08178687e+03
   6.98137812e+04   1.91898242e+04   9.51605176e+03   1.15514117e+05
   8.51525195e+03   2.82737324e+04   3.50711836e+04   7.27486562e+04
   7.99720703e+04   2.71095312e+03   2.83671234e+02   2.64810430e+04
   4.26484375e+01   9.63854531e+04   4.90054688e+04   4.04028906e+04
   2.74158112e+02   2.54564551e+03   6.13275293e+03   1.24715088e+04
   1.30381565e+01   1.79423613e+04   6.42131875e+04   5.45056152e+02
   1.88340783e+00   2.21411992e+04   6.48950439e+03   1.20466221e+04
   2.37334808e+02   1.83702808e+03   2.04120972e+02   8.71334229e+02
   2.66529175e+03   1.11325172e+05   1.80259316e+04   1.98460999e+03
   3.53026392e+03   1.23029414e+04   7.03628479e+02   9.84165497e+01
   1.05119072e+04   1.38309729e+03   4.16957852e+04   1.43540491e+03
   7.40707734e+04   1.79487646e+03   8.92302418e+00   6.67361694e+02
   6.83045044e+02   8.69221783e+00   9.95371484e+04   5.07203867e+04
   4.65068722e+00   6.01755273e+03   2.74135391e+04   8.89307344e+04
   4.29486328e+03   0.00000000e+00   8.80224792e+02   1.11294568e+03
   9.23671797e+04   7.46504375e+04   4.57345654e+03   7.36579819e+01
   8.16757500e+04   2.34436426e+04   5.71272461e+04   1.11455420e+04
   2.37998379e+04   2.82947144e+02   4.15990430e+04   3.33789609e+04
   1.19015732e+04   4.31686432e+02   1.11489422e+05   3.54124414e+03
   2.76435039e+04   3.03825547e+04   9.31076660e+02   8.23292188e+04
   6.76525000e+04   1.08129089e+03   6.62382715e+03   4.11734619e+02
   6.55984521e+03   2.74310036e+01   5.77902161e+02   2.55281797e+04
   0.00000000e+00   2.60789492e+04   3.18972412e+02   1.76549883e+04
   6.36855164e+02   8.55408594e+04   2.35893184e+04   1.21163318e+03
   5.48097754e+03   4.74923438e+04   1.93923120e+03   1.30994072e+04
   2.24714004e+04   6.08543066e+03   4.65195587e+02   7.74223682e+03
   1.49459492e+04   2.00204980e+04   3.07219277e+04   3.28273430e+01
   6.53308154e+03   0.00000000e+00   2.19045898e+02   4.17596579e+00
   2.83114961e+04   1.10867935e+02   1.86799492e+04   5.53160429e+00
   2.62730640e+03   3.64785474e+03   7.88880127e+02   6.19811133e+03
   6.09219482e+02   6.79463672e+03   9.18589766e+04   5.77212305e+03
   1.35694409e+03   2.28286279e+03   4.68037643e+01   0.00000000e+00
   1.47502289e+02   6.32251343e+02   5.97600708e+02   8.32526641e+04
   1.08767354e+04   2.40668896e+03   1.75119961e+04   1.32857380e+01
   3.91823398e+04   3.18407471e+03   7.45887266e+04   1.64112595e+02
   5.88381953e+04   5.77525508e+04   4.75515839e+02   6.39799902e+03
   3.48096172e+04   2.25942358e+03   5.02739922e+04   5.44782930e+04
   2.92202891e+04   4.22494775e+03   4.07858350e+03   3.67491119e+02
   1.88574434e+04   7.53223450e+02   2.36517754e+04   2.30092051e+04
   4.28047119e+03   3.70131562e+04   8.00058984e+04   6.26510693e+03
   2.01518689e+03   3.05431470e+03   1.62948926e+03   1.15093057e+04
   6.64396875e+03   1.20425711e+05   8.07413594e+04   4.19123008e+04
   2.20981270e+04   1.63249189e+04   8.46322168e+03   1.18309766e+03
   9.12193672e+04   1.63772021e+04   2.67980621e+02   6.54245391e+04
   9.72608047e+04   4.43323944e+02   4.03336836e+04   6.03149180e+04
   3.16649780e+01   1.70166969e+01   7.30614258e+02   1.93658356e+02
   7.88888321e+01   1.03444629e+03   3.23257461e+04   3.30907251e+03
   4.06758081e+03   1.30270020e+04   3.30379219e+04   1.80242266e+04
   7.89255469e+03   6.24872422e+04   1.98159912e+02   8.78606701e+00
   2.90736719e+04   1.36616077e+03   9.93820801e+02   6.80081701e+00
   3.89373383e+02   2.14850928e+03   1.34150574e+02   9.19672775e+01
   3.77003945e+04   3.79173125e+04   6.80200078e+04   2.80888623e+03
   4.71012500e+04   1.16443469e+03   1.06240713e+04   1.14175762e+04
   1.32276396e+04   2.54575195e+04   3.92397021e+03   3.06280078e+04
   2.52530884e+02   1.16844430e+05   6.86838818e+03   6.14042425e+00
   1.14188945e+04   2.42445820e+04   1.37935205e+04   7.07068125e+04
   6.02962354e+03   1.09904742e+05   1.80547109e+04   4.32258789e+04
   7.82250078e+04   9.61342346e+02   1.64325729e+02   6.43360039e+04
   4.71968828e+04   1.23825455e+01   7.59540625e+03   1.57787354e+03
   1.29596436e+02   8.89473340e+03   1.01811365e+03   9.96940391e+04
   4.99679570e+04   2.37119202e+02   5.43339300e+00   1.08348511e+03
   3.21645288e+03   2.82299927e+03   9.54758438e+04   2.90857891e+04
   0.00000000e+00   3.47106590e+01   7.19307734e+04   4.56538037e+03
   1.44975448e+00   5.07586548e+02   1.29313760e+04   8.88931328e+04
   1.59122729e+03   2.66880688e+03   4.96615715e+01   6.10864441e+02
   7.12088684e+02   1.01954434e+04   1.08275049e+04   1.06207002e+04
   4.58574141e+04   3.25367520e+04   2.30197773e+04   2.61916553e+03
   1.51755173e+02   5.20540039e+02   1.97348887e+04   6.72383828e+04
   2.26356903e+02   9.86809937e+02   2.02390781e+04   4.43021278e+01
   1.08630176e+03   4.10245508e+04   2.39704102e+03   2.99862396e+02
   4.87147578e+04   4.38690033e+02   1.17370308e+02   1.19786543e+04
   2.07271072e+02   1.14603381e+03   7.69441406e+04   4.23096367e+04
   3.17909851e+01   4.69280898e+04   1.36043535e+04   4.16003076e+03
   1.41620056e+03   1.34451553e+04   1.02532945e+05   1.15789624e+03
   8.20616406e+04   8.80033750e+04   1.23584531e+05   3.52261328e+04
   2.53851953e+04   5.94202209e+02   4.81760859e+04   5.91793994e+03
   6.79566953e+04   1.70871692e+03   9.85140381e+02   3.80929258e+04
   2.60574158e+02   1.45657686e+04   3.13409595e+03   2.60899375e+04
   7.12280625e+04   1.40590613e+03   1.15936797e+04   4.33393890e+02
   8.34668961e+01   8.88740820e+03   1.27624814e+04   2.80822144e+03
   4.13513135e+03   6.02772949e+02   3.62842656e+04   1.16337959e+02
   5.99738403e+02   3.66971484e+04   5.10835938e+03   1.49795923e+03
   8.16275469e+04   1.51420569e+03   3.71530664e+04   1.49276064e+04
   4.96138867e+04   2.60512969e+04   1.27705109e+02   4.88405029e+02
   2.19954419e+03   6.14334167e+02   8.71909141e+04   2.19839551e+03
   5.11003867e+04   6.10970801e+03   5.76155371e+03   1.00227362e+03
   1.27253789e+04   2.37786719e+03   4.54830156e+04   8.34516797e+03
   2.83554297e+03   2.70634546e+03   4.94378845e+02   5.93623199e+01
   3.30402539e+04   1.21474502e+04   3.80318970e+02   2.34573203e+04
   8.90171777e+03   2.53188477e+03   2.62315869e+03   1.20425938e+04
   1.03692224e+03   2.23997543e+02   4.54524463e+03   1.63103113e+03
   3.88449927e+03   1.16651621e+04   3.02573809e+04   5.82030195e+04
   1.30975452e+03   1.42891577e+03   2.55145288e+03   6.38483521e+02
   9.18317413e+01   6.97159180e+03   3.96834570e+04   6.72168750e+04
   3.74511797e+04   1.09207549e+04   4.77133936e+03   4.58402481e+01
   4.05942535e+01   9.19960785e+00   2.14325723e+04   1.23693896e+04
   6.27898779e+03   1.38032547e+02   2.86710293e+04   1.89491777e+04
   6.21444031e+02   1.13317051e+04   2.86211641e+04   4.48438770e+03
   3.97412134e+03   5.23161670e+03   2.83451221e+03   5.20759961e+04
   4.65667734e+04   8.03430664e+03   2.24613262e+04   1.53757178e+03
   7.78650938e+04   1.04810913e+03   6.92688293e+02   4.86129395e+03
   5.36071562e+04   2.95547227e+04   2.06570723e+04   2.01472217e+03
   3.74640625e+02   1.25169897e+03   2.58344785e+04   5.93057324e+03
   2.04131289e+04   4.36525488e+03   5.99959961e+03   4.70264482e+00
   0.00000000e+00   3.76076250e+04   1.27208900e+02   6.63493945e+03
   2.61009131e+03   4.80114961e+04   1.96170740e+03   9.60098516e+04
   1.71166348e+04   0.00000000e+00   4.20472070e+03   3.25517044e+01
   8.42799927e+02   1.21436104e+04   2.92420387e+01   2.36783521e+03
   6.66577148e+02   1.05624541e+04   1.67035080e+02   3.70901147e+03
   2.48668223e+04   6.49239883e+04   1.22842139e+03   1.11146530e+02
   1.21486340e+03   4.61945898e+03   2.79426785e+01   2.46460010e+03
   6.86489795e+03   9.09784317e+01   1.89975940e+03   2.39929370e+03
   6.28297363e+03   6.28191846e+03   2.57656953e+04   0.00000000e+00
   7.53970520e+02   5.37120117e+03   5.69781719e+04   1.72085098e+04
   1.83026250e+04   8.96614990e+01   3.10932666e+03   0.00000000e+00
   1.60664219e+04   1.35088879e+03   1.02425023e+05   5.62022095e+02
   1.18698203e+04   6.41996484e+03   2.03584521e+03   3.08756836e+03
   3.13868140e+03   9.01690781e+04   2.19402002e+03   2.13726367e+04
   3.22003833e+03   1.32228958e+02   1.66349678e+01   1.36402480e+04
   3.56432617e+03   4.63501016e+04   2.86233862e+03   5.90963984e+00
   2.84010234e+04   6.22900757e+02   4.65801544e+02   1.25732766e+05]
[  4.48526074e+03   7.77122217e+03   1.54664124e+03   9.59295425e+01
   3.47789219e+04   6.10807266e+01   4.57330586e+04   2.74137480e+04
   7.02390625e+04   3.96207336e+02   2.37170456e+02   5.65596191e+03
   2.82757339e+01   6.09010938e+04   6.28113379e+03   3.64853210e+01
   3.31664258e+03   1.75242761e+03   1.89205042e+03   3.18247217e+03
   6.15635352e+03   6.31125928e+03   2.09168799e+03   6.76581650e+01
   3.92868774e+02   1.32206074e+04   1.85099158e+03   2.28980156e+04
   1.38003442e+03   3.82100525e+02   5.01620598e+01   3.14588776e+02
   1.26675146e+03   7.78036833e-01   4.83467133e+02   8.37729492e+02
   2.39314990e+03   1.32037058e+01   1.33090400e+04   4.42727325e+02
   1.46626816e+04   5.46321680e+03   9.90583420e+01   2.19439395e+04
   4.18836377e+03   7.29712585e+02   4.40504590e+03   5.40952515e+02
   1.01422601e+03   9.41100403e+02   1.81939163e+02   2.45925069e+00
   0.00000000e+00   9.18664062e+03   1.87219189e+03   1.88851562e+03
   8.91600488e+03   3.67926788e+02   4.32430389e+02   6.81830049e-01
   1.98358178e+00   4.11059601e+02   6.87385742e+02   5.95378174e+02
   4.10097809e+02   1.40352478e+02   5.64422656e+03   4.84136328e+03
   4.51371367e+04   2.30495026e+02   1.98916435e+01   4.72196914e+04
   8.81699905e+01   9.46980774e+02   8.85088501e+02   1.17682092e+03
   0.00000000e+00   4.51210107e+03   3.04482910e+02   1.81273972e+02
   1.35090039e+03   8.55791328e+04   3.88482891e+04   1.75309219e+04
   9.18917175e+02   9.34691849e+01   1.21669951e+04   9.11947205e+02
   1.35355310e+03   7.39336182e+02   2.18929414e+04   6.81557666e+03
   2.31504980e+03   1.05278063e+01   2.17605811e+03   2.10188477e+02
   2.70771332e+02   1.87800801e+04   7.87910303e+03   5.16175977e+03
   6.21675354e+02   2.12591406e+03   2.15265186e+03   1.22981358e+01
   3.22548126e+02   1.63355005e+03   8.13805811e+03   1.53141031e+01
   5.64011484e+04   7.37307734e+04   2.68046167e+03   1.15658252e+03
   2.11659683e+02   3.72855249e+03   6.19602930e+04   1.79471216e+03
   3.55449982e+02   8.93210938e+02   1.01503853e+02   6.59520508e+02
   2.38134705e+02   6.58171143e+03   1.62810791e+03   2.90308170e+01
   3.03328965e+04   4.59625458e+02   1.92763867e+03   2.82998230e+02
   4.64746475e+01   2.79802578e+04   5.01731339e+01   7.59746887e+02
   2.00168896e+03   1.20812305e+04   1.65441230e+04   1.67337017e+01
   3.52804199e+02   1.13720779e+02   1.44124619e+04   2.82157417e-02
   1.69552795e+02   3.35162872e+02   1.25704404e+04   2.27185287e+02
   5.34236670e+03   5.99880078e+03   2.84162793e+03   3.66188125e+04
   7.27271118e+02   1.46597949e+03   6.19956602e+04   2.49700244e+03
   2.06448984e+04   5.36999573e+02   2.07641815e+02   6.45913281e+04
   9.47573242e+03   2.20066543e+04   2.94831543e+03   5.85139062e+03
   4.65585400e+03   2.16091406e+03   4.82354581e-01   4.66076477e+02
   4.16388203e+04   1.74632507e+03   7.79089062e+04   8.28963184e+00
   3.46962549e+03   2.33204688e+04   4.68618256e+02   1.96778918e+03
   6.88261719e+04   1.62521729e+04   5.32636490e+01   1.12881006e+03
   1.18197571e+03   7.57739111e+03   8.22231750e+02   6.75597595e+02
   7.17206094e+04   3.75356354e+02   9.11431030e+02   0.00000000e+00
   1.20696289e+04   5.99404531e+04   2.30611992e+00   1.29582031e+03
   2.71663818e+02   5.03824922e+04   3.26054138e+02   1.82478058e+02
   3.50423050e+01   4.24443359e+04   5.89662451e+03   6.12452539e+03
   1.34343414e+02   1.24928369e+04   1.21505249e+03   5.54066328e+04
   2.74347773e+04   6.10519714e+02   2.47587204e+01   2.69838165e+02
   1.12156348e+04   3.42086975e+02   1.81572418e+02   4.47133154e+03
   5.80209999e+01   2.82179956e+03   1.28669226e+03   1.66146729e+02
   7.48434717e+03   7.14288623e+03   2.54890020e+04   6.55894297e+04
   2.95633301e+04   1.91107468e+02   2.73889679e+02   3.34363477e+04
   7.84628613e+03   5.97724304e+01   2.27074609e+03   2.91250824e+02
   4.97841357e+03   1.15058022e+01   4.81906641e+03   3.30625742e+04
   1.21514868e+03   3.29552515e+03   6.43336523e+04   3.19212921e+02
   2.18218628e+02   1.15283574e+04   6.32513428e+01   8.65006484e+04
   6.49034844e+04   2.23234766e+03   1.43315033e+02   8.04550552e+01
   2.96787085e+03   4.32706006e+03   7.21375061e+02   3.18726880e+03
   5.51124609e+03   4.10236377e+03   0.00000000e+00   6.39651562e+04
   5.15516968e+01   5.88231323e+02   6.62702454e+02   1.00698433e+01
   8.24463184e+03   2.13825912e+02   1.95609722e+01   4.19941559e+02
   5.34416443e+02   3.05742358e+03   2.75292163e+03   7.86711182e+03
   1.05002673e+03   1.80421777e+03   8.54202271e+02   5.85497620e+02
   5.66711121e+02   1.83962500e+04   4.10755402e+02   2.44118477e+04
   4.93237158e+03   6.74144287e+03   7.89949890e+02   4.46769348e+02
   1.21833801e+03   1.28148026e+02   2.02144957e+00   1.77786007e+01
   1.48008828e+04   0.00000000e+00   2.63584839e+03   6.66823047e+03
   1.93191455e+03   1.51625916e+02   1.97889688e+04   0.00000000e+00
   6.57047806e+01   1.00346357e+04   1.66551514e+01   2.53109199e+04
   2.48609741e+02   1.04669360e+03   1.01038651e+02   3.09702026e+03
   6.69624766e+04   9.94912207e+03   5.79306152e+03   7.94584766e+03
   4.34738984e+04   8.06355286e+02   5.06168640e+02   9.25705139e+02
   0.00000000e+00   1.21833679e+03   2.59914238e+04   2.19791102e+00
   8.18684033e+03   1.50156895e+04   1.36674097e+03   7.72373516e+04
   3.33982544e+02   2.45730118e+02   6.85825195e+01   3.17607666e+03
   1.71310664e+04   1.12447304e+02   6.57620605e+02   1.02114220e+02
   5.75707891e+04   5.91493912e+01   1.15351547e+02   1.84853806e+02
   6.99254199e+03   9.99498828e+03   1.33145898e+04   1.24467471e+04
   6.64853281e+04   3.76590424e+02   2.81029883e+03   1.61669443e+04
   8.82351501e+02   1.23043346e+01   7.44650938e+04   2.36915430e+04
   2.06464355e+02   1.67695483e+03   1.60666865e+04   1.82819482e+03
   2.58166641e-01   4.78650439e+03   3.13484802e+02   3.48087097e+02
   1.98157188e+04   5.84225977e+03   2.77575903e+03   2.95484316e+04
   1.09507141e+02   2.32805884e+03   2.98262115e+02   1.56238076e+04
   5.20422656e+04   1.83208817e+02   1.56656433e+03   5.70482227e+03
   1.26080457e+03   9.87273047e+03   8.71994688e+04   3.54268516e+04
   1.10069409e+03   5.69593872e+02   3.74542432e+03   3.79523964e+01
   4.23205713e+03   1.49837976e+03   2.72469025e+01   2.26946259e+02
   1.47255254e+04   2.63434648e+04   1.09308020e+03   1.33764199e+04
   2.82243774e+02   3.73918164e+04   5.38364553e+00   7.03859424e+03
   2.44728369e+03   7.93941172e+04   9.07291199e+02   2.38831226e+03
   2.50671173e+02   9.76253479e+02   1.31061206e+03   1.75158281e+04
   1.35908184e+04   3.66755151e+03   2.05920753e+01   5.16590576e+02
   5.12228210e+02   2.44834551e+04   4.17325586e+04   3.00530249e+03
   6.64487031e+04   1.68687744e+03   2.90014629e+01   2.54640564e+02
   3.92336914e+03   6.90430273e+03   2.80982251e+03   9.42281055e+03
   4.96063477e+03   7.33835936e+00   2.05122055e+02   4.91598755e+02
   2.54015472e+02   4.41024512e+03   1.99195371e+04   1.70980781e+04
   5.14226514e+03   4.06024504e+00   5.92728789e+04   4.87185791e+02
   4.68097656e+03   2.85396423e+01   8.25686719e+03   3.65035919e+02
   7.41477734e+03   1.19906191e+04   7.95294571e+01   2.46738130e-03
   1.96381561e+02   9.50665039e+02   6.91645605e+03   1.07936264e+02
   6.92364990e+02   8.58992798e+02   2.22226709e+03   3.97377124e+03
   4.12912451e+03   2.48157773e+04   2.24856766e+02   0.00000000e+00
   5.98169727e+03   7.99760742e+01   2.22844971e+03   4.25283164e+04
   5.13784326e+03   2.97337433e+02   2.60307373e+02   3.15787402e+03
   2.14896216e+03   7.56413940e+02   6.11371484e+04   8.00033008e+03
   9.55893262e+03   5.54644653e+02   2.92450928e+03   2.01001880e+03
   2.83062210e+01   6.42304321e+02   2.87082568e+03   7.41913757e+02
   3.18140900e+02   7.97385681e+02   0.00000000e+00   1.81508591e+02
   3.31303596e+01   0.00000000e+00   1.42400801e+04   0.00000000e+00
   6.86228946e-02   6.78558899e+02   0.00000000e+00   6.39397766e+02
   5.43796387e+03   1.27613550e+03   8.69339355e+03   5.40803223e+02
   7.56826953e+04   3.45545898e+04   8.69264832e+02   2.98416602e+03
   7.05869995e+02   1.52048281e+04   3.85085117e+04   2.60501068e+02
   1.84501007e+02   2.01745377e+01   1.78479187e+03   7.30061621e+03
   3.45755029e+03   9.99500732e+01   1.00758191e+03   4.78469086e+00
   8.78155859e+03   6.88774707e+03   1.87036865e+03   2.82304382e+02
   4.89730896e+02   6.11124268e+02   4.51558516e+04   3.50013113e+00
   1.40458826e+03   9.69830475e+01   7.64700625e+04   8.54286426e+03
   3.17066071e+02   4.66374695e+02   3.79242229e+00   1.33063291e+04
   9.44059326e+02   9.99399338e+01   3.15877441e+02   4.75602490e+03
   1.53814905e+03   5.10083789e+03   1.25682991e+02   4.33903229e+02
   6.43628784e+02   9.29244531e+04   1.49989975e+02   9.37375549e+02
   0.00000000e+00   1.42790752e+04   1.28524580e+04   4.90116211e+03]
[  3.16905518e+02   9.22107910e+03   3.86817566e+02   1.60995508e+03
   8.59672241e+02   2.31317090e+04   2.50793182e+02   1.33843457e+04
   6.09241357e+03   3.98880000e+04   1.07467126e+03   1.08209061e+02
   6.62103906e+03   3.19728926e+04   2.85484058e+03   7.15296997e+02
   1.54246643e+03   3.94457568e+03   6.10660312e+04   7.93594177e+02
   5.14895105e+00   3.45824146e+03   2.09747955e+02   1.43706006e+03
   9.30081152e+03   5.21424866e+01   1.40786641e+04   2.24715824e+01
   7.22794006e+02   1.75913574e+03   1.97883398e+03   3.09494116e+03
   8.95728943e+02   3.90952277e+00   4.12811377e+03   1.11615662e+02
   5.57321411e+02   6.62480391e+04   2.19301507e-01   5.56691846e+03
   7.64644629e+03   5.43266983e+01   2.11787033e+01   1.50654541e+02
   8.53795312e+03   4.44861145e+02   7.07649463e+03   7.22854492e+03
   7.10833313e+02   5.06614876e+01   1.35122314e+03   1.54023584e+03
   1.78014862e+02   9.74693066e+03   1.69096055e+04   2.82434238e+04
   7.69360779e+02   1.16843857e+04   5.18003387e+01   1.99160620e+03
   1.72727686e+03   7.38913513e+02   8.78933167e+02   5.43291206e+01
   2.79961108e+03   4.68008636e+02   1.76409668e+02   1.45019302e+02
   1.56015411e+02   2.87703934e+01   6.94044922e+02   1.29342256e+04
   3.23589238e+04   2.73592834e+02   2.55096465e+04   4.31853142e+01
   2.03266479e+02   2.18586899e+02   1.24965991e+03   1.71783789e+04
   1.85436853e+03   3.01222656e+04   2.04767832e+04   1.08743242e+04
   6.47586992e+04   3.75386276e+01   1.22948535e+03   1.24910117e+04
   9.72274902e+03   2.47209590e+04   6.78377008e+00   3.15810840e+03
   3.91040100e+02   1.08339639e+04   1.35260999e+03   7.41173291e+03
   1.12593066e+04   0.00000000e+00   1.17273154e+04   8.18445984e+02
   2.94652920e+01   2.07866577e+03   3.88067856e+01   3.20808301e+03
   1.18183684e+00   2.94280910e+01   1.07381470e+03   3.71443320e+04
   2.03196411e+01   1.87085879e+04   3.97547852e+02   5.46249688e+04
   6.37588037e+03   2.27685684e+02   4.51070499e+00   6.21454712e+02
   5.85499756e+02   2.64681777e+04   4.52284729e+02   4.09203110e+01
   1.23292007e+01   3.61318329e+02   7.57187891e+03   2.23613525e+02
   4.99948273e+02   9.03422949e+03   5.07169769e+02   2.99735260e+01
   1.14856702e+03   3.75558228e+02   1.62572305e+04   7.70867004e+02
   8.87327118e+01   2.29751855e+03   1.22056641e+03   7.52845508e+03
   3.59272305e+04   1.06997097e+00   1.01350616e+02   9.30856400e+01
   2.20716786e+00   1.50750320e+02   1.62183792e+02   2.75551056e+02
   1.73648560e+02   3.31824365e+03   3.10397144e+03   7.97213316e-01
   3.40150269e+02   4.61604180e+04   1.04033966e+02   2.05215500e+02
   8.42537292e+02   2.54298364e+03   9.38714600e+02   2.10039473e+04
   1.08426544e+02   8.86654053e+02   4.15979828e+02   1.08434717e+04
   2.87263794e+02   5.85955078e+02   3.91862305e+02   8.54471817e+01
   3.95232188e+04   1.92434387e+01   1.21715881e+02   3.14545264e+03
   7.57139355e+03   1.76574219e+04   4.48796463e+00   1.28253204e+02
   6.26038672e+03   1.25413098e+03   1.06562927e+02   2.04537207e+03
   4.28317031e+04   6.66254456e+02   4.03625664e+04   3.17751587e+03
   3.83338281e+04   2.68722246e+04   4.47250938e+01   5.41005518e+03
   1.92889563e+03   5.68422496e-01   6.42251904e+03   4.39431641e+03
   2.27986603e+01   3.72790955e+02   2.11853836e+02   6.35407410e+02
   2.28364282e+03   6.37356152e+03   1.08673169e+03   1.53352510e+04
   2.08117407e+03   1.00339642e+03   1.78782928e+02   3.21995312e+03
   3.25497461e+03   9.95037292e+02   1.64476550e+03   0.00000000e+00
   2.40841113e+03   1.25852043e+02   2.02894080e+03   1.65211792e+03
   6.34752832e+03   5.88185938e+04   1.50244537e+02   4.16929352e+02
   3.30366675e+03   2.36940771e+03   1.73997437e+02   7.32485986e+03
   6.20577148e+04   1.82766769e+02   3.36442947e+01   5.29833301e+03
   1.10709316e+04   3.18349457e+02   7.99738846e+01   8.99703857e+02
   3.55436920e+02   3.22837715e+01   1.32518326e+02   8.98061981e+01
   9.26895386e+02   8.93074493e+01   8.74510498e+01   1.67363724e+02
   1.68194812e+03   9.24711914e+01   5.88766899e+01   6.81758118e+01
   3.52594269e+02   3.02807251e+02   1.58463574e+03   1.59393768e+02
   6.80177841e+01   8.80184479e+01   1.26479761e+03   4.10055781e+04
   2.99061367e+04   7.39002393e+03   1.39324997e+02   1.58297656e+03
   3.83770256e+01   4.61038727e+02   3.53607697e+02   1.59762161e+02
   9.88478320e+03   1.00584045e+03   1.58397236e+01   1.68279373e+02
   2.72326929e+03   3.61707535e+01   1.14192859e+03   3.14326057e+01
   6.38713196e+02   1.03985156e+03   2.69503967e+02   2.25585880e+01
   3.96482539e+04   1.95948560e+03   4.51416328e+04   1.51648877e+03
   3.44630762e+03   1.15459023e+02   1.09868172e+02   6.31004578e+02
   2.11893784e+02   2.35884418e+01   4.60014531e+04   5.82703613e+02
   1.35651709e+03   2.66001221e+02   6.34349854e+03   1.40789268e+04
   2.84286774e+02   1.91684494e+02   4.67862732e+02   6.41388242e+04
   1.28126648e+03   2.19804785e+03   9.92330371e+03   3.41622650e+02
   7.92830627e+02   1.01360488e+04   3.89214575e+03   2.40789551e+03
   1.25221338e+04   1.75996375e+03   8.67655182e+01   1.07291797e+03
   4.76906445e+03   9.87322632e+02   8.04585303e+03   9.71596909e+00
   2.24638405e+01   1.94658350e+03   1.48488584e+04   1.13435486e+02
   1.50456035e+04   5.41357695e+04   1.02952258e+03   2.09134570e+03
   4.49210498e+03   3.72549536e+03   2.58074880e+00   4.24902637e+03
   1.27805605e+01   5.27373486e+03   2.36897266e+03   1.58693232e+04
   4.97042023e+02   5.01486279e+03   2.62089355e+02   1.38840586e+04
   5.34081494e+03   2.25972578e+04   3.04679712e+03   2.49747715e+04
   8.02214172e+02   4.36753082e+02   1.78830688e+03   5.28402344e+02
   1.50910449e+03   1.66678772e+02   1.05609463e+04   5.53558008e+03
   2.61853099e+00   8.26492188e+02   2.24655548e+02   1.39574744e+03
   6.23768654e+01   7.73467578e+03   2.19369189e+03   2.21325254e+04
   4.06206680e+04   1.43627905e+03   2.42515717e+02   1.92091812e+02
   1.08773346e+01   2.36421127e+02   2.25760957e+04   1.76643005e+03
   9.96977441e+03   9.05017383e+03   3.51577319e+03   6.04579648e+04
   2.06552750e+02   2.21450171e+03   1.38642419e+03   5.26017456e+02
   1.41764727e+04   2.54921704e+03   2.14559648e+04   1.83657188e+01
   5.76227617e+04   4.15835999e+02   3.13470195e+04   1.43457385e+03
   8.58003418e+03   3.01196533e+02   1.04958595e+02   6.37597021e+03
   3.16137054e+02   4.64913818e+03   3.24136749e+02   1.78900500e+03
   1.68311920e+02   8.85551855e+03   4.13180054e+02   9.37951797e+04
   1.10465908e+04   1.84990271e+03   5.27762842e+03   1.12387939e+03
   8.20897446e+01   1.21004078e+05   4.32180322e+03   6.26172302e+02
   5.21453979e+02   6.49271338e+03   1.24951324e+02   1.17439537e+01
   1.84179822e+03   6.81833679e+02   5.63126719e+04   3.52597681e+03
   1.55807336e+03   4.52055742e+04   6.43289258e+04   2.44508972e+02
   7.63966217e+01   6.82126904e+03   3.28900049e+03   8.84699023e+03
   1.20069061e+02   2.23217559e+04   2.04144495e+03   2.69156372e+03
   4.03520241e+01   2.36882461e+04   1.74147095e+02   1.48413977e+03
   1.36177698e+03   3.24315234e+03   1.61685400e+03   1.24357246e+04
   1.30477715e+04   6.14195251e+02   1.08794470e+03   1.74112854e+01
   2.15302563e+03   9.48247681e+02   0.00000000e+00   8.44148926e+02
   3.11401306e+02   2.57291348e+04   5.64288281e+03   4.68570709e+01
   4.22686493e+02   1.04797969e+04   1.22201294e+03   1.46880890e+02
   2.48798706e+03   4.24061182e+03   3.96000039e+04   1.55900864e+02
   1.03342256e+04   6.97139648e+02   3.19387264e+01   2.68027191e+02
   1.27486183e+02   1.06609268e+01   1.71290430e+04   2.81665649e+01
   5.51615486e+01   8.02422714e+01   1.45271713e+02   1.14430177e+00
   1.92349491e+01   1.56340137e+04   4.99452362e+02   3.66786072e+02
   1.14848743e+03   2.70697656e+04   1.94787155e+02   8.18912476e+02
   6.81376343e+01   1.26168703e+05   3.52703789e+04   1.15369034e+01
   1.72962292e+03   5.52640674e+03   2.37051230e+04   8.25929980e+03
   1.72580234e+04   8.87723145e+03   1.03739307e+04   9.47093811e+02
   9.29472461e+03   3.79291357e+03   5.83360901e+02   1.86292130e+02
   7.57868652e+02   2.52688656e+01   6.54281592e+03   1.52521797e+04
   1.50387998e+04   1.47011562e+04   9.46942932e+02   1.68947830e+02
   5.12982788e+02   1.27548242e+03   6.31959595e+02   2.56529258e+04
   6.25546191e+03   2.17193558e+02   9.99866797e+03   8.44875107e+01
   3.61918092e+00   5.70797399e-02   4.54610840e+03   3.94719696e+02
   1.00193341e+03   7.01994824e+03   4.45256719e+04   2.37014688e+04
   9.81839844e+03   2.01179260e+03   4.15129456e+02   1.44083875e+03
   1.64271252e+03   7.34623566e+01   2.49423853e+03   3.78775903e+03
   1.82047715e+04   2.11791602e+04   6.43397903e+01   7.69986938e+02
   1.29222402e+04   1.43121221e+04   2.39721649e+02   8.09996128e+00
   7.89232544e+02   8.86477814e+01   5.34977493e+01   1.17708916e+04]
[  2.44710022e+02   8.18077278e+00   1.14840114e+00   3.72583057e+03
   1.55491119e+02   2.34311256e+01   4.79343653e-01   1.33256054e+00
   1.62403076e+02   1.57347061e+02   1.73871880e+01   2.21576706e+02
   1.27283363e+01   1.36606491e+02   1.81046219e+01   0.00000000e+00
   0.00000000e+00   1.93178238e+02   0.00000000e+00   0.00000000e+00
   2.33066620e+02   1.32658027e+04   3.95753613e+03   3.12201996e+02
   1.93420506e+01   0.00000000e+00   1.04142547e+00   1.04617859e+03
   8.56129379e+01   1.17342883e+03   5.19040234e+03   1.60479156e+02
   1.22514319e+03   2.15905930e+02   6.71535778e+00   1.55836340e+03
   6.39026070e+01   1.09079707e+04   1.57779810e+03   1.28867297e+03
   6.53834424e+03   4.01770325e+01   1.61699597e+03   9.65666626e+02
   9.91595173e+00   1.87515950e+00   2.94991650e+03   1.53811188e+01
   4.10036049e+01   8.34280777e+01   3.29106140e+01   1.16491394e+03
   1.35968208e+00   2.37813339e+02   1.08219788e+02   5.24296417e+01
   4.21037256e+03   4.80684357e+02   1.45852232e+00   1.02775009e+02
   3.26242096e+02   5.48908501e+01   1.86967754e+00   5.49163940e+02
   1.96037872e+02   2.30801758e+03   6.29818535e+01   3.16777277e+00
   2.80918396e+02   1.30964319e+03   1.95815506e+02   3.86034317e+01
   1.96122417e+01   2.12151001e+02   5.94504404e+00   5.66053467e+02
   2.46156216e+00   1.02427026e+03   3.62090349e+00   7.07425842e+01
   0.00000000e+00   8.85241318e+01   2.86850342e+02   1.86865955e+03
   2.96238003e+01   4.56462555e+01   0.00000000e+00   4.77207279e+00
   8.47274512e+03   1.59374435e+02   1.03510713e+04   2.00969894e+02
   1.38031436e+04   3.85685791e+02   0.00000000e+00   5.20326294e+02
   1.07481270e+04   1.17541921e+00   2.68003027e+03   6.61372910e+01
   1.02316168e+03   4.44516907e+01   1.10004005e+01   6.47464848e+00
   1.68095264e+03   1.22957153e+03   0.00000000e+00   9.33401642e+01
   1.11814651e+01   1.52637661e-01   4.14558697e+00   1.53079117e+02
   2.98195386e+03   2.78670312e+03   1.23143120e+01   1.47129387e-01
   2.24364404e+03   5.23910645e+02   4.99907036e+01   4.68635941e+01
   0.00000000e+00   2.99523193e+02   1.38178873e+00   5.43076420e+00
   1.91018295e+01   7.13035822e+00   6.82004395e+01   3.75236011e+00
   4.32473183e+01   1.75382251e+03   1.08771716e+03   1.01516064e+03
   0.00000000e+00   9.89636154e+01   2.48523056e+02   8.20982437e+01
   1.06793105e+04   2.26651855e+02   1.01525787e+02   1.87147141e+02
   2.56932031e+03   1.43526520e+02   3.55897675e+01   3.69658252e+03
   1.59847517e+01   7.64597356e-02   2.42082825e+01   4.55185986e+00
   7.43930149e+00   1.76487827e+01   1.24277806e+00   1.00301033e+02
   1.21889801e+02   5.65385938e-01   1.00333843e+01   1.31394987e+01
   6.04698364e+02   2.56779308e+01   5.62602882e+01   1.68370781e+01
   2.67640167e+02   6.41297989e+01   1.26439326e+04   6.63296997e+02
   1.13649829e+03   8.15271924e+03   0.00000000e+00   3.19786279e+03
   6.33277283e+02   5.70169189e+03   1.81316185e+00   3.07679932e+03
   1.70655823e+01   3.82310699e+02   3.57992792e+00   3.79450645e+01
   4.33715439e+01   6.44053173e+00   1.70728394e+02   0.00000000e+00
   2.33284225e+01   2.13857690e+03   0.00000000e+00   1.70342749e+03
   1.25141647e+02   7.56253760e+03   5.36479263e+01   3.82416391e+00
   4.81214111e+03   2.03050247e+02   2.54843483e+01   2.25681591e+01
   8.71646667e+02   1.73054596e+02   5.43967041e+02   1.36094681e+02
   6.75738983e+01   1.98950537e+03   2.20658594e+03   3.19752563e+03
   2.06473751e+01   1.22877324e+04   1.61288986e+01   2.76800041e+01
   5.58833542e+01   5.65452003e+01   1.70848376e+03   2.11827808e+03
   0.00000000e+00   2.50279248e+03   3.40689062e+03   1.01510437e+03
   0.00000000e+00   0.00000000e+00   7.16319427e+01   1.74513367e+03
   1.95277985e+02   2.55521774e+01   5.76587944e+01   2.54040680e+02
   2.23487625e+01   1.67916016e+02   1.62951782e+02   1.91320419e+01
   4.82366113e+03   6.27781494e+03   1.43675220e+00   1.96747074e+01
   5.50000310e-01   7.46524963e+02   1.64829712e+01   3.66353821e+02
   1.17129547e+02   8.69314636e+02   2.06792261e+03   1.15824570e+02
   1.05837494e+02   1.11803184e+04   5.45776033e+00   9.01266724e+02
   2.54632711e+00   1.30220312e+04   1.57122406e+02   4.01507199e-01
   0.00000000e+00   3.70646790e+02   7.11825098e+03   2.25589857e-01
   0.00000000e+00   2.16183681e+01   4.39012109e+03   2.96791687e+01
   1.64163017e+01   5.26750183e+01   5.80418434e+01   9.62369568e+02
   1.23746106e+03   1.12617817e+01   1.52852173e+01   8.77628320e+03
   1.53673086e+01   1.92687729e+02   0.00000000e+00   0.00000000e+00
   0.00000000e+00   1.48136234e+00   9.31307602e+00   9.25222229e+02
   7.61267517e+02   4.40891304e+01   3.48768044e+00   1.30082642e+03
   5.59359837e+00   1.13121328e+04   3.00551367e+03   7.89996719e+01
   5.00452100e+03   2.55297909e+01   6.53770828e+01   1.49586415e+00
   2.02051139e+00   5.54777283e+02   1.00282207e+04   2.48633987e+02
   6.68567085e+00   2.07100296e+02   1.27698376e+03   7.42864838e+01
   1.27985489e+00   1.30910511e+01   6.97268448e+01   1.87435583e+03
   1.31005811e+03   4.89808685e+02   0.00000000e+00   0.00000000e+00
   1.63689499e+02   2.07447845e+02   7.70513916e+00   7.65462065e+00
   6.82083313e+02   3.78469940e+02   8.98259961e+03   5.77626407e-01
   2.33056381e+02   8.10993195e-01   9.98153687e+01   0.00000000e+00
   9.27316309e+03   0.00000000e+00   1.09341777e+04   1.91428471e+01
   2.59375343e+01   0.00000000e+00   8.24136138e-01   5.03849316e+03
   3.20563599e+03   2.92318066e+03   4.35869415e+02   5.35361328e+01
   2.28200415e+03   3.95253220e+01   9.51828480e+00   1.08776665e+02
   1.50701538e+02   0.00000000e+00   2.18121815e+01   1.24033604e+01
   2.11094803e+02   2.11008625e+01   2.56075726e+01   4.36202490e+03
   2.96576157e+01   7.08852600e+02   2.60155457e+02   2.56220825e+03
   9.10213745e+02   1.17032373e+03   5.89307178e+03   1.02392212e+02
   1.57557080e+03   8.05408955e+00   1.29866577e+02   0.00000000e+00
   2.80000806e+03   1.65171599e+00   3.81148413e+03   6.44187698e+01
   5.03944061e+02   5.23880730e+01   7.24252558e+00   1.10614218e-01
   2.57780542e+03   2.62568245e+01   4.08194351e+00   8.00906601e+01
   4.99210107e+03   4.91641846e+03   6.66329639e+03   6.19490910e+00
   3.67814484e+01   0.00000000e+00   4.70636711e+01   1.56277924e+02
   3.35227936e+02   3.48472519e+01   0.00000000e+00   2.57488953e+02
   1.95575958e+02   0.00000000e+00   1.13636223e+02   2.46523169e+03
   2.47496033e+01   1.40629822e+02   2.03271561e+01   1.03865913e+02
   3.90029287e+00   1.11702943e+00   2.46157513e+01   2.32616562e+02
   8.15550919e+01   1.32347783e+04   3.20873108e+01   5.75163281e+03
   9.90440552e+02   1.03272827e+03   1.88135352e+03   3.64463310e+01
   2.13909668e+03   3.76698212e+02   7.38211487e+02   1.41540289e+01
   4.63113365e+01   3.54112387e-02   1.68759811e+02   1.78132172e+01
   0.00000000e+00   2.60101938e+00   1.49969604e+02   1.24722321e+02
   1.78924088e+02   1.12007935e+03   8.16673291e+03   2.60394688e+01
   9.68803406e+01   2.26802044e+01   2.97859894e+02   3.29656935e+00
   5.84010363e+00   8.78880859e+03   2.23605118e+01   9.02159348e+01
   2.41431465e+01   6.81389465e+02   3.23700562e+03   1.55933884e+02
   3.88838574e+03   1.92615311e+02   2.80864811e+00   2.91760182e+00
   1.76140898e+04   6.94236389e+02   7.94894409e+01   7.75966167e+00
   4.43439728e+02   2.44927124e+02   5.61895728e-01   2.61699085e+01
   1.01968050e+01   5.88026306e+02   4.12296680e+03   4.82102089e+01
   8.14920807e+01   1.60330981e+03   6.85750793e+02   4.41041985e+01
   2.85526733e+01   1.02721106e+03   1.03001709e+04   2.86205273e+01
   1.30284271e+01   2.30772552e+01   4.39295502e+01   3.43342621e+02
   4.94756851e+01   5.82324743e+00   6.41655615e+03   4.81361572e+03
   8.78449316e+03   8.73302460e-01   3.10308411e+02   8.99792786e+01
   1.53907153e+03   4.81156588e+00   7.23278015e+02   3.13155487e+02
   1.60785923e+01   9.98130957e+03   1.21374443e+02   1.74682593e+03
   8.45871925e-01   3.75501068e+02   4.19118423e+01   1.94944168e+02
   7.78322217e+03   6.13543415e+00   9.05759888e+01   4.00998926e+00
   4.89215761e-01   3.95196014e+02   2.64033173e+02   2.90123367e+01
   1.06870598e+02   3.79291260e+03   3.78876001e-01   1.23435071e+03
   3.20493561e+02   3.83029572e+02   3.54139355e+03   3.88427551e+02
   4.15165430e+03   2.52016953e+02   2.97074890e+02   6.55108490e+01
   1.61498764e+02   2.00051416e+03   1.20976532e+02   4.72218896e+03
   5.20113707e+00   4.35775566e+00   2.39060745e+01   3.76406226e+03
   2.42980118e+02   1.97760124e+01   6.40471878e+01   2.47239530e-01
   2.61314844e+03   4.32872772e+02   5.20050781e+02   5.96985498e+03
   1.98884705e+02   7.65800934e+01   1.30825037e+03   2.83662061e+03
   7.51238838e-02   4.49583887e+03   4.31656218e+00   2.97894653e+02
   0.00000000e+00   9.65835742e+03   1.34493093e+01   1.78566833e+02]
[  2.03410606e+01   6.06997742e+02   6.81181564e+01   3.47330444e+02
   1.03036430e+02   7.80701538e+02   8.14320145e+01   2.13255371e+02
   2.12215729e+01   8.64288483e+01   1.50400977e+03   4.99181213e+02
   2.38294312e+03   1.47371780e+02   2.78899341e+03   2.32956985e+02
   1.18097601e+01   2.78890350e+02   5.64317078e+02   3.05459595e+02
   1.53505707e+02   2.31324825e+01   3.25468359e+03   7.98085251e+01
   7.08004379e+01   1.29688482e+01   5.48994827e+01   3.15850258e+01
   5.41888770e+03   1.40587778e+01   6.40546036e+00   3.01788197e+01
   3.86642261e+03   1.80315262e+02   1.61788197e+01   5.16605103e+02
   6.11864600e+03   1.04169531e+01   2.35940385e+00   1.83722668e+03
   4.42280908e+03   4.88596802e+02   2.33035946e+00   0.00000000e+00
   9.02879953e-01   3.88183136e+02   2.48316675e+03   4.69575348e+01
   1.92584019e+01   4.87681236e+01   7.43302917e+01   1.30928055e+02
   7.91027283e+02   6.16166870e+02   4.10791534e+02   3.53050977e+03
   9.59763050e+00   4.18040733e+01   2.02710828e+03   3.55124561e+03
   1.80855115e+03   2.85527100e+02   5.59089502e+03   2.19855547e+00
   4.61632204e+00   2.12541885e+02   2.70813923e+01   2.76155090e+02
   4.43241739e+00   2.98056274e+02   1.09648047e+03   1.02649915e+03
   2.73406921e+02   2.79383984e+01   1.15525185e+02   1.11192578e+03
   4.69749908e+01   4.95678406e+02   3.43994019e+03   6.05127382e+00
   9.35962677e+00   2.98659485e+02   2.78977954e+03   3.11157265e+01
   1.29561853e+03   5.35893799e+03   4.91434174e+01   4.51329956e+01
   3.14365112e+03   1.85760712e+02   3.52550781e+02   4.34832916e+02
   0.00000000e+00   2.63991284e+03   2.09490108e+00   1.71696224e+01
   2.66752533e+02   3.95974731e+03   1.43277359e+02   6.73275986e+01
   6.10211229e+00   4.61274910e+01   7.92114868e+01   1.12801199e+01
   1.44677197e+03   1.13239074e+00   1.15125877e+02   4.53399658e+03
   3.65978320e+03   9.98301697e+01   4.29194275e+02   2.24335175e+01
   1.86790759e+03   1.04266455e+03   4.00082001e+02   8.72908890e-01
   2.90297432e+01   1.97665863e+01   1.97331628e+03   2.03674984e+01
   8.32886887e+01   2.19970190e+03   0.00000000e+00   2.03683720e+01
   5.43630562e+01   3.66985870e+02   1.21544952e+02   2.31481720e+02
   4.66533105e+03   1.08409047e+00   2.37056351e+02   2.15409888e+03
   1.02840393e+03   1.66319466e+01   9.67683984e+03   5.82025337e+00
   2.80841541e+01   3.97047852e+02   5.30583191e+01   7.56869555e+00
   4.14724561e+03   0.00000000e+00   7.41237549e+02   1.16559105e+02
   2.34173035e+02   7.01229143e+00   1.33007789e+00   6.19116735e+00
   9.58562672e-01   3.99041481e+01   5.04974890e+00   3.78718140e+02
   2.69083130e+02   2.53498584e+03   1.85513519e+02   1.37053271e+03
   7.39006653e+02   7.37628365e+00   1.68503162e+03   4.95789642e+02
   1.37887805e+03   3.45698535e+03   3.71539116e+00   4.17622803e+02
   3.76716699e+03   1.12779370e+03   3.92976105e+02   2.31530914e+01
   4.17190857e+01   1.73702673e+03   6.84263306e+02   1.01230800e+00
   3.84867584e+02   2.83178306e+00   4.14193649e+01   8.37916183e+00
   3.55351949e+00   3.74726465e+03   1.40929382e+02   1.06475172e+01
   1.02144455e+02   3.04896564e+01   6.80989265e+00   3.35289116e+01
   3.96678662e+03   1.93721384e-01   7.40238190e+01   9.09754336e-01
   3.49879384e+00   5.57580795e+01   9.18468189e+00   1.15429031e+02
   4.00110588e+01   1.77508255e+02   4.55745758e+02   1.77289932e+02
   1.74040680e+02   2.24740391e+01   1.06132805e+02   2.22196407e+01
   7.01291275e+01   1.78907120e+02   5.72809505e+00   5.25201654e+00
   6.26664543e+01   3.37914925e+01   4.77139282e+00   2.10180588e+02
   2.61968441e+01   2.55589581e+01   1.59168616e+03   3.12808044e+02
   1.24720180e+00   0.00000000e+00   8.30485840e+01   1.27107269e+02
   3.26578026e+01   8.20242065e+02   2.55852631e+02   9.84435806e+01
   3.02797455e+02   9.27363586e+02   9.28782272e+01   1.19951465e+03
   6.78220673e+01   1.14032507e+01   2.02405591e+03   7.65859222e+01
   2.79220728e+03   3.84430249e+03   2.91152246e+03   6.65690994e+01
   0.00000000e+00   1.21391006e+02   3.41018890e+02   1.33432727e+03
   1.21913440e+03   1.45706606e+01   2.63666382e+03   2.39265884e+02
   1.11237669e+01   9.11994934e+01   4.73012024e+02   0.00000000e+00
   6.60725830e+02   9.05047607e+02   2.78178192e+02   0.00000000e+00
   4.63202881e+02   1.68054569e+00   0.00000000e+00   2.75432159e+02
   1.52562903e+03   0.00000000e+00   1.16956348e+01   6.47460547e+03
   1.47538757e+00   2.19587479e+02   8.34755478e+01   3.21018677e+01
   3.70176294e+03   1.09530255e-01   6.61504443e+03   7.47697372e+01
   2.24578342e+01   6.50335312e+01   3.02225159e+02   1.06411389e+03
   1.04309319e+02   6.86788635e+02   9.32042160e+01   4.67143127e+02
   2.43755832e-01   5.04508078e-01   5.87546043e+01   5.58941803e+01
   2.57528114e+01   1.05822708e+02   9.66207886e+02   7.57138977e+02
   4.83931160e+00   2.67157326e+01   3.85731445e+03   1.24365501e+01
   1.38616097e+00   2.93385352e+03   2.23200470e+02   3.70504832e+00
   3.94265942e+03   9.57193298e+01   1.35231800e+01   6.53907716e-01
   5.18895935e+02   6.81883179e+02   3.95517139e+03   6.45771027e+01
   2.51834595e+03   2.85639740e+02   4.20502357e+01   6.24997437e+02
   2.47195630e+03   9.08695557e+02   3.73384190e+00   4.14332533e+00
   4.41222900e+03   2.98063989e+03   7.66790479e+03   4.63399811e+02
   3.34120345e+00   3.09726654e+02   1.77939529e+02   8.15538788e+01
   8.58614147e-01   1.02614380e+02   4.74166870e+01   8.87388367e+02
   1.32247668e+03   1.08602188e+02   6.86259888e+02   0.00000000e+00
   3.47774053e+00   1.73668713e+03   2.59596329e+01   3.72241992e+03
   6.46816864e+01   2.12926926e+02   8.79049988e+01   1.20884991e+00
   9.82323647e+00   9.82055283e+01   3.48642421e+00   1.01486816e+01
   4.28370514e+01   7.08165665e+01   3.63169434e+02   2.62053547e+01
   4.45271423e+02   6.38096771e+01   1.65768036e+02   2.23102173e+03
   1.34670679e+03   1.25296497e+03   1.79574878e+03   4.63719082e+00
   2.17196487e+02   9.75235962e+02   1.86331738e+03   1.08180962e+02
   1.50409592e+02   3.52913696e+03   1.63637238e+01   0.00000000e+00
   5.43688379e+03   5.22190857e+01   1.15657751e+03   8.64310646e+00
   1.52333264e+03   5.23383728e+02   9.22226028e+01   1.60421753e+02
   5.46779747e+01   6.55068493e+00   1.73545090e+02   1.73305688e+03
   1.37372632e+03   1.47363110e+01   4.14705582e+01   4.47968979e+01
   3.14127598e+01   5.78037167e+00   3.95775464e+03   9.08351660e-01
   6.36641052e+02   1.89048376e+03   0.00000000e+00   4.27010590e+02
   1.01729919e+03   6.85430176e+03   1.12234665e+02   2.50242325e+02
   5.45561584e+02   5.31673927e+01   1.39973038e+02   1.76907444e+01
   1.46464249e+02   1.17772232e+02   3.18024330e+01   2.28739136e+02
   2.05261499e+03   3.10176640e+01   5.43877979e+03   1.39441833e+02
   5.81252686e+02   4.70623684e+00   1.11793208e+00   7.83779984e+01
   3.21699166e+00   3.68775055e+02   1.47704468e+02   3.07494171e+02
   3.32734326e+03   2.23968811e+02   7.85691986e+01   3.64377075e+03
   3.96246118e+03   2.58706207e+02   6.53744690e+02   1.71978009e+00
   8.64230881e+01   7.72390088e+03   1.10796173e+02   7.10691833e+02
   1.43928101e+02   9.60211277e+00   1.40057831e+01   0.00000000e+00
   1.07784717e+03   2.86258350e+03   1.53781946e+03   1.75258386e+03
   1.04016182e+02   4.42199287e+01   6.22872681e+02   0.00000000e+00
   4.06781769e+01   2.12216244e+01   1.43300186e+02   2.02393091e+03
   7.25038086e+02   7.36732544e+02   8.26229785e+03   2.68219852e+01
   8.22979584e+01   2.37481763e+03   4.67220230e+01   2.33375992e+02
   2.40637598e+03   1.64969158e+01   2.76336151e+02   1.92591858e+02
   1.34430342e+01   3.49682846e+01   1.33963287e+02   1.62875595e+02
   1.40091141e+02   1.61295456e+02   1.09961555e+02   9.22062397e-01
   1.96596622e+01   2.49756279e+01   4.39079255e-01   1.35658679e+03
   9.05641992e+03   1.46135327e+03   4.62350883e+01   6.22724365e+02
   7.01303613e+03   1.78863678e+02   1.33936438e+03   1.10422220e+01
   5.97071899e+02   1.00969124e+02   3.22097702e+01   6.44934118e-01
   1.41124695e+03   6.51450256e+02   9.44201736e+01   5.67002783e+03
   7.72907861e+03   8.78988525e+02   4.36194897e+00   4.45940742e+01
   6.89102268e+00   3.16709198e+02   1.23666067e+01   1.02605103e+03
   1.02044945e+02   8.43918979e-01   3.81451340e+01   7.78658009e+00
   1.32002121e+02   7.81347046e+02   1.53345016e+02   8.87099243e+02
   7.57378006e+01   3.82019186e+00   2.71031227e+01   6.18209229e+03
   3.40447760e+00   1.05325714e+02   4.77864136e+02   1.24951672e+03
   1.97972965e+00   7.53443018e-02   2.66355255e+02   7.27726288e+01
   1.44419174e+01   8.56284363e+02   1.19803833e+03   4.21531689e+03
   1.46988989e+03   1.02811256e+02   3.95435394e+02   3.25644653e+03
   8.77528534e+01   0.00000000e+00   1.37809158e+02   3.70775317e+03
   1.06670120e+02   4.14315399e+02   1.46681442e+02   2.86689209e+03]
[  6.35369202e+02   4.37471657e+01   7.80808508e-01   4.69425535e+00
   2.28422546e+01   1.56277014e+03   7.54589386e+01   2.80097122e+01
   1.22523594e+01   4.85845154e+02   5.95991859e+01   6.16830101e+01
   5.97419617e+02   1.75963696e+03   2.09803970e+02   0.00000000e+00
   4.14091339e+01   7.23829285e+02   1.00508453e+02   1.65099651e-01
   2.23632641e+01   3.24008322e+00   9.11391754e+01   1.35873401e+03
   3.72050971e-01   6.45287132e+00   3.98051786e+00   4.67177124e+01
   2.54771729e+01   1.46421967e+02   1.53593616e+01   4.69828248e-01
   2.13967575e+02   2.83960762e+01   2.16877539e+03   1.97033984e+03
   1.65823917e+01   2.12142749e+03   1.21583519e+01   8.59074783e+01
   9.16737843e+00   3.12997246e+01   3.21043968e+00   4.01156693e+01
   1.20726919e+01   6.49556808e+01   4.81297699e+02   1.28271729e-01
   1.04503761e+02   4.25256996e+01   8.54955383e+02   0.00000000e+00
   5.17418327e+01   5.62350922e+01   1.34392947e-01   2.21290760e+01
   8.07355690e+00   1.07772846e+01   1.20519196e+02   1.61481796e+02
   9.12520123e+00   4.76502724e+01   1.58350363e+01   1.41232996e+01
   3.89360275e+01   2.46486301e+01   1.20909042e+02   1.95764771e+01
   1.09653845e+01   3.53616791e+01   1.04097805e+01   1.56263049e+03
   5.76019783e+01   1.13570029e+04   1.32131702e+03   6.12656116e+00
   2.20873718e+01   8.31552124e+00   7.42162170e+01   1.19598436e+01
   8.51906204e+00   6.13835411e+01   1.63191624e+01   2.19790287e+01
   4.44621277e+01   2.10586548e+00   1.61371082e+03   1.41072903e+01
   1.32629028e+02   4.30165291e+00   6.51142654e+01   2.14872532e+01
   3.91287117e+01   2.33722382e+02   1.46271408e+02   5.76267357e+01
   5.15608978e+01   4.06786804e+01   1.23003082e+02   1.16972000e+02
   4.99154180e-02   2.64290791e+01   5.18718948e+01   3.97973175e+01
   3.45440598e+01   2.44544601e+01   3.22819638e+00   2.12055908e+03
   2.75707779e+01   2.19222382e-02   3.19861694e+02   6.49377060e+00
   1.17761984e+01   8.37703934e+01   0.00000000e+00   9.07222629e-01
   9.64716625e+00   5.84507370e+01   2.52411328e+03   3.86643720e+00
   2.35496140e+02   4.10073471e+01   1.25001354e+01   5.60113144e+00
   7.12055922e-01   1.38630811e+04   2.55807066e+00   3.21998367e+01
   9.17726807e+02   1.76050964e+02   2.62619209e+01   1.80935715e+02
   3.54650635e+02   2.74881477e+01   2.39761133e+03   4.35040331e+00
   2.34939361e+00   3.22598038e+01   2.29456689e+03   7.84945450e+01
   8.75641632e+00   1.25749988e+03   5.09326601e+00   7.83734436e+02
   1.42882767e+01   1.03386459e+02   1.09618073e+01   1.65028336e+02
   5.02541534e+02   6.35091324e+01   3.50016518e+01   4.76936829e+02
   1.91870804e+01   8.57393646e+01   9.80208374e+02   4.56972237e+01
   2.23097038e+01   0.00000000e+00   8.85530949e+00   1.57398267e+03
   4.89181641e+03   3.52206055e+03   5.04865885e+00   3.68241119e+01
   5.09285316e+01   9.13741779e+00   5.68471107e+01   3.56960449e+01
   9.75273514e+00   1.40804195e+01   5.74437828e+01   1.04207791e-01
   0.00000000e+00   9.47920898e+02   1.33341684e+01   8.58803177e+01
   5.71165323e+00   5.30021667e+00   6.99780426e+01   1.00792285e+03
   3.50822144e+02   2.38355007e+01   8.34958435e+02   2.01339767e+02
   1.26501526e+02   8.26359863e+01   1.95343757e+00   3.26814651e+00
   1.35733383e+02   1.33948914e+02   1.00497543e+02   1.90237987e+00
   5.24691748e+03   3.72508392e+01   1.02492273e+00   2.64226799e+01
   2.68416386e+01   1.75475941e+01   6.85469284e+01   2.08719580e+03
   2.12647209e+01   3.09157801e+00   1.20661487e+03   7.18742676e+01
   3.10722208e+00   1.82252064e+01   1.79012830e+03   1.46124821e+01
   7.49582596e+01   2.09814499e+02   1.23327667e+02   5.57869577e+00
   3.96721344e+02   3.71142883e+01   1.05633583e+02   2.06596710e+02
   0.00000000e+00   1.07382301e+02   1.97598181e+03   5.46034729e+02
   0.00000000e+00   6.77928257e+00   1.54821844e+01   2.30415344e+01
   4.78604088e+01   9.57627258e+02   9.42983170e+01   5.40549774e+01
   3.82156372e+00   6.46814575e+01   1.10020971e+01   1.57366101e+03
   7.17690735e+02   1.35306567e+03   0.00000000e+00   0.00000000e+00
   1.25163536e+02   2.84743359e+03   2.13638330e+03   1.13345175e+01
   9.88313675e+01   5.81513481e+01   1.02469185e+02   1.77865324e-03
   4.47350597e+00   0.00000000e+00   1.67559631e+03   4.25386369e-01
   2.40517563e+02   4.01063881e+01   1.28501978e+03   3.95456734e+01
   3.01261044e+01   1.18231958e+03   6.35553589e+02   8.09990883e+00
   2.91274586e+01   4.16361198e+01   1.63774561e+03   9.00381546e+01
   8.09034653e+01   1.57695522e+01   5.42500671e+02   3.58848915e+01
   2.04608154e+01   0.00000000e+00   2.75931519e+02   5.42956018e+00
   4.47949743e+00   4.30687981e+01   2.59063013e+03   6.83674255e+02
   6.45048904e+01   2.56609464e+00   1.21795982e+02   4.26839714e+01
   3.03930450e+02   7.58502426e+01   2.25052204e+01   1.23474681e+00
   1.06367346e+03   1.28773849e+02   2.63385048e+01   1.82813208e+03
   1.07671577e+02   2.18244839e+01   7.65978050e+00   5.46394844e+01
   1.19893166e+02   3.70569305e+01   1.56343616e+03   4.32044182e+01
   3.49341011e+01   3.80680504e+01   3.79012756e+01   2.22771545e+02
   2.09843712e+01   1.33949670e+03   3.81245956e+01   4.83707471e+03
   2.56197235e+02   1.95303268e+01   2.13210449e+03   3.79563232e+02
   3.30226959e+02   1.34714264e+02   1.21562290e+01   3.41707916e+02
   5.72590981e+01   8.98253326e+01   3.50353122e-01   2.78155994e+01
   1.68726578e+01   6.83836441e+01   1.84563318e+03   2.85316219e+01
   2.25869995e+03   1.14842474e+00   7.00535522e+02   5.72404137e+01
   1.87872406e+02   6.36061058e+01   9.54761887e+01   3.14682587e+02
   7.27355194e+01   6.34687233e+01   2.28515339e+00   8.32294464e+01
   3.74727211e+01   2.49707127e+01   2.90792167e-01   6.58819294e+00
   0.00000000e+00   1.50250900e+02   2.51465201e+00   5.36997131e+02
   8.31334472e-01   1.22584755e+02   5.66677361e+01   4.11914368e+02
   4.69570656e+01   5.33512495e-02   1.80963303e+02   1.51548653e+01
   0.00000000e+00   8.80055714e+00   6.43820572e+01   1.41727753e+01
   8.34581757e+00   2.65425358e+01   2.90414429e+01   1.17506495e+01
   3.01691651e-01   9.52153244e+01   2.04148636e+01   4.91823779e+03
   8.47614899e+01   8.45161743e+01   1.00313553e+02   1.49445953e+01
   2.06938326e-01   1.22280411e+02   6.94475937e+01   1.01184776e+02
   1.29958276e+03   7.74979591e+00   3.30513496e+01   2.31757927e+00
   1.60089508e+02   2.71005878e+01   6.13174736e-01   3.21525940e+02
   5.39101257e+01   0.00000000e+00   3.40766335e+01   3.42343307e+00
   2.90018896e+03   1.00791464e+01   1.21572475e+01   1.58918352e+01
   2.25484333e+01   2.74909863e+03   1.00388403e+03   0.00000000e+00
   2.67200684e+02   7.57367630e+01   1.48596458e+01   2.90205622e+00
   2.34509964e+01   0.00000000e+00   1.69009229e+03   3.80123711e+01
   7.37289581e+01   7.12165527e+01   1.87026379e+03   8.93703430e+02
   2.52320511e+02   3.36953773e+01   6.82014847e+01   1.53736963e+03
   9.21613770e+01   4.74005394e+01   9.01280594e+00   4.22908020e+00
   1.14787415e+02   1.53536792e+03   5.79184265e+01   7.73663940e+01
   4.52287407e+01   1.18928017e+02   7.02251465e+02   9.67856262e+02
   4.06457329e+00   8.77876465e+02   4.63490448e+02   2.08285108e-01
   6.45910263e+01   7.45766926e+00   1.55574048e+03   3.74876595e+01
   6.24750549e+02   2.67464256e+01   1.34349655e+02   6.40341043e+00
   5.46759987e+01   1.40971521e+03   1.33257629e+02   4.97656860e+01
   1.09875791e+04   4.07421234e+02   8.13326950e+01   1.89383106e+01
   7.50146484e+01   1.35977380e+03   4.71306267e+01   2.00624512e+03
   1.51649072e+03   7.63934479e+01   3.95223694e+01   2.95377846e+01
   1.96234107e+00   7.95513062e+02   1.93243301e+02   4.06182060e+01
   1.85424595e+01   6.96032028e+01   1.54522777e-01   9.68464966e+01
   1.67949963e+01   1.17920523e+01   2.47722197e+00   3.54125328e+01
   1.24960537e+01   1.41277023e+02   2.25709686e+01   2.97257861e+03
   4.67909126e+01   3.59943604e+03   2.59081604e+02   2.18413544e+01
   6.36147614e+01   5.92402954e+02   5.32470245e+01   2.08403587e+01
   1.02454260e+03   4.84761864e-01   1.37261206e+03   1.88776932e+02
   2.56526756e+00   4.55572548e+01   1.07301506e+02   1.46246017e+02
   9.49911804e+02   2.09572925e+03   1.22356972e+02   1.38203406e+03
   3.41597870e-02   8.79337788e-01   1.73780956e+01   6.81423068e-01
   7.15749893e+01   4.09898605e+01   1.79252124e+03   0.00000000e+00
   1.51302490e+02   9.08328724e+00   7.99581451e+01   2.45193701e+03
   1.04860916e+01   0.00000000e+00   6.40450211e+01   8.07612228e+01
   3.80266075e+01   1.39367505e+03   8.06054382e+02   1.54411816e+03
   1.54263440e+03   2.07473648e+02   1.07543617e+02   2.55786686e+01
   2.42653174e+03   7.68943882e+00   2.58501482e+00   1.38077490e+03
   5.06524162e+01   1.70660904e+02   6.54688740e+00   1.32353302e+02
   1.38383313e+03   5.02455414e+02   1.90533545e+03   2.64960837e+00]
