bicycle
bus
car
motorbike
person
[ 19542284.    12765079.    27434020.    20973058.    28737780.    11659094.
   9142611.     3340213.    15455120.    11808433.    12003220.    16060678.
  11478009.    10701648.    17070550.    13326777.    18683580.    14289224.
  33187808.    11020771.     8460911.    18001110.     7866032.5   21062136.
   7647455.5   17827846.    12040153.    11773388.     5552460.    10716110.
  19721438.    25960872.    35474816.     3684555.5   30884446.     6129787.
  13976436.     4709528.5   16696501.     2111256.25  14351699.    15750157.
  41994500.    36045744.    22169958.    19026864.    13643356.    18531742.
   3228360.    27949316.    35235072.     8081043.5   10961659.     9272479.
  12718147.    11565619.    21755342.     9483983.    13447060.
   4038229.25   8345501.5    5352550.5   17727788.     3531367.5 ]
[  3.45020560e+07   1.03403240e+07   3.10499220e+07   6.23190062e+05
   8.88079600e+06   4.23537950e+06   1.30561110e+07   1.52249580e+04
   1.25097480e+07   8.86441500e+06   2.76363220e+07   2.75073640e+07
   1.08037836e+05   3.73564550e+06   1.85942660e+07   1.02083170e+07
   6.22292650e+06   4.08069000e+07   2.47049340e+07   7.69652450e+06
   3.60473188e+05   3.11359740e+07   3.12824375e+06   2.50352500e+07
   3.92837031e+05   2.36058440e+07   5.19334150e+06   1.16233175e+06
   1.56974750e+07   2.49408340e+04   2.62213000e+07   9.93430078e+04
   2.91297325e+06   1.75245020e+07   1.32335170e+07   4.37726350e+06
   3.70621562e+05   8.91204200e+06   2.47641820e+07   2.04772000e+07
   1.08383150e+07   2.54256325e+06   3.56611075e+06   8.21078200e+06
   4.08421720e+07   2.34421080e+07   4.99260781e+05   4.02618120e+07
   2.07087320e+07   6.23777400e+06   2.13132840e+07   2.20321420e+07
   4.02926280e+07   2.05426020e+07   1.30879138e+06   2.05676840e+07
   1.16439530e+07   4.93265360e+07   3.88798775e+06   1.45023740e+07
   3.15128740e+07   2.33201440e+03   1.27314460e+07   4.27149360e+07]
[  3.56074125e+06   1.05869970e+07   9.15907891e+04   3.41270094e+05
   1.10795414e+05   1.72830859e+05   2.35103719e+05   3.58568175e+06
   6.81743672e+04   1.49295712e+06   6.44082100e+06   7.40000125e+05
   2.01562325e+06   2.00208712e+06   3.71841445e+04   2.56073266e+05
   3.09003825e+06   6.49448375e+05   1.26342675e+06   4.91012400e+06
   1.47132462e+06   8.38310156e+04   1.05424720e+07   1.19225580e+07
   8.88000200e+06   0.00000000e+00   9.00395688e+05   2.68516600e+06
   9.30843188e+05   6.71852550e+06   5.78592461e+04   8.15822850e+06
   1.22159750e+06   3.77147475e+06   2.81690400e+06   4.85536000e+06
   8.63748500e+05   1.72661800e+07   2.81903725e+06   6.83494141e+04
   7.16358800e+06   4.75335650e+06   4.28395400e+06   1.29553120e+07
   3.02424500e+06   4.75551281e+05   1.21699960e+07   5.83102344e+04
   2.66250600e+06   8.00486312e+05   1.87564538e+06   1.51588297e+05
   3.29216850e+06   1.52920138e+06   1.48284820e+07   9.59551700e+06
   9.08989938e+05   7.14106328e+04   1.75520328e+05   7.47616500e+05
   1.68940738e+06   1.43321160e+07   9.47246300e+06   3.62728300e+06
   1.71764380e+07   2.65839625e+06   1.24634240e+07   6.31522300e+06
   5.73384750e+05   1.54531338e+06   7.76604250e+06   9.70440600e+06
   1.63906125e+06   9.13702938e+05   0.00000000e+00   3.81925825e+06
   1.49815297e+05   5.77762400e+06   4.01564525e+06   3.56871156e+05
   7.49035938e+04   4.01680800e+06   3.31987150e+06   3.08917148e+04
   4.42091500e+06   6.11804650e+06   4.49280900e+06   2.93820273e+04
   5.84854400e+06   1.22957775e+06   6.94226550e+06   4.94320500e+06
   1.57980238e+06   4.62770150e+06   1.04068594e+06   7.39781400e+06
   4.14463789e+04   3.63025925e+06   1.02855644e+06   2.57702375e+05
   4.28759950e+06   4.64519000e+05   5.21276500e+05   2.32285350e+06
   7.01884326e+03   1.14811538e+06   2.30828812e+05   7.49958750e+05
   2.77180525e+06   3.30387750e+05   1.60275125e+05   6.31029450e+06
   7.94986438e+05   5.71877300e+06   7.08814500e+06   6.89147100e+06
   1.69770112e+06   9.98867250e+05   3.15695275e+06   1.35685962e+06
   2.95782850e+06   4.90377650e+06   2.50572438e+05   5.54355350e+06
   2.63569025e+06   4.51717969e+04   2.07467980e+07   4.17117090e+03]
[  4.36192400e+06   2.98043925e+06   2.06092516e+05   1.24484577e+01
   2.44429180e+04   3.88085825e+06   1.18467412e+06   1.49011688e+06
   1.38239720e+07   5.15151300e+06   8.39589700e+06   6.96390300e+06
   2.10707425e+06   8.76176500e+05   5.17614160e+03   2.72508425e+06
   2.53762125e+06   3.85062975e+06   2.72267000e+06   2.89480371e+04
   9.50703200e+06   3.89619275e+06   1.33788462e+06   1.96388000e+05
   9.37002812e+05   7.76386625e+05   1.26436388e+06   5.95122450e+06
   2.87584375e+05   6.60778300e+06   5.44432109e+04   1.41143620e+07
   4.36658950e+06   5.44244812e+05   1.95902238e+06   2.88800300e+06
   3.41890400e+06   1.11670690e+07   2.45557734e+05   4.89188867e+04
   9.83418688e+05   9.00365547e+04   2.68143438e+04   8.03830125e+05
   8.04595000e+05   8.07995800e+06   5.83750150e+06   6.76471050e+06
   3.50538225e+06   1.54166890e+07   1.97647512e+06   4.79317300e+06
   4.66137650e+06   1.62143738e+06   5.06876469e+05   2.10522156e+05
   6.32681650e+06   1.09520150e+06   6.94844727e+02   3.40069650e+06
   4.15408625e+06   5.43245550e+06   7.58158100e+06   3.86139025e+06
   4.76819906e+05   1.12584280e+07   2.55243672e+05   4.58838550e+06
   3.40394075e+06   7.74709000e+06   1.60621262e+06   1.29378550e+07
   9.80249400e+06   4.45378000e+06   1.81936540e+07   1.51665784e+03
   4.76355650e+06   1.75590788e+06   1.53580720e+07   3.51800225e+06
   3.34770425e+06   8.52013906e+04   9.99229600e+06   3.14059475e+06
   1.21579016e+05   6.17208800e+06   1.23928062e+06   2.89085225e+06
   1.60855391e+05   1.15409138e+06   1.56965438e+05   5.75447950e+06
   4.17654531e+05   1.11194890e+07   8.08103500e+05   3.36983375e+06
   4.30768719e+05   6.86491800e+06   1.55336738e+06   1.32019850e+07
   3.56304312e+05   1.89497344e+05   1.46878570e+07   2.08767637e+04
   1.28407555e+05   1.43614390e+07   2.73913650e+06   5.75535300e+06
   9.57616000e+06   4.88331600e+06   2.94738135e+03   5.00342600e+06
   4.05986594e+05   2.25862580e+07   4.85085000e+06   1.70134438e+06
   1.03210744e+06   4.62683550e+06   1.27027664e+05   8.26348047e+04
   1.31432690e+07   2.92476025e+06   2.33333320e+04   6.03735050e+06
   5.06999400e+06   1.81135150e+06   1.17465330e+07   7.31714450e+06]
[  0.00000000e+00   5.25683936e+03   1.26189700e+06   3.11582578e+04
   1.03006653e+03   2.93984668e+03   9.92780469e+03   1.45932043e+03
   2.85033925e+06   1.89207969e+04   9.98749512e+03   8.56215527e+03
   1.37542419e+02   1.88301531e+05   6.11260898e+04   5.12421367e+04
   8.82393984e+04   8.31920688e+05   8.34603613e+03   1.23264008e+05
   2.15267914e+02   2.29909473e+04   3.05597188e+05   1.59866680e+04
   1.36366299e+04   4.02687939e+03   2.40819225e+06   0.00000000e+00
   8.18832959e+03   8.77557500e+04   1.58575391e+03   1.23149756e+03
   6.40919434e+02   8.16703938e+05   1.03140133e+05   1.54061550e+06
   1.98230938e+06   1.84699141e+04   6.17878296e+02   1.29551055e+04
   5.65002930e+03   1.42308472e+03   1.92041328e+04   4.87371875e+05
   1.38501045e+04   1.39183911e+03   1.03779199e+03   3.49840332e+02
   1.06722359e+05   5.83283242e+04   9.71703359e+04   5.71190125e+02
   1.51352662e+06   2.26375031e+05   2.85784149e+02   1.06752531e+05
   6.30121125e+05   9.54275188e+05   1.62923564e+04   2.12615250e+02
   1.68155938e+05   6.96125781e+04   3.77267125e+05   2.02629750e+05
   5.13375435e+01   4.39424531e+04   5.12109912e+03   4.09954199e+03
   6.93857129e+03   2.89527344e+05   1.51039662e+06   1.97031025e+06
   4.75041103e+00   3.37760898e+04   3.93796082e+02   1.95501343e+03
   6.64540547e+04   6.59860000e+05   6.06497500e+05   1.59162969e+05
   3.09289406e+05   3.46488867e+04   4.89832617e+04   1.85717908e+03
   1.87908550e+06   2.78473125e+06   4.41636938e+05   1.58849875e+06
   1.79253359e+05   3.33826080e+02   2.05961270e+04   1.44246547e+05
   4.85917000e+05   2.47716133e+04   0.00000000e+00   1.31283926e+04
   4.91936035e+03   1.04784712e+06   1.56136438e+03   6.00485195e+04
   5.65446836e+04   2.66389141e+04   1.59234188e+06   1.47876219e+05
   7.61064355e+03   2.15376230e+04   2.28462363e+04   1.17908618e+03
   5.36270569e+02   2.83094250e+05   1.21771200e+06   4.92853320e+04
   6.74739695e+00   5.12459336e+04   4.33877070e+04   4.35979102e+03
   3.59613075e+01   2.62214609e+04   2.60256763e+03   2.51124325e+06
   6.09928438e+04   1.09940176e+01   2.80394277e+04   8.51243262e+03
   1.05663926e+04   9.41285812e+05   1.13651599e+03   7.48796654e+00
   9.22865438e+05   5.29210156e+04   4.00876875e+04   3.12619941e+04
   1.29114785e+04   1.59810888e+06   1.34812134e+03   8.48386914e+03
   3.37014100e+06   4.55363875e+05   4.08863359e+04   0.00000000e+00
   2.53900449e+04   5.19325146e+03   3.50940625e+04   1.01631844e+06
   1.74601880e+03   1.83004275e+06   1.38646875e+04   4.61715137e+03
   3.51500656e+05   4.24116553e+03   7.11721924e+03   7.11063525e+03
   1.05254461e+05   1.99586375e+05   9.28537188e+05   1.40191924e+04
   1.69225996e+04   2.77183375e+05   1.19291438e+06   4.16420312e+05
   3.88542554e+03   2.68159375e+05   1.08546925e+06   2.14418770e+04
   8.59040625e+04   3.01607200e+06   1.32423912e+06   4.19688719e+05
   1.27509031e+05   1.89604212e+06   1.80494825e+06   1.58029266e+02
   1.12256387e+04   5.88287562e+05   1.43816377e+04   5.37928047e+04
   1.41754488e+06   1.95344219e+04   2.57213300e+06   1.06684367e+05
   4.20728969e+05   1.23750180e+05   3.70443344e+05   3.69011562e+04
   1.63684980e+04   3.11010645e+04   1.44272234e+05   3.59488398e+04
   7.77237438e+05   4.88540430e+04   1.20709160e+04   2.33902725e+06
   6.45241089e+01   1.10353762e+06   9.41928711e+01   2.13714950e+06
   1.81089727e+04   5.98638000e+05   2.02601450e+06   9.82956812e+05
   9.89333130e+02   1.63865975e+06   1.75572538e+06   5.40191406e+02
   2.68141469e+05   1.59422803e+03   1.47690295e+03   1.52315703e+04
   1.67220117e+03   7.41541438e+05   7.23359062e+05   1.40788862e+06
   7.61295557e+03   5.44025078e+04   2.53485565e+01   7.13697422e+04
   2.47937539e+04   1.04088469e+06   7.65519141e+04   2.83374463e+03
   2.61713110e+03   5.37245264e+03   1.71810901e+03   3.05129406e+05
   6.70899750e+05   0.00000000e+00   4.65544531e+03   9.43574844e+04
   1.01896106e+03   7.83065938e+05   3.90343555e+04   1.12693642e+02
   1.01882062e+06   1.74491504e+04   1.06647812e+06   3.63468140e+02
   2.75860620e+03   1.23628305e+05   8.67508062e+05   7.20666260e+02
   6.16907562e+05   1.17888512e+06   7.75054443e+03   4.68139526e+02
   1.51889531e+05   6.31187031e+04   2.72510312e+04   7.01071924e+03
   5.87858438e+04   2.14432547e+05   1.50415537e+04   3.10745312e+03
   3.51726797e+04   9.43666992e+01   2.44927637e+04   5.15358562e+05]
[  1.84076812e+06   9.32548730e+03   1.64452466e+03   3.11052515e+03
   1.65961750e+06   1.77577362e+06   3.17893281e+05   1.43739075e+03
   4.36936406e+04   2.85840747e+03   3.73372681e+03   2.71050137e+04
   2.30495234e+04   6.36980195e+04   1.04346318e+04   9.69294824e+03
   2.67741211e+02   3.72743561e+02   1.36271362e+06   1.51099031e+05
   0.00000000e+00   6.23090454e+02   3.04556702e+02   3.91733688e+05
   5.11374779e+01   6.85812061e+03   0.00000000e+00   3.84194781e+05
   2.42760664e+04   9.23985046e+02   7.57580000e+04   2.44117109e+04
   1.88648242e+04   1.33780312e+05   1.53153984e+04   5.90412422e+04
   1.28976191e+04   1.17649744e+03   1.16729189e+04   1.02532368e+01
   1.62438766e+05   4.34214492e+04   9.24801074e+03   1.06157734e+04
   1.97510918e+04   3.01890000e+04   3.83592344e+05   6.02638594e+04
   2.31853438e+05   1.71683069e+03   3.61627734e+04   1.42695300e+03
   1.09498315e+03   2.50319863e+04   3.10970281e+05   3.58530469e+05
   1.04324141e+05   3.74824469e+05   3.12433555e+04   2.12233688e+02
   6.11749121e+03   1.65329344e+05   3.15101471e+02   1.72905334e+02
   7.86487389e+00   5.96929844e+04   2.47690406e+05   3.94767212e+02
   2.80368140e+03   9.41339219e+04   9.01444562e+05   2.66072314e+03
   4.89005742e+04   2.20208730e+04   7.93941797e+04   1.24094508e+05
   1.16229102e+05   1.04776611e+04   8.05918828e+04   4.56625781e+05
   1.93326431e+02   1.29933770e+04   8.98518562e-01   9.36615625e+04
   1.89047229e+03   4.87613711e+04   1.22417554e+03   2.29466582e+04
   2.36382695e+04   3.43385117e+04   3.37719844e+04   7.75829736e+03
   8.50498906e+04   3.22048750e+05   8.69154492e+03   1.75879021e+01
   1.40979141e+05   2.68619518e+01   2.18571309e+04   1.12514891e+05
   3.10494360e+03   6.91724531e+04   1.03406650e+06   2.13098068e+02
   3.21735107e+03   8.13470547e+04   9.43988125e+04   1.12927117e+05
   8.03057734e+04   1.61738700e+06   3.51411792e+03   9.42823500e+05
   2.76263332e+01   2.48286011e+03   4.36597949e+03   2.58664492e+04
   2.58158276e+03   1.51955088e+04   8.90704531e+04   1.34950688e+05
   1.12346074e+04   4.62911438e+02   2.25189082e+04   5.77851500e+05
   6.88345508e+03   2.95743164e+03   1.40573301e+01   6.05828242e+04
   1.56123254e+03   1.71716350e+06   6.12473203e+04   8.43198047e+03
   1.69710039e+04   1.44044612e+06   1.98703271e+03   2.90198359e+04
   5.41228047e+04   8.31792625e+05   6.22411328e+03   4.36666298e+00
   1.44496202e+01   5.56708545e+03   2.23895352e+04   5.53186562e+04
   9.48999691e+00   1.12851367e+04   2.39294995e+03   0.00000000e+00
   0.00000000e+00   1.49682385e+03   8.69832886e+02   1.24216914e+04
   8.96482812e+05   1.08944289e+05   1.32817749e+03   3.92108000e+05
   1.31094141e+03   1.15686760e+01   5.46643984e+04   1.30636088e+06
   6.13222852e+03   6.62851660e+03   4.42441748e+03   2.50220578e-02
   2.42471875e+05   0.00000000e+00   1.74749281e+05   7.28015088e+03
   3.44373719e+05   1.84135288e+06   1.39850571e+02   2.63275032e+01
   1.20261416e+04   5.09118250e+05   6.75008938e+05   5.62529980e+03
   5.56360107e+03   3.42935693e+03   2.68060195e+04   1.22380684e+02
   7.68485693e+03   1.74719414e+04   9.82110748e+01   3.31534102e+04
   4.97378464e+01   6.14480127e+03   1.60333984e+05   2.10376562e+04
   5.85894238e+03   4.82206696e+02   6.43535250e+05   3.39377075e+03
   3.30757751e+02   1.71030488e+04   1.08409352e+05   1.15037471e+04
   9.71030234e+04   5.01275469e+04   6.39221062e+05   8.93290649e+02
   5.21026001e+01   0.00000000e+00   6.41830188e+05   5.71981680e+04
   5.08591992e+04   5.59958801e+02   1.97370625e+04   1.37532500e+06
   1.82208250e+05   1.40285062e+06   1.63644562e+02   5.86878027e+03
   1.80020605e+04   5.39730039e+04   6.95527588e+03   2.29796156e+05
   2.47042172e+05   7.88692822e+03   5.86567969e+04   1.47250703e+04
   1.18938203e+04   2.05625020e+04   6.46075293e+03   3.36025977e+03
   0.00000000e+00   1.46502484e+05   1.67532125e+05   2.09528164e+04
   2.72613379e+03   6.56513748e+01   4.24976288e+02   2.14757852e+04
   1.81332078e+05   4.22743262e+03   1.21791750e+06   2.58918496e+04
   1.11320615e+04   1.09770375e+06   0.00000000e+00   8.67353249e+00
   1.04962578e+04   1.98783781e+05   3.21654205e+01   0.00000000e+00
   6.13379150e+02   3.52531372e+02   3.16830527e+04   1.82492139e+03
   4.47102469e+05   1.24820617e+05   4.48245312e+04   9.44711016e+04
   3.07041660e+04   8.14085125e+05   1.44758701e+04   6.62853203e+04]
[  3.06361531e+05   7.97106250e+04   1.52232776e+03   1.31223218e+03
   6.07994750e+05   8.32795605e+03   1.42303297e+05   1.16600654e+04
   1.53887769e+03   7.75954562e+05   2.85871914e+04   9.04921797e+04
   3.32465391e+04   5.52811523e+03   7.03697803e+03   2.43856323e+03
   5.56191597e+01   1.47408633e+04   9.25729980e+01   2.25232764e+03
   3.83458438e+04   1.21980492e+05   3.71776484e+04   2.23147402e+04
   1.62994556e+03   1.78555352e+04   1.04554639e+04   9.35876328e+04
   3.63237656e+04   4.61897719e+05   8.17540771e+02   3.76622266e+04
   7.71954922e+04   1.40710344e+05   8.01753906e+03   3.97847266e+04
   4.26094000e+05   1.38634900e+06   2.11885645e+03   1.40368550e+06
   3.03533630e+02   1.87821741e+03   8.99235059e+03   2.11595172e+05
   4.35740508e+04   2.16536719e+04   1.06704482e+04   3.41053633e+04
   6.15429805e+04   6.78960742e+03   8.40283203e+04   1.25150188e+06
   1.93911026e+02   6.04963913e+01   9.26898376e+02   1.73485430e+04
   5.78245508e+03   1.35645328e+05   1.99612749e+00   1.93967402e+04
   4.42600635e+03   9.81515703e+04   9.62262500e+03   8.48881250e+03
   1.55242119e+04   6.19341328e+04   1.49907119e+04   1.40273311e+04
   1.25448016e+05   1.11193406e+05   3.86208672e+04   7.42684033e+03
   2.31065422e+05   3.61601602e+04   4.21790938e+05   3.10225188e+05
   2.33623344e+05   8.06701562e+04   1.61056211e+04   3.42209937e+03
   2.55772388e+03   4.58071503e+02   1.01650156e+05   1.08475769e+03
   9.51973516e+04   2.18842896e+03   1.33305562e+05   1.41989099e+03
   4.25433884e+01   2.23908423e+03   1.09768384e+03   4.20264313e+02
   3.70210273e+04   1.14443884e+03   1.63943109e+05   9.36721387e+03
   4.29593323e+02   2.49832203e+05   5.99184250e+05   1.19775414e+05
   2.36124656e+05   8.95875000e+04   1.52736963e+03   1.56885559e+03
   9.82565703e+04   1.24406621e+04   3.89299312e+05   3.50317188e+04
   7.34637634e+02   5.88522803e+03   5.29909375e+04   1.10898721e+04
   3.19334219e+04   7.13876807e+03   3.30877271e+03   1.31519172e+05
   9.43755566e+03   7.10460547e+04   8.78920938e+04   8.58123359e+04
   1.21028099e+02   6.39770312e+05   9.85163516e+04   1.97078500e+05
   9.86286328e+04   8.46198926e+03   2.75275000e+04   5.74236641e+01
   7.39311462e+02   1.30108630e+03   6.60290723e+03   4.37374453e+04
   9.52967578e+03   4.05944312e+03   6.20648672e+04   1.52400566e+04
   2.27755508e+04   1.29411906e+05   3.68278906e+04   2.02444189e+03
   9.42355576e+01   8.98146797e+04   5.93927734e+03   7.82096641e+04
   3.11303242e+04   2.12415098e+04   5.32168320e+04   8.61093979e+01
   1.17333766e+05   1.93316719e+04   2.44525547e+04   1.29560906e+05
   1.16556421e+03   4.20603125e+05   8.88093079e+02   9.23847656e+03
   1.37527125e+05   3.44424922e+04   2.37408453e+05   1.65393445e+03
   3.47213306e+03   1.32975574e+03   3.12520977e+04   5.59733008e+03
   8.53023242e+03   1.33173428e+04   4.98862773e+04   2.81017594e+05
   2.36493726e+03   4.55761211e+04   8.59889587e+02   1.04139385e+04
   1.10150049e+04   8.37974512e+03   4.01175312e+04   1.07953262e+04
   8.62511797e+04   6.75328711e+03   1.54446562e+05   7.06229766e+04
   2.05783765e+03   6.93175547e+04   2.45163438e+04   3.85140000e+04
   1.16519578e+05   2.05734229e+03   2.57310828e+05   1.00512390e+03
   6.69797422e+04   7.48462000e+05   9.26071094e+04   1.00494209e+04
   2.17520239e+03   1.97272422e+05   4.57472321e+02   5.74968604e+03
   4.75168281e+04   2.49595078e+04   3.17127500e+04   1.58022750e+05
   1.68929980e+04   5.62455994e+02   7.54755625e+04   3.65840188e+05
   1.16630625e+05   4.81542999e+02   4.52960898e+04   2.04372129e+04
   1.34705250e+05   2.06651974e+01   8.04958252e+03   1.59398662e+04
   6.92236094e+04   2.94850410e+04   1.63592172e+05   2.84734924e+02
   1.63724844e+04   3.73109141e+04   6.56984375e+02   3.26681219e+05
   4.32076992e+04   1.79556973e+04   3.66435625e+04   2.21546582e+04
   3.23846211e+04   1.65993452e+00   2.28794373e+02   2.48170371e+04
   4.78037744e+03   6.54156016e+04   3.21965176e+04   3.93994141e+04
   2.40106299e+03   6.76336484e+04   1.18141200e+06   7.44414160e+03
   9.28441602e+03   1.04958438e+04   1.03791388e+06   3.05590771e+03
   2.16598413e+03   3.01046478e+02   4.12506934e+03   1.94430710e+02
   1.24978781e+05   4.88250094e+05   3.13443634e+02   1.13245735e+02
   1.68168172e+05   7.06970312e+04   0.00000000e+00   8.63973281e+04
   2.86250254e+04   3.27130713e+03   2.01096008e+03   4.83030469e+03]
[  6.66814941e+02   1.67384609e+04   2.77161719e+04   3.36548164e+04
   2.15955518e+03   4.73216094e+04   6.46156189e+02   6.99360535e+02
   1.42620804e+02   3.99135246e+01   9.00460000e+04   1.95902969e+04
   3.61092847e+03   8.58062207e+03   1.17764688e+04   1.28448145e+03
   1.80487090e+04   2.91447051e+04   2.43426055e+04   1.02092920e+04
   4.43730652e+02   1.21765602e+05   1.01058984e+04   9.64258972e+02
   8.73856250e+04   3.50529453e+04   9.48497422e+04   4.81626416e+03
   6.33775039e+04   8.04377344e+03   1.78488594e+04   1.54877078e+05
   2.08175781e+04   3.26306777e+04   4.13129922e+04   1.23591750e+05
   7.56211797e+04   8.18966357e+03   1.77754639e+02   3.91120078e+04
   1.25242989e+02   1.03367570e+05   6.37274375e+04   3.42339648e+04
   5.93372925e+02   1.08093154e+04   2.45521543e+04   2.98032949e+04
   5.71269929e-01   4.09247578e+04   1.66289688e+05   4.37515723e+03
   0.00000000e+00   3.53374258e+04   1.94425645e+04   9.59239746e+03
   5.69494324e+01   6.10352832e+03   3.17964038e+03   2.49864258e+03
   4.47285645e+03   1.26254680e+05   2.58648418e+04   3.39075879e+03
   1.82629473e+04   2.55885195e+04   1.20672083e+03   3.25858002e+02
   1.69174922e+04   2.38540405e+03   3.10121426e+04   5.76909570e+03
   9.29629453e+04   2.12623828e+03   1.93275585e+01   3.22117706e+02
   7.40194458e+02   8.89857006e+00   1.15252398e+05   3.91085859e+04
   3.39161621e+02   2.23539121e+04   2.97636973e+04   1.17959602e+05
   4.34156982e+03   1.08787184e+01   4.11380176e+03   1.28500928e+03
   6.67534453e+04   6.99397266e+04   1.38443135e+04   1.40834930e+02
   1.04179227e+05   1.14054521e+04   7.01238984e+04   3.28619102e+04
   1.42818418e+04   1.21708630e+03   3.22478750e+04   6.95500234e+04
   8.23120117e+03   1.06551794e+03   1.24569445e+05   4.53469922e+03
   2.32482031e+04   3.96881328e+04   2.71664331e+03   1.10846984e+05
   4.53778633e+04   3.06456665e+03   2.97962539e+04   1.82015637e+03
   2.30808945e+04   1.57659388e+01   1.63435181e+03   3.20562715e+04
   0.00000000e+00   7.11580859e+04   1.32605820e+02   3.82478281e+04
   2.85541553e+03   9.64925938e+04   2.93973281e+04   7.67564551e+03
   8.74465137e+03   5.73151836e+04   6.18643115e+03   2.24270020e+04
   4.03077148e+04   1.02384375e+04   9.31716309e+02   2.66081641e+04
   4.24582695e+04   6.37756328e+04   2.88977598e+04   4.03868622e+02
   1.71388789e+04   1.22492638e+01   1.09681885e+03   8.86747742e+01
   3.81028750e+04   7.13885132e+02   2.44738262e+04   1.73851227e+02
   8.07209131e+03   7.99681030e+02   2.40436157e+03   1.19270488e+04
   8.89013306e+02   1.86554219e+04   6.59873125e+04   1.26820371e+04
   1.72010498e+03   7.55647412e+03   7.22810791e+02   1.26538113e-01
   4.68760773e+02   1.46853931e+03   1.35041809e+03   8.26619062e+04
   8.08569775e+03   4.22137451e+03   1.65236719e+04   8.53623807e-01
   4.12533789e+04   1.47733179e+03   9.15062500e+04   2.21946484e+03
   7.42356719e+04   9.48994062e+04   3.49854401e+02   1.57438516e+04
   1.79874141e+04   1.83678943e+03   1.08922375e+05   3.84811562e+04
   6.14368906e+04   2.79190430e+03   8.65760547e+03   3.04159546e+03
   3.90499023e+04   3.73883575e+02   1.75079824e+04   3.69422422e+04
   1.12836162e+04   9.62292734e+04   6.93862031e+04   1.44194580e+04
   2.35447485e+03   3.00225952e+03   4.56939795e+03   2.56298086e+04
   2.82271055e+04   1.71294062e+05   1.52840797e+05   5.51369805e+04
   1.78360703e+04   2.49199102e+04   1.80683457e+04   1.95368835e+03
   1.03216570e+05   1.14306494e+04   8.84161316e+02   1.11420531e+05
   1.16107492e+05   3.02328583e+02   5.65883594e+04   1.99669766e+04
   9.32737610e+02   4.99114571e+01   4.53640234e+03   7.34656738e+02
   3.52605927e+02   7.22318787e+02   4.18769453e+04   8.86474512e+03
   8.00303711e+03   2.99233418e+04   3.21453301e+04   4.01504102e+04
   2.06100938e+04   5.76176445e+04   4.39598663e+02   3.02699165e+01
   2.86482773e+04   4.43687988e+03   1.38894434e+03   8.06407356e+00
   9.10122375e+02   1.12828008e+04   3.76505310e+02   3.94246552e+02
   4.39353281e+04   2.06457070e+04   1.01252109e+05   1.90937134e+03
   6.19497500e+04   7.13288867e+03   2.37261816e+04   1.70829199e+04
   1.41160479e+04   4.89267891e+04   1.98518770e+04   9.50794219e+04
   9.57764343e+02   1.19808898e+05   1.97347773e+04   1.69378296e+02
   9.96531055e+03   3.38640469e+04   3.26585059e+04   1.03231656e+05
   1.27665342e+04   1.49159000e+05   4.56973242e+04   7.12457812e+04
   1.00203594e+05   1.51126404e+03   3.09454376e+02   5.21039062e+04
   5.67703125e+04   7.63559341e+01   1.59805830e+04   8.17199268e+03
   5.70869560e+01   3.51283516e+04   6.99486035e+03   1.26571078e+05
   3.83869609e+04   1.02826343e+03   2.49007263e+01   2.18184814e+03
   6.22145117e+03   5.05505225e+03   1.22784164e+05   3.97541172e+04
   1.52410686e-01   2.84673100e+01   7.04833516e+04   1.44949014e+04
   2.72123470e+01   1.26586841e+03   2.79107148e+04   1.13797344e+05
   2.30681519e+03   9.64324609e+03   1.03484550e+02   2.14873853e+03
   3.73139185e+03   1.90771797e+04   1.66115586e+04   1.15361807e+04
   8.86107344e+04   6.91812031e+04   4.00235977e+04   2.01396350e+03
   1.24701851e+02   3.13416412e+02   4.62315391e+04   4.66711680e+04
   1.02503906e+02   3.61217212e+03   2.75349355e+04   3.00464575e+03
   2.04495764e+03   4.62864141e+04   7.81574121e+03   8.20021851e+02
   8.63352969e+04   5.35954834e+02   1.84523163e+02   7.26154590e+03
   1.85587952e+03   3.71186230e+03   9.90233047e+04   7.41881641e+04
   5.96788940e+02   5.94425703e+04   1.68279199e+04   1.05815498e+04
   1.39889465e+03   1.11078740e+04   1.12665469e+05   3.74197021e+03
   1.35341000e+05   9.73049375e+04   1.50139469e+05   5.14917461e+04
   2.97314277e+04   4.42705383e+02   5.72947969e+04   2.62279980e+04
   7.13300938e+04   3.10586670e+03   2.90074554e+02   3.99081445e+04
   4.70906219e+02   6.54412383e+04   6.96618457e+03   2.24955977e+04
   1.04339914e+05   2.79886548e+03   1.72653672e+04   2.63654175e+02
   2.08878296e+03   2.82525547e+04   3.88285352e+04   1.51654309e+03
   4.27846143e+03   2.70264600e+03   1.65376172e+04   2.79676807e+03
   8.51820129e+02   5.42995039e+04   1.29582402e+04   3.59079053e+03
   1.41591578e+05   1.47843066e+03   5.59605195e+04   3.91694453e+04
   5.78286914e+04   5.14020547e+04   8.39967224e+02   5.58706116e+02
   1.46341162e+04   8.51238770e+02   1.10585961e+05   8.26005469e+03
   7.23238750e+04   1.21541504e+04   4.70389111e+03   2.86278174e+03
   4.11013320e+04   2.89470874e+03   6.78519375e+04   6.35326514e+03
   1.77020862e+03   1.31332344e+04   4.78762970e+02   1.28524036e+03
   3.17064062e+04   2.27060742e+04   6.47772339e+02   5.25021406e+04
   5.05426367e+03   9.45560547e+03   2.88196582e+03   1.29595166e+04
   1.86552209e+03   3.44367401e+02   4.11922314e+03   5.40323975e+02
   4.45283594e+03   1.59117109e+04   1.48490293e+04   1.14491312e+05
   9.32774414e+03   1.29081409e+03   1.81491772e+03   1.96937585e+03
   1.59495239e+02   1.71732305e+04   3.21302539e+04   4.54844492e+04
   3.26512500e+04   1.23643496e+04   1.02276035e+04   5.88917198e+01
   6.00828781e+01   1.03848244e+02   1.83237949e+04   3.00198594e+04
   4.57744678e+03   6.96937622e+02   2.51149434e+04   3.18118672e+04
   3.63776904e+03   3.23954941e+04   3.77332539e+04   1.49591006e+04
   1.08912070e+04   1.53910625e+04   9.26206836e+03   7.81014844e+04
   1.27751445e+05   1.50760811e+04   5.30294297e+04   2.73671875e+03
   1.05951594e+05   4.33977197e+03   1.98494617e+03   2.06778164e+04
   7.42665703e+04   7.89539609e+04   2.89201152e+04   4.05483545e+03
   6.15788818e+02   1.55526721e+03   2.40926895e+04   1.22830762e+04
   1.31655088e+04   3.49979077e+03   1.50086104e+04   1.69638214e+01
   1.22595024e+00   7.02023125e+04   2.60243134e+02   1.37818730e+04
   9.53594336e+03   7.76074688e+04   5.71733936e+03   1.49451219e+05
   1.26649180e+04   0.00000000e+00   9.39753516e+03   6.62167740e+00
   2.24843335e+03   1.71724590e+04   1.07802994e+02   3.77374390e+03
   6.64692993e+02   1.63446006e+04   6.72662903e+02   4.76672217e+03
   3.76821016e+04   6.98437109e+04   2.90156494e+03   6.34859962e+01
   1.24448535e+03   8.23268555e+03   6.73060303e+01   1.35846204e+03
   2.25535234e+04   9.06694458e+02   1.02253424e+03   2.09818433e+03
   1.13167129e+04   7.23204004e+03   3.70084023e+04   0.00000000e+00
   6.01446960e+02   6.42494678e+03   5.31081055e+04   1.71527598e+04
   7.46133828e+04   6.42585938e+02   2.09834204e+03   2.36961031e+00
   3.21457129e+04   1.17016602e+03   1.02776891e+05   1.16465247e+03
   1.88832031e+04   2.18512695e+03   1.89605530e+03   8.16877295e+03
   5.68588623e+03   1.11121039e+05   9.67291031e+01   3.54901016e+04
   1.79509141e+04   1.83935242e+02   2.19283966e+02   2.05353359e+04
   1.25455645e+04   9.02973359e+04   6.02326953e+03   3.82824951e+02
   4.17461523e+04   6.11707153e+02   4.69236267e+02   1.56283766e+05]
[  8.20815137e+03   1.16539434e+04   2.84822510e+03   7.24758301e+01
   3.91833359e+04   1.32264395e+01   4.01011094e+04   4.41462422e+04
   5.98406602e+04   4.50293396e+02   2.10035742e+03   2.75493799e+03
   1.33915955e+02   7.98943594e+04   1.21971650e+04   2.10292542e+02
   3.68050830e+03   8.14690186e+03   2.53144751e+03   2.22360669e+03
   6.03798047e+03   9.51203027e+03   1.88178772e+03   4.01775330e+02
   3.12283569e+02   2.04440703e+04   3.71350781e+03   1.99371387e+04
   6.04245117e+03   1.02672168e+03   5.46256142e+01   1.09371185e+02
   6.16099707e+03   2.64618187e+01   7.88206421e+02   1.70919226e+03
   1.33053577e+03   6.19931755e+01   1.86917031e+04   9.59572021e+02
   2.13616855e+04   1.12871943e+04   9.32086945e+01   4.03132695e+04
   8.83724805e+03   9.92069702e+02   6.96117236e+03   3.55570996e+03
   1.40676245e+03   2.34903857e+03   5.69352417e+02   8.30314755e-02
   2.51074463e-01   2.59136797e+04   2.42262378e+03   1.51458325e+03
   9.33141992e+03   6.97250610e+02   1.08921130e+03   6.05773354e+00
   0.00000000e+00   1.33720947e+03   9.11448181e+02   3.85651392e+03
   9.38380981e+02   5.43542297e+02   1.20528232e+04   7.58080078e+03
   9.32397188e+04   4.35143127e+02   1.30352951e+02   3.21184961e+04
   1.77475395e+01   1.51175024e+03   6.48780371e+03   2.07011646e+03
   0.00000000e+00   1.37972471e+04   1.02751953e+03   9.42026672e+02
   4.65245312e+03   7.90259531e+04   4.69882188e+04   2.74820312e+04
   3.41340283e+03   1.63580231e+02   2.40437109e+04   2.62029004e+03
   1.05027112e+03   2.03928027e+03   4.03803086e+04   7.17126953e+03
   5.97490039e+03   7.33009428e-02   1.30820332e+04   5.80542641e+01
   9.46658447e+02   3.13915938e+04   7.11814355e+03   1.36884844e+04
   1.37556091e+03   8.61389844e+03   3.38635986e+03   4.34588089e+01
   1.00603601e+03   3.12245923e+03   9.50973145e+03   1.00893143e+02
   5.60636602e+04   8.10009297e+04   7.98632031e+03   1.60075073e+03
   1.59897034e+03   8.95454785e+03   8.23117344e+04   2.62637915e+03
   4.21808691e+03   2.54054907e+03   2.27960342e+02   1.31914380e+03
   5.90686829e+02   1.63580264e+04   4.10571338e+03   1.44072819e+01
   5.97235391e+04   1.04860156e+03   3.27225122e+03   9.91344360e+02
   1.72316360e+02   3.61742930e+04   1.22356270e+02   1.21934180e+03
   1.32084570e+03   2.14688164e+04   2.26807188e+04   8.33754959e+01
   1.93144501e+02   5.96323486e+02   1.97894980e+04   1.28946042e+00
   1.90862259e+02   9.28266235e+02   1.86460742e+04   6.20005341e+01
   1.39479619e+04   6.14023132e+02   1.88406699e+04   4.84895938e+04
   4.13595654e+03   1.03539514e+03   7.24305547e+04   5.38126074e+03
   3.20267871e+04   1.68241003e+03   2.04078964e+02   7.86372266e+04
   1.40361797e+04   3.33191016e+04   3.82873364e+03   7.45937939e+03
   1.22809668e+04   5.48810010e+03   0.00000000e+00   6.99080933e+02
   6.24515273e+04   1.37476440e+03   9.93559922e+04   2.48053864e+02
   9.78316895e+03   2.48452383e+04   2.96045685e+02   1.09203018e+04
   5.90527227e+04   1.77264883e+04   1.10540573e+02   1.92050989e+03
   4.61156104e+03   2.87603784e+03   1.24978381e+03   5.30647314e+03
   6.64768281e+04   2.94028979e+03   9.23115906e+02   0.00000000e+00
   1.66479727e+04   7.36539609e+04   5.72858191e+00   1.19336462e+03
   1.66840308e+03   3.98599414e+04   9.63430359e+02   2.46113623e+03
   6.30243988e+01   4.07560430e+04   1.14370527e+04   1.07465996e+04
   9.09627319e+02   3.18721641e+04   7.33014465e+02   7.20101953e+04
   2.27208340e+04   5.68539062e+02   4.92299080e+01   1.86451074e+03
   2.00846543e+04   3.89395874e+03   1.01796135e+02   5.67566650e+03
   1.75770905e+02   7.33125049e+03   5.69796729e+03   1.48377063e+03
   1.01554541e+04   1.59851641e+04   2.58745566e+04   7.78634141e+04
   8.94343066e+03   1.99021118e+02   3.61959015e+02   3.27443555e+04
   9.96198425e+02   2.30159592e+02   1.23695977e+04   2.64179382e+02
   4.65712988e+03   3.87943535e+01   1.08775137e+04   6.41842891e+04
   4.76769873e+03   3.53641919e+03   7.66129453e+04   5.60204590e+02
   1.84894073e+02   2.81846816e+04   5.02952385e+00   1.13777641e+05
   8.81010859e+04   1.77242910e+04   4.47945160e+02   6.03603271e+02
   4.48916943e+03   4.84964941e+03   4.93515088e+03   6.37069775e+03
   1.15791504e+04   1.99990801e+04   0.00000000e+00   3.98454062e+04
   3.69181915e+02   2.55601761e+02   2.74433081e+03   3.75884199e+00
   2.65064082e+04   1.23834099e+02   5.33346024e+01   1.00489258e+03
   2.03252014e+02   1.80099133e+03   4.44094678e+03   3.06134668e+04
   1.15712197e+04   2.11625513e+03   1.55894250e+03   1.52103906e+03
   1.97710925e+03   2.43475488e+04   2.06232529e+02   5.27546562e+04
   8.94806152e+03   6.04264600e+03   1.35806506e+03   1.79628076e+03
   1.75919519e+03   4.32195648e+02   3.57637711e+01   3.57715263e+01
   7.20880029e+03   0.00000000e+00   4.57824463e+03   1.14630781e+04
   4.52003760e+03   2.36558456e+02   3.79250117e+04   0.00000000e+00
   3.53671799e+01   8.99484570e+03   0.00000000e+00   3.41705352e+04
   6.79690796e+02   1.33038892e+03   2.25740067e+02   1.12374775e+04
   1.35653094e+05   2.41921680e+04   8.98875781e+03   7.65042578e+03
   3.88167500e+04   1.46893726e+03   1.35535547e+03   1.89143909e+03
   2.96370453e+02   6.19733301e+03   3.92743906e+04   1.11669445e+01
   1.03382715e+04   2.17751953e+04   1.80920557e+03   1.21286273e+05
   6.98660400e+02   9.11086060e+02   1.05980629e+02   8.89711914e+03
   2.15607109e+04   1.62109390e+02   3.00752222e+03   1.72881668e+02
   1.12248000e+05   7.17259827e+01   7.76695557e+01   1.02558240e+03
   5.74267627e+03   2.73910474e+03   1.00993916e+04   3.39143828e+04
   9.78807109e+04   1.51335828e+03   5.42329199e+03   3.23983496e+04
   1.33935132e+03   2.08076096e+01   8.87050312e+04   4.26682129e+03
   2.19268093e+01   9.07485840e+03   2.18537832e+04   3.06772729e+03
   3.91248798e+00   8.29717578e+03   1.00051410e+03   2.64320953e+02
   3.48572930e+04   1.34571533e+04   6.52968945e+03   4.56998867e+04
   1.25315125e+02   5.81904346e+03   8.77669434e+03   5.28249492e+04
   7.68432031e+04   3.11382788e+03   1.35634863e+03   6.99414600e+03
   2.39922266e+03   7.26774561e+03   8.92600234e+04   6.23185898e+04
   3.83395923e+03   8.66137573e+02   3.84987085e+03   1.92751648e+02
   1.70093323e+03   2.72304346e+03   7.25543424e-02   1.41495605e+02
   1.25387559e+04   5.26267734e+04   1.72775110e+03   2.14729648e+04
   4.74314026e+02   6.32819492e+04   2.09270935e+01   2.71275781e+03
   5.27259668e+03   1.15473164e+05   1.54520154e+03   6.63640137e+03
   4.93310455e+02   2.86258374e+03   7.63620801e+03   1.28257402e+04
   1.32893926e+04   2.36791113e+03   1.83265091e+02   3.15237866e+03
   1.41898486e+03   3.66900000e+04   4.71959805e+04   1.22043965e+04
   1.13755438e+05   7.41807764e+03   2.91290398e+01   1.17481422e+01
   2.06392188e+04   2.51905723e+04   1.62682947e+03   1.64493887e+04
   6.79790234e+03   2.05070057e+01   5.90033875e+02   1.59911670e+03
   1.59664215e+02   7.85213867e+03   3.80236289e+04   1.10558926e+04
   5.52977881e+03   1.32189606e+02   8.39759609e+04   1.86146521e+03
   2.03038906e+04   4.78119011e+01   6.49791809e+02   4.26244080e+02
   1.05201123e+04   1.70703965e+04   1.01944511e+02   2.94495106e-01
   1.55275989e+03   3.60974902e+03   1.33256914e+04   2.04772110e+02
   2.14604858e+03   2.45554077e+03   1.20235669e+03   9.89669824e+03
   1.58229077e+03   3.94904883e+04   8.04745605e+02   3.62524529e+01
   5.92820410e+03   3.53592621e+02   8.97977344e+03   4.09535898e+04
   2.82807788e+03   7.13478760e+02   1.17313562e+03   5.83456787e+03
   1.76995154e+03   1.33837390e+03   5.73045508e+04   1.26144414e+04
   4.91611719e+03   1.18597791e+03   4.72646143e+03   5.68673682e+03
   4.26607971e+01   5.65255249e+02   6.92424072e+03   6.46712646e+02
   8.16319519e+02   7.97037292e+02   0.00000000e+00   1.24453479e+03
   2.92285728e+01   2.67780781e+00   4.30856836e+04   3.35216093e+00
   4.64932956e-02   1.00086908e+03   0.00000000e+00   4.42841492e+02
   4.17194238e+03   3.32578345e+03   8.30086328e+03   1.38475037e+03
   1.08471320e+05   4.55992969e+04   1.52992542e+03   5.67638818e+03
   3.95839050e+02   5.06801094e+04   6.67995234e+04   6.27645935e+02
   9.19590210e+02   1.55725479e+02   2.56076660e+03   2.02908164e+04
   4.46536182e+03   2.36120514e+02   4.17400787e+02   1.86255760e+01
   1.67389551e+04   1.59935898e+04   1.98184656e+03   1.17299463e+03
   3.90695526e+02   7.11833313e+02   7.06757109e+04   2.34241390e+00
   3.95059180e+03   1.21945061e+02   1.25772438e+05   5.38980273e+03
   7.86470886e+02   2.38767334e+03   6.20493174e+00   1.14758496e+04
   2.92009430e+02   1.87426224e+02   1.14310974e+03   8.14669727e+03
   4.35350293e+03   5.76006494e+03   1.05947220e+02   9.60478394e+02
   2.72099731e+03   1.10696047e+05   1.79230316e+02   2.48989941e+03
   0.00000000e+00   2.55848633e+04   1.19682432e+04   1.44430283e+04]
[  3.64969330e+02   1.74836445e+04   4.67522363e+03   3.89924829e+03
   3.30525049e+03   3.15508535e+04   8.50966919e+02   2.42300156e+04
   1.11077422e+04   4.65065820e+04   2.50325000e+03   4.47201691e+02
   7.93238281e+03   4.48170898e+04   7.98751660e+03   1.57702258e+03
   5.77317578e+03   6.67222266e+03   7.45802109e+04   5.96859619e+02
   9.11454868e+00   7.53979834e+03   2.66218872e+02   2.68867432e+03
   2.46804336e+04   1.90203339e+02   1.77364727e+04   3.50829544e+01
   1.44983997e+03   1.05751523e+04   4.58571240e+03   6.75699365e+03
   1.05189766e+04   0.00000000e+00   7.56094727e+03   3.27299255e+02
   1.30489355e+03   8.69020078e+04   8.42664763e-02   1.13265420e+04
   1.02851084e+04   7.82212952e+02   1.36097746e+01   6.79455139e+02
   2.63902734e+04   5.31939880e+02   9.09243652e+03   2.43295703e+04
   1.23176367e+03   7.97707214e+02   1.71208044e+03   3.53378967e+02
   1.45581726e+02   2.95411543e+04   1.82671582e+04   2.64980332e+04
   1.37619775e+03   8.16325732e+03   7.60374146e+01   6.52241992e+03
   3.78467725e+03   2.94929346e+03   1.52838696e+03   1.97309677e+02
   5.04540088e+03   1.15403101e+03   5.50409241e+02   3.77930481e+02
   4.94350067e+02   1.90218620e+01   1.74862292e+03   2.46984395e+04
   1.52958652e+04   3.96091919e+02   1.92811562e+04   1.74038940e+02
   1.86717529e+02   1.93261658e+02   1.67665906e+03   2.05568965e+04
   1.55273230e+03   6.27306367e+04   2.37067051e+04   2.45406172e+04
   8.89681719e+04   7.52814209e+02   2.37043555e+03   2.33748672e+04
   1.34249619e+04   4.22260938e+04   2.71638107e+01   4.61730811e+03
   3.36846680e+02   2.40036523e+04   2.92908276e+03   2.22261152e+04
   2.12627480e+04   9.47173500e+00   2.18735156e+04   2.98552515e+03
   6.95657349e+01   2.54772729e+03   1.61121857e+02   9.39993359e+03
   2.14475498e+01   1.12350067e+02   2.86252979e+03   2.17825723e+04
   3.00665150e+01   3.47776094e+04   1.37635388e+03   6.30693711e+04
   1.26578184e+04   1.10288132e+02   1.75141640e+01   2.56375562e+03
   1.31157617e+03   4.80829766e+04   8.67839050e+02   1.04132591e+02
   2.17278919e+01   1.39162939e+03   1.40858184e+04   7.18998413e+02
   9.86114319e+02   1.91077793e+04   8.38449524e+02   6.54624557e+01
   1.54519592e+03   5.87793091e+02   2.44515742e+04   1.97574719e+03
   1.87424210e+02   4.65536035e+03   1.43724976e+03   1.97896523e+04
   3.51666641e+04   9.15235817e-01   6.38295517e+01   5.04871643e+02
   0.00000000e+00   1.54904007e+02   1.70542847e+03   5.26739502e+02
   1.78295212e+02   1.11311768e+04   2.00074219e+03   0.00000000e+00
   1.15793604e+03   6.32704688e+04   3.25178589e+02   2.50087769e+03
   2.21886914e+03   2.88491528e+03   1.65275500e+03   3.55093555e+04
   7.34202347e+01   9.31821350e+02   1.59894495e+03   1.66570996e+04
   9.03545044e+02   3.24167328e+02   1.85600745e+03   2.69793671e+02
   5.89529727e+04   6.85911331e+01   2.66806030e+02   1.86296851e+03
   1.07766465e+04   2.22173750e+04   4.89842463e+00   2.01797165e+02
   1.51271484e+04   1.02903857e+03   3.59348389e+02   3.90004907e+03
   7.03819375e+04   1.58725586e+03   5.02955391e+04   5.39383252e+03
   4.66384062e+04   4.92105156e+04   4.57747688e+01   6.23143945e+03
   1.42328296e+03   0.00000000e+00   1.14436299e+04   7.53744727e+03
   6.84554977e+01   1.02740613e+03   4.16265808e+02   4.70792023e+02
   5.77329932e+03   1.26175967e+04   1.39037512e+03   1.82835020e+04
   2.15137451e+03   1.84496338e+03   1.94067017e+02   7.25180225e+03
   7.45554688e+03   1.57600122e+03   1.40410901e+03   0.00000000e+00
   1.30171094e+04   7.25978455e+02   4.51434375e+03   3.41461401e+03
   1.53509697e+04   6.06968047e+04   5.02197571e+02   1.60738220e+03
   7.58159131e+03   1.18413025e+03   2.29529099e+02   1.78144219e+04
   8.53529375e+04   2.25340652e+02   6.87343628e+02   1.00883135e+04
   2.75450977e+04   8.64987854e+02   3.10255493e+02   3.83919604e+03
   1.01477887e+03   6.95536118e+01   1.23432349e+03   1.70487518e+02
   1.76600549e+03   1.17283704e+03   1.32326218e+02   4.08381805e+02
   1.78752454e+03   6.26310310e+01   9.75297165e+00   3.36686920e+02
   8.19742676e+02   5.22119995e+02   2.61075195e+03   1.29502838e+02
   5.79328842e+01   2.00487030e+02   1.44447632e+03   3.71752656e+04
   4.15219023e+04   2.03317031e+04   4.26952271e+02   5.32697119e+03
   3.13093987e+01   4.37395844e+02   2.85035309e+02   1.81967758e+02
   1.72436914e+04   3.02922778e+03   6.16127167e+01   3.71571411e+02
   7.72909131e+03   5.16958542e+01   1.84581750e+03   9.58808289e+01
   8.43205627e+02   3.23799463e+03   6.18717712e+02   2.84775124e+01
   4.73161875e+04   3.83276904e+03   4.87849297e+04   5.45904150e+03
   4.51618262e+03   1.48141632e+01   1.68044846e+02   3.04168530e+03
   6.19865051e+02   1.16268013e+02   4.54564219e+04   5.05772400e+02
   1.11025867e+03   1.81756836e+03   1.10604014e+04   1.22063291e+04
   3.12868408e+02   3.42915619e+02   1.41678845e+03   8.57462500e+04
   3.15809595e+03   5.39209229e+03   1.23733818e+04   1.66401062e+02
   7.10407837e+02   2.03970117e+04   3.04120117e+03   2.76868384e+03
   1.87620625e+04   3.62394800e+03   1.94745438e+02   1.95560168e+03
   1.70397766e+03   1.48358276e+03   8.47166602e+03   1.05055687e+02
   4.84973412e+01   6.58133545e+02   2.13710098e+04   1.57330261e+02
   2.25260391e+04   7.51382891e+04   1.21312476e+03   1.85240198e+03
   3.09735278e+03   6.49831104e+03   8.45879173e+00   9.50273145e+03
   3.91520953e+00   1.14562939e+04   3.80565674e+03   3.10352910e+04
   1.16294470e+03   1.24015479e+04   8.19232422e+02   1.62900586e+04
   1.56067725e+04   4.18691602e+04   3.91053076e+03   2.53714297e+04
   5.55389893e+02   1.55377832e+03   3.83934692e+03   1.47384094e+03
   4.77022217e+03   6.74061523e+02   1.22012158e+04   7.58179980e+03
   4.37460184e+00   4.52487939e+03   2.31424927e+02   1.62890820e+03
   1.33862152e+02   2.31722832e+04   1.71979993e+03   5.80742344e+04
   6.29539766e+04   3.92163159e+03   4.02620087e+02   5.40692749e+02
   8.73086243e+01   7.25928833e+02   4.99596797e+04   6.48995789e+02
   1.18796006e+04   8.77644141e+03   5.37412988e+03   5.55544492e+04
   1.34325208e+03   4.05743823e+03   7.65257507e+02   2.96126160e+02
   1.38955898e+04   7.17465918e+03   2.27178809e+04   4.51925697e+01
   8.73115547e+04   6.76665466e+02   4.37479922e+04   9.88370789e+02
   2.12088789e+04   2.48164932e+02   1.40566757e+02   1.04145029e+04
   3.45694885e+02   5.25333350e+03   1.08018335e+03   9.88475525e+02
   6.29239929e+02   1.46859316e+04   1.04999878e+03   1.14594000e+05
   2.93243750e+04   3.49446582e+03   7.26780322e+03   4.08147607e+03
   2.48738892e+02   1.73800844e+05   9.30740625e+03   7.56353149e+02
   5.28319519e+02   1.07470596e+04   2.79545654e+02   5.98324537e+00
   4.49282178e+03   1.44759619e+03   5.86328555e+04   4.45976611e+03
   6.22784473e+03   5.76482891e+04   8.14328359e+04   9.75403015e+02
   2.10492859e+02   1.95757070e+04   5.93444678e+03   1.54838555e+04
   1.75317902e+02   1.64457598e+04   4.78534863e+03   7.47254443e+03
   4.03627472e+01   5.76340742e+04   9.83878250e+01   1.47975024e+03
   1.55378137e+03   2.55406396e+03   1.92684998e+03   1.90053125e+04
   1.61984531e+04   3.47042358e+03   2.36781592e+03   5.51122952e+00
   9.24101367e+03   1.07548901e+03   1.56859124e+00   1.04019922e+03
   8.48385681e+02   2.56723789e+04   1.25102891e+04   3.09748783e+01
   7.91400085e+02   6.49352588e+03   9.63222961e+02   1.28030930e+02
   2.80962793e+03   1.19154902e+04   7.31104531e+04   1.71396805e+02
   2.31389219e+04   8.59588135e+02   1.12251068e+02   5.34728699e+02
   3.47349579e+02   3.33920631e+01   2.85627656e+04   1.48018789e+01
   2.22153046e+02   2.19058838e+02   7.94110901e+02   1.46154499e+01
   4.29443665e+01   2.42802305e+04   1.62523474e+03   6.26406982e+02
   1.34959290e+03   4.33233594e+04   1.10442737e+03   1.53119214e+03
   2.36600952e+02   1.54945531e+05   5.33374961e+04   2.32878342e+01
   1.39504541e+04   4.68519434e+03   3.34353086e+04   1.84296387e+04
   3.64610898e+04   8.51595996e+03   2.13406504e+04   1.30537329e+03
   2.00057812e+04   1.02309834e+04   1.18542285e+03   4.97575714e+02
   4.02390045e+02   1.16600342e+03   1.63290645e+04   2.59643574e+04
   2.47952754e+04   2.20960781e+04   2.12665332e+03   1.15707939e+02
   1.66036694e+03   1.09785034e+03   1.44547461e+03   3.18696875e+04
   9.76791602e+03   1.80156830e+02   9.83164648e+03   5.51390114e+01
   1.05805788e+01   8.58090878e-01   8.83508398e+03   1.78992041e+03
   2.48579150e+03   2.92031616e+03   3.42212578e+04   4.36954492e+04
   1.70694434e+04   4.93261523e+03   6.01415588e+02   2.02594519e+03
   3.97663647e+03   4.44853760e+02   4.68860156e+03   7.27034961e+03
   2.65305566e+04   4.14100078e+04   3.21805145e+02   2.09498047e+03
   2.56192988e+04   2.20926621e+04   2.50431564e+02   4.82374687e+01
   2.43154688e+03   1.88813171e+02   1.43679535e+02   1.32406650e+04]
[  3.91925781e+02   3.66065919e-01   5.64334726e+00   4.59839258e+03
   2.07589874e+02   1.38982986e+02   4.40931797e-01   1.30759134e+01
   4.41658936e+02   3.51057220e+02   1.08494320e+01   6.10032654e+02
   2.19931870e+01   7.00004349e+01   1.25288002e+02   0.00000000e+00
   0.00000000e+00   4.44465820e+02   0.00000000e+00   0.00000000e+00
   4.18675171e+02   1.95227051e+04   3.50744946e+03   5.15075195e+02
   2.74718380e+01   0.00000000e+00   4.16784912e-01   2.39463354e+03
   2.16945892e+02   1.79753638e+03   4.30625049e+03   4.92047615e+01
   8.21605225e+02   6.31334351e+02   1.77796888e+00   3.79836548e+03
   2.31803856e+01   1.15606729e+04   1.13963745e+03   3.42003418e+03
   1.01286123e+04   5.69899902e+01   4.11132861e+03   7.76307861e+02
   3.99932213e+01   0.00000000e+00   2.31215405e+03   6.32839966e+01
   3.53975792e+01   2.48440952e+01   2.29354992e+01   3.02474854e+03
   1.31145537e+00   1.67633224e+02   2.58981232e+02   6.52836151e+01
   7.73091992e+03   2.49043839e+02   0.00000000e+00   2.88525757e+02
   5.75432373e+02   4.82261963e+01   1.83597221e+01   1.85719116e+03
   2.47438263e+02   3.70074683e+03   8.24443741e+01   0.00000000e+00
   2.70059052e+02   1.89096741e+02   1.48069177e+03   6.86857529e+01
   9.20475769e+01   1.31080933e+02   1.26492233e+01   1.51316284e+02
   3.77394223e+00   1.53373096e+03   1.16685200e+01   1.21373093e+02
   0.00000000e+00   6.67914276e+01   1.11944678e+03   7.38244324e+02
   8.78617249e+01   2.31538792e+01   5.44775581e+00   5.35972500e+00
   1.78629141e+04   1.53209091e+02   1.21966279e+04   3.20705872e+02
   1.61176133e+04   1.87847949e+03   0.00000000e+00   6.21095886e+02
   2.03655410e+04   2.23653088e+01   3.22467700e+03   3.02213623e+02
   4.89670557e+03   3.05864288e+02   2.42193871e+01   2.01351047e+00
   3.62345508e+03   2.44802002e+03   0.00000000e+00   3.20723022e+02
   5.51497345e+01   4.13341820e-01   4.96135330e+00   4.06477753e+02
   7.43834814e+03   5.57115674e+03   4.50725365e+01   0.00000000e+00
   2.98231470e+03   5.54864197e+02   6.97647667e+00   2.52107162e+02
   0.00000000e+00   4.35474091e+02   1.00993023e+01   1.89508499e+02
   2.50932388e+01   2.00704074e+00   5.60263252e+00   0.00000000e+00
   5.58364372e+01   2.07716162e+03   2.06232227e+03   2.63157910e+03
   3.09675545e-01   8.51016617e+01   2.01969757e+02   1.82166901e+02
   2.04015215e+04   1.06937903e+03   1.67646622e+02   2.00724747e+02
   7.06060889e+03   2.68614594e+02   3.02615395e+01   2.94126709e+03
   3.71580124e+01   9.72631073e+00   2.09323711e+01   3.12415934e+00
   4.44407539e+01   1.43734179e+01   2.57762313e-01   1.87327671e+01
   5.56711273e+01   4.32925987e+00   7.01577682e+01   8.45447254e+00
   1.07169116e+03   6.30503883e+01   1.18510265e+01   1.12232407e+02
   4.57999359e+02   9.76886215e+01   1.66912656e+04   3.13407080e+03
   2.85193359e+03   1.61144473e+04   0.00000000e+00   5.11086572e+03
   3.95497101e+02   9.42459277e+03   0.00000000e+00   2.53092505e+03
   1.87396210e+02   5.87260742e+02   3.60875244e+01   3.93008614e+01
   4.14612793e+02   7.48428345e-01   1.78544830e+02   0.00000000e+00
   1.20533279e+02   1.60550073e+03   0.00000000e+00   2.83808057e+03
   1.33069321e+02   8.00425781e+03   9.73049774e+01   1.54582338e+01
   7.23914600e+03   3.46859955e+02   2.70520363e+01   1.12462482e+01
   1.08581123e+02   1.08574448e+02   7.07225952e+02   3.28742889e+02
   9.99656677e+01   2.37273120e+03   1.70747266e+03   8.83136035e+03
   6.73905182e+01   1.78747129e+04   3.90508194e+01   6.48643875e+01
   9.23921814e+01   1.27836555e+02   1.92082031e+03   9.70658813e+02
   0.00000000e+00   4.90012646e+03   5.93515674e+03   1.09205139e+03
   0.00000000e+00   0.00000000e+00   6.89641571e+01   6.16580127e+03
   5.14211548e+02   2.34843201e+02   1.25969948e+02   2.29229446e+02
   6.10252190e+01   4.23200317e+02   2.99077911e+02   1.77278538e+01
   5.52911377e+03   8.82858789e+03   0.00000000e+00   2.83588524e+01
   5.95437193e+00   2.39571362e+03   4.22076721e+01   1.03687634e+03
   3.13779602e+02   1.34109082e+03   2.69738428e+03   9.48517914e+01
   8.54946365e+01   1.30956377e+04   0.00000000e+00   2.17912378e+03
   9.85425234e-01   1.88315059e+04   3.15049744e+02   2.37678432e+00
   0.00000000e+00   7.15182129e+02   1.48124072e+04   1.29529881e+00
   1.16962643e+01   2.88499660e+01   3.36114502e+03   2.97016869e+01
   3.28343391e+01   6.77571533e+02   1.68238586e+02   1.30034814e+03
   2.30064990e+03   8.36810074e+01   8.54159737e+00   2.23980234e+04
   1.32124233e+01   2.94220612e+02   0.00000000e+00   0.00000000e+00
   0.00000000e+00   0.00000000e+00   5.60783720e+00   1.48522119e+03
   5.19113770e+02   7.25081325e-01   1.81209831e+01   5.11492706e+02
   5.28517866e+00   1.40073398e+04   5.18798926e+03   5.99529152e+01
   1.03740732e+04   9.23331146e+01   1.77252090e+02   4.63012886e+01
   4.86580086e+00   8.54454712e+02   1.70486270e+04   3.64417572e+02
   7.60794878e+00   3.63290375e+02   3.03523462e+03   2.04679184e+01
   5.48053801e-01   4.42727137e+00   8.37430801e+01   4.15952728e+02
   2.71917651e+03   5.98494019e+02   0.00000000e+00   8.16660047e-01
   4.54933411e+02   2.27847580e+02   1.43085265e+00   2.02956891e+00
   1.12945642e+03   3.58426056e+02   1.62582393e+04   0.00000000e+00
   6.15175293e+02   0.00000000e+00   7.92671051e+01   0.00000000e+00
   1.62107275e+04   0.00000000e+00   1.78613965e+04   1.26211424e+01
   3.90610199e+01   0.00000000e+00   1.63297405e+01   5.91225684e+03
   4.62173438e+03   6.61114502e+03   1.23071350e+02   4.66732750e+01
   6.74705420e+03   1.90979050e+02   3.09288006e+01   4.41427345e+01
   1.58105072e+02   0.00000000e+00   6.44372711e+01   3.32651978e+01
   1.51247955e+02   1.65347351e+02   3.41725998e+01   9.04177832e+03
   3.07292767e+01   8.33253540e+02   5.13277649e+02   2.13976245e+03
   2.10674390e+03   8.20730713e+02   8.31965332e+03   1.93513977e+02
   3.26188745e+03   1.34532118e+00   1.43950012e+02   2.36674995e+01
   3.43224951e+03   6.64915025e-01   6.07022607e+03   2.16139679e+02
   7.82600037e+02   3.84780998e+01   3.44755325e+01   4.55449772e+00
   5.31375342e+03   2.38385677e+01   1.40573472e-01   1.31463516e+02
   1.37165664e+04   5.13029199e+03   9.05496777e+03   2.24384060e+01
   3.15500717e+01   2.07806325e+00   6.73576126e+01   2.27363602e+02
   4.97497437e+02   2.86884232e+01   0.00000000e+00   7.19156372e+02
   8.19915466e+02   0.00000000e+00   2.12260986e+02   4.63778320e+03
   1.30212585e+02   3.83811676e+02   4.67529335e+01   1.30974396e+02
   9.87619019e+00   5.59854460e+00   2.73507538e+01   1.63735611e+02
   1.43802597e+02   1.49768418e+04   1.84246483e+01   1.08382988e+04
   2.54355151e+03   1.43263086e+03   2.22688745e+03   5.27227539e+02
   4.11134619e+03   9.82133301e+02   1.53087378e+03   2.52913761e+01
   3.85933502e+02   9.87467766e-01   2.21872253e+02   6.87215328e+00
   0.00000000e+00   4.51639771e-01   1.11778366e+02   3.03321106e+02
   2.19760300e+02   1.77083020e+03   8.66271973e+03   1.79892216e+01
   5.00843468e+01   1.63611889e+01   2.97020752e+02   1.13584719e+01
   1.35780725e+01   1.52360938e+04   3.26100426e+01   3.87530136e+01
   1.12998909e+02   1.15498157e+03   4.46462988e+03   1.71400818e+02
   4.90101367e+03   3.73569221e+01   8.28766251e+00   4.10536319e-01
   1.78048438e+04   1.66950281e+03   2.37051987e+02   6.40554276e+01
   1.21440540e+03   5.09501221e+02   7.11507738e-01   3.29655113e+01
   6.74327087e+01   3.78269653e+03   5.80141895e+03   5.38629341e+01
   5.36490601e+02   2.25999658e+03   1.90767639e+03   2.66318474e+01
   3.20520806e+00   2.98406543e+03   1.32529229e+04   4.14517822e+01
   3.84748054e+00   3.11642957e+00   9.00426559e+01   1.99541901e+02
   1.86238922e+02   0.00000000e+00   7.52613379e+03   7.63464551e+03
   1.03126465e+04   5.29822528e-01   3.60656677e+02   5.43659912e+02
   8.47531433e+02   7.65898287e-01   1.08487488e+03   2.98598218e+03
   8.06421375e+00   1.31199395e+04   1.04137848e+02   2.68772974e+03
   3.91082346e-01   9.37738708e+02   1.93135605e+01   1.86924911e+02
   1.38111631e+04   7.60880613e+00   5.05734741e+02   0.00000000e+00
   6.05931854e+00   7.64652100e+02   4.66767853e+02   7.73939037e+00
   4.84102173e+02   8.19054248e+03   1.74600220e+00   5.07673193e+03
   4.51402222e+02   9.24308228e+02   3.66110156e+03   1.95563324e+02
   7.31138477e+03   1.07322647e+02   4.60320648e+02   1.73391769e+02
   6.87619781e+01   2.05414941e+03   2.77560539e+01   2.63585718e+03
   4.91912270e+00   1.53185301e+01   3.98260498e+01   2.84334839e+03
   1.43205066e+03   3.24724579e+01   4.09732704e+01   0.00000000e+00
   1.46285242e+03   5.88365906e+02   3.02585663e+02   1.14247979e+04
   1.67852722e+02   2.23895950e+01   4.08997705e+03   5.91167871e+03
   0.00000000e+00   8.94505273e+03   1.36305904e+01   5.06113312e+02
   0.00000000e+00   1.55223086e+04   2.43791008e+01   8.97171555e+01]
[  1.87690220e+01   7.93036316e+02   2.38375854e+02   3.55925049e+02
   2.20796371e+02   5.08229706e+02   1.22601250e+02   5.51005554e+02
   1.93119919e+02   8.71733627e+01   2.30042480e+03   6.06891846e+02
   5.43715918e+03   1.79326019e+02   5.40521436e+03   1.70537003e+02
   4.19374037e+00   1.91920181e+02   5.04092590e+02   3.95698059e+02
   1.36670258e+02   6.20012703e+01   7.68507471e+03   6.55845337e+01
   1.29659149e+02   6.93828964e+01   3.17054729e+01   1.18649239e+02
   6.61285156e+03   3.06532230e+01   1.48093071e+01   1.35388794e+02
   8.88466211e+03   1.54795944e+02   2.77948132e+01   1.05365698e+03
   9.29744824e+03   1.14779115e+00   1.47561109e+00   3.31308301e+03
   4.01411255e+03   1.64295837e+03   2.28348684e+00   3.51410985e-01
   1.46980727e+00   4.02511597e+02   1.10889404e+03   1.77652988e+01
   3.13129272e+01   1.81460663e+02   5.87123108e+01   9.27031250e+01
   1.47779089e+03   8.09944336e+02   1.17509924e+03   6.75169775e+03
   3.71578255e+01   6.45714235e+00   3.23236768e+03   7.81752783e+03
   2.22351221e+03   2.48937836e+02   8.15614355e+03   2.36437035e+00
   8.62788677e+00   1.40596338e+03   1.59794188e+01   3.36005646e+02
   9.37004852e+00   2.97938873e+02   1.41018054e+03   6.21476074e+02
   3.89909760e+02   6.24902878e+01   1.69962219e+02   1.29176135e+03
   3.21202026e+02   4.74105713e+02   3.47514380e+03   1.61046753e+01
   2.09842587e+01   4.42925171e+02   2.49238452e+03   6.13037529e+01
   1.75087317e+03   6.30715820e+03   1.48991180e+02   6.98062973e+01
   4.46677686e+03   3.13914001e+02   3.63664307e+02   8.88943054e+02
   0.00000000e+00   4.54155322e+03   1.31594915e+01   5.43909225e+01
   4.27436523e+02   4.51997900e+03   1.15184486e+02   4.18907890e+01
   2.32471490e+00   1.80880844e+02   8.01743622e+01   1.09216890e+01
   1.37641626e+03   0.00000000e+00   8.94574051e+01   8.69425000e+03
   3.86836060e+03   3.74340118e+02   7.38024841e+02   3.97214622e+01
   1.02605933e+03   2.75813330e+03   6.44037903e+02   1.81550354e-01
   1.25650948e+02   2.87886230e+02   2.28400610e+03   5.11296883e+01
   1.43872192e+02   2.23488672e+03   4.06427002e+00   2.70907555e+01
   3.00568810e+01   6.38811218e+02   2.96732697e+02   5.42550697e+01
   6.70155078e+03   4.13760328e+00   4.61452606e+02   3.65348291e+03
   1.42629504e+03   3.46122322e+01   1.03391895e+04   1.21419013e+00
   5.23388557e+01   4.60587280e+02   3.33737030e+02   1.46298761e+01
   5.22768164e+03   7.57409036e-02   6.94850769e+02   3.26638672e+02
   8.67118042e+02   3.02720280e+01   4.16881037e+00   7.43436003e+00
   0.00000000e+00   2.21352139e+01   6.99232674e+00   3.10569855e+02
   2.30536926e+02   4.58899951e+03   1.40955307e+02   1.07385461e+03
   1.11033411e+03   2.50962049e-01   2.15058105e+03   5.36759277e+02
   1.17068970e+03   4.72903906e+03   6.04786825e+00   4.24873779e+02
   4.47858545e+03   2.70254688e+03   6.09587463e+02   2.53959015e+02
   1.46035889e+02   2.36870166e+03   8.49831299e+02   2.38009736e-01
   9.77844788e+02   8.80978489e+00   3.86087723e+01   1.44093156e+00
   5.63480330e+00   5.69504639e+03   1.49432388e+02   3.86546898e+01
   1.25226387e+02   3.92362671e+01   6.41106796e+01   5.35403709e+01
   2.75007153e+03   1.38659406e+00   1.09907806e+02   0.00000000e+00
   2.55504570e+01   2.45265411e+02   4.67445869e+01   1.23920029e+02
   5.21898460e+01   3.41685791e+02   2.86729279e+02   1.29079294e+01
   2.51806900e+02   2.15528137e+02   8.07969971e+01   5.61008492e+01
   1.62259933e+02   8.45473633e+02   4.55941677e+00   1.31596413e+01
   5.86669540e+00   1.82263374e+01   1.05599046e+00   2.21449341e+02
   4.84197960e+01   1.33789797e+01   2.25461450e+03   1.03820343e+02
   9.69160676e-01   1.30200148e+00   7.31399689e+01   1.57851273e+02
   4.93499817e+02   1.97789758e+03   1.78845459e+02   1.81393387e+02
   7.63280945e+02   2.38197339e+03   8.86935349e+01   5.84463623e+02
   3.28986084e+02   2.02350712e+01   2.20917090e+03   9.04000854e+00
   5.26847900e+03   5.11730127e+03   4.17442383e+03   1.12641747e+02
   0.00000000e+00   6.65635605e+01   3.97649567e+02   2.44520923e+03
   1.23997253e+03   1.07147896e+02   4.68748486e+03   9.91892334e+02
   1.19233391e+02   6.45548248e+01   1.61381311e+03   5.64785004e-01
   5.02548889e+02   1.87882190e+03   9.46687378e+02   0.00000000e+00
   1.65965552e+03   6.42263985e+00   2.61227954e-02   6.97345703e+02
   1.08714746e+03   1.06821470e-01   1.13978310e+01   9.36326465e+03
   3.95807475e-01   1.76685852e+02   7.21555862e+01   8.79417877e+01
   4.31319971e+03   2.79513955e-01   7.59749512e+03   4.38727570e+01
   1.07844095e+01   7.74949829e+02   1.32113354e+03   1.47091504e+03
   1.09891640e+02   1.90468286e+03   1.74736679e+02   5.48466797e+02
   3.76955628e-01   5.93949318e-01   1.67462753e+02   7.59919128e+01
   1.55826473e+01   7.09668274e+01   6.97749878e+02   8.95512695e+02
   1.72763863e+01   1.57610922e+01   3.25435352e+03   1.70367279e+01
   3.85840416e-01   2.64296753e+03   3.59609528e+02   8.56388211e-01
   6.07902881e+03   2.23050705e+02   2.19222794e+01   2.34590530e-01
   9.49603088e+02   2.51429626e+02   7.48005176e+03   1.15121056e+02
   3.60759644e+03   2.83060211e+02   7.52489014e+01   1.44462842e+03
   3.18060669e+03   3.16312354e+03   7.91322994e+00   2.88827157e+00
   6.92669727e+03   6.07751025e+03   9.63794727e+03   6.97217285e+02
   1.86910141e+00   2.03721118e+03   5.60494934e+02   1.24970131e+01
   2.32028842e+00   1.62394104e+02   2.51651478e+01   1.51408960e+03
   3.72141064e+03   1.16528847e+02   4.78630341e+02   0.00000000e+00
   1.94542542e+01   2.34570972e+03   3.35962158e+02   3.59711987e+03
   4.75568314e+01   2.14298935e+02   6.51657867e+00   0.00000000e+00
   2.56963978e+01   1.11461365e+02   2.61762285e+00   7.68111706e+00
   2.13358566e+02   6.96616211e+01   1.18652817e+02   2.32850075e+01
   3.82206665e+02   1.98928146e+01   5.06830101e+01   2.68850122e+03
   3.23134229e+03   2.61139697e+03   1.47762598e+03   4.31480980e+00
   5.54296143e+02   5.72650879e+02   3.05998560e+03   4.82380409e+01
   5.54692688e+01   3.50920508e+03   2.09893665e+01   0.00000000e+00
   6.35817285e+03   6.65641327e+01   7.23128174e+02   7.98186207e+00
   5.15259033e+03   8.41363037e+02   9.29487076e+01   2.50114151e+02
   1.76832077e+02   0.00000000e+00   7.51954773e+02   1.76624463e+03
   3.63788428e+03   8.90104771e+00   7.61463165e+01   6.68476410e+01
   2.32808762e+01   2.49628830e+01   7.81216797e+03   4.88212138e-01
   1.52814795e+03   2.29580908e+03   0.00000000e+00   4.79320587e+02
   8.64517944e+02   7.99453809e+03   2.40607895e+02   2.13661652e+02
   7.82859680e+02   3.13532928e+02   1.50378052e+02   7.15296459e+00
   9.27811661e+01   6.96934891e+01   3.11821003e+01   7.30057755e+01
   1.58484802e+03   1.08440561e+01   4.21374023e+03   1.61309143e+02
   4.01545349e+02   7.77611160e+01   1.37240350e+00   1.87763153e+02
   8.03209839e+01   1.25102188e+02   8.26160049e+01   3.07158020e+02
   5.92604980e+03   4.49199005e+02   2.56949249e+02   2.92772144e+03
   7.37115332e+03   3.11647308e+02   1.02767419e+03   1.13702078e+01
   1.54201523e+02   1.34598926e+04   5.58754463e+01   1.25089697e+03
   2.15530807e+02   3.33163309e+00   7.40269470e+01   0.00000000e+00
   7.18843445e+02   5.75872412e+03   2.19855200e+03   3.21552466e+03
   1.55471375e+02   2.68102818e+01   5.54494263e+02   2.43412808e-01
   7.57176208e+01   1.01593292e+02   2.62733368e+02   3.71922217e+03
   1.72453503e+03   4.53012054e+02   9.35066309e+03   3.80866013e+01
   2.00730560e+02   4.92453955e+03   4.92603836e+01   8.58103577e+02
   4.18687842e+03   3.02057552e+01   1.14078699e+03   1.47418716e+02
   5.72856636e+01   7.43727541e+00   1.60750259e+02   1.40705475e+02
   1.23808708e+02   2.70491150e+02   1.32631882e+02   7.59842217e-01
   6.75419235e+01   9.88292389e+01   4.28434467e+00   8.47346191e+02
   1.03244492e+04   2.30945166e+03   6.69849854e+01   1.38365686e+03
   7.99990869e+03   4.99922028e+02   2.46271460e+03   8.19727516e+00
   1.52580969e+03   2.99345428e+02   3.71871277e+02   0.00000000e+00
   3.12376074e+03   1.13780151e+03   7.25969009e+01   7.07049316e+03
   1.39247314e+04   1.84881714e+03   5.57365954e-01   3.01236191e+01
   5.87325058e+01   3.91491516e+02   2.33304691e+01   4.68346375e+02
   1.17578235e+03   1.54421568e+00   6.27931519e+01   8.57410526e+00
   2.75645752e+02   2.81879419e+03   2.34901154e+02   2.86071387e+03
   1.17595757e+02   8.10334384e-01   1.20472622e+01   6.45156738e+03
   4.59115267e+00   1.25591820e+02   9.68260559e+02   1.83808789e+03
   1.24343514e+00   6.56167448e-01   5.51023682e+02   7.55684738e+01
   1.43535910e+01   9.15389404e+02   1.52974805e+03   6.44564648e+03
   6.17528760e+03   1.82318897e+01   6.57136230e+02   5.14601123e+03
   1.44436264e+02   0.00000000e+00   1.14826225e+02   7.61009082e+03
   2.23612000e+02   3.58064514e+02   1.19889809e+02   4.58512158e+03]
[  1.19277051e+03   4.30707474e+01   2.12326288e+00   4.46280518e+01
   4.41416245e+01   3.15725269e+03   4.36771698e+01   8.11982727e+01
   7.48387241e+00   1.36357727e+03   9.56114292e+00   1.23251410e+01
   8.52312988e+02   2.14469751e+03   2.28762909e+02   1.18155682e+00
   3.28230133e+01   3.48362335e+02   3.09012634e+02   2.05498672e+00
   1.32488620e+00   2.87489332e-02   1.20092819e+02   7.98414490e+02
   1.74369848e+00   1.70304604e+01   5.33027744e+00   3.43140793e+01
   3.22818985e+01   2.11402832e+02   5.37594833e+01   1.78518343e+00
   1.44350433e+02   2.68970947e+01   3.52602563e+03   2.48915405e+03
   6.21076775e+00   2.61342944e+03   3.82701445e+00   1.27939117e+02
   1.86743221e+01   9.41084213e+01   2.84754372e+00   1.49512054e+02
   1.55725479e+01   2.50418945e+02   4.97572571e+02   4.63697165e-01
   8.44398499e+01   2.88620510e+01   9.71201965e+02   1.15097061e-01
   2.68594551e+01   4.34952621e+01   9.04164314e-01   1.40224485e+01
   3.25893555e+01   3.64894867e+01   1.11763039e+02   3.00360596e+02
   3.16923695e+01   1.73047943e+02   1.25096512e+01   7.52283096e+01
   5.76213303e+01   1.44627552e+01   1.28241119e+02   5.68630695e+00
   2.49886274e+00   2.36942780e+02   1.01373070e+02   2.21732324e+03
   8.91181717e+01   1.61552246e+04   2.32002832e+03   4.74061317e+01
   5.44663239e+01   3.30775185e+01   8.64994125e+01   1.81035824e+01
   1.58112192e+00   5.46797638e+01   4.44504662e+01   3.02675152e+01
   1.01165285e+01   1.71497781e-02   1.84514392e+03   1.59638205e+01
   1.59753662e+02   6.12131538e+01   1.50525070e+02   9.99196053e+00
   6.20572042e+00   1.09093799e+03   5.17343811e+02   7.51436844e+01
   6.64912567e+01   8.70266495e+01   1.82704407e+02   8.26546707e+01
   1.35535270e-01   3.01865635e+01   2.34527145e+02   2.37529087e+01
   5.29867601e+00   5.67864494e+01   9.67224979e+00   1.89656055e+03
   7.77566767e+00   1.20887578e+00   7.48395325e+02   1.43261900e+01
   2.82164478e+01   1.77356110e+02   0.00000000e+00   7.81444669e-01
   3.84775696e+01   6.41873016e+01   2.33998218e+03   6.58719778e-01
   3.43682709e+02   6.77841568e+01   4.47654724e+01   5.47524261e+00
   5.47418952e-01   1.64775684e+04   3.88580990e+00   7.97475195e+00
   2.49321216e+03   4.75446930e+01   1.21020756e+01   1.07374794e+02
   4.99485046e+02   2.35518551e+01   5.22551758e+03   4.08596897e+00
   1.18215685e+01   3.79496956e+00   3.43007300e+03   3.41700172e+01
   1.01245317e+01   1.97928540e+03   4.77317953e+00   1.65449414e+03
   2.83155842e+01   2.11303864e+02   1.20866241e+01   6.03605042e+02
   3.13255676e+02   6.54198532e+01   3.14735527e+01   5.57817993e+02
   1.37894888e+01   9.49379196e+01   1.24855920e+03   5.69443207e+01
   1.80071915e+02   0.00000000e+00   1.01184969e+01   1.94826501e+03
   7.36414258e+03   2.71119775e+03   1.18672886e+01   3.96278496e+01
   9.11475906e+01   3.68531227e+01   4.94786491e+01   7.53398666e+01
   1.04417734e+01   9.57467957e+01   9.80649109e+01   1.91035128e+00
   4.74345055e+01   1.15579590e+03   9.31801987e+00   4.00617142e+01
   1.66923084e+01   1.55704622e+01   1.61978409e+02   7.84182373e+02
   1.57993256e+02   5.67075043e+01   8.61424438e+02   4.84940987e+01
   1.05671074e+02   1.13016632e+02   9.67584038e+00   1.99858630e+00
   1.33310913e+02   2.05518616e+02   1.59736145e+02   3.49684167e+00
   5.91860645e+03   2.33767715e+02   3.96505266e-01   4.25582085e+01
   4.35684586e+01   1.22319366e+02   1.02200310e+02   1.96823608e+03
   9.79749756e+01   1.93364167e+00   2.92004883e+03   7.51674652e+01
   3.34014559e+00   8.14719009e+00   1.26220239e+03   1.96836147e+01
   2.69753754e+02   1.18040186e+03   3.03890930e+02   9.31475258e+00
   6.40907837e+02   3.75808792e+01   1.03656273e+02   1.45836731e+02
   0.00000000e+00   1.36727386e+02   3.25628882e+03   4.80765594e+02
   0.00000000e+00   1.20807352e+01   3.14784241e+01   1.92680225e+01
   1.56599640e+02   1.52989294e+03   7.60276108e+01   6.50343018e+01
   4.27597809e+00   3.73142334e+02   6.00581169e+00   1.54514856e+03
   4.16936127e+02   1.42752417e+03   0.00000000e+00   6.38068914e-01
   2.01294632e+02   2.58955542e+03   3.94886499e+03   1.76575790e+02
   2.26845589e+01   5.35218697e+01   7.20751038e+01   0.00000000e+00
   1.61411934e+01   7.44803250e-01   1.65183020e+03   3.51346040e+00
   3.38748932e+02   5.04246368e+01   1.46714258e+03   1.32772675e+02
   5.28072968e+01   1.44658923e+03   1.35513171e+03   1.47414708e+00
   2.16134659e+02   9.79117050e+01   3.66681860e+03   1.00263718e+02
   6.28510323e+01   2.67604809e+01   2.21332520e+02   5.15622253e+01
   9.17101364e+01   0.00000000e+00   4.42453735e+02   2.50034389e+01
   2.12105155e+00   4.86928215e+01   3.39304004e+03   9.04926208e+02
   6.11716843e+01   1.33624420e+01   3.81481567e+02   4.51227455e+01
   7.97624329e+02   6.32315903e+01   1.53890009e+01   5.68835640e+01
   1.15206763e+03   1.75663940e+02   8.12404099e+01   2.48104102e+03
   1.16964951e+02   8.74302902e+01   1.34913263e+01   2.96075573e+01
   3.14202652e+01   2.44683502e+02   1.85450598e+03   2.01626785e+02
   9.17109756e+01   1.02691431e+01   2.33434124e+01   1.23386711e+02
   5.92691841e+01   1.53175598e+03   2.25493279e+01   3.58421143e+03
   3.37041656e+02   1.11487684e+01   2.80621631e+03   3.92456390e+02
   2.49944611e+02   1.08252002e+03   3.94471321e+01   1.74210657e+03
   7.18162231e+01   2.17778305e+02   4.95951295e-01   8.38364563e+01
   2.91215744e+01   4.33595123e+01   4.29529541e+03   6.47976608e+01
   2.99138794e+03   6.81417882e-01   7.77101929e+02   5.60970802e+01
   1.62553879e+02   4.57839012e+01   1.30715164e+02   1.80940018e+02
   8.50935974e+01   1.18176331e+02   3.86490345e+00   7.44845963e+01
   3.93221779e+01   8.84861374e+01   2.23797154e+00   2.99585571e+01
   0.00000000e+00   3.01430298e+02   1.04130001e+01   3.81831390e+02
   4.59123755e+00   1.99704590e+02   2.16442245e+02   2.79191833e+02
   3.40942596e+02   4.00018692e-01   5.11787476e+02   3.19755859e+01
   1.04519463e+00   6.33416271e+00   6.60001907e+01   4.44400072e+00
   2.20828247e+01   4.26911278e+01   1.66631660e+01   2.08969450e+00
   0.00000000e+00   9.44821014e+01   5.21708298e+01   8.16664502e+03
   1.29488846e+02   3.51789474e+01   5.90216751e+01   1.21216377e+02
   3.60194540e+00   2.33283966e+02   3.64460487e+01   2.64762478e+01
   9.66933960e+02   1.30635607e+00   9.91274948e+01   7.57217636e+01
   3.64690063e+02   5.15325317e+01   7.68388391e-01   3.58575867e+02
   5.31487923e+01   0.00000000e+00   5.44081879e+01   1.30323238e+01
   3.64641406e+03   1.52683759e+00   5.17020874e+01   1.75937061e+01
   1.44927464e+01   3.05278833e+03   2.60608472e+03   0.00000000e+00
   5.12814697e+02   4.68302765e+01   1.00329887e+02   3.79438549e-01
   6.51684418e+01   0.00000000e+00   3.12214185e+03   2.34602158e+02
   1.77378998e+02   1.83136292e+02   2.55252393e+03   1.17873682e+03
   1.02582680e+02   1.16450310e+02   1.37400467e+02   2.26255957e+03
   2.06803570e+01   6.13415146e+01   9.57718754e+00   2.05226779e+00
   4.03176544e+02   1.94348413e+03   2.33748341e+01   1.62782959e+02
   2.59796265e+02   2.57985596e+02   6.94072693e+02   2.05053809e+03
   8.22940350e+00   2.20638855e+02   7.43936279e+02   3.64630878e-01
   5.56494675e+01   6.54428577e+00   1.11363770e+03   1.70684738e+01
   9.45650024e+02   2.48884087e+01   2.99202042e+01   2.23558254e+01
   6.55970764e+01   1.30680579e+03   4.02822601e+02   8.70402451e+01
   1.50954043e+04   4.86974396e+02   1.34275131e+02   1.32335167e+01
   1.54123352e+02   1.73137488e+03   4.30811806e+01   4.12344824e+03
   1.76889905e+03   3.56487671e+02   4.97879181e+01   1.03309546e+01
   2.07427168e+00   1.14917114e+03   3.60908630e+02   7.66525192e+01
   1.02885780e+02   6.60960159e+01   1.66486442e-01   1.82596237e+02
   2.10700150e+01   1.48382559e+01   2.70828819e+01   2.99076004e+01
   3.30959587e+01   3.78212463e+02   1.94807770e+02   6.60393066e+03
   3.20061836e+01   3.38183838e+03   1.80227142e+02   1.02369942e+02
   1.71369125e+02   7.16421448e+02   3.96179237e+01   6.72568178e+00
   6.24379211e+02   1.15821142e+01   2.68555786e+03   1.83067627e+02
   3.63598180e+00   1.46559238e+01   1.32268616e+02   1.28303909e+02
   1.23152734e+03   2.41829858e+03   1.53096558e+02   2.63367114e+03
   7.60289133e-02   3.01705718e-01   3.33158760e+01   1.13585913e+00
   1.65954609e+01   3.97437248e+01   1.39271472e+03   6.72665983e-02
   1.59950592e+02   1.08799622e+02   6.27056503e+01   2.03194458e+03
   5.82864151e+01   0.00000000e+00   1.97727165e+01   2.79314941e+02
   6.91977310e+01   1.87530322e+03   1.22075659e+03   1.52079614e+03
   2.57759302e+03   4.34929321e+02   1.27665985e+02   5.21621475e+01
   2.42324976e+03   2.25107975e+01   2.24592896e+01   1.32117603e+03
   1.59072161e+01   1.48114639e+02   8.35156536e+00   4.87384033e+02
   1.50486768e+03   3.09282104e+02   2.76583594e+03   6.88117445e-01]
