bus
car
motorbike
person
[  2072666.75      24493142.        23650798.        10556816.        25239798.
  26383364.         3557378.          958961.1875    32594924.         7447742.
  26302684.         9618067.          454295.96875    4043024.5
   1594174.75       4180924.         1549157.25        860811.0625
  39213320.         6873698.5        7922850.         1423342.125
  10467840.         7579914.          359002.15625    9334175.         8746824.
   2868097.25       1162139.125      6356888.        13371127.         1970978.25
  22287198.          592887.375      8968842.        12835850.         2603520.25
   1283339.125     11125384.         1173310.875     10451686.          940752.25
   7261226.5       27511338.        12965697.        15429490.
   1598931.375      1331778.625       391857.625      9048468.        16419033.
   1937837.25       6528923.         5143281.         5866244.5       14821379.
  26395656.          152308.171875  33051300.         3087024.75      24910884.
   9671358.        30730176.          212115.5     ]
[  1.97968860e+07   1.16297370e+07   1.16341100e+07   8.77986035e+03
   6.25410500e+06   6.11387800e+06   1.36866400e+07   5.59406348e+03
   2.23472500e+06   1.76735600e+07   1.12282610e+07   2.18834780e+07
   2.24079883e+04   2.04030406e+05   8.82802200e+06   9.12091000e+06
   1.55341690e+07   2.60079660e+07   4.04654120e+07   5.85263000e+05
   8.67178359e+04   3.99661720e+07   1.68980000e+05   2.61183640e+07
   4.28327539e+04   1.53116710e+07   8.11607250e+05   1.32993062e+05
   1.85676900e+07   1.77910703e+04   1.97049725e+06   8.74474316e+03
   1.45683875e+05   5.58546350e+06   1.26051370e+07   2.31569719e+05
   6.65250312e+04   6.71108562e+05   2.96358800e+06   1.43598260e+07
   3.84521225e+06   2.21963562e+05   3.36424525e+06   1.31744140e+07
   3.42627400e+07   7.70458400e+06   1.37631211e+04   1.94723340e+07
   6.93389550e+06   1.99916000e+05   1.06966160e+07   2.56924700e+06
   3.21629260e+07   2.74015100e+06   1.48956038e+06   5.60934150e+06
   1.19135090e+07   1.49077200e+07   3.83311062e+05   2.97299620e+07
   3.27218025e+06   2.63932861e+03   1.15748330e+07   1.84053220e+07]
[  3.11352281e+05   5.78008150e+06   1.38808109e+05   3.07189625e+05
   2.41953531e+05   2.66606641e+03   9.51506625e+05   1.51278725e+06
   2.30615703e+04   8.19649000e+05   1.47848788e+06   2.27421234e+05
   2.52058425e+06   3.52426188e+05   8.42574902e+03   2.47657969e+04
   3.75361969e+05   3.81954766e+04   8.26212188e+05   5.83905200e+06
   3.85258594e+04   6.03658600e+01   7.50962750e+06   4.17003850e+06
   1.37689625e+06   0.00000000e+00   2.37899525e+06   2.31046675e+06
   5.14440586e+04   2.22925325e+06   1.02180371e+04   6.87218100e+06
   6.34752062e+05   6.58017188e+05   2.59840525e+06   3.26291875e+06
   6.67705625e+05   9.47553000e+06   1.73684094e+05   9.96032344e+04
   5.04862250e+06   7.93741850e+06   1.44409538e+06   3.82327525e+06
   3.25446075e+06   3.71117188e+05   1.05751010e+07   1.30791035e+04
   1.42522641e+05   5.66598125e+04   1.48829531e+05   9.34927266e+04
   7.18578438e+05   3.27960156e+05   7.97737950e+06   1.70675775e+06
   1.56249703e+05   1.63563594e+04   8.21958359e+04   4.87521719e+05
   6.69670188e+05   5.27094500e+06   2.93318975e+06   8.33165062e+05
   8.07604800e+06   4.75822312e+05   4.81774950e+06   1.50278762e+06
   6.28314812e+05   1.70550088e+06   3.83850875e+06   3.65046675e+06
   1.48692225e+06   1.90386017e+02   0.00000000e+00   1.07314362e+06
   6.68451758e+03   2.79569300e+06   3.23422775e+06   4.68841219e+05
   1.27664717e+04   1.93880812e+06   3.65290225e+06   1.14874287e+04
   4.60517150e+06   5.02517550e+06   4.70877350e+06   1.66665438e+05
   1.75025088e+06   1.39385828e+05   5.33143750e+06   5.58357950e+06
   3.54675350e+06   2.10902775e+06   9.86895859e+04   8.00965150e+06
   6.01985657e+02   2.74426050e+06   6.27450312e+04   1.40028564e+03
   3.69336100e+06   2.29375469e+04   9.74809531e+04   3.21617400e+06
   8.03901758e+03   2.54102725e+06   3.74260083e+03   5.84495078e+04
   9.00343500e+05   3.08523164e+04   1.40283086e+04   1.17483212e+06
   2.17678700e+06   4.31419300e+06   5.86039150e+06   2.52946100e+06
   1.69057362e+06   5.61535438e+05   6.90659625e+05   3.28196312e+05
   4.17361100e+06   3.14472000e+06   1.89439575e+06   4.80108400e+06
   1.15677650e+06   1.50877227e+04   1.15629240e+07   4.40472656e+03]
[  3.05013250e+06   3.55133100e+06   6.11863906e+04   0.00000000e+00
   6.42647266e+03   3.14429700e+06   1.43162312e+06   1.49716212e+06
   7.96895450e+06   8.92625812e+05   6.84974150e+06   4.78705850e+06
   1.46904025e+06   7.82628562e+05   5.72978564e+03   1.80753050e+06
   4.05621625e+06   2.01765862e+06   2.26795200e+06   8.22894141e+03
   4.01071775e+06   3.19186750e+06   4.82618156e+05   4.91902227e+04
   2.14286000e+06   4.00910906e+05   2.39971938e+05   1.66670700e+06
   2.77207562e+05   2.35261325e+06   2.35539453e+04   9.23511000e+06
   3.36215275e+06   1.13995800e+06   1.78688750e+06   2.27642575e+06
   4.24224600e+06   7.91498200e+06   9.02324922e+04   1.59576816e+04
   3.71535906e+05   2.45331562e+04   3.13744873e+02   4.97121781e+05
   9.95402438e+05   2.21683775e+06   3.93406075e+06   6.43764100e+06
   7.59760875e+05   6.71430050e+06   1.63907500e+06   1.68691888e+06
   3.42198450e+06   1.77072188e+06   3.85979531e+05   3.52728047e+04
   6.22206200e+06   5.51395703e+04   1.91759497e+03   3.91285100e+06
   2.91360450e+06   2.53984550e+06   4.90033500e+06   1.15016988e+06
   5.41872578e+04   6.46973900e+06   3.06302969e+04   2.49410525e+06
   1.31315075e+06   7.63205750e+06   3.65572062e+05   6.88318350e+06
   1.63791038e+06   3.18817000e+06   8.88035100e+06   2.63236206e+03
   1.42547038e+06   1.86096438e+06   8.25343050e+06   3.19977300e+06
   3.73927900e+06   1.29752666e+04   5.86953900e+06   1.02855738e+06
   4.49190898e+04   5.04043600e+06   3.30618672e+04   2.81457950e+06
   1.22767258e+05   6.49305500e+05   8.19117920e+03   3.50168350e+06
   7.57125812e+05   6.29336050e+06   1.66785938e+05   3.72035700e+06
   9.28281738e+03   4.68279000e+06   2.91210500e+05   1.12537040e+07
   3.39089453e+04   1.92916660e+04   7.70358000e+06   3.70316626e+03
   3.24123672e+04   7.45976900e+06   6.62508562e+05   2.63002525e+06
   6.52365500e+06   2.49314075e+06   2.98020703e+03   1.34922625e+06
   4.97888867e+04   1.45477380e+07   5.11645550e+06   2.31069650e+06
   1.96438038e+06   6.92884062e+05   7.45110010e+03   4.16609281e+05
   5.43622200e+06   1.38919512e+06   1.07981738e+03   1.54057300e+06
   7.04097438e+05   7.71389562e+05   6.75649050e+06   3.39623150e+06]
[  1.29859543e+02   1.09843535e+04   5.20409969e+05   7.96226367e+03
   1.05517129e+04   4.31871436e+03   1.07677820e+03   2.20519447e+01
   1.28689400e+06   2.31460571e+03   2.70882861e+03   3.05077075e+03
   0.00000000e+00   1.74897617e+04   1.03070635e+04   7.78667725e+03
   1.24675398e+05   1.31809012e+06   5.90184570e+02   1.99951738e+04
   5.95448608e+02   8.55671094e+03   1.53296844e+05   2.65125938e+04
   4.83108711e+04   1.67727490e+03   1.39189662e+06   0.00000000e+00
   4.30720996e+03   3.51999625e+05   0.00000000e+00   2.55394629e+03
   0.00000000e+00   8.35342812e+04   5.96426367e+04   8.72012625e+05
   7.73584562e+05   7.35554590e+03   1.18338916e+03   4.96352881e+03
   3.64764111e+03   8.70384827e+02   2.03514368e+03   2.96475000e+05
   3.21189185e+03   1.59062134e+02   3.67184326e+02   6.53304932e+02
   9.73578320e+03   1.39970615e+04   8.03578027e+03   1.44477600e+03
   4.32422062e+05   9.82462812e+04   2.04023170e+01   5.03452295e+03
   6.08121938e+05   5.95488438e+05   2.26457227e+03   7.28637848e+01
   2.29736484e+04   9.87072949e+03   4.83978812e+05   2.13998750e+05
   0.00000000e+00   4.41635071e+02   5.29445007e+02   2.42026025e+03
   8.18052344e+03   1.16615344e+05   1.14908675e+06   1.18505988e+06
   2.14907885e+00   8.80650977e+03   1.55166893e+01   2.14727417e+02
   5.08732812e+03   2.40249453e+05   3.87516500e+05   1.09941133e+05
   3.26594188e+05   2.41841504e+03   5.17594336e+03   3.93873260e+02
   1.49442438e+06   1.49657138e+06   3.75073945e+04   7.58824812e+05
   1.27689555e+05   5.84687901e+00   1.19472686e+04   1.33304805e+04
   3.68730062e+05   2.17160566e+04   0.00000000e+00   7.51004028e+02
   1.95477893e+03   1.32207125e+06   1.53215576e+03   1.18851211e+05
   5.58617432e+03   2.29811953e+04   4.33784500e+05   1.00520664e+05
   3.76131519e+03   4.02255713e+03   4.59809479e+02   2.60404541e+03
   2.86585052e+02   6.57746312e+05   6.95012125e+05   9.51978613e+03
   4.34806156e+00   6.45358447e+03   6.15925703e+04   1.03338770e+04
   4.47343872e+02   2.71220312e+05   1.18174622e+03   1.58467550e+06
   1.92307781e+05   6.02669220e+01   1.83768398e+04   1.93912857e+02
   4.23207861e+03   2.64802875e+05   1.19148035e+03   3.63538824e-02
   1.74055344e+05   7.28194092e+03   3.38638989e+03   6.41754639e+03
   9.49960352e+03   1.06090512e+06   1.09336316e+03   8.10727393e+03
   1.77302638e+06   1.55009000e+05   1.19024453e+04   0.00000000e+00
   7.19717871e+03   2.72407104e+03   6.69772217e+03   1.00022125e+06
   2.29558154e+03   8.57905375e+05   2.66472925e+03   2.70165601e+03
   7.31060312e+05   1.92056018e+03   1.70247424e+03   1.08923230e+03
   6.89784961e+03   4.13448945e+04   3.28546688e+05   1.23582788e+03
   6.36910010e+03   3.22408000e+05   2.29028062e+05   6.50147938e+05
   7.62550659e+02   2.90292090e+04   5.69182438e+05   1.84557825e+03
   1.64832871e+04   2.23290125e+06   7.77477625e+05   2.45571719e+05
   1.22476141e+05   1.63776850e+06   1.20871112e+06   1.41277781e+01
   7.98896631e+03   9.31334922e+04   6.90552344e+03   8.02588281e+03
   4.53226219e+05   4.85891328e+04   1.58805788e+06   5.76636992e+04
   1.18425977e+05   4.15699570e+04   3.67114141e+04   5.05379531e+04
   1.91464062e+04   6.30685449e+03   3.06750586e+04   1.74355391e+04
   2.18712688e+05   8.42816406e+03   1.45881006e+03   1.14783025e+06
   4.56259003e+01   9.64463125e+05   3.63337684e+00   1.23168400e+06
   4.46282910e+03   7.37466094e+04   1.04070350e+06   2.67431250e+05
   1.52756726e+03   5.66461250e+05   1.27912838e+06   8.22252625e+02
   2.32843496e+04   1.58952759e+02   4.14058398e+03   4.80638770e+03
   1.98902454e+03   7.29714297e+04   1.12184312e+06   2.51473672e+05
   1.22224768e+03   9.22533594e+03   0.00000000e+00   3.17791973e+04
   8.88302429e+02   7.10770938e+05   1.18816689e+04   7.29335571e+02
   4.98593164e+03   4.94639111e+03   1.36726166e+02   1.53130703e+05
   5.43229688e+05   2.61683846e+01   1.48043384e+03   7.68699268e+03
   1.07481049e+02   1.23242219e+05   5.58804023e+04   1.29290298e+02
   8.58627109e+04   1.24806055e+03   7.24954375e+05   1.05386682e+03
   2.89422876e+03   2.62965250e+05   3.90454062e+05   6.60159225e+01
   1.48885750e+05   3.62619406e+05   1.62055273e+03   5.85955627e+02
   1.42150969e+05   7.15426758e+03   6.71567334e+03   1.35210828e+03
   5.18329150e+03   2.14861844e+05   4.04930249e+03   8.77205444e+02
   2.34548340e+03   4.69781342e+01   8.82956250e+04   4.49499844e+05]
[  7.44778188e+05   5.56199609e+03   1.48292810e+03   3.34035669e+03
   1.32619150e+06   1.37503650e+06   1.76054188e+05   2.73932495e+02
   1.43778496e+04   1.92136780e+03   3.44592499e+02   4.49681689e+03
   4.46474756e+03   1.33753945e+04   1.91299390e+03   9.80781982e+02
   0.00000000e+00   4.32281403e+02   1.19404062e+06   2.05163848e+04
   0.00000000e+00   6.40148087e+01   7.18657227e+01   1.15994492e+05
   1.24365135e+02   3.56000049e+03   0.00000000e+00   3.31202188e+05
   8.33172266e+03   6.99687042e+01   2.24145016e+05   1.27602305e+04
   3.12609204e+03   6.33235938e+04   3.85746191e+03   2.75526074e+04
   3.64137671e+03   3.67629669e+02   3.12673755e+03   0.00000000e+00
   6.83716641e+04   1.14326709e+04   7.38628601e+02   1.94372083e+03
   1.93066174e+03   4.19938965e+03   1.98877328e+05   7.23157266e+04
   1.16223258e+05   3.02453522e+02   9.94375781e+03   4.08722717e+02
   9.71038391e+02   4.16309277e+03   1.77369516e+05   4.22669312e+05
   1.06137266e+05   1.24336422e+05   3.68561255e+03   6.23793152e+02
   1.81559900e+03   2.91043906e+04   2.27759460e+02   1.82081528e+01
   3.09843391e-01   1.05449398e+05   2.67963145e+04   1.76973434e+02
   2.50586441e+02   8.88300391e+03   5.89572500e+05   4.07307854e+01
   1.01435049e+04   1.83082886e+03   2.02158574e+04   1.25476234e+05
   1.28310852e+05   6.21972510e+03   1.19501719e+04   4.18944750e+05
   4.03309174e+01   5.10539160e+03   6.04745674e+00   2.78812383e+04
   1.64045923e+03   1.01969941e+04   1.24225513e+03   1.10304580e+04
   5.32512402e+03   1.54325283e+04   3.44094648e+04   4.20625537e+03
   1.34211074e+04   2.64203406e+05   2.05460596e+03   5.24132080e+01
   6.41593633e+04   4.54939795e+00   2.10167773e+04   1.26305578e+05
   2.89452344e+03   1.38182266e+04   2.01627359e+05   2.38530922e+01
   1.35697229e+03   1.16828859e+05   1.18162539e+04   1.20653271e+04
   9.20961562e+04   4.79293875e+05   3.20887842e+03   7.03496688e+05
   1.21624557e+02   2.04972266e+03   1.76444244e+02   2.72448608e+03
   2.93696167e+02   3.71825879e+03   1.52800297e+05   5.38860000e+04
   2.40072827e+03   1.27786987e+02   6.28072119e+03   3.98339750e+05
   4.75002881e+03   1.95660820e+01   0.00000000e+00   1.21575195e+04
   5.70391663e+02   7.24921188e+05   9.46306016e+04   1.24088921e+02
   1.23116919e+03   7.43252625e+05   1.46898633e+03   7.84236279e+03
   5.19333301e+03   2.20306422e+05   3.37413794e+03   2.11532402e+01
   5.71429214e+01   1.28163025e+03   7.23126904e+03   7.18370312e+03
   7.30649281e+00   4.45045947e+03   1.49803357e+03   0.00000000e+00
   1.96838348e+02   6.65428406e+02   1.10764122e+02   1.85167812e+04
   7.99685625e+05   7.85052578e+04   9.35177612e+02   2.49105297e+05
   1.12026904e+03   2.08175468e+01   5.77632109e+04   4.89486250e+05
   4.88340381e+03   1.29105042e+03   2.28709399e+03   3.56430206e+01
   2.27432000e+05   0.00000000e+00   3.70654023e+04   2.03516602e+03
   2.28630734e+05   9.37602188e+05   1.11470833e+02   1.38393240e+01
   8.66013855e+02   1.80535906e+05   5.18716125e+05   8.96136902e+02
   1.29314575e+03   6.38073059e+02   6.57495801e+03   2.84385033e+01
   2.94021484e+03   8.30700000e+03   4.31378510e+02   6.30053418e+03
   1.90087852e+01   1.28031226e+03   3.21885031e+05   6.56539697e+03
   2.18535889e+03   1.80974319e+02   1.23050453e+05   1.43745947e+03
   3.47725220e+01   8.35163281e+03   1.17582021e+04   1.17084082e+03
   1.68441504e+04   9.35819824e+03   7.80437375e+05   1.08233604e+02
   2.33499107e+01   0.00000000e+00   5.42188625e+05   1.26117793e+04
   8.55126660e+03   2.76101532e+02   4.94952637e+03   1.23131938e+06
   4.07735703e+04   8.40817438e+05   8.74459000e+01   1.29506104e+03
   5.16644629e+03   1.70097656e+04   9.07732727e+02   2.53006074e+04
   4.68010938e+04   5.36530225e+03   5.12425098e+03   3.54468633e+04
   3.16628662e+03   4.27235107e+03   1.62205554e+03   7.05345642e+02
   4.36467314e+00   5.03722217e+03   1.64065969e+05   4.62627969e+04
   3.33678784e+03   5.31839323e+00   1.72437653e+02   2.45532812e+03
   1.96434609e+04   1.14800818e+03   5.71538375e+05   1.05613379e+04
   8.86136426e+03   2.82640688e+05   0.00000000e+00   0.00000000e+00
   4.59370459e+03   2.83560250e+05   2.20183563e+00   0.00000000e+00
   8.77497131e+02   8.10513458e+01   2.77244604e+03   1.91398328e+03
   1.94115719e+05   1.23465133e+05   2.62019849e+03   2.09920645e+04
   5.62831250e+03   5.74037500e+05   4.08802185e+02   1.32654516e+05]
[  3.60698828e+04   1.56863223e+04   8.34723572e+02   4.40699890e+02
   3.04543281e+05   2.24132910e+03   2.25605719e+05   2.53189545e+02
   6.01901550e+02   3.61403188e+05   1.24369375e+04   1.23804131e+04
   4.73500635e+03   2.00113245e+03   3.11346094e+03   1.83064087e+02
   4.16445503e+01   5.53717834e+02   5.90083580e+01   1.76470447e+03
   7.84661250e+04   5.58757422e+04   7.92699365e+03   1.99426855e+04
   1.62980530e+02   6.68402588e+03   3.28642139e+03   2.27363438e+04
   5.93153477e+04   6.32417688e+05   6.74205475e+01   2.55142676e+04
   1.60997646e+04   8.68828594e+04   1.39051978e+03   5.66779727e+04
   1.46102250e+05   7.67069188e+05   2.45161591e+02   9.91948188e+05
   0.00000000e+00   1.07373828e+03   4.89239941e+03   1.37931000e+05
   7.45146953e+04   2.90498096e+03   7.43122009e+02   5.33499951e+03
   5.87695195e+04   2.85389624e+03   5.63632578e+04   8.96705500e+05
   9.43040466e+01   1.04763718e+01   1.99809402e+02   1.69225818e+03
   6.46263330e+03   6.71559297e+04   8.25272179e+00   3.65492432e+03
   1.28530859e+03   9.89336484e+04   1.01084637e+03   7.22729639e+03
   3.69780640e+03   1.66670020e+04   5.34290967e+03   7.20385352e+03
   2.26436191e+04   2.29893086e+04   3.27400840e+04   6.95656201e+03
   1.76633266e+05   8.25678613e+03   2.22834047e+05   3.52290625e+05
   1.23803164e+05   7.43346094e+04   5.26323975e+03   8.10903320e+02
   5.32007507e+02   7.77231750e+02   1.92061523e+04   1.40652008e+02
   1.50744141e+04   3.09453491e+02   4.43443906e+04   1.97225998e+02
   2.87123814e+01   2.69827393e+02   7.82859573e+01   9.21306381e+01
   4.46439746e+03   9.83194199e+01   9.87776719e+04   1.95309204e+02
   6.20115738e+01   1.05179648e+05   1.75816219e+05   1.11115672e+05
   4.07735344e+05   9.56418750e+04   9.20807739e+02   1.13441260e+03
   1.73125879e+04   4.50916992e+03   2.02234266e+05   1.39578047e+04
   5.75057129e+02   1.52038672e+03   3.98685547e+04   7.83362976e+02
   7.02273828e+03   2.49996533e+03   7.69474548e+02   8.86391797e+04
   3.87232959e+03   6.94827500e+04   3.80554023e+04   5.87597734e+04
   2.51416607e+01   3.19811844e+05   7.27285625e+04   3.55278789e+04
   1.16447250e+05   1.57700562e+03   2.47818828e+04   3.35280838e+01
   7.80463135e+02   5.01906815e+01   1.66210437e+03   7.98623730e+03
   3.21823413e+03   1.57916443e+03   1.84737297e+05   3.26452734e+03
   4.13607861e+03   1.29117758e+05   5.31046367e+04   7.35878052e+02
   5.03639364e+00   2.40583457e+04   1.94985977e+02   3.24725840e+04
   5.07901855e+03   3.20600840e+04   4.61665195e+04   3.54598160e+01
   5.51235273e+04   5.28176221e+03   3.91290576e+03   1.72845312e+04
   6.07898827e+01   3.45419125e+05   2.65399494e+01   6.38527832e+02
   2.58107012e+04   3.79806758e+04   2.26771297e+05   1.18040649e+03
   1.27721814e+03   3.25376343e+02   2.17622930e+04   1.93847473e+03
   2.12485034e+03   1.58424922e+04   8.47986328e+03   6.04365625e+04
   1.57009766e+03   8.92503906e+03   9.64980225e+02   9.72951660e+03
   1.18686348e+04   2.32167163e+03   5.25192812e+04   1.52490137e+03
   1.95170977e+04   9.57047424e+02   8.69926094e+04   3.81062969e+04
   4.17265717e+02   2.12445352e+04   4.27623125e+04   9.05691797e+03
   4.35916914e+04   1.40816071e+02   9.34433984e+04   7.13799377e+02
   1.95714600e+03   3.26808688e+05   1.70812129e+04   1.73653052e+03
   1.18633630e+03   3.72798594e+04   3.62168372e-01   5.42190088e+03
   1.35516758e+04   9.58943652e+03   6.94405938e+04   2.99517125e+05
   7.98062256e+03   3.53822632e+02   2.29190371e+04   1.07786789e+05
   1.02695398e+05   4.42347809e+02   5.73192852e+04   8.57341016e+03
   2.74676465e+04   4.10057068e+00   5.75404932e+03   2.78712476e+03
   1.10386104e+04   4.99119189e+03   7.23822656e+04   4.06550598e+01
   5.83710693e+03   3.75009375e+04   1.26754346e+03   3.72485281e+05
   2.20348125e+04   2.86196143e+03   1.82764111e+03   4.26672754e+03
   2.21608477e+04   0.00000000e+00   0.00000000e+00   8.90802246e+03
   1.10046094e+03   1.09752588e+04   9.49749512e+03   8.30740137e+03
   9.47690430e+02   1.53798281e+04   5.18268906e+05   4.27967920e+03
   1.77708142e+03   3.70963379e+03   6.12328000e+05   2.10823828e+03
   9.49084229e+02   2.86147938e+01   1.19909094e+03   1.82521088e+02
   3.51830664e+04   3.23732156e+05   1.89851593e+02   6.31913567e+01
   2.96798398e+04   1.69596172e+04   0.00000000e+00   2.58818145e+04
   8.79910645e+03   7.72533691e+02   1.34156754e+02   3.63487915e+03]
[  2.13846497e+02   3.47866748e+03   8.97654688e+03   8.90501758e+03
   1.39304980e+03   2.44036250e+04   1.67938263e+02   9.35628433e+01
   1.29000183e+02   1.25893211e+01   2.44617305e+04   1.17259795e+04
   1.35589771e+03   2.67262109e+03   2.90891528e+03   4.35009491e+02
   4.28751318e+03   1.11532646e+04   5.47286475e+03   3.23019556e+03
   2.94191986e+02   9.17643672e+04   4.33354541e+03   6.64976868e+02
   3.89810820e+04   1.02439463e+04   1.73382031e+04   1.31847778e+03
   3.71981133e+04   5.52762988e+03   8.78141504e+03   7.09442109e+04
   1.52517065e+03   4.40670801e+03   1.60888525e+04   9.22850000e+04
   2.46455215e+04   2.14953931e+03   7.59970856e+01   5.54392920e+03
   3.29032784e+01   2.03044648e+04   2.00217695e+04   8.42092383e+03
   5.69287415e+02   1.87544006e+03   1.87722559e+04   1.60431006e+04
   8.75229931e+00   1.45112158e+04   9.33883672e+04   5.70442969e+03
   0.00000000e+00   2.37948809e+04   3.70098389e+03   1.18224229e+04
   4.33118500e+02   1.58005059e+04   7.02258423e+02   6.64475647e+02
   7.63397217e+03   8.27476953e+04   3.11456973e+04   1.74700549e+03
   2.19907832e+04   1.18099404e+04   4.63504761e+02   2.11904480e+02
   6.41582422e+03   5.49710938e+02   2.24087891e+04   1.20371826e+03
   6.37729883e+04   9.57450806e+02   6.49507570e+00   7.79649475e+02
   4.03142365e+02   6.59778748e+01   7.46379688e+04   1.57587178e+04
   2.07014954e+02   1.14178359e+04   4.19110234e+04   8.40133438e+04
   1.11715137e+03   2.52474737e+00   7.01532471e+03   3.47995697e+02
   1.57164336e+04   5.39235859e+04   3.71429419e+03   5.07858582e+01
   3.26663770e+04   5.22431250e+03   1.00599781e+05   3.24803145e+04
   1.52085078e+04   8.12143860e+02   3.05541875e+04   6.33131719e+04
   9.87415430e+03   1.55744049e+02   9.18262188e+04   4.81824756e+03
   4.49365088e+03   3.26915996e+04   5.81417419e+02   5.35733398e+04
   1.24704717e+04   9.03010803e+02   6.77321045e+03   7.46312622e+02
   1.19630933e+03   9.29201794e+00   2.58369354e+02   1.54407666e+04
   0.00000000e+00   6.50057070e+04   8.94554077e+02   1.06265283e+04
   5.28065247e+02   2.88594805e+04   2.07439180e+04   1.80900732e+03
   4.25798828e+03   5.06377344e+04   1.44377246e+03   2.53021230e+04
   5.70272891e+04   1.84799231e+03   5.04015717e+02   4.61423877e+03
   1.62298760e+04   5.92161758e+04   1.66566445e+04   5.13628235e+02
   1.34561240e+04   0.00000000e+00   5.48643494e+02   3.97020251e-01
   3.44249180e+04   9.72642670e+01   1.02520479e+04   6.63846159e+00
   1.14713525e+03   1.69043201e+03   5.23097046e+02   5.15106885e+03
   5.86893539e+01   6.63764551e+03   3.44452500e+04   4.37983643e+03
   8.36238403e+02   1.32146692e+03   3.02165680e+02   0.00000000e+00
   3.13370781e+01   3.26729187e+02   5.83328934e+01   5.01011172e+04
   1.50771240e+03   1.35087341e+03   2.71029639e+03   2.66772985e+00
   1.22857354e+04   3.04450134e+02   2.92662402e+04   8.82102661e+02
   7.87160547e+04   6.93176094e+04   3.54110291e+02   2.59410962e+03
   2.27410132e+03   5.68943359e+02   6.50082266e+04   2.65552637e+04
   2.55001445e+04   1.30794434e+03   4.73856592e+03   8.34054004e+03
   4.55140742e+04   4.55486084e+02   2.90999492e+04   1.27771904e+04
   5.65459375e+03   7.75545000e+04   7.02229297e+04   3.35330371e+03
   1.07202429e+03   1.39916260e+03   5.32971619e+02   1.39931250e+04
   2.05210488e+04   7.94353281e+04   9.70326797e+04   6.36874727e+04
   2.87838145e+04   3.65417407e+03   2.51338887e+04   2.34508163e+02
   3.58853203e+04   2.84796533e+03   7.35952026e+02   4.87731250e+04
   4.77755430e+04   4.18262939e+01   4.42781602e+04   8.77702930e+03
   4.97656326e+01   5.89865589e+00   2.54793799e+03   4.34102112e+02
   3.29950943e+01   6.66453552e+01   2.49209746e+04   1.12938066e+04
   1.45782532e+03   4.11992461e+04   2.24919102e+04   1.53153418e+04
   1.86703262e+04   4.23717578e+04   4.58528473e+02   0.00000000e+00
   1.66557324e+04   4.76865662e+02   5.21431274e+02   6.31858483e-02
   8.88382950e+01   5.64349561e+03   9.32011963e+02   1.27030701e+02
   2.36637734e+04   2.28052368e+03   5.43085469e+04   1.28916785e+03
   4.50114609e+04   8.74510620e+02   3.79012109e+03   2.15011992e+04
   3.15207153e+03   1.00027754e+04   3.23779785e+03   5.37783711e+04
   3.89134064e+02   4.99078984e+04   1.40286973e+04   1.74657791e+02
   1.15220679e+03   2.26435703e+04   8.47488477e+03   7.18425234e+04
   6.71196729e+03   1.00936203e+05   1.86914922e+04   9.00583594e+03
   4.93674883e+04   4.21701294e+02   4.59192429e+01   3.49561680e+04
   2.53918984e+04   7.80029297e+00   1.72053574e+04   2.88567847e+03
   2.60477814e+02   2.86118691e+04   8.89082397e+02   8.26035078e+04
   2.66484023e+04   9.57840515e+02   0.00000000e+00   7.28577576e+02
   2.28062524e+03   8.19464172e+02   5.06314531e+04   2.19203066e+04
   0.00000000e+00   8.66785202e+01   2.37430801e+04   8.80405566e+03
   2.27394724e+00   4.36718407e+01   1.70029258e+04   2.98558262e+04
   5.15234558e+02   6.09836963e+03   1.39084854e+02   9.07483643e+02
   8.75430859e+03   1.39411484e+04   6.92654883e+03   8.19370996e+03
   6.89403984e+04   3.07417812e+04   1.08977588e+04   1.54328296e+03
   5.41127892e+01   1.23679626e+03   7.11573926e+03   1.67286953e+04
   4.43326340e+01   3.01712695e+03   1.36515322e+04   4.45391907e+02
   9.53586349e+01   8.36062402e+03   8.94572949e+03   2.14118701e+03
   4.13658594e+04   1.14201897e+02   1.22214996e+02   5.15116895e+03
   1.53947510e+02   4.15977051e+02   5.12546328e+04   1.73887070e+04
   2.63000903e+03   5.11651875e+04   6.41985742e+03   5.67842432e+03
   4.47370752e+03   1.69454023e+04   8.69125938e+04   7.81903015e+02
   5.92747617e+04   2.31780410e+04   5.59628047e+04   2.25648320e+04
   6.67559131e+03   5.93249207e+02   4.02036406e+04   7.54108447e+03
   1.75229355e+04   2.51065601e+03   1.82487518e+02   1.21926699e+04
   1.97710281e+02   4.70300977e+04   3.41006396e+03   8.78687305e+03
   6.63928438e+04   6.76694092e+02   2.57331562e+04   7.21050186e+01
   3.92958960e+03   2.74932520e+04   1.49217461e+04   4.52761475e+02
   1.11235059e+03   4.95934662e+02   9.49829688e+03   5.12209244e+01
   6.02938660e+02   1.45413057e+04   5.24591846e+03   5.82439209e+02
   3.20664434e+04   4.86161530e+02   4.28597070e+04   2.05089277e+04
   3.81627461e+04   1.08531064e+04   1.33874374e+02   3.95697540e+02
   8.96982520e+03   3.20945282e+02   7.44088047e+04   2.18880566e+03
   2.74347754e+04   5.12294580e+03   1.29018677e+03   5.58992798e+02
   1.05790029e+04   1.28540400e+04   6.06477617e+04   4.77132910e+03
   3.29738388e+01   2.72808643e+03   4.23781311e+02   2.98841705e+02
   8.08490918e+03   1.08313105e+04   2.28871872e+02   6.91829531e+04
   6.25907959e+03   3.87515405e+03   6.32138855e+02   2.19087085e+03
   6.11394287e+02   9.01420212e+01   2.42573364e+03   3.08019806e+02
   8.64680176e+03   2.86404517e+03   3.77591089e+03   3.28893008e+04
   1.88831348e+04   7.40818994e+03   6.90046875e+02   2.12092017e+03
   2.48161575e+02   1.48651689e+04   2.80985059e+04   8.17427539e+03
   7.27876660e+03   2.35220703e+03   2.11736963e+03   4.89033928e+01
   7.59288120e+00   1.03455589e+02   1.70350000e+04   1.61405488e+04
   1.87026250e+04   4.56745415e+01   1.16468975e+04   1.35481689e+04
   3.44952368e+03   2.10152168e+04   3.83563828e+04   2.45274487e+03
   2.24885840e+03   1.31390303e+04   8.61487366e+02   7.33022734e+04
   8.08757266e+04   1.15569990e+04   3.21886875e+04   4.59115631e+02
   4.62361836e+04   1.69623669e+03   1.91376904e+03   6.43289209e+03
   1.82183027e+04   3.47301367e+04   1.05644248e+04   1.33430725e+03
   9.52203857e+02   9.56399155e+01   6.61990576e+03   7.42252490e+03
   4.83430176e+03   3.20651636e+03   1.91514707e+04   2.11945969e+02
   0.00000000e+00   5.44824531e+04   2.45579491e+01   8.56524316e+03
   1.36982190e+03   4.21704258e+04   5.19159961e+03   7.25348828e+04
   4.47937793e+03   0.00000000e+00   7.00672314e+03   3.58958969e+01
   2.90217468e+02   1.36118494e+03   8.15555668e+00   7.31817688e+02
   3.62769775e+02   2.77742432e+03   2.28870575e+02   9.52649805e+03
   3.11002129e+04   1.66855645e+04   4.36390869e+03   1.10164585e+01
   9.18622437e+02   3.25574658e+03   2.75618801e+01   2.73663879e+02
   1.55127354e+04   7.94165100e+02   5.84544861e+02   3.05028857e+03
   2.34717603e+03   1.59519336e+03   3.00006973e+04   0.00000000e+00
   5.17310059e+02   1.46476208e+03   2.93197656e+04   3.45147109e+04
   7.52738828e+04   1.47389450e+02   4.24967316e+02   7.05678082e+00
   2.15196973e+04   3.45855560e+02   6.04264062e+04   2.84745880e+02
   9.15309277e+03   4.88358984e+03   1.92768509e+02   2.25838062e+03
   8.98375854e+02   7.28746094e+04   0.00000000e+00   1.68190449e+04
   1.23299375e+04   3.69748001e+01   1.81706676e+01   1.19897520e+04
   3.80719102e+04   7.72198672e+04   8.10866455e+02   1.60285645e+02
   2.13021270e+04   2.52834076e+02   8.53056183e+01   7.91503438e+04]
[  7.69954529e+02   8.69679980e+03   8.71881836e+02   4.07783539e+02
   1.29517412e+04   4.90749207e+01   3.58248633e+04   3.14702188e+04
   3.42447188e+04   4.85353271e+02   9.77398254e+02   2.74877930e+02
   7.46469650e+01   5.06000117e+04   4.21265771e+03   2.65871716e+01
   5.19720068e+03   1.09083350e+04   1.08350891e+03   1.24593428e+04
   1.09525378e+03   6.50361475e+03   6.96468079e+02   2.27226608e+02
   1.60637695e+02   9.96041895e+03   9.14289551e+02   1.24994102e+04
   4.30256201e+03   3.65098389e+02   4.84814987e+01   2.21926804e+01
   1.31401963e+04   3.25709820e+00   1.82918060e+02   7.73323633e+03
   1.04922266e+03   1.00676880e+01   3.29777637e+03   6.39386414e+02
   1.07813799e+04   1.36369150e+04   2.60320072e+01   3.31232930e+04
   5.10104980e+03   6.63826843e+02   2.10027661e+03   9.67167969e+02
   1.51223877e+02   8.73319275e+02   8.12720947e+02   3.52171063e-02
   2.22776055e+00   3.35901602e+04   1.23455420e+03   2.33131396e+03
   9.19891602e+03   2.72767365e+02   7.00872314e+02   1.67405033e+00
   0.00000000e+00   2.08888733e+02   1.28622604e+02   5.17060974e+02
   3.90218994e+02   1.27161987e+03   2.05062354e+03   5.10896423e+02
   8.26681094e+04   4.44832535e+01   0.00000000e+00   1.79812617e+04
   0.00000000e+00   3.52873383e+02   6.45629932e+03   7.20816895e+02
   0.00000000e+00   4.65806641e+03   5.30826721e+02   2.06615158e+02
   2.18795483e+03   6.67745078e+04   2.16885098e+04   8.65476172e+03
   1.45318494e+03   8.98669147e+00   2.46265820e+04   1.53537341e+03
   3.58702545e+02   6.51179395e+03   7.88564502e+03   3.31425146e+03
   3.47750488e+03   0.00000000e+00   1.66444446e+03   1.68747772e+02
   3.56762695e+01   1.60972646e+04   2.51512427e+03   4.41714551e+03
   2.49523987e+02   2.51581104e+03   4.12522217e+02   4.82289696e+00
   2.48026260e+02   2.89401270e+03   2.55791699e+03   1.23345665e+02
   3.57638242e+04   3.26277031e+04   6.21140430e+03   4.47038623e+03
   1.74086682e+03   9.91409863e+03   3.99632344e+04   8.51086060e+02
   1.48040088e+03   1.97532532e+03   7.68654633e+01   4.65939819e+02
   1.80036682e+02   2.34198613e+04   8.08945361e+03   2.15535431e+01
   3.51195859e+04   1.21507825e+03   8.48045166e+02   2.16499443e+01
   1.04044933e+01   2.00663711e+04   6.23308468e+00   2.51138275e+02
   1.39739636e+03   2.20590566e+04   3.26325854e+03   2.91261730e+01
   1.35104553e+02   5.22368813e+01   9.39450293e+03   1.29414616e+01
   8.18892059e+01   8.36166016e+02   1.22180156e+04   1.09058399e+01
   1.22110752e+04   1.39106430e+02   1.19444600e+04   4.62578672e+04
   5.14182312e+02   4.82750092e+02   7.29732734e+04   5.35279968e+02
   3.45829922e+04   3.53394470e+02   3.73364067e+01   2.11868027e+04
   2.33071562e+04   2.72460273e+04   1.85905371e+03   1.71895789e+03
   1.02984180e+04   8.78783752e+02   3.24196458e+00   7.43172760e+01
   2.48615430e+04   4.66108246e+02   4.42819102e+04   7.19410950e+02
   2.16516284e+03   1.21845752e+04   4.71949219e+03   7.76552197e+03
   1.70535293e+04   1.00426396e+04   1.29466614e+02   1.73415747e+03
   5.65828430e+02   5.42661438e+02   3.05372223e+02   1.78720496e+03
   3.04581914e+04   9.25337524e+02   2.47955841e+02   0.00000000e+00
   5.74182666e+03   3.18142793e+04   0.00000000e+00   1.77015369e+03
   8.02939453e+02   2.16521035e+04   1.37599854e+02   1.36236011e+03
   3.56279724e+02   1.83894316e+04   6.04112402e+03   2.06369214e+03
   2.34923779e+03   2.94944473e+04   3.56532745e+02   5.06292617e+04
   1.50177275e+04   3.16025635e+02   5.14158020e+01   8.60219177e+02
   8.05554688e+03   7.00101624e+02   2.91912903e+02   2.09907593e+03
   1.20390120e+01   6.00962207e+03   2.81199219e+03   3.90064819e+02
   4.99475049e+03   2.17808838e+03   6.34637354e+03   6.29917109e+04
   1.01675427e+03   3.87846680e+01   6.75576401e+01   3.25198965e+04
   8.95965195e+01   4.50880432e+01   1.06908240e+03   5.48294678e+01
   1.28500654e+04   9.89466476e+00   2.27975171e+03   3.21230293e+04
   2.92337842e+03   9.65702087e+02   4.01948320e+04   3.66893646e+02
   1.30080519e+01   2.87780820e+04   4.02592468e+00   8.40389688e+04
   2.98250293e+04   1.84765176e+04   1.18594391e+02   6.22591667e+01
   8.04368774e+02   2.44623169e+03   4.94135303e+03   2.60306250e+03
   2.34999268e+03   5.40599609e+03   0.00000000e+00   3.80468828e+04
   2.97666848e-01   1.15819633e+02   2.90651276e+02   3.07185054e-01
   1.39011729e+04   6.21848450e+01   9.19671249e+00   9.44816650e+02
   1.98658310e+02   1.12633643e+03   6.63746436e+03   2.72635605e+04
   4.08935449e+03   3.57315796e+02   7.36005249e+02   4.05249695e+02
   6.29862793e+02   7.99431641e+03   3.03780579e+02   3.05630215e+04
   1.43121814e+03   4.78143311e+03   1.83488693e+02   9.57307373e+02
   5.02306006e+03   3.69776154e+02   2.53199148e+00   5.41538200e+01
   7.10757385e+02   0.00000000e+00   7.66658203e+02   7.73982080e+03
   4.57727051e+02   1.06497055e+02   1.11171602e+04   0.00000000e+00
   1.54612312e+01   1.44089478e+03   1.53625351e+02   5.46387266e+04
   3.72390442e+02   4.09601318e+02   6.11962929e+01   3.50380884e+03
   5.59933789e+04   1.77063965e+04   4.65069482e+03   2.00847290e+03
   3.91841914e+04   2.37493500e+02   5.48774109e+02   6.66910583e+02
   6.40484009e+01   9.86262878e+02   2.17294082e+04   7.88302689e+01
   1.17693154e+04   7.14337109e+03   1.19760425e+03   6.81977109e+04
   1.64082382e+02   1.18631111e+02   3.85390244e+01   2.01670337e+03
   1.52961780e+03   1.05467422e+02   5.85779175e+02   2.87149841e+02
   7.49915234e+04   4.16585617e+01   7.67852478e+01   6.08868958e+02
   1.09345234e+04   3.13272919e+02   1.24162959e+04   9.59751465e+03
   5.72550078e+04   1.18942590e+03   2.17276221e+03   3.92031484e+04
   8.46335266e+02   1.50519669e+00   4.28156914e+04   1.67840466e+03
   1.53103104e+01   3.97649854e+03   4.16295430e+04   8.89350891e+02
   1.05965252e+01   9.83941284e+02   3.46962677e+02   6.23443420e+02
   1.99696191e+04   3.86804175e+03   1.44103833e+03   2.46013477e+04
   2.22523499e+01   3.37004272e+03   9.43567871e+02   4.44150820e+04
   4.95972109e+04   2.68708008e+02   4.89383252e+03   7.58759521e+03
   2.80851196e+03   1.52415664e+04   3.92213789e+04   2.02411016e+04
   3.41411230e+03   2.47660355e+02   6.44481445e+02   1.03548973e+02
   4.67356384e+02   1.23683142e+03   7.18320770e+01   2.53984623e+01
   7.10899072e+03   3.33747383e+04   2.12051407e+02   9.25597656e+03
   1.46357651e+02   4.06880547e+04   1.79669273e+00   3.42853210e+02
   6.14317090e+03   6.18154297e+04   1.29247754e+03   2.50255176e+03
   4.99351898e+02   9.12926025e+02   2.64403198e+03   3.79863940e+03
   1.16326094e+04   1.06893097e+02   3.27942123e+01   6.51116943e+03
   1.50494202e+02   1.70272051e+04   2.03655156e+04   6.35629150e+03
   7.75518828e+04   1.58479980e+03   8.36196613e+00   1.05229454e+02
   1.27475918e+04   2.21435176e+04   7.29625122e+02   1.06661533e+04
   9.35420227e+02   5.41919565e+00   1.85632721e+02   8.19566345e+01
   5.59713402e+01   3.49826855e+03   1.63982852e+04   3.77953394e+03
   1.02092352e+03   1.14622734e+02   2.42271426e+04   3.14421906e+02
   1.47540781e+04   6.58326645e+01   7.02567902e+01   5.57993660e+01
   1.07386943e+04   7.17919824e+03   6.48308086e+00   0.00000000e+00
   1.59102524e+02   1.76170667e+03   8.40093457e+03   9.53787804e+00
   5.13774841e+02   5.14721240e+03   4.28041870e+02   6.34743701e+03
   6.66969055e+02   2.28730742e+04   2.01532242e+02   6.37341356e+00
   2.17774487e+03   7.56707535e+01   3.88027295e+03   2.40390820e+04
   5.37920557e+03   2.37713684e+02   4.58643250e+02   3.28078027e+03
   4.57836029e+02   1.29148895e+02   6.65223359e+04   6.28075000e+03
   3.29857300e+02   5.97893494e+02   2.04083850e+03   3.00250977e+03
   4.91849518e+01   2.55246292e+02   3.30720386e+03   5.40571228e+02
   1.44582611e+02   3.27396393e+02   0.00000000e+00   3.44444092e+02
   1.50897732e+01   1.43420005e+00   3.03049629e+04   1.34454262e+00
   0.00000000e+00   2.03611206e+02   0.00000000e+00   1.25130908e+03
   1.24356079e+03   1.54984241e+03   6.33428516e+03   7.29236145e+02
   4.33669648e+04   2.54908789e+04   8.82825684e+02   1.17407849e+03
   1.48232178e+03   5.34487812e+04   5.85688555e+04   1.51507370e+02
   3.77503632e+02   3.02350864e+01   8.81535706e+02   7.80241406e+03
   1.23265967e+03   8.70386353e+01   6.68531570e+01   4.13170090e+01
   1.57736270e+04   5.59334473e+03   2.48939270e+02   1.55101294e+03
   2.79840057e+02   2.25909744e+02   6.31106133e+04   7.80698180e-01
   2.04242554e+03   1.63946136e+02   5.89925859e+04   2.82891309e+03
   3.49678528e+02   1.07784375e+03   0.00000000e+00   1.12987568e+04
   1.00794073e+03   1.23753250e+02   2.03960785e+02   1.20902539e+03
   6.93530420e+03   1.00826943e+04   3.11636505e+02   8.07799866e+02
   7.75861145e+02   4.47550938e+04   1.51207001e+02   3.71335571e+02
   0.00000000e+00   5.39262354e+03   4.68431738e+03   9.28006934e+03]
[  1.17754799e+02   1.23267568e+04   1.82270312e+03   1.21761707e+03
   1.54227979e+03   2.34174688e+04   3.20138275e+02   7.29223633e+03
   2.51141113e+03   1.57765801e+04   4.08480225e+03   2.07973648e+02
   2.78116553e+03   2.14252129e+04   1.94042834e+03   5.71351257e+02
   2.83199023e+03   4.84362891e+03   5.29516523e+04   7.87188416e+02
   2.72770619e+00   1.07563594e+04   1.50166168e+02   5.47654907e+02
   1.29456045e+04   8.37535858e+00   2.15077031e+04   2.82306290e+01
   5.76749146e+02   4.09119165e+03   3.86192261e+03   4.00564844e+03
   2.03010020e+04   3.08036149e-01   1.09513525e+03   7.14712753e+01
   3.20162866e+03   3.65820977e+04   0.00000000e+00   9.46070898e+03
   2.37352393e+03   3.18602020e+02   1.54502745e+01   5.43050270e+01
   1.45745469e+04   7.86596558e+02   5.05164795e+03   8.75876270e+03
   4.75026550e+02   7.93685547e+02   4.61339966e+02   1.62982883e+01
   1.24863152e+02   1.10613193e+04   1.12717402e+04   1.78733770e+04
   5.46709106e+02   2.55234375e+03   9.90654526e+01   4.75751074e+03
   6.52456055e+02   4.26263306e+02   4.71122681e+02   2.35750222e+00
   3.44309351e+03   5.35127380e+02   3.86456787e+02   4.26936951e+01
   2.67278015e+02   6.93657227e+01   5.04915131e+02   9.70330469e+03
   7.36908496e+03   1.08500519e+02   2.05895703e+04   7.05195160e+01
   1.00224487e+02   1.21699829e+02   2.39525513e+03   7.60316016e+03
   1.16825073e+03   3.41422773e+04   2.35364688e+04   2.03063926e+04
   6.43263789e+04   6.90877686e+02   1.08728027e+03   4.49046582e+03
   1.52543567e+03   2.37390645e+04   1.67932549e+01   5.84001160e+02
   3.73071686e+02   1.49870977e+04   1.63117725e+03   1.59630146e+04
   2.16344805e+04   2.03406692e+00   5.90783740e+03   5.22596533e+03
   2.79054966e+01   3.19985034e+03   3.31553040e+02   1.92453137e+03
   1.01620924e+00   5.67142372e+01   4.34975616e+02   1.69143418e+04
   3.16744556e+01   1.57031924e+04   1.90772064e+02   3.84481445e+04
   1.15919619e+04   5.69503326e+01   2.60840492e+01   6.44929932e+02
   3.64865723e+02   2.44164473e+04   2.79402802e+02   1.72794762e+01
   6.90299845e+00   7.84015259e+02   1.64336108e+03   9.42011963e+02
   3.60149445e+02   1.04627783e+04   2.10695129e+02   3.65751839e+01
   6.97096069e+02   1.69090805e+02   1.27006768e+04   5.98093140e+02
   1.85246315e+01   2.03526050e+03   9.13269104e+02   9.16793945e+03
   1.13757021e+04   0.00000000e+00   5.96976166e+01   6.83445435e+01
   2.92303681e+00   1.29165634e+02   3.15326630e+02   1.64492844e+02
   3.68444023e+01   1.52277012e+04   7.14387634e+02   4.42748338e-01
   1.65771851e+03   4.98337773e+04   2.85329773e+02   4.45603906e+03
   5.85060181e+02   8.62099316e+03   6.65565002e+02   6.68670898e+03
   5.03753204e+01   8.69880432e+02   3.02653534e+02   2.71607886e+03
   3.02268890e+02   8.74845947e+02   3.05252716e+02   2.56337128e+01
   3.19354512e+04   5.47336349e+01   2.49251816e+02   1.62109900e+03
   5.22403418e+03   1.36355361e+04   1.00644362e+00   3.26123077e+02
   5.56298877e+03   1.39822433e+02   1.47385681e+02   1.40230505e+03
   4.63573203e+04   7.75673340e+02   1.66784277e+04   5.57543896e+03
   3.02213984e+04   2.08385312e+04   1.12622192e+02   6.05727722e+02
   3.64714447e+02   0.00000000e+00   1.43745879e+04   6.53227490e+03
   5.30186844e+01   2.44037460e+02   2.68868439e+02   4.26618011e+02
   3.23145044e+03   2.46668579e+03   3.16567841e+02   1.14757021e+04
   5.69252380e+02   8.05542053e+02   1.47873627e+02   2.37063257e+03
   9.73048340e+03   7.16476562e+02   2.84335663e+02   0.00000000e+00
   2.97798706e+03   1.53797562e+02   7.16210999e+02   8.27534241e+02
   3.70672852e+03   2.87236914e+04   3.35826874e+02   3.76091949e+02
   9.78082642e+02   1.06007034e+02   1.95170593e+00   4.68117920e+03
   4.51724531e+04   1.42616165e+02   7.00519638e+01   1.21139268e+04
   1.75825938e+04   3.06102539e+02   1.86105392e+02   6.72699890e+02
   1.28697968e+02   7.56667137e+00   1.89630042e+03   5.88442230e+01
   9.25361755e+02   2.20821472e+02   4.74758301e+02   9.07193298e+01
   1.22886206e+03   2.55733471e+01   9.33395624e-01   1.61019478e+01
   6.12024780e+02   9.15821609e+01   1.28473096e+03   4.65687485e+01
   2.60174942e+01   2.69027805e+01   1.07668152e+03   1.47118135e+04
   1.33823760e+04   8.39664941e+03   7.87485352e+01   3.48281909e+03
   9.07870770e+00   7.71016769e+01   2.76801422e+02   5.12367134e+01
   3.86282373e+03   3.41400464e+03   1.59097271e+01   1.40240463e+02
   4.35263281e+03   2.93786287e+00   1.29341296e+03   4.86838989e+01
   2.77204132e+02   3.28072876e+03   8.09870605e+02   1.50037174e+01
   2.70628594e+04   9.80746948e+02   5.04282656e+04   4.54199121e+03
   6.64421680e+03   4.80668144e+01   1.11964058e+02   5.31269470e+02
   1.52616272e+02   8.92581558e+00   2.09059512e+04   2.14633591e+02
   2.86665131e+02   2.97748352e+02   4.14873828e+03   7.59056543e+03
   3.22213684e+02   1.81338791e+02   4.72676544e+02   5.64959453e+04
   3.26460236e+02   4.03070410e+03   1.06722607e+04   2.98960705e+01
   3.72035370e+02   2.86764673e+03   7.19690796e+02   2.12447607e+03
   2.40998828e+03   1.72084167e+03   1.91244125e+01   4.47633606e+02
   1.45044055e+03   8.24435242e+02   1.57905381e+04   8.17814102e+01
   1.05331993e+01   4.87697693e+02   1.39217627e+04   3.00579739e+01
   4.23280566e+03   3.38327422e+04   2.24170700e+02   1.02270374e+03
   5.81516541e+02   1.14286768e+03   2.62098122e+00   2.51406226e+03
   0.00000000e+00   1.39025615e+04   1.20081860e+03   2.26835957e+04
   4.68601349e+02   9.85949512e+03   1.51983215e+03   1.16215400e+04
   5.68315381e+03   3.72323320e+04   2.37789868e+03   7.69930176e+03
   3.02483154e+02   6.76721313e+02   1.14712598e+03   4.29397369e+02
   1.11336426e+03   1.02434033e+03   4.96753027e+03   2.72465698e+03
   1.07549512e+00   3.46725757e+03   9.61166687e+01   7.70283875e+02
   2.21418304e+01   1.60652480e+04   1.88120190e+03   5.07969219e+04
   3.45933945e+04   1.47518323e+03   3.21538162e+01   2.04659576e+02
   2.09299469e+01   1.37095490e+02   1.43582471e+04   3.67731323e+01
   8.71256055e+03   4.72817529e+03   3.06310938e+03   1.94552168e+04
   4.21710510e+02   2.20882007e+03   4.79359558e+02   1.01560410e+02
   9.53239746e+03   1.89617017e+03   8.86018164e+03   8.67313480e+00
   5.03479375e+04   3.77402527e+02   9.95321094e+03   2.53605865e+02
   9.21699512e+03   4.69861031e+01   6.07645130e+00   7.26455713e+03
   7.47524872e+01   4.60833936e+03   5.26230469e+02   1.87120132e+02
   1.21305786e+02   4.02215405e+03   2.18290454e+03   5.52354922e+04
   5.16117627e+03   9.12771667e+02   4.00529028e+03   2.10561084e+03
   1.91409338e+03   1.16025586e+05   3.02331787e+03   1.98814926e+02
   1.32254440e+02   4.35935742e+03   1.52383392e+02   3.40670228e+00
   1.00764093e+03   2.19335052e+02   2.66399023e+04   1.89698279e+03
   1.22446924e+03   3.33831992e+04   3.16146914e+04   3.45372437e+02
   1.54088013e+02   9.89834082e+03   3.99204395e+03   3.33410034e+03
   9.02069283e+00   1.05746240e+04   4.10543799e+03   2.21343164e+03
   3.45140572e+01   2.87909160e+04   6.52425995e+01   4.32780792e+02
   7.82063721e+02   2.46325708e+03   6.51782349e+02   1.07437520e+04
   4.47064941e+03   4.79234766e+03   1.29918286e+03   7.03164291e+00
   8.51544531e+03   3.53622461e+03   0.00000000e+00   1.41364563e+02
   3.88899811e+02   1.27157646e+04   2.34808618e+03   5.48763199e+01
   6.91305542e+02   1.25397656e+04   9.11356140e+02   5.16805916e+01
   6.40752991e+02   4.19376611e+03   4.66972656e+04   6.39077225e+01
   1.94639414e+04   3.84804993e+02   1.47649460e+02   8.70781555e+01
   1.37893127e+02   2.10014935e+01   1.19509199e+04   1.42895370e+02
   1.34096191e+02   1.22652565e+02   9.81753540e+02   4.52368212e+00
   6.57523108e+00   6.24575391e+03   5.05619080e+02   4.14422913e+02
   2.76015106e+02   1.90205234e+04   2.03436493e+02   1.99204407e+02
   7.41822281e+01   1.06006375e+05   2.70905508e+04   1.20210819e+01
   1.22067812e+04   3.06073145e+03   1.57520947e+04   5.30952100e+03
   2.75009551e+04   3.98097070e+03   1.01045176e+04   3.91793823e+02
   3.69294629e+03   8.72381543e+03   1.76876923e+02   4.18450699e+01
   1.45360703e+02   8.20505600e+01   1.30513586e+03   1.27433057e+04
   5.46763818e+03   9.52030957e+03   9.20284058e+02   5.14965515e+01
   4.42637268e+02   6.14082336e+02   1.42149365e+03   8.49746387e+03
   2.28512891e+03   8.60356445e+01   1.70278027e+03   5.47276344e+01
   2.32445633e+02   0.00000000e+00   4.02644434e+03   1.09678149e+03
   7.55040161e+02   2.92566870e+03   2.77211406e+04   2.57551191e+04
   4.46071826e+03   6.32619263e+02   4.57642426e+02   2.22507031e+03
   1.87325281e+03   1.81332718e+02   2.66777832e+03   1.95763062e+03
   8.89503125e+03   5.99774375e+04   3.96006107e+00   8.39343689e+02
   9.34586719e+03   1.02789570e+04   8.27899780e+01   1.66312766e+00
   1.31705969e+03   2.57074677e+02   6.58023071e+00   1.51233887e+03]
[  1.37813553e+02   1.23160458e+01   8.57944608e-01   4.60491602e+03
   8.39213715e+01   1.44204798e+01   4.88621521e+00   5.60918570e+00
   7.19780823e+02   2.31007004e+02   1.36516504e+01   3.91686768e+02
   1.52973614e+01   2.07732830e+01   2.33663235e+01   4.51405478e+00
   0.00000000e+00   6.53785477e+01   0.00000000e+00   0.00000000e+00
   3.27383453e+02   1.16011865e+04   1.23937830e+03   3.77151886e+02
   0.00000000e+00   0.00000000e+00   0.00000000e+00   3.84035126e+02
   2.10229454e+01   9.06116516e+02   1.27497803e+03   1.70670135e+02
   3.49647522e+02   1.49062744e+02   9.24638569e-01   2.43950708e+03
   6.19848671e+01   4.94780664e+03   1.13476746e+03   8.97679382e+02
   5.49942090e+03   4.50201492e+01   8.84209229e+02   1.19278821e+03
   1.90270138e+00   0.00000000e+00   9.33590820e+02   1.71160858e+02
   2.41792049e+01   6.46764603e+01   2.02076340e+01   6.38835022e+02
   9.73072886e-01   2.56797241e+02   8.69961166e+01   1.21608315e+01
   2.66973853e+03   1.81585236e+02   0.00000000e+00   1.01454086e+02
   1.87024704e+02   5.73212471e+01   1.61790454e+00   6.77502625e+02
   1.26498924e+02   8.44683411e+02   4.51926231e+00   3.15731168e-01
   3.40414764e+02   2.08995087e+02   1.10547705e+03   3.06457577e+01
   1.59913361e+02   5.20457039e+01   1.16503944e+01   4.41483948e+02
   7.74029684e+00   1.50160803e+03   5.17202234e+00   1.51614618e+01
   0.00000000e+00   1.30105925e+01   4.35246155e+02   1.50322546e+03
   4.36630707e+01   5.33930702e+01   2.10330086e+01   4.05855179e+00
   5.60429639e+03   7.48068771e+01   5.69694531e+03   2.84753113e+02
   1.01169482e+04   5.43908264e+02   0.00000000e+00   5.01830353e+02
   5.68691797e+03   9.51590252e+00   1.03509363e+03   1.02554832e+02
   3.80172705e+03   7.48574646e+02   9.71242523e+00   2.49159738e-01
   3.28219360e+03   1.14308630e+03   0.00000000e+00   1.17617844e+02
   6.49678564e+00   0.00000000e+00   3.74532914e+00   2.36108200e+02
   5.78421973e+03   6.18591748e+03   3.83948517e+01   4.63314094e-02
   1.47144434e+03   3.53210419e+02   1.83866520e+01   2.77284985e+01
   0.00000000e+00   8.78600311e+01   8.00015926e+00   3.99875145e+01
   4.75772572e+00   8.95833552e-01   8.92014885e+00   2.30554676e+00
   8.12639160e+01   3.89444165e+03   2.29608057e+03   2.64593384e+02
   1.75060105e+00   2.36066875e+01   1.56263611e+02   1.27598145e+02
   6.34959961e+03   7.52281433e+02   3.04243279e+01   1.02828148e+02
   2.63536646e+03   2.36266434e+02   1.10844589e+02   3.90665991e+03
   9.66339397e+00   5.29612005e-01   3.11716404e+01   0.00000000e+00
   1.16851063e+01   1.40544977e+01   0.00000000e+00   2.29890499e+01
   1.63097778e+02   4.12989855e+00   3.53047546e+02   8.11853981e+00
   1.37055054e+02   1.86966953e+01   1.98142338e+01   5.91909561e+01
   6.80783920e+01   2.96857147e+02   1.00757861e+04   1.73720312e+03
   2.86862329e+03   7.88851660e+03   0.00000000e+00   2.57046240e+03
   3.20722137e+02   4.72342822e+03   2.90981848e-02   1.17067957e+03
   5.24924622e+01   1.84751083e+02   3.39624863e+01   2.60281830e+01
   1.86440460e+02   1.42023373e+01   5.32098122e+01   0.00000000e+00
   1.08820047e+01   2.31029419e+03   0.00000000e+00   1.87009509e+03
   1.06766037e+02   2.32042456e+03   6.11482582e+01   1.33616276e+01
   3.13189819e+03   1.44537262e+02   3.15662041e+01   7.39494944e+00
   8.01878204e+01   1.48310303e+02   1.02235950e+03   1.09711205e+02
   3.65151596e+01   2.51551294e+03   2.52892139e+03   6.01018018e+03
   1.15227852e+01   6.58719141e+03   1.72151062e+02   1.43076248e+01
   0.00000000e+00   3.20592613e+01   1.04646460e+03   9.71375061e+02
   0.00000000e+00   3.15571777e+03   1.67682983e+03   9.28190063e+02
   0.00000000e+00   0.00000000e+00   5.70809441e+01   1.95897510e+03
   3.68433228e+02   1.28712372e+02   5.50946167e+02   5.45225220e+02
   4.95445728e+00   6.32505188e+01   5.90745735e+01   9.36139870e+00
   3.19714478e+03   5.76724854e+03   2.83135176e-01   7.45501099e+01
   8.68144894e+00   7.77573730e+02   3.13951569e+02   5.88268799e+02
   1.58444458e+02   7.79471863e+02   2.89747009e+02   3.17503853e+01
   1.47853867e+02   7.69646924e+03   1.34750080e+00   1.61406531e+03
   0.00000000e+00   1.27600225e+04   4.02906921e+02   8.53057098e+00
   0.00000000e+00   2.11040192e+02   7.82337207e+03   0.00000000e+00
   2.72484760e+01   2.49447765e+01   5.69565479e+03   8.07868481e+00
   0.00000000e+00   1.39647873e+02   6.50902100e+01   7.12947144e+02
   5.04676941e+02   3.17413025e+01   1.91652794e+01   7.96393652e+03
   1.30859528e+01   5.13276855e+02   0.00000000e+00   0.00000000e+00
   5.30332661e+00   2.49268577e-01   1.76685274e+00   1.27986255e+03
   6.71253174e+02   5.41370821e+00   7.42837715e+00   7.62901184e+02
   0.00000000e+00   9.60725098e+03   6.16468115e+03   9.33180313e+01
   3.92031201e+03   1.34287968e+01   3.36993828e+01   4.21202660e+00
   2.37398663e+01   1.75758957e+02   1.09036133e+04   6.38720886e+02
   2.96755066e+01   1.01429364e+03   1.41765979e+03   1.46455736e+01
   0.00000000e+00   5.87217188e+00   3.12473774e+01   6.65048340e+02
   2.57761768e+03   2.55787262e+02   0.00000000e+00   0.00000000e+00
   2.34589233e+02   1.83017044e+02   8.92489374e-01   8.96027207e-01
   3.98607635e+02   1.11618927e+02   9.41350391e+03   3.41043115e+00
   2.61034790e+02   0.00000000e+00   1.59356022e+01   0.00000000e+00
   6.14768848e+03   0.00000000e+00   5.60421387e+03   5.03819752e+00
   6.43976364e+01   0.00000000e+00   1.87294900e+00   4.30055225e+03
   1.04692151e+03   3.41763306e+03   6.48262329e+02   2.04583740e+01
   3.78777295e+03   2.13619278e+02   1.00994711e+01   6.70616455e+01
   3.64076500e+01   0.00000000e+00   1.98946724e+01   4.17728853e+00
   1.13387219e+03   1.08362053e+02   1.03583355e+01   2.10959180e+03
   1.17046881e+01   4.45865906e+02   9.74853134e+01   2.54139282e+03
   2.41885986e+03   6.06187927e+02   5.42820996e+03   1.72256180e+02
   1.82084680e+03   4.66668129e+00   1.39984192e+02   2.56063008e+00
   2.91646680e+03   3.48051715e+00   3.13687305e+03   1.57939865e+02
   7.81460632e+02   3.86091156e+01   4.56137371e+00   0.00000000e+00
   1.70106335e+03   5.98486900e+00   1.55999228e-01   3.47979088e+01
   6.49129297e+03   1.68685620e+03   1.61356067e+03   1.84999866e+01
   1.27889641e+02   7.23702550e-01   2.15986500e+01   6.42763214e+01
   1.78856247e+02   7.62226152e+00   0.00000000e+00   3.32680695e+02
   2.51885513e+02   0.00000000e+00   5.45439087e+02   4.86056055e+03
   5.48993454e+01   1.26249214e+02   9.80463326e-01   6.26233292e+01
   3.14054623e+01   1.82515824e+00   1.01928205e+01   4.85340538e+01
   1.09178047e+02   1.02251191e+04   1.01689806e+01   1.44531982e+03
   2.52409009e+03   8.23901001e+02   2.88029590e+03   8.88050156e+01
   3.66770801e+03   3.25935638e+02   5.11993103e+02   3.09168224e+01
   2.22199799e+02   2.49609203e+01   3.88265839e+01   1.12651548e+01
   0.00000000e+00   2.89768553e+00   2.62808552e+01   4.75982742e+01
   9.35158463e+01   5.28726990e+02   2.56750171e+03   1.56908340e+01
   2.35255852e+01   1.91614170e+01   1.06743881e+02   2.48486710e+00
   1.34557953e+01   4.87892236e+03   2.96080723e+01   4.27593536e+01
   3.28101158e+01   5.02558929e+02   3.69277637e+03   2.84637177e+02
   4.32080566e+03   8.85959549e+01   1.12285023e+01   5.78400530e-02
   9.99413770e+03   4.47114563e+02   2.37764359e+02   3.10007629e+01
   5.23112427e+02   2.31637985e+02   4.67925549e+00   1.88031349e+01
   2.04629955e+01   2.07125513e+03   3.80901245e+03   1.18924952e+01
   3.01729584e+02   1.76611914e+03   1.32871643e+03   4.64774933e+01
   6.57040358e-01   2.70794629e+03   8.39980078e+03   5.30060120e+01
   9.49041519e+01   2.69435596e+01   1.05952751e+02   3.72296936e+02
   1.88538162e+02   3.12427616e+00   2.92373364e+03   2.96773779e+03
   3.93875488e+03   0.00000000e+00   1.80551498e+02   2.82056274e+02
   7.97641724e+02   2.26799130e+00   4.50047943e+02   2.61370972e+03
   1.16587009e+01   4.62808203e+03   3.87259979e+01   1.81451135e+03
   0.00000000e+00   2.08293564e+02   7.43851700e+01   2.07920959e+02
   3.69715674e+03   4.22950554e+00   8.07150574e+01   6.70860708e-01
   1.61083639e+00   1.03435986e+03   1.38051254e+02   1.91627331e+01
   1.96970047e+02   2.78609204e+03   9.87157643e-01   1.57004199e+03
   2.48524246e+02   1.31762769e+03   3.92262891e+03   2.21801712e+02
   2.38181689e+03   9.17275513e+02   2.85683319e+02   9.33534470e+01
   1.24752846e+02   8.90180847e+02   7.76929321e+01   3.95541016e+03
   3.23908162e+00   2.72391367e+00   5.12419319e+01   1.96258887e+03
   7.33368103e+02   3.75090256e+01   1.43821611e+01   0.00000000e+00
   1.49744177e+03   2.27963394e+02   2.13156525e+02   7.61955273e+03
   7.59029160e+01   3.24570122e+01   4.24303418e+03   3.42730103e+03
   1.45914984e+00   2.23362109e+03   5.37765503e+00   2.03394058e+02
   0.00000000e+00   8.03844873e+03   1.02644091e+01   7.63334579e+01]
[  3.66498070e+01   5.97267700e+02   5.76182251e+01   3.06791412e+02
   1.31730469e+02   1.66986603e+02   6.22952614e+01   6.82261047e+02
   9.13520889e+01   1.26265541e+02   1.09618811e+03   5.78713440e+02
   2.42372144e+03   1.95575760e+02   3.16803662e+03   1.65848984e+02
   5.36237288e+00   3.64698761e+02   1.92813614e+02   4.07762878e+02
   1.08031876e+02   2.29959946e+01   2.33730444e+03   6.33483696e+00
   1.96535587e+01   5.36986809e+01   1.73673515e+01   5.23056030e+01
   3.13489844e+03   8.39576626e+00   2.28169804e+01   1.37358551e+02
   6.15593262e+03   1.02219749e+02   1.74203663e+01   7.51895508e+02
   3.36284619e+03   5.29503942e-01   3.31076574e+00   3.01775220e+03
   3.79518555e+03   4.74907532e+02   6.31731868e-01   7.88671523e-02
   1.30793536e+00   2.19339386e+02   3.85576294e+03   3.79342384e+01
   4.50258732e+00   3.71668739e+01   5.61615753e+01   4.38272362e+01
   1.74395737e+02   7.39388489e+02   3.48197205e+02   1.95003870e+03
   3.25548592e+01   1.44262433e+00   2.03303748e+03   5.55630713e+03
   4.76138092e+02   1.83395645e+02   6.22518945e+03   3.25878716e+00
   9.75662422e+00   1.63730225e+02   3.38233590e+00   6.85852280e+01
   2.10256557e+01   4.46764679e+02   2.10641479e+03   5.09042236e+02
   1.31487473e+02   5.96639023e+01   1.09755287e+02   4.39822174e+02
   1.16114761e+02   8.53615784e+02   2.87060059e+03   2.56138945e+00
   1.54418898e+01   6.17899353e+02   1.28938208e+03   1.57128658e+01
   3.98862518e+02   3.42093335e+03   3.85319214e+01   3.33473091e+01
   2.01694836e+03   2.77046906e+02   1.35888474e+02   3.26881470e+02
   0.00000000e+00   3.47773218e+03   1.83957367e+01   4.30184364e+01
   2.18881088e+02   1.45204663e+03   6.08671494e+01   5.26977768e+01
   1.20104952e+01   7.09951096e+01   2.87702576e+02   3.27297859e+01
   1.94493347e+03   6.42769277e-01   2.13936119e+01   2.88046143e+03
   1.47351978e+03   7.36764755e+01   1.83875000e+02   3.52859955e+01
   9.02304199e+02   7.48677673e+02   5.31980164e+02   1.25434041e+00
   7.96588211e+01   8.73529205e+01   2.44611206e+03   1.40737410e+01
   4.35653572e+01   1.48505762e+03   0.00000000e+00   0.00000000e+00
   5.23204002e+01   2.00922531e+02   2.54471848e+02   6.24838448e+01
   2.71788232e+03   0.00000000e+00   3.66588135e+02   2.19322998e+03
   1.60559961e+03   3.31604886e+00   6.29990137e+03   1.19038906e+01
   5.65564308e+01   1.65355737e+03   3.81714661e+02   2.21934776e+01
   1.94385803e+03   0.00000000e+00   1.30750610e+03   5.77111549e+01
   3.61671661e+02   1.11492920e+00   4.59470558e+00   1.21431284e+01
   6.83175921e-01   9.32562637e+00   0.00000000e+00   2.14879822e+02
   9.79661194e+02   2.49559839e+03   1.67608490e+02   3.61871002e+02
   5.07083710e+02   1.84499760e+01   1.82024060e+03   2.00559219e+02
   8.80307190e+02   2.34436548e+03   6.64946604e+00   2.78339905e+02
   2.19185205e+03   1.36068518e+03   1.12899132e+02   6.59857254e+01
   6.69639816e+01   9.96526978e+02   2.87025909e+02   6.38010278e-02
   5.39836365e+02   1.11454201e+01   2.12829113e+01   9.28582191e+00
   0.00000000e+00   4.38467383e+03   9.75028534e+01   2.90232811e+01
   7.22901917e+01   8.30260620e+01   9.82462234e+01   1.26835670e+01
   1.78462292e+03   2.55990243e+00   4.62752380e+01   0.00000000e+00
   9.04857025e+01   9.86008530e+01   2.32129765e+01   2.41291382e+02
   9.70605278e+00   1.09885796e+02   3.64689819e+02   1.27102365e+01
   2.90328888e+02   4.05923004e+01   5.51815453e+01   3.62324982e+01
   5.29339447e+01   2.08729950e+02   4.88612652e+00   7.11148798e-01
   5.57241440e+01   7.01161880e+01   9.71369648e+00   5.19224434e+01
   3.06217670e+01   1.91082134e+01   2.09698169e+03   5.11813995e+02
   1.64196730e-01   2.51365495e+00   4.05129395e+01   1.88378906e+02
   1.60454330e+02   1.05543079e+03   2.24918304e+02   9.99046402e+01
   2.41262054e+02   1.08430322e+03   3.77065964e+01   3.05335876e+02
   2.54643417e+02   3.36446333e+00   2.14280859e+03   2.76396561e+01
   3.76906812e+03   5.18463525e+03   3.18377979e+03   2.73327713e+01
   0.00000000e+00   1.19227661e+02   5.15139465e+02   4.25860205e+03
   8.00975281e+02   3.23597870e+01   2.80300269e+03   1.58832336e+02
   6.16475410e+01   4.96864204e+01   1.25501978e+03   0.00000000e+00
   3.07649506e+02   6.64110535e+02   1.83450851e+02   2.54939079e-01
   7.21900330e+02   8.00276470e+00   4.18079160e-02   2.93952087e+02
   1.60925330e+03   4.07964277e+00   4.23644524e+01   2.08012793e+03
   7.91532516e-01   1.47064636e+02   4.95429659e+00   2.03814926e+01
   2.00034021e+03   0.00000000e+00   5.77131738e+03   3.18158512e+01
   1.29817524e+01   1.86133423e+02   6.17251465e+02   1.20844592e+03
   9.45901337e+01   9.10559570e+02   2.03161835e+02   3.58825714e+02
   1.37644756e+00   2.77940249e+00   7.67024536e+01   1.27464619e+01
   1.34917164e+01   3.55640259e+02   5.20292236e+02   2.30818530e+03
   8.51023388e+00   1.51865683e+01   6.41818237e+02   0.00000000e+00
   1.93306673e+00   1.14629736e+03   2.66409760e+02   5.35539007e+00
   5.16769971e+03   5.65709534e+01   1.97618904e+01   1.27089834e+00
   4.37791534e+02   9.71936768e+02   4.52621973e+03   7.67473450e+01
   1.45816077e+03   2.10286179e+02   5.90177193e+01   1.86425684e+03
   2.33571826e+03   1.81014319e+03   1.42906761e+01   5.70460033e+00
   5.06803760e+03   1.04724646e+03   6.25310303e+03   8.66995972e+02
   7.50144577e+00   7.98577271e+02   1.05667488e+02   3.44313889e+01
   9.12281895e+00   9.03607483e+01   3.03581848e+01   1.63118872e+03
   2.32647388e+03   9.50007172e+01   9.82851868e+02   9.08170491e-02
   1.42403860e+01   3.07641943e+03   3.26734581e+01   2.12256616e+03
   2.09397034e+02   2.14539551e+02   3.63900375e+01   4.03060579e+00
   1.59821963e+00   8.50739670e+01   1.15521955e+01   2.09806786e+01
   2.43343391e+01   1.17164278e+01   1.83637955e+02   5.88020039e+00
   1.36329749e+03   1.91708202e+01   7.15993271e+01   2.45864648e+03
   2.20654956e+03   9.45225342e+02   3.15527496e+02   1.45706427e+00
   3.51588196e+02   8.34145508e+02   8.53302734e+02   1.25845222e+02
   1.73542099e+01   1.58928943e+03   9.72044277e+00   0.00000000e+00
   3.11618457e+03   5.58814316e+01   8.44542847e+02   1.27919540e+01
   3.49691406e+03   9.62557556e+02   6.86441116e+01   2.65306091e+02
   2.41239052e+01   3.83987737e+00   1.80411087e+02   1.03103699e+03
   1.85403174e+03   1.86559887e+01   2.25961113e+01   5.92685242e+01
   8.73971558e+00   3.75091243e+00   3.85919995e+03   6.82197958e-02
   5.69864380e+02   1.87006946e+03   0.00000000e+00   1.19018166e+02
   2.06398849e+02   2.49940430e+03   1.36407761e+02   2.64802338e+02
   2.06775665e+02   1.29271240e+02   1.54905579e+02   1.60540791e+01
   8.44844971e+01   6.70014572e+01   2.79845262e+00   2.11999023e+02
   2.21620630e+03   2.55579300e+01   3.97001489e+03   1.64628250e+02
   8.42823059e+02   4.19309158e+01   1.50144529e-02   1.67247940e+02
   2.45138550e+01   1.19799316e+02   1.07703682e+02   4.41820953e+02
   1.06601770e+03   1.30774719e+02   6.99071808e+01   1.13012183e+03
   2.12652734e+03   1.36649872e+02   3.99414215e+02   1.02588224e+01
   1.50477448e+02   6.19363379e+03   2.27605076e+01   4.36464172e+02
   1.35505341e+02   4.03110008e+01   3.65592270e+01   0.00000000e+00
   9.61987000e+02   3.15848730e+03   9.83891663e+02   2.89691504e+03
   9.63985062e+01   7.98106861e+00   2.22914703e+02   0.00000000e+00
   1.48761225e+01   6.10509949e+01   5.54987297e+01   1.95116199e+03
   3.89780121e+02   3.09991638e+02   3.94659302e+03   1.25340843e+01
   3.11647091e+01   1.52671765e+03   4.65257072e+01   3.30775482e+02
   1.60375476e+03   1.26800861e+01   7.67669922e+02   2.31842743e+02
   3.20323296e+01   8.82122803e+01   2.61870789e+02   1.39584305e+02
   1.25584650e+01   2.72946716e+02   1.70655243e+02   2.83215475e+00
   8.22789764e+01   1.52671242e+01   8.12369061e+00   6.99956909e+02
   6.08698975e+03   1.40206348e+03   2.00816498e+01   1.44713855e+03
   7.58736963e+03   1.03682861e+02   2.43217407e+03   1.04796743e+01
   5.70744324e+02   9.06169891e+01   7.32481842e+01   2.35072398e+00
   8.94208069e+02   3.54878265e+02   7.61364365e+01   2.15826636e+03
   6.36558594e+03   1.24955151e+03   3.26157522e+00   2.59155750e+01
   1.12864182e+02   4.94777679e+02   2.49019337e+01   3.81625000e+02
   2.70028748e+02   7.75340080e-01   6.86618347e+01   2.05111122e+00
   1.75353745e+02   1.31858972e+03   2.71705505e+02   1.49741528e+03
   1.23331947e+02   4.89276171e+00   1.93262253e+01   5.80419727e+03
   2.07113218e+00   4.59450623e+02   4.13550598e+02   1.28434656e+03
   2.02506650e-02   3.28494406e+00   1.57471405e+02   4.05918045e+01
   6.35331678e+00   1.82884796e+02   1.02382690e+03   3.32524707e+03
   2.74753564e+03   1.53342133e+02   2.22463058e+02   1.02339227e+03
   1.80322556e+02   0.00000000e+00   4.40203819e+01   4.82896924e+03
   1.00547119e+02   7.71230698e+00   8.40578079e+01   2.47376367e+03]
[  3.76563568e+02   1.39262915e+01   2.29214859e+00   2.90891571e+01
   3.03000870e+01   1.32841138e+03   4.31603775e+01   8.56513786e+00
   4.32246208e+00   6.39548096e+02   1.01401573e+02   1.46140175e+01
   5.54540894e+02   3.72279907e+02   1.69839630e+02   1.83308274e-01
   2.28665962e+01   1.60967697e+02   3.90915741e+02   2.14772248e+00
   1.87987671e+01   0.00000000e+00   6.35442047e+01   8.35181274e+02
   0.00000000e+00   6.40442562e+00   1.13835726e+01   2.89795818e+01
   3.59032345e+00   4.38182556e+02   6.33963203e+01   1.40659416e+00
   6.94315491e+02   1.59629059e+01   3.30826562e+03   2.02823645e+03
   4.11396456e+00   3.15049042e+02   6.43208313e+00   2.96186199e+01
   6.68997812e+00   8.67657013e+01   3.65743599e+01   1.51641052e+02
   1.00282234e+02   1.37479202e+02   5.15195435e+02   8.42856467e-01
   1.01119087e+02   1.97220955e+01   7.54657227e+02   0.00000000e+00
   2.01462822e+01   3.73687100e+00   4.37377281e-02   4.16150703e+01
   3.13419476e+01   2.24257221e+01   3.58306389e+01   3.76246582e+02
   3.32427330e+01   6.18425026e+01   7.10384083e+00   5.34505129e+00
   9.64469604e+01   4.34162979e+01   1.63226410e+02   3.41415405e+00
   1.29223042e+01   1.54188843e+02   7.05707016e+01   1.96016699e+03
   8.03200760e+01   8.25396875e+03   1.94867383e+03   5.30190964e+01
   1.44233866e+01   1.11196890e+01   4.27784760e+02   3.69537759e+00
   2.12255459e+01   2.56978760e+01   7.02267885e+00   8.76040649e+00
   2.58135071e+01   0.00000000e+00   9.94036377e+02   3.80213213e+00
   6.55607529e+01   2.63217316e+01   9.95934982e+01   1.55423012e+01
   1.22060323e+00   4.03251556e+02   3.66877014e+02   2.20617432e+02
   3.21183624e+01   5.51926498e+01   1.04894508e+02   5.88122063e+01
   2.61207614e-02   2.30148277e+01   6.76892014e+01   2.06707554e+01
   8.80300522e+00   1.15227449e+00   1.20068293e+01   8.52375793e+02
   1.13571844e+01   1.24185061e+00   4.91374634e+02   6.50864744e+00
   1.15088768e+01   4.22641144e+01   0.00000000e+00   0.00000000e+00
   2.68342552e+01   4.70964012e+01   9.63029907e+02   2.20920825e+00
   5.88901550e+02   4.09386635e+01   3.74347496e+00   4.12872458e+00
   1.02105212e+00   9.81073047e+03   2.05113339e+00   5.41287136e+00
   7.03165955e+02   2.27774010e+01   4.13385315e+01   1.38664917e+02
   2.09533920e+02   1.47932644e+01   4.25411914e+03   4.99525928e+00
   6.75494730e-01   1.22084951e+00   5.22706116e+02   3.69809418e+01
   1.37435360e+01   6.81786804e+02   1.68296099e-01   1.67097742e+03
   8.96650124e+00   5.61800270e+01   1.10788078e+01   1.33752365e+02
   1.04746094e+03   4.78427467e+01   6.84434271e+00   2.29801315e+02
   2.37543182e+01   4.71903801e+01   6.07793884e+02   9.73650169e+00
   1.02608856e+02   0.00000000e+00   8.65318012e+00   7.13951111e+02
   5.12833643e+03   1.49279126e+03   2.40383315e+00   1.53348665e+01
   1.79552040e+01   6.83633661e+00   1.20721756e+02   3.03906136e+01
   6.69643927e+00   4.79007034e+01   2.33957615e+01   1.95529187e+00
   2.05684829e+00   8.97849609e+02   1.02238197e+01   4.29162674e+01
   2.17331944e+01   2.47655087e+01   7.13618164e+01   3.60813019e+02
   1.44296432e+02   2.82222328e+01   2.33833313e+02   1.01113564e+02
   9.70508728e+01   4.97779961e+01   1.00714231e+00   3.90674376e+00
   2.54885010e+02   2.98816162e+02   6.26844711e+01   1.02293444e+00
   5.80881689e+03   3.32519135e+02   9.98935699e-02   1.25118652e+02
   5.97737122e+01   5.04880714e+01   5.76633644e+01   9.20904602e+02
   1.55544939e+01   1.05513945e+01   1.61671558e+03   1.44886200e+02
   8.32075977e+00   1.99270802e+01   5.83522339e+02   1.00621471e+01
   1.26642181e+02   5.24461609e+02   1.73450058e+02   1.48189199e+00
   7.11079529e+02   7.64293242e+00   5.82251015e+01   1.08822243e+02
   0.00000000e+00   1.33060074e+02   4.82830615e+03   4.33332581e+02
   0.00000000e+00   8.83396626e+00   1.90860138e+02   3.18527293e+00
   6.48843765e+01   1.15025940e+03   1.23642052e+02   7.80837784e+01
   1.32176733e+00   9.08106384e+01   2.18613358e+01   1.04600317e+03
   2.08267303e+02   2.89658630e+02   0.00000000e+00   8.65263585e-03
   5.12469063e+01   2.46616528e+03   2.32205273e+03   8.50258255e+01
   2.58662891e+00   4.01132965e+01   9.90182953e+01   0.00000000e+00
   5.18478632e+00   1.74119532e+00   7.11603516e+02   0.00000000e+00
   3.05238739e+02   1.71185196e+02   7.45390564e+02   6.24605322e+00
   4.15642471e+01   1.53416785e+03   1.08725659e+03   1.87538624e+01
   2.46044807e+01   4.18909874e+01   1.81137866e+03   1.20233932e+02
   1.76238373e+02   1.74349556e+01   9.98308838e+02   1.28996582e+01
   5.73983269e+01   2.11691916e-01   8.25407486e+01   3.79439878e+00
   2.75979805e+00   4.92720718e+01   1.96046143e+03   3.19497772e+02
   2.04915710e+02   3.36485314e+00   5.17768326e+01   2.26014938e+01
   4.71042847e+02   2.09413376e+01   5.73784590e+00   6.90220594e+00
   6.98693848e+02   4.92440796e+01   1.12165365e+01   1.24666809e+03
   2.29208145e+01   1.62943535e+01   7.74437618e+00   9.41786041e+01
   6.30563927e+01   9.63518524e+01   2.74915619e+02   6.16215630e+01
   6.99371185e+01   8.66797333e+01   4.99121475e+01   3.02584473e+02
   1.36970892e+01   8.37933594e+02   6.64419861e+01   4.49221484e+03
   9.02846069e+01   1.09120293e+01   2.28708228e+03   7.62767151e+02
   1.23100662e+02   2.25616730e+02   4.26456680e+01   1.20083838e+03
   4.26647491e+01   1.30667282e+02   1.74359870e+00   2.00942421e+01
   2.93945465e+01   3.79322815e+01   1.52656506e+03   5.28403931e+01
   2.13562866e+03   0.00000000e+00   7.29661011e+02   3.62790642e+01
   1.25209904e+01   2.94095497e+01   5.51196838e+02   2.21796036e+02
   8.54172592e+01   4.15983009e+01   1.41646850e+00   9.69588699e+01
   5.67846870e+01   2.56064663e+01   3.35885143e+00   2.54350319e+01
   0.00000000e+00   2.17975266e+02   2.22424030e+00   7.33551575e+02
   7.86638212e+00   1.52137589e+02   1.01208260e+02   7.52808411e+02
   1.17459923e+02   8.39771517e-03   2.41306015e+02   1.78373413e+01
   0.00000000e+00   2.83466768e+00   5.19826012e+01   1.27014751e+01
   7.01284790e+00   9.70340919e+00   1.80505219e+01   2.17305779e+00
   4.52352583e-01   7.58539124e+01   2.81700974e+01   5.01979932e+03
   9.49661255e+01   1.27110872e+01   2.85663948e+01   2.58301125e+01
   0.00000000e+00   2.02353027e+02   1.44838120e+02   5.95177040e+01
   2.00996973e+03   4.05260658e+00   6.99249115e+01   1.79632149e+01
   4.35642273e+02   8.88748016e+01   6.43123269e-01   2.25449646e+02
   1.53620850e+02   0.00000000e+00   1.03858194e+01   1.82565060e+01
   1.19299768e+03   1.95659280e+00   6.92215576e+01   3.93946791e+00
   7.05135727e+01   2.04404260e+03   1.43327649e+03   0.00000000e+00
   3.48947906e+02   5.65727081e+01   2.16435099e+00   8.82928312e-01
   2.73761082e+01   0.00000000e+00   3.25382300e+03   8.60890350e+01
   5.39456596e+01   1.41553467e+02   4.29496826e+02   3.59107086e+02
   1.91756039e+01   6.46364975e+01   2.95781799e+02   6.85996094e+02
   6.70691376e+01   6.52380219e+01   7.13809395e+00   1.37633574e+00
   1.13833138e+02   1.50983899e+03   6.92780018e+00   2.15818329e+02
   1.11790390e+02   1.11931358e+02   4.21684906e+02   1.03028113e+03
   5.25332260e+00   8.64676514e+02   1.09461133e+03   6.44792080e-01
   4.17085419e+01   2.96855187e+00   3.58417938e+02   1.02077990e+01
   7.24742249e+02   6.78426266e+00   3.72033958e+01   4.45812607e+00
   4.26916389e+01   4.38286011e+02   1.51818497e+02   5.22624445e+00
   7.18103320e+03   2.90943665e+02   6.49565582e+01   8.25891495e+00
   7.46894379e+01   1.01849884e+03   7.48448944e+01   1.72654749e+03
   9.54675537e+02   1.13494850e+02   1.69141216e+01   6.21558914e+01
   4.44432020e+00   8.05211670e+02   2.33183842e+01   4.58054771e+01
   3.19468613e+01   7.44735107e+01   0.00000000e+00   2.54654953e+02
   2.40657158e+01   6.56349707e+00   9.30513382e+00   2.13258095e+01
   7.92306709e+00   1.08002419e+02   3.83664627e+01   3.47406934e+03
   1.63904495e+01   6.42833740e+02   2.56417664e+02   2.60944386e+01
   1.71623917e+02   1.43379407e+03   2.45344138e+00   7.77938414e+00
   5.82028259e+02   4.06867313e+00   1.21935120e+03   7.07026672e+01
   4.51655531e+00   2.35476151e+01   1.62635742e+02   4.44270973e+01
   8.87443909e+02   9.28916809e+02   9.13868256e+01   2.48857202e+03
   4.46860939e-02   8.44361663e-01   1.70400124e+01   1.92957997e-01
   9.98734283e+01   9.33095291e-02   7.31947998e+02   2.78970271e-01
   1.05136574e+02   5.29861183e+01   2.76479607e+01   9.73658691e+02
   2.47452068e+01   0.00000000e+00   4.89070396e+01   1.64944901e+02
   2.27343063e+01   2.93965057e+02   3.87677521e+02   8.43110107e+02
   2.59036194e+02   2.10403137e+02   2.96483879e+01   2.35018120e+01
   2.39720483e+03   1.13494101e+01   1.55833149e+00   1.11892310e+03
   2.03793583e+01   8.17901993e+01   8.76383591e+00   1.93757462e+02
   3.78252869e+02   6.16915588e+02   4.32650818e+02   2.10794139e+00]
