bicycle
bus
car
motorbike
person
[ 49361640.        5681461.        5685301.5      35164668.        5481724.5
   1381392.5       6668302.5       2785264.75      1821764.125    15562692.
   1410459.5       5643414.       31152524.        5568991.       45107844.
  25188964.       47617412.       37333120.        5478542.        2911880.5
   9080809.       42297632.        1601156.625    15332325.       20882514.
  28048106.       15609843.       21483344.        4227248.        3864112.25
   4937223.5      71884928.        9647074.        4284418.       61664272.
    525735.4375   17666754.        3544093.75     23153448.         641436.6875
  19475964.       46745000.       93085360.        7781109.       32433386.
   4250461.5      31805206.       52265912.        4817022.5      24577404.
  60703672.        8682046.        4217662.5       3582564.75      5217176.
   2090421.375     3605603.75     31532302.        1370452.375
    653182.8125     499585.53125    765544.125     2185092.25      8763480.     ]
[  5.09689200e+07   1.49493550e+06   6.14656440e+07   2.95824000e+05
   3.53800750e+06   6.58109000e+05   1.17999680e+07   1.53356616e+03
   2.22506460e+07   8.15339938e+05   3.23116880e+07   9.98304900e+06
   2.14980840e+04   2.63277000e+06   1.32882590e+07   1.83680362e+06
   6.04205125e+05   6.09651720e+07   1.46752200e+07   7.23858850e+06
   3.02036594e+05   1.24485040e+07   3.11664025e+06   7.96929250e+06
   2.71468969e+05   6.46682450e+06   8.47158500e+06   3.20569750e+05
   2.11273575e+06   5.06805127e+03   7.77520560e+07   1.94993887e+04
   3.52941500e+06   2.77249480e+07   1.54308380e+07   3.35276325e+06
   1.99988031e+05   2.35466980e+07   5.80754160e+07   3.90332160e+07
   3.77762880e+07   7.14259000e+05   4.30248781e+05   1.55002112e+06
   4.48403960e+07   4.65406680e+07   1.53761862e+06   8.25383600e+07
   3.54438360e+07   1.24045100e+07   4.46746100e+06   5.67717720e+07
   5.04382200e+07   5.09435440e+07   8.32691562e+05   4.38132280e+07
   2.19520450e+06   9.14455360e+07   4.38325250e+06   1.66803138e+06
   7.65013120e+07   7.57525574e+02   2.10717475e+06   5.62079480e+07]
[  9.62487600e+06   1.66885730e+07   9.01000488e+03   2.74338312e+05
   2.18437500e+04   2.43880781e+04   2.75741250e+04   3.40119525e+06
   2.85855254e+04   3.07039719e+05   1.18378060e+07   1.07750492e+05
   1.60972538e+06   3.51809225e+06   2.97355273e+04   2.45545750e+05
   6.06389600e+06   1.28030325e+06   2.13805800e+06   8.18379562e+05
   2.75555975e+06   5.78470117e+04   1.59789150e+07   1.75230500e+07
   1.95488480e+07   0.00000000e+00   1.23022891e+05   5.18865281e+05
   4.87357650e+06   1.37741510e+07   4.42970264e+03   1.57142762e+06
   5.92050250e+05   7.40395100e+06   3.46168675e+06   7.25083950e+06
   7.22042062e+05   1.92548120e+07   3.27764175e+06   1.26317334e+03
   1.33544250e+07   5.89936000e+05   1.18188750e+07   2.40644440e+07
   1.92035262e+06   3.86198164e+04   1.72311080e+07   1.97336680e+04
   7.05506000e+06   1.31186475e+06   4.93302850e+06   1.62437016e+05
   5.51575350e+06   3.98012275e+06   1.70404980e+07   1.97437020e+07
   2.15687328e+05   4.07475117e+04   5.98126641e+04   7.01300781e+04
   3.13420750e+05   2.29544700e+07   1.50797770e+07   7.07303750e+06
   2.42263880e+07   1.58290750e+06   1.92436820e+07   1.43464570e+07
   7.64950703e+04   1.45526275e+06   1.26792920e+07   1.19741400e+07
   1.44447525e+06   3.67535725e+06   0.00000000e+00   6.88382600e+06
   5.68449875e+05   6.45803900e+06   1.35905400e+06   4.48452578e+04
   1.72338770e+04   1.82380362e+06   3.31835625e+06   1.75828186e+03
   6.22797800e+06   1.98009725e+06   1.24094400e+06   1.73034241e+03
   1.23681670e+07   3.34230425e+06   8.97579700e+06   3.11871650e+06
   9.46953359e+04   2.72204875e+06   1.75134888e+06   3.60549050e+06
   4.70406836e+03   3.47965175e+06   4.24983562e+05   1.29193719e+05
   6.74833500e+06   2.10905578e+05   7.61749500e+05   1.58397288e+06
   9.71008594e+03   4.10823562e+05   1.35185212e+06   1.78222075e+06
   1.51112938e+06   4.58421156e+05   4.47018633e+04   9.88860700e+06
   1.31009914e+05   1.31515850e+06   8.35816700e+06   1.58324830e+07
   2.99504469e+05   1.34601850e+06   5.37094750e+06   1.11844175e+06
   4.62557344e+05   2.33526400e+06   7.23894873e+03   1.21944250e+06
   5.80024800e+06   1.75029336e+04   2.72470140e+07   1.78550980e+02]
[  3.92627875e+06   1.42445950e+06   4.28176523e+04   0.00000000e+00
   8.06153271e+03   3.64958950e+06   2.97546075e+06   2.48200600e+06
   1.74623920e+07   9.35867700e+06   3.25957475e+06   4.95484350e+06
   4.94749469e+05   1.31481969e+05   3.76379346e+03   4.89974700e+06
   5.61840312e+05   6.45214000e+06   9.18352750e+05   1.62725732e+04
   1.83220780e+07   4.41685700e+06   2.35527047e+05   1.32698975e+04
   1.32299203e+05   9.71253188e+05   3.42881200e+06   1.01928860e+07
   5.78176523e+04   1.23061220e+07   6.75334521e+03   1.72429140e+07
   3.65040750e+06   1.03144609e+05   4.96829281e+05   1.32036600e+06
   4.86965125e+05   9.57708300e+06   3.46328633e+04   2.91015684e+04
   2.30502172e+05   2.46711289e+04   4.74254980e+03   5.05256750e+05
   1.62685891e+05   1.27526280e+07   1.20582038e+06   7.36738100e+06
   7.03439850e+06   2.49031220e+07   3.56166219e+05   7.79126750e+06
   1.05323112e+06   2.02924362e+06   5.57234453e+04   8.42876562e+04
   7.48873800e+06   2.54434900e+06   0.00000000e+00   9.80753312e+05
   7.92903500e+06   1.74680712e+06   1.07443460e+07   7.32381300e+06
   5.22817125e+05   1.54425030e+07   8.13215938e+04   6.40321700e+06
   3.68334850e+06   2.84458375e+06   2.95961312e+05   1.50455070e+07
   2.23132540e+07   1.08865412e+06   2.82778300e+07   1.44904688e+03
   8.82008700e+06   4.09149031e+05   1.87432940e+07   6.57568688e+05
   6.44604250e+05   1.83466875e+04   1.43275310e+07   3.27547175e+06
   3.44424609e+04   7.10647500e+06   3.66385550e+06   8.65076875e+05
   5.43597422e+04   3.32596656e+05   7.01113750e+04   3.77548825e+06
   8.00057891e+04   1.46738920e+07   2.52584234e+05   3.08593150e+06
   1.33595328e+05   8.86623400e+06   1.92519688e+06   1.29484410e+07
   2.08691328e+05   5.01863398e+04   2.01607300e+07   1.75097327e+03
   4.41453477e+04   1.80524260e+07   2.30501225e+06   5.47796000e+06
   1.56846960e+07   1.35616675e+06   1.68884629e+04   8.99816600e+06
   1.01852359e+05   2.67033580e+07   1.37859788e+06   6.23273062e+05
   1.31250672e+05   8.75071400e+06   8.04107266e+04   8.85304980e+03
   1.79562360e+07   6.78256250e+06   1.14471719e+04   1.10625090e+07
   1.36541400e+07   6.15476000e+05   1.27063660e+07   8.95361400e+06]
[  0.00000000e+00   3.43845825e+03   1.46513662e+06   1.09141104e+04
   0.00000000e+00   9.13833771e+01   3.93131897e+02   1.76215286e+01
   4.04044925e+06   4.91389453e+03   1.11920007e+03   4.51488818e+03
   2.86410522e+01   6.30510664e+04   6.60512061e+03   5.92909375e+03
   8.84794336e+03   1.01139562e+05   3.49366748e+03   3.08976895e+04
   2.38561583e+00   3.58493359e+03   7.21992891e+04   5.36228662e+03
   2.02737170e+03   1.36212292e+03   2.53631375e+06   0.00000000e+00
   2.41574976e+03   1.61036462e+03   1.50451651e+01   1.34008148e+02
   7.20014648e+02   1.58487500e+06   4.08983750e+04   1.82923112e+06
   3.63421350e+06   9.32788965e+03   6.23854017e+00   2.73652069e+02
   2.73835840e+03   3.71618799e+03   7.99201123e+03   1.83959016e+05
   6.23881152e+03   5.80144653e+01   6.76358154e+02   8.65754700e+00
   3.32676680e+04   1.08280781e+04   1.05485469e+05   1.20162743e+02
   1.96086938e+06   4.18138945e+04   1.98993271e+02   2.03623469e+05
   3.61759594e+05   5.64568375e+05   5.18308167e+02   5.64241905e+01
   8.02782500e+04   7.65012188e+04   6.16561953e+04   3.50200547e+04
   1.27911339e+02   2.03268906e+04   1.37295883e+02   1.64962112e+02
   1.12241465e+04   9.24671562e+04   1.25251712e+06   1.62044988e+06
   0.00000000e+00   6.31010840e+03   4.51160316e+01   5.66978302e+01
   5.20852852e+04   4.37986969e+05   1.34731225e+06   9.47871250e+04
   4.89817773e+04   2.24246680e+03   3.94195654e+03   4.03909607e+02
   1.00297119e+06   3.08978900e+06   1.37403275e+06   1.27149462e+06
   3.15059844e+05   7.55831528e+01   8.49282520e+03   8.93186094e+04
   5.46124875e+05   1.02101807e+04   0.00000000e+00   8.26630566e+03
   1.68258313e+03   1.45820203e+05   9.93093140e+02   1.09734756e+04
   2.51059199e+04   4.41367822e+03   3.07533025e+06   3.99980273e+04
   8.41633594e+03   2.23823804e+03   1.95782832e+04   4.93423157e+01
   2.62777740e+02   1.97794043e+04   1.56817975e+06   6.40277686e+03
   0.00000000e+00   1.55783662e+04   7.28056445e+03   4.96113525e+03
   0.00000000e+00   3.18076447e+02   3.45168457e+03   1.97964962e+06
   4.43212891e+04   9.01370468e+01   2.58595332e+04   7.58145691e+02
   6.67205762e+03   7.31617188e+05   2.85905037e+01   0.00000000e+00
   2.07214800e+06   3.55990703e+04   1.31912734e+04   3.36477148e+03
   5.13871387e+03   7.83068375e+05   1.65581455e+01   1.39945020e+03
   4.89443400e+06   1.44317000e+05   8.36983691e+03   0.00000000e+00
   5.84661035e+03   1.69219666e+02   1.00722373e+04   6.01809125e+05
   6.68913269e+02   3.03179300e+06   2.85976099e+03   5.84768701e+03
   3.30067227e+04   3.42012584e-01   3.20330200e+03   1.97105945e+03
   4.35258633e+04   1.41208703e+05   4.70348219e+05   3.02538184e+03
   2.52581104e+03   4.54712812e+04   2.89806675e+06   3.04226656e+05
   2.16275387e+01   4.28518250e+05   6.63321062e+05   3.30130469e+03
   6.98495215e+03   2.96815900e+06   5.69446812e+05   5.21323359e+04
   9.43557227e+03   1.65910450e+06   1.62079162e+06   1.18191865e+04
   6.82161816e+03   7.05197625e+05   4.11005029e+03   1.10146064e+04
   2.04831112e+06   4.59854767e+02   2.91001275e+06   3.01710840e+04
   1.39239156e+05   3.47734375e+04   1.21367850e+06   5.44217773e+03
   6.33684814e+03   9.83158887e+03   3.70784180e+04   1.07042666e+04
   5.61441375e+05   2.76953398e+04   6.85782959e+02   3.58387900e+06
   2.16462601e+02   6.63723312e+05   0.00000000e+00   2.37689625e+06
   1.32543616e+03   9.28329312e+05   2.81034600e+06   6.85002312e+05
   5.38492537e+00   3.35152100e+06   1.92684762e+06   3.41317810e+02
   1.88430859e+05   2.01874619e+02   5.45949020e+01   4.77010010e+03
   9.48872757e+01   1.89663775e+06   1.93254344e+05   2.23717125e+06
   1.29458555e+04   1.63835537e+04   2.01183147e+01   1.16165537e+04
   6.33903503e+02   5.29576562e+05   2.82757734e+04   1.60694534e+02
   9.36109695e+01   1.35442468e+03   2.71039771e+03   6.91526484e+04
   4.64485688e+05   0.00000000e+00   1.39706775e+03   3.71699961e+04
   2.94366817e+01   8.13583562e+05   6.55223682e+03   1.80602905e+02
   1.74869662e+06   2.03978457e+04   2.84779500e+05   8.52205811e+01
   5.80280762e+02   1.23864893e+04   2.52796047e+05   4.09447681e+03
   3.28313469e+05   1.18616475e+06   4.75004547e+02   4.46498060e+00
   3.27218145e+04   1.18222676e+04   1.17352124e+03   3.15988068e+02
   5.96877891e+04   4.82714180e+04   1.29849609e+04   4.45938995e+02
   1.31283887e+04   0.00000000e+00   1.33870300e+03   8.53468906e+04]
[  1.98333350e+06   3.86491382e+03   4.86781036e+02   2.08698441e+02
   9.30540500e+05   2.41799550e+06   5.20635188e+05   1.17482129e+03
   5.94708203e+03   6.11710632e+02   1.31304565e+03   5.61557764e+03
   6.40356689e+03   3.29898477e+04   1.19433801e+03   7.77833984e+03
   1.81035049e+02   1.50926651e+02   1.07738062e+06   6.94365938e+04
   0.00000000e+00   1.01852173e+02   2.21273987e+02   1.76753078e+05
   3.13944931e+01   1.49403503e+03   0.00000000e+00   5.55811484e+04
   7.04249658e+03   1.88699475e+03   1.28311162e+04   4.46474756e+03
   7.11045947e+03   1.09731281e+05   8.57062927e+02   1.01441738e+04
   8.35149219e+03   1.73163623e+03   4.61287500e+03   0.00000000e+00
   1.88628062e+05   2.58242227e+04   2.87695508e+03   1.67475806e+03
   5.28284326e+03   6.79317920e+03   5.95104492e+04   9.39887598e+03
   7.75167422e+04   2.04384375e+03   8.35970020e+03   1.97723547e+03
   8.88939746e+03   9.63301172e+03   3.91696367e+04   3.82670703e+04
   7.34285703e+04   6.59135500e+05   7.10823926e+03   7.01366882e+02
   3.64073462e+03   7.95855078e+04   1.27822029e+02   1.04915266e+01
   0.00000000e+00   1.66075801e+04   8.16295500e+05   2.85866394e+02
   1.91535400e+02   6.10897070e+04   1.65470600e+06   2.66183186e+01
   2.81846758e+04   2.74425566e+04   2.49376602e+04   1.34688105e+04
   1.80909238e+04   3.41247583e+03   2.13158047e+04   1.98850875e+05
   4.28232765e+01   1.22145300e+03   4.38638401e+00   1.10548188e+05
   1.15327966e+03   1.06798570e+05   8.74340088e+02   3.18452661e+03
   3.03908521e+03   7.10010303e+03   9.29705176e+03   8.92573535e+03
   1.57639111e+04   7.02411484e+04   1.87664688e+02   4.69132519e+00
   4.43781641e+04   8.65410767e+01   5.19568896e+03   1.43768213e+04
   4.94550293e+02   5.21330762e+03   2.05169362e+06   2.56124191e+01
   2.95132629e+02   8.67540723e+03   5.71017812e+04   7.69394844e+04
   1.63943164e+04   2.20158800e+06   2.03963715e+02   4.52125469e+05
   4.07424316e+01   4.02344330e+02   7.43565869e+03   4.75126055e+04
   9.90636914e+03   4.44385693e+03   7.71582764e+03   3.65047266e+04
   3.33674463e+03   4.40739365e+01   6.39505957e+03   1.82230062e+05
   1.32062561e+03   4.41105273e+03   1.54527836e+01   1.84861777e+04
   1.67026392e+03   3.04704225e+06   8.41897754e+03   1.79874365e+03
   3.44068799e+03   1.48339388e+06   1.38727917e+03   1.15844600e+04
   8.54921582e+03   1.15296512e+06   1.66328418e+03   3.50696533e+02
   4.57343597e+01   2.13747656e+03   6.10168164e+03   3.71635906e+05
   0.00000000e+00   1.69008667e+03   2.36992871e+03   0.00000000e+00
   0.00000000e+00   1.95905289e+02   1.47224707e+03   6.28431030e+02
   8.23575125e+05   2.29289492e+04   2.59967865e+02   1.56129266e+05
   1.24961662e+02   2.01690331e+01   4.76894258e+04   1.70447225e+06
   4.20209900e+02   2.38211938e+03   7.00919189e+02   3.18762455e+01
   2.26222766e+05   0.00000000e+00   5.35634648e+04   4.99634570e+03
   3.71405375e+05   2.04328975e+06   1.22185753e+02   2.09455872e+01
   2.39805396e+03   5.69706062e+05   4.17898938e+05   2.42062622e+03
   8.08130664e+03   3.08521191e+03   1.04358418e+04   7.06641436e+00
   6.64471729e+03   2.97045117e+03   1.12620209e+02   6.04825312e+04
   1.77826824e+01   7.14204346e+02   2.30519355e+04   6.60124072e+03
   2.44372021e+03   6.62360611e+01   1.66326238e+06   8.75868713e+02
   6.56912384e+01   4.37370703e+03   3.48859375e+04   1.04212756e+03
   5.94033008e+04   2.12743203e+04   1.42557312e+05   2.44353771e+01
   6.51800232e+01   6.48690939e+00   2.30606297e+05   1.80186992e+04
   1.03474961e+04   6.53891907e+01   1.11804160e+04   8.97820500e+05
   4.33603711e+04   2.19401375e+06   7.15293121e+01   1.24423608e+03
   1.69084973e+03   1.90473203e+04   1.94127795e+03   8.25211688e+05
   7.68648047e+04   2.88763623e+03   4.06553945e+04   4.15008636e+02
   5.22983545e+03   5.43759131e+03   6.68778516e+03   6.14063965e+02
   0.00000000e+00   1.22130359e+05   3.32993789e+04   2.89725488e+03
   6.48950928e+02   0.00000000e+00   1.40737747e+02   2.59858633e+04
   5.59416250e+05   9.92831604e+02   1.88684138e+06   4.95505566e+03
   1.44546313e+03   1.76129688e+06   0.00000000e+00   2.53288059e+01
   2.63428491e+03   2.94720762e+04   0.00000000e+00   0.00000000e+00
   7.86069183e+01   1.46217331e+02   1.99468027e+04   2.01789319e+03
   8.11524844e+04   2.81145645e+04   1.50110117e+04   1.65100125e+05
   3.67546289e+04   1.72520203e+05   1.84472832e+04   3.56916719e+04]
[  6.04629438e+05   3.11925801e+04   1.10844592e+03   1.78685913e+02
   7.51547375e+05   1.31888489e+03   8.19230176e+03   1.43339766e+05
   1.48801465e+03   8.56306625e+05   1.74647424e+03   1.11039297e+05
   1.28315654e+04   1.75025684e+03   4.80581543e+03   1.04249768e+03
   0.00000000e+00   2.20994922e+03   4.85342646e+00   8.49919739e+02
   6.31962012e+03   2.43122812e+04   5.61778467e+03   3.41090186e+03
   9.88500244e+02   3.18571899e+03   1.72825671e+03   2.05266777e+04
   5.86154346e+03   9.79647188e+04   4.79584778e+02   4.82548828e+03
   1.13194580e+04   2.67164199e+04   9.32430847e+02   4.12161572e+03
   6.29570125e+05   2.14532475e+06   4.73758972e+02   1.28288450e+06
   6.46531296e+01   7.03469482e+02   9.18767761e+02   2.72211406e+04
   8.02761963e+03   9.97827051e+03   1.46136902e+03   9.19230176e+03
   1.44668867e+04   6.12553894e+02   1.98093418e+04   1.18861950e+06
   6.18568878e+01   2.71694946e+01   6.38316727e+01   4.79729883e+03
   3.86371185e+02   3.82164297e+04   0.00000000e+00   2.47048389e+03
   2.85504321e+03   1.12928838e+04   1.45127246e+03   2.34099390e+03
   3.86715747e+03   3.84665898e+04   9.74866602e+03   6.32265088e+03
   4.08359594e+05   1.11354523e+05   2.60202588e+03   7.53728333e+02
   5.40735312e+04   1.04992412e+04   2.55456344e+05   5.55986250e+04
   1.15686172e+05   1.96929238e+04   3.16946509e+03   8.69381653e+02
   3.36597977e+01   5.06986313e+01   3.47434844e+04   2.13843719e+02
   3.13232402e+04   1.60720108e+02   2.25226672e+05   7.63127319e+02
   0.00000000e+00   1.61954346e+03   6.76179993e+02   5.20068787e+02
   2.01719941e+04   2.53672165e+02   7.55564844e+04   4.57523477e+04
   4.08803101e+02   5.94985273e+04   6.05600438e+05   2.60903094e+05
   2.17732227e+04   1.58412314e+04   3.83344818e+02   3.26664276e+02
   2.61474219e+04   2.63931006e+03   9.59295234e+04   6.85510449e+03
   1.46810989e+02   8.98459180e+03   1.24450635e+04   6.61675928e+03
   6.04617139e+03   2.32238916e+03   5.59955994e+02   3.31444414e+04
   1.19128304e+02   1.87854141e+04   8.40990527e+03   1.01944062e+04
   4.48461952e+01   1.21728475e+06   1.09108672e+04   5.66431797e+04
   5.97891211e+03   1.16823108e+03   9.53301953e+03   1.44815612e+00
   6.41263809e+01   3.78988876e+01   6.37653320e+02   9.15991016e+03
   1.36550635e+03   1.46092139e+03   1.85425305e+03   1.51619697e+04
   1.33590833e+03   8.14928984e+04   3.65656274e+03   1.41649060e+03
   7.91617889e+01   1.03653770e+04   1.39527844e+03   2.35941602e+04
   6.58016953e+04   2.00421667e+03   5.54114990e+03   4.76898336e+00
   2.91073867e+04   2.77058716e+03   7.64272070e+03   1.57673266e+05
   3.05920996e+03   1.79699000e+05   1.25029198e+02   3.42172227e+04
   3.56104766e+04   3.24612427e+03   3.30887070e+04   1.39378525e+02
   2.37293045e+02   9.73842850e+01   3.63319214e+03   1.96100216e+01
   9.15479187e+02   1.35756201e+03   6.44033555e+04   5.29028000e+05
   6.46106567e+02   4.21978125e+04   1.83316895e+02   3.02517090e+03
   7.33549500e+02   2.37759229e+03   1.03269473e+04   7.03546826e+03
   5.35228945e+04   8.72788391e+02   6.20792461e+04   1.91407363e+04
   1.96613098e+02   1.49421523e+04   7.36797729e+02   2.33704102e+03
   1.61236055e+04   4.81513062e+02   9.98798984e+04   8.89302979e+02
   4.18786781e+05   7.19931188e+05   2.96780410e+04   5.38266357e+03
   2.52110306e+02   8.79365547e+04   1.70687294e+01   2.58190125e+02
   1.03595684e+04   3.98239795e+03   2.76635107e+03   1.83529297e+04
   3.52866479e+03   2.29972229e+02   1.19942764e+04   2.30736234e+05
   1.74397539e+04   4.68360786e+01   8.29253906e+03   6.30882861e+03
   3.40147773e+04   4.59789944e+00   1.11860938e+03   7.95813428e+03
   1.77262930e+04   4.62480273e+04   4.43983164e+04   2.92819557e+01
   3.83259644e+03   7.02901025e+03   1.00463387e+02   1.01527305e+05
   7.71741406e+03   5.16966455e+03   1.78649062e+04   2.16780039e+04
   5.30899414e+03   1.26143112e+01   2.06971405e+02   5.26276465e+03
   8.28754456e+02   3.90456758e+04   1.24362432e+04   4.81870273e+04
   6.24152405e+02   1.04670430e+04   1.30045188e+06   8.67339966e+02
   1.23169080e+03   1.58817310e+03   5.81382312e+05   3.21365308e+03
   5.41820654e+03   2.96796997e+02   9.07864502e+02   4.80586548e+02
   2.81748926e+04   6.78909938e+05   3.57561188e+01   1.28477221e+01
   1.04415336e+05   2.03872559e+04   0.00000000e+00   3.96885234e+04
   3.76631104e+03   1.15621167e+03   4.09496246e+02   1.24172559e+03]
[  2.30938370e+02   1.94192852e+04   5.77573486e+03   6.32637842e+03
   9.95818481e+02   1.09304898e+05   2.10829819e+02   1.13299424e+04
   2.88692493e+01   8.22087884e-01   5.76608438e+04   2.99857520e+03
   8.89298523e+02   1.89418750e+03   4.05948193e+03   1.17192337e+02
   1.15346250e+04   3.84483984e+03   7.23825684e+03   3.14886523e+03
   3.29660721e+01   1.23516695e+05   1.35185986e+03   1.49616058e+02
   4.18750625e+04   6.34562549e+03   9.41699844e+04   2.18577188e+04
   7.83222734e+04   9.05158594e+03   8.88302637e+03   7.73357031e+04
   3.48365039e+04   8.88116113e+03   1.45712402e+04   7.32141328e+04
   5.43189492e+04   6.91784607e+02   4.62919464e+01   1.00890117e+04
   4.21094398e+01   1.21811094e+05   1.69794863e+04   3.46074297e+04
   1.13714554e+02   2.39768027e+04   5.77019629e+03   5.65242422e+04
   0.00000000e+00   5.90534180e+04   1.08423586e+05   7.67880188e+02
   0.00000000e+00   5.34261230e+03   9.03850977e+03   2.56151289e+04
   8.90860291e+01   2.83504089e+02   1.15450232e+03   3.31686951e+02
   4.10880615e+02   1.51710516e+05   3.35070273e+04   1.75937170e+03
   1.56826099e+03   2.73458911e+03   4.72961060e+02   8.73504868e+01
   6.82357373e+03   8.09926514e+02   1.16788721e+04   8.62665466e+02
   1.62473174e+04   7.27581116e+02   0.00000000e+00   1.10665295e+03
   6.88649475e+02   0.00000000e+00   8.45954141e+04   7.24591250e+04
   2.96194687e+01   4.46510303e+03   7.57924902e+03   4.54301992e+04
   3.49386505e+02   0.00000000e+00   2.91703552e+02   1.74121484e+03
   1.46914812e+05   2.76841719e+04   1.13695547e+04   3.34393463e+01
   1.51243672e+05   2.48480762e+03   7.12741943e+03   1.14165127e+04
   3.41057266e+04   2.17025089e+01   3.49718555e+04   1.99327617e+04
   1.21019128e+03   1.87594589e+02   1.36526688e+05   5.08289307e+02
   3.91611016e+04   1.83288672e+04   3.40402588e+02   4.80015234e+04
   7.42977891e+04   7.83013306e+02   5.11365820e+03   1.49510056e+02
   9.43147500e+04   8.88575649e+00   4.53110779e+02   1.56230078e+04
   0.00000000e+00   1.00119883e+04   0.00000000e+00   9.73856328e+04
   7.38913696e+02   2.99796738e+04   6.11645654e+03   2.63694727e+03
   2.87866211e+03   1.88785625e+04   1.73375708e+03   6.56258906e+04
   2.78841035e+04   9.69307739e+02   6.49120178e+01   2.17099688e+04
   6.94880371e+03   8.24388672e+03   2.20738164e+04   5.27972507e+00
   1.72600513e+03   2.90488834e+01   4.33360254e+03   1.43507462e+01
   4.76671406e+04   5.17033936e+03   7.66392480e+03   0.00000000e+00
   8.24228882e+02   6.59210022e+02   4.25169775e+03   4.29851025e+03
   7.39089203e+01   2.80583203e+04   5.48050820e+04   7.84370654e+03
   2.16651886e+02   2.47578110e+02   4.49004135e+01   2.72573382e-01
   5.57850571e+01   1.84858536e+02   5.33526611e+01   9.72972422e+04
   3.08824180e+04   5.07443994e+03   6.75959717e+03   0.00000000e+00
   7.87959531e+04   1.61874744e+03   7.83382656e+04   1.02483459e+02
   1.76939746e+04   1.22130645e+04   3.94530640e+02   6.52952539e+03
   4.11891699e+03   1.86414087e+03   4.16052031e+04   1.91853418e+04
   2.30830840e+04   1.38780557e+04   3.12420781e+04   3.19263824e+02
   7.64371641e+04   1.40776245e+02   1.91514258e+04   1.12349082e+04
   1.18735950e+03   1.15733408e+04   5.18846367e+04   7.63213818e+03
   1.26011169e+03   1.03628320e+03   1.01663281e+03   3.73224922e+04
   4.14725732e+03   7.04655859e+04   1.63821047e+05   5.47052305e+04
   1.31167285e+04   1.41947129e+04   1.68242383e+03   3.61179419e+03
   1.31457594e+05   1.43402222e+03   1.30038939e+01   8.55408047e+04
   5.12030430e+04   8.21961060e+01   1.69305430e+04   7.07427422e+04
   1.65885696e+01   5.10466099e+00   1.85573456e+02   7.04789917e+02
   1.37266833e+03   1.03982506e+02   6.55643594e+04   1.72067725e+03
   3.25887573e+03   5.37961963e+03   1.12816641e+04   7.32951367e+03
   4.97392529e+03   1.34943562e+05   1.43245983e+01   0.00000000e+00
   5.19980625e+04   7.99790918e+03   7.74750183e+02   3.44212246e+00
   1.02020251e+03   8.74432007e+02   2.22317612e+02   8.81611919e+00
   9.25395234e+04   4.47013594e+04   8.46308672e+04   4.43174225e+02
   3.55221562e+04   3.12407349e+03   5.67522266e+03   6.93960083e+02
   2.06253540e+03   1.66368418e+04   6.20268164e+03   3.71376055e+04
   7.48001160e+02   1.09849297e+05   1.88284119e+03   4.99398184e+00
   2.86431602e+04   2.06571719e+04   6.79388672e+04   2.38974453e+04
   1.06363367e+03   1.40345203e+05   1.67689746e+04   5.86334648e+04
   7.00473984e+04   5.59468750e+02   1.77871761e+01   3.26000996e+04
   9.38952031e+04   1.25892229e+01   1.70495618e+03   1.00316663e+03
   1.41337280e+01   2.09753496e+04   4.19681549e+02   8.44380938e+04
   1.12242314e+04   5.35412842e+02   0.00000000e+00   6.38463989e+02
   2.02176680e+04   6.02981689e+03   8.14386641e+04   1.19689541e+04
   0.00000000e+00   8.39100933e+00   1.42581172e+05   5.73020557e+03
   3.07296562e+01   7.09811646e+02   2.99579834e+03   9.75257266e+04
   2.95544708e+02   1.88736035e+03   7.84276915e+00   3.46542969e+02
   7.29027527e+02   1.94246448e+03   1.61985088e+04   2.16515625e+03
   7.40735391e+04   1.41920664e+04   9.34316562e+04   3.52456146e+02
   1.89778194e+01   9.16945724e+01   3.92588945e+04   8.16051953e+04
   3.12438774e+00   1.27017883e+03   9.88611914e+03   2.64645500e+01
   2.47593430e+02   6.49100039e+04   6.29357239e+02   1.95775604e+01
   8.62479141e+04   1.59890289e+02   1.65568481e+02   6.09059473e+03
   1.15848717e+02   4.81137787e+02   5.44206133e+04   1.44847672e+05
   4.47533951e+01   2.74225352e+04   2.27499658e+03   2.12685938e+04
   3.16608948e+02   2.91284961e+03   4.68373633e+04   2.70830151e+03
   1.25950555e+05   7.50024453e+04   1.28797484e+05   1.63425342e+04
   1.61538164e+04   9.98085449e+02   1.99269473e+04   6.89924951e+03
   5.08550039e+04   2.07160034e+02   6.54098633e+02   1.10194688e+05
   2.09343735e+02   1.41510596e+04   1.53277942e+03   1.30240664e+04
   4.48208750e+04   6.55482605e+02   8.42401270e+03   4.27161694e+00
   2.47841095e+02   3.48610693e+03   4.51548828e+04   5.70516510e+01
   2.58170957e+04   6.13591187e+02   3.01869897e+03   4.73908173e+02
   8.41316040e+02   8.02963594e+04   2.43572925e+03   6.02242249e+02
   8.06595625e+04   2.84215454e+02   4.77242188e+04   6.48634033e+03
   1.82727324e+04   9.25692422e+04   2.73303528e+02   1.56475122e+03
   1.87241296e+03   4.91555634e+02   6.99763828e+04   4.79692432e+03
   1.76475723e+04   7.58060742e+03   4.04693945e+03   8.72344238e+03
   1.25893076e+04   1.98750031e+02   2.59674824e+04   9.74053894e+02
   2.79818848e+02   4.14078809e+03   1.49825897e+02   2.62906128e+02
   4.44636426e+03   4.18992188e+03   2.03378845e+02   1.93784746e+04
   7.33548523e+02   3.14476074e+03   7.65001221e+02   1.77418027e+04
   2.42852173e+03   2.84752899e+02   2.81778046e+02   2.66243195e+02
   1.23970947e+04   2.82778125e+03   4.35372559e+03   1.06642477e+05
   3.43978668e+02   9.11821136e+01   5.31103638e+02   8.17869339e+01
   2.21648235e+01   4.79781348e+03   1.02686934e+04   8.93564531e+04
   7.71151318e+03   3.57343188e+03   1.71821899e+03   2.27586327e+01
   2.32821241e-01   1.73697567e+01   3.39794336e+03   4.61657373e+03
   1.66171934e+04   7.82832153e+02   7.66570938e+04   1.65473398e+04
   4.03631104e+02   1.41236396e+04   1.28351680e+04   1.89775371e+04
   2.08717065e+03   6.47969287e+03   1.97807312e+03   1.11545391e+05
   9.44186250e+04   1.85592012e+04   5.15792422e+04   1.32900957e+04
   1.07285070e+05   1.39578564e+03   1.20757034e+02   7.75619043e+03
   6.51878164e+04   3.93783477e+04   5.34701562e+03   9.36501660e+03
   1.11914082e+01   2.23283554e+02   4.02291040e+03   9.66791895e+03
   3.51600806e+03   1.78901025e+03   1.81745764e+03   6.64070606e+00
   0.00000000e+00   1.01783838e+04   1.18144121e+01   2.82935986e+03
   1.25989099e+03   9.95305625e+04   5.98921875e+02   4.34652266e+04
   1.65472595e+03   0.00000000e+00   1.40897009e+03   1.83185654e+01
   4.11069427e+02   3.05678594e+04   3.89735794e+01   1.88904639e+03
   6.78768692e+01   8.46389453e+03   1.09602859e+02   1.19463691e+04
   8.55586816e+03   9.47665625e+04   1.40715897e+02   0.00000000e+00
   1.02913440e+03   1.29298730e+03   1.42572391e+00   7.78706055e+02
   2.22903047e+04   1.11111473e+02   9.50575623e+02   1.05458630e+03
   8.64747344e+04   2.49824194e+03   3.76067227e+04   0.00000000e+00
   2.68152008e+02   9.38438904e+02   3.30649414e+04   1.93187708e+03
   1.27803945e+04   8.60595894e+00   5.45066040e+02   9.58862209e+00
   4.45152686e+03   3.94534943e+02   1.50575125e+05   2.08592072e+02
   3.97767651e+03   8.09569702e+02   1.51181475e+04   1.49231177e+03
   3.01576367e+03   1.20814953e+05   1.33322334e+04   9.59340312e+04
   1.81621375e+03   1.00142784e+02   2.12428894e+01   4.11368008e+04
   1.30722205e+03   9.23430156e+04   1.82300745e+03   2.75244355e+00
   4.24489688e+04   2.34542679e+02   2.76352139e+01   1.57862875e+05]
[  3.31628247e+03   5.62008691e+03   1.85128064e+03   3.87631950e+01
   1.70929707e+04   0.00000000e+00   5.89545195e+04   3.50665000e+04
   7.80123125e+04   1.14787903e+01   8.80542908e+01   5.11131016e+04
   1.15952103e+02   1.07324328e+05   5.01815283e+03   9.16792488e+00
   3.26972107e+02   5.55675928e+03   7.09576172e+02   1.15671875e+03
   7.51698914e+02   5.17960754e+02   9.41433777e+02   1.42219971e+02
   1.74594284e+02   8.85045508e+03   2.84051514e+02   4.28888428e+03
   2.84469434e+03   1.43234131e+02   0.00000000e+00   2.55729713e+01
   4.75423401e+02   0.00000000e+00   7.67376526e+02   1.08867981e+03
   2.26005203e+02   1.80962963e+01   6.05850703e+04   1.84080170e+02
   3.79648047e+03   1.54113269e+03   2.57512779e+01   5.58904805e+04
   6.73277649e+02   1.50344269e+02   1.83657092e+03   2.42623947e+02
   1.72874710e+02   2.14401917e+02   9.54506934e+03   6.66020870e+00
   0.00000000e+00   1.00515293e+04   6.37589905e+02   7.76089453e+03
   2.19372778e+03   3.76813171e+02   1.47936218e+02   2.99732119e-01
   4.28201485e+00   5.50677588e+03   1.69911804e+02   8.72712585e+02
   2.34923676e+02   7.29200134e+01   4.93839014e+03   1.57059998e+03
   6.71233594e+04   2.25100906e+02   1.67866562e+02   1.59887432e+04
   2.44219398e+00   2.09579941e+04   3.08755615e+02   1.05293018e+03
   2.66446853e+00   2.62032544e+03   5.52922546e+02   1.41520349e+03
   7.24932800e+02   1.16371273e+05   3.99621914e+04   4.03336353e+03
   5.16685120e+02   1.26270962e+01   6.92497852e+03   1.87013403e+03
   7.82217407e+02   2.11253998e+02   1.14193154e+04   1.40796033e+03
   5.42078613e+02   0.00000000e+00   9.21455469e+03   6.48629904e+00
   9.07899353e+02   7.19851367e+03   6.04769385e+03   1.43762146e+03
   5.50145166e+03   2.15791626e+03   5.75010376e+02   2.85374713e+00
   9.30673981e+01   3.70750586e+03   7.30982266e+04   5.85606346e+01
   2.11376406e+04   7.24311875e+04   8.97800537e+02   2.19237274e+02
   6.34448547e+02   5.71729919e+02   8.02637656e+04   1.96781140e+03
   2.84259338e+02   1.13472717e+03   3.68026495e+00   1.99769363e+02
   1.84084274e+02   1.81143945e+03   7.04237595e+01   4.22861176e+01
   4.50413945e+04   4.90671005e+01   1.00047998e+04   2.94966553e+02
   3.10347443e+01   6.52601855e+03   9.65498924e+00   2.41153931e+02
   5.73399544e+01   6.49018750e+03   2.26389473e+04   1.09411564e+01
   4.95763206e+01   5.59189514e+02   2.31987012e+04   0.00000000e+00
   3.38694115e+01   5.37290115e+01   3.16073071e+03   1.89325676e+01
   1.10342981e+03   4.30113068e+02   5.82554785e+03   2.58798613e+04
   2.31819717e+02   9.90110645e+03   8.65023984e+04   1.01113535e+04
   1.50366543e+04   8.47175415e+02   2.02272461e+02   4.81069102e+04
   2.41269653e+03   5.88100938e+04   1.54030090e+03   2.37169067e+03
   2.55077246e+03   1.46177832e+04   0.00000000e+00   4.16039124e+01
   2.13453574e+04   2.55204803e+02   8.00803203e+04   2.92486916e+01
   1.53005010e+04   3.97164380e+03   1.07375708e+03   9.52771667e+02
   5.76800312e+04   5.65266162e+03   7.60464847e-01   4.43406944e+01
   1.43982080e+03   8.15850391e+03   1.61334900e+02   5.62885254e+02
   5.92875000e+04   6.18431641e+02   5.02511810e+02   0.00000000e+00
   3.77559399e+03   3.46160195e+04   0.00000000e+00   3.52914429e+02
   2.05131821e+02   9.99588672e+04   8.22169238e+03   1.08407494e+02
   2.12547159e+00   1.29216711e+05   1.95309900e+03   2.53421655e+03
   2.37031975e+01   2.82406719e+04   2.89125763e+02   3.53217070e+04
   7.10453174e+03   7.89917297e+01   0.00000000e+00   5.47864037e+01
   2.33244062e+04   7.22579285e+02   1.60306610e+02   1.49352979e+03
   6.13918037e+01   2.53590649e+03   1.53585706e+03   1.66830490e+02
   1.58093787e+03   9.23384277e+03   5.88034766e+04   5.40863906e+04
   2.29918750e+04   9.77026596e+01   3.13406921e+02   5.01449492e+04
   2.90138086e+03   3.41694603e+01   1.62086633e+03   1.01973106e+02
   1.09352051e+04   1.12896690e+01   2.80776147e+03   5.48192148e+04
   5.40042175e+02   7.18819873e+03   2.08682266e+04   1.68928177e+02
   1.73292511e+02   5.23692871e+03   3.79758328e-01   1.10339336e+05
   9.42193516e+04   2.66445752e+03   9.11860199e+01   3.34513664e+01
   1.16415674e+03   6.36374329e+02   1.95352646e+02   6.90271362e+02
   1.30007832e+04   2.35794556e+03   0.00000000e+00   6.63431719e+04
   5.33313980e+01   3.87559891e+01   7.47911328e+03   6.84256697e+00
   3.55370337e+03   1.81423509e+00   2.03568954e+01   7.59347229e+01
   4.22446299e+00   1.04592883e+03   1.14050713e+04   1.30921543e+04
   1.73482422e+03   7.64599670e+02   4.94993408e+02   7.17230774e+02
   1.59518774e+03   5.15727393e+03   9.85218735e+01   7.18509375e+03
   2.06576660e+03   8.27811523e+03   2.46893311e+02   5.13762390e+02
   2.47267120e+02   4.93456909e+02   9.14815217e-02   8.56754005e-01
   1.21493125e+04   0.00000000e+00   4.52783020e+02   4.10725312e+04
   1.90812012e+04   6.42394180e+01   1.66805488e+04   0.00000000e+00
   1.91220150e+01   9.70350708e+02   0.00000000e+00   5.21318359e+04
   1.50681412e+02   9.71151184e+02   1.64227112e+02   1.27283240e+03
   7.03538672e+04   7.72984668e+03   5.54821582e+03   5.87649841e+02
   4.02019883e+04   4.49095398e+02   6.75678482e+01   9.43164551e+02
   0.00000000e+00   3.65634375e+03   1.48685928e+04   0.00000000e+00
   1.81397156e+03   1.43021045e+04   4.36716650e+03   5.56018633e+04
   1.87569336e+02   1.52063141e+02   6.53812927e+02   3.14472144e+03
   6.87814688e+04   3.93703175e+00   4.58983496e+03   2.92486542e+02
   7.87390234e+04   4.55397129e+00   2.00609665e+01   1.38648407e+02
   1.50326001e+03   3.59079297e+04   1.17859241e+03   5.05565898e+04
   8.86679844e+04   3.10667358e+02   3.07130151e+03   1.28405244e+04
   3.40579498e+02   1.02929850e+01   3.46939922e+04   1.93933813e+03
   2.21134918e+02   1.95038086e+03   1.24891074e+04   1.42606030e+03
   0.00000000e+00   2.00309707e+04   2.79362823e+02   2.84783249e+01
   7.15485889e+03   4.86449170e+03   1.22772009e+03   8.38733984e+04
   2.65811859e+02   2.85871265e+03   8.52003418e+02   3.39199531e+04
   6.80207109e+04   1.16597588e+02   5.32554970e+01   1.91257861e+03
   4.18306885e+02   6.15448120e+02   8.84946875e+04   3.51387812e+04
   1.55728662e+03   4.50591125e+01   2.10294707e+04   2.31454601e+01
   3.62881714e+03   1.07520117e+03   1.35332376e-01   3.67687912e+01
   1.78747637e+04   7.90917656e+04   1.94664108e+02   1.72133164e+04
   3.63807106e+01   5.30321836e+04   1.80577850e+01   4.46511169e+02
   4.88091797e+02   1.06108609e+05   5.45603943e+02   8.88766846e+02
   4.25745010e+01   1.45702347e+02   7.76944727e+03   3.44321411e+03
   1.02383740e+04   1.65694348e+03   2.34891949e+01   4.47938141e+02
   2.90430969e+02   4.68498398e+04   2.90097910e+04   1.48533604e+04
   7.67905625e+04   3.96191577e+03   1.07285118e+01   3.45120392e+01
   4.22570801e+03   7.80043848e+03   1.26511375e+02   2.59325122e+03
   3.25071191e+03   6.25682259e+01   3.21283813e+02   1.36441028e+03
   3.71289246e+02   2.32115869e+03   7.26660156e+03   3.48768701e+03
   1.22191248e+03   1.30618787e+00   1.04242930e+05   1.95155014e+02
   2.90356079e+03   8.30532646e+00   2.16565625e+04   1.81889481e+02
   2.84035034e+03   1.92254834e+03   4.20973663e+01   9.18940163e+00
   3.74112701e+01   6.83436768e+03   2.59150146e+03   4.19093964e+02
   1.32796069e+03   2.47652397e+01   2.94511780e+02   1.65389697e+03
   9.13507422e+03   4.85338828e+04   4.70346436e+02   3.17834914e-01
   2.42729980e+03   1.85899902e+02   2.00668213e+03   8.71729199e+03
   1.25258655e+03   1.25178787e+02   1.83410754e+03   1.19617798e+03
   2.44818481e+03   1.10403882e+03   5.00491523e+04   2.42000562e+03
   3.30983164e+04   2.26529449e+02   3.81178979e+03   3.43055371e+03
   3.96931559e-01   6.68585144e+02   5.75032129e+03   7.03126221e+01
   3.37792847e+02   7.21976776e+01   0.00000000e+00   1.37389001e+03
   1.31345555e-01   0.00000000e+00   7.78729688e+03   0.00000000e+00
   0.00000000e+00   6.06173975e+03   0.00000000e+00   5.59203857e+02
   1.04316760e+03   4.54916473e+02   1.40054609e+04   3.79660065e+02
   7.44952969e+04   9.53139844e+03   1.39069809e+02   8.96729797e+02
   2.14630127e+01   3.44654961e+04   8.81083008e+03   6.46552811e+01
   5.04405327e+01   2.15723515e+01   4.09054108e+02   4.20178662e+03
   1.20489270e+03   4.16127090e+01   5.02805176e+02   0.00000000e+00
   9.43419043e+03   4.00139429e+03   1.65668152e+03   1.29457672e+02
   1.57115829e+02   3.81117676e+02   4.54701641e+04   3.22213483e+00
   1.39488876e+02   2.45198639e+02   1.03134352e+05   3.54596655e+03
   1.31245697e+02   3.68820129e+02   1.30150414e+01   2.56247485e+03
   1.73102325e+02   5.52733727e+01   4.34753326e+02   7.01247021e+03
   9.56595764e+02   2.55963974e+02   2.43208714e+01   5.28930115e+02
   6.31938782e+02   8.99089609e+04   9.06130524e+01   5.77901062e+02
   0.00000000e+00   1.66055254e+04   3.45471387e+03   2.81094775e+03]
[  1.09232239e+02   1.34078340e+04   8.79734573e+01   1.15935913e+03
   4.61615204e+02   2.99314961e+04   1.48413879e+02   9.46503320e+03
   3.31518286e+03   4.37113711e+04   4.90248199e+02   2.46406517e+01
   1.10628870e+03   1.35548701e+04   2.35286646e+03   2.38081406e+02
   2.51630469e+03   7.64706909e+02   4.99642539e+04   4.50451431e+01
   2.79333377e+00   1.58940625e+03   4.52884521e+01   6.69397156e+02
   1.63318311e+04   1.41333786e+02   3.62177222e+03   6.65234833e+01
   4.46876251e+02   1.35236182e+03   4.56918427e+02   4.86634766e+02
   1.32080017e+03   0.00000000e+00   6.81687598e+03   2.89579697e+01
   4.71935547e+02   8.28857031e+04   0.00000000e+00   9.39454785e+03
   9.93413452e+02   2.55625210e+01   0.00000000e+00   5.91399902e+02
   4.42295264e+03   7.89376526e+01   1.56963062e+03   1.08223467e+04
   3.94846649e+01   2.42896156e+01   2.79498138e+02   1.04451614e+02
   1.45820465e+01   3.00559785e+04   3.87212793e+03   6.39927461e+04
   3.03910065e+02   1.13517021e+04   8.68056297e+00   5.06381006e+03
   3.18055078e+03   5.15242554e+02   1.72825305e+03   5.31684692e+02
   5.11870264e+03   2.69199951e+02   2.56668301e+01   2.42262650e+01
   1.42572800e+02   1.29941041e-02   2.32398468e+02   1.57919395e+04
   5.61300703e+04   3.57940102e+01   2.62840977e+04   1.39630251e+01
   4.38768845e+01   1.61915771e+02   4.09069290e+01   9.35895410e+03
   3.85642914e+02   4.96294453e+04   1.45759795e+04   5.57834229e+03
   8.08662188e+04   2.74380493e+02   5.85055420e+03   5.39835205e+03
   6.48614014e+03   4.72885703e+04   5.73157740e+00   2.34534839e+03
   1.00679626e+02   3.90144263e+03   5.54277039e+02   4.56556104e+03
   1.57240254e+04   5.41572285e+00   1.39736064e+04   7.39239563e+02
   1.82408619e+01   1.98529639e+03   1.04244461e+02   1.78538684e+03
   1.81929493e+00   4.37089634e+00   1.40393396e+03   3.03995977e+04
   2.72820735e+00   1.76897695e+04   6.82465515e+01   3.09748574e+04
   1.22130164e+03   1.69376907e+01   2.08027577e+00   1.15773300e+02
   8.35703506e+01   8.10489941e+03   5.20071777e+02   4.58147573e+00
   1.54443169e+00   5.69901904e+03   8.60132715e+03   7.01333237e+01
   2.16517670e+02   5.46886133e+03   2.00961090e+02   3.34667854e+01
   2.06861237e+02   2.86510582e+01   1.57176748e+04   7.83230164e+02
   1.93159695e+01   1.09983618e+03   7.45379272e+02   3.08898340e+03
   7.37533750e+04   0.00000000e+00   1.51331146e+02   3.47443581e+01
   7.19192684e-01   1.44422836e+02   8.29108948e+02   4.17749969e+02
   3.50720459e+02   2.66637329e+03   4.48528564e+03   0.00000000e+00
   1.63797379e+02   6.67002109e+04   4.84612503e+01   1.02791077e+02
   5.83598816e+02   1.28574336e+04   1.09825073e+02   1.03973936e+04
   2.55395770e+00   5.33821960e+02   5.52328072e+01   3.52186572e+03
   6.82092438e+01   2.99002661e+03   2.52285934e+02   4.66841793e+00
   5.32360078e+04   8.41384964e+01   2.10235672e+02   2.86724731e+02
   3.92552295e+03   7.98005957e+03   4.08674431e+00   2.38867235e+00
   3.88547021e+03   1.30824356e+02   4.34006548e+00   5.54547803e+03
   7.00330781e+04   3.52157562e+02   4.74028633e+04   5.25274561e+03
   7.18604199e+03   1.41702051e+04   5.43741846e+00   2.08191821e+03
   4.91746796e+02   3.16811681e+00   7.26382141e+02   2.71457837e+03
   3.16502666e+00   2.42331772e+02   3.25081360e+02   1.01563591e+02
   8.92467224e+02   1.34345957e+04   7.77806641e+02   1.55772861e+04
   1.11591602e+03   2.55455292e+02   2.54188507e+02   2.70290796e+03
   3.37804102e+03   5.54678406e+02   2.37745850e+02   0.00000000e+00
   3.91070776e+03   2.07954865e+02   2.21757275e+03   6.97104980e+02
   7.40190381e+03   7.62285703e+04   6.87796402e+01   4.39579590e+02
   4.07417505e+03   1.68565156e+04   4.26843376e+01   1.37307627e+04
   9.37233438e+04   2.60038422e+02   1.94440369e+02   6.95870654e+03
   6.44116211e+03   4.64052505e+01   2.88330288e+01   2.18857617e+03
   4.39355133e+02   3.56231613e+01   1.28742233e+02   1.37541336e+02
   4.63070923e+02   7.88868790e+01   1.05896053e+01   3.02247715e+01
   8.07230042e+02   6.44756126e+00   5.52483444e+01   5.11353760e+01
   3.46775398e+01   3.27784920e+01   5.71922668e+02   4.23805618e+01
   6.86695933e-01   4.21420908e+00   1.41231628e+03   8.33380469e+03
   3.84190000e+04   4.98854053e+03   1.06764193e+01   1.34719946e+03
   6.09752274e+01   6.97558533e+02   8.51774048e+02   2.21796455e+01
   4.93702686e+03   3.36350922e+02   2.57230878e-01   7.11985855e+01
   1.39656165e+03   6.21253052e+01   7.94229431e+02   3.64247780e+01
   1.86644150e+02   1.10591040e+03   2.00642578e+02   1.93246269e+01
   3.33542969e+04   4.51344055e+02   1.77709824e+04   1.04080835e+03
   5.28983276e+02   1.53179586e+00   3.88984528e+01   1.47683557e+03
   5.37333298e+01   1.14561623e+02   2.01524824e+04   6.97902100e+02
   1.24386743e+03   1.74828979e+03   2.16646558e+03   1.83857214e+03
   4.37003876e+02   6.46966476e+01   8.52704956e+02   9.18423516e+04
   2.38847363e+03   3.47684399e+03   1.20372598e+04   5.93929863e+01
   6.34052391e+01   1.12246064e+04   2.85852173e+02   3.68598328e+02
   6.89206934e+03   6.53091370e+02   5.55645103e+01   7.24957397e+02
   4.18016846e+03   2.21385718e+03   4.51754297e+03   1.32994852e+01
   1.65585601e+00   2.42133347e+02   3.90164551e+03   2.28292961e+01
   1.14306963e+04   8.74697578e+04   8.09930725e+02   2.76715637e+02
   2.68688110e+03   1.45055115e+03   3.77665997e+00   3.03669141e+03
   0.00000000e+00   1.08257202e+03   7.52225403e+02   9.47503223e+03
   1.00503067e+02   5.03765186e+03   1.59514221e+02   4.58853906e+03
   3.56072070e+03   5.99152734e+04   5.17581787e+02   3.55111523e+04
   2.32742519e+01   1.24718542e+03   1.38908850e+03   2.62154022e+02
   5.68993530e+02   7.62748032e+01   3.29470972e+03   1.16578162e+03
   0.00000000e+00   8.49043457e+03   1.05802971e+02   4.20130469e+03
   4.31867409e+01   3.16547388e+03   2.66743835e+02   2.96521523e+04
   1.54275088e+04   1.09441077e+03   1.95735378e+01   8.81493301e+01
   1.67788708e+00   4.55607483e+02   2.11710918e+04   1.33218445e+02
   3.64264990e+03   5.30894141e+03   1.91921521e+03   4.31815547e+04
   5.19111671e+01   1.16337183e+03   7.41618713e+02   1.68296471e+01
   3.35835195e+04   1.44946777e+03   1.43776895e+04   5.97073364e+00
   6.61139609e+04   2.16321548e+02   2.14944082e+04   1.98210632e+02
   7.44971875e+03   3.76737152e+02   4.25326614e+01   2.17151685e+03
   4.20538544e+02   8.59037170e+02   9.22398224e+01   1.13608447e+03
   1.22396851e+01   2.63767236e+03   9.94130554e+01   1.12672055e+05
   1.24355352e+04   4.67275635e+02   7.76468750e+02   1.49974170e+03
   1.81588028e+02   1.67184000e+05   1.94150073e+03   7.48154602e+01
   1.89588547e+02   3.06414233e+03   2.59452728e+02   1.54557514e+00
   1.38448596e+03   6.81286194e+02   7.56282656e+04   5.01377881e+03
   1.77224927e+03   4.47794375e+04   5.38760156e+04   1.54323624e+02
   9.99466705e+01   8.02056934e+03   4.88536523e+03   2.50420483e+03
   3.36224670e+02   5.83206543e+03   4.27819916e+02   1.71153223e+03
   2.82630849e+00   9.70645996e+03   5.11779938e+01   1.79189148e+02
   6.91324768e+02   2.27773364e+03   8.83994202e+02   2.44037378e+03
   3.72780811e+03   6.69581543e+02   7.73427307e+02   7.14552164e-01
   2.28804736e+03   1.41369720e+02   0.00000000e+00   3.89803123e+01
   1.61806763e+02   6.43804053e+03   5.48912305e+03   2.00124407e+00
   4.73569489e+02   9.62784607e+02   2.87257050e+02   1.34328949e+02
   1.02372101e+03   5.47692871e+03   5.08197578e+04   4.70928223e+02
   1.61753203e+04   3.86330414e+01   1.52368210e+02   4.73551140e+01
   1.50589676e+02   9.81252193e+00   4.46742852e+04   6.36007881e+00
   6.15284061e+00   3.23210220e+01   1.46158142e+02   7.19760227e+00
   7.69396544e+00   1.80296211e+04   9.82632996e+02   2.80756989e+02
   1.37802002e+03   1.35049658e+04   8.26161270e+01   3.29801544e+02
   6.28400154e+01   1.54202750e+05   3.08565684e+04   3.19542587e-01
   1.67383618e+03   1.82200059e+04   6.36075928e+03   1.78359062e+04
   1.43983730e+04   1.63667939e+04   3.91752539e+03   7.32669373e+01
   1.64365312e+04   1.56397229e+03   1.70495621e+02   2.17771240e+02
   3.15935815e+03   2.15558529e+01   1.21967744e+04   7.24246387e+03
   1.05994492e+04   4.87796924e+03   2.66474426e+02   7.46812973e+01
   8.06629089e+02   6.41517212e+02   1.85563147e+03   7.14621973e+03
   1.54059680e+03   1.14821930e+02   2.82063340e+04   1.28801880e+01
   0.00000000e+00   0.00000000e+00   3.18863281e+03   4.88070770e+02
   4.54003760e+03   1.80778992e+03   4.22408945e+04   5.73810889e+03
   1.58530723e+04   1.21218311e+03   1.27350449e+02   2.01251877e+02
   9.41482178e+02   3.46055107e+01   1.32792041e+03   4.15626611e+03
   1.06684248e+04   2.52933281e+04   5.48399506e+01   2.36036572e+03
   4.81789941e+03   4.47717773e+04   1.28095612e+02   6.04002495e+01
   2.79646301e+02   8.82456112e+00   2.33592453e+01   1.59245391e+04]
[  1.88517471e+02   0.00000000e+00   0.00000000e+00   9.63283203e+03
   7.85288010e+01   6.66273880e+00   5.69966888e+00   2.14755559e+00
   2.74799576e+01   1.02429428e+02   6.88180256e+00   1.24642525e+02
   3.87548566e+00   2.00964851e+01   4.27138418e-01   0.00000000e+00
   0.00000000e+00   4.98755188e+02   0.00000000e+00   0.00000000e+00
   2.01255295e+02   1.50459365e+04   1.14675371e+04   7.19088135e+01
   1.17310734e+01   0.00000000e+00   0.00000000e+00   6.97758911e+02
   1.71270248e+02   3.81112305e+02   1.02704141e+04   2.09186987e+03
   1.06637305e+03   3.55478745e+01   1.64941680e+00   6.32152588e+02
   1.90727940e+01   1.35503174e+04   1.14537781e+03   1.12724329e+03
   8.16310498e+03   2.14497795e+01   1.91395752e+03   4.50175781e+03
   1.00179749e+01   0.00000000e+00   2.79864819e+03   7.01800871e+00
   4.81403780e+00   6.10842824e-01   5.97243805e+01   2.33813989e+03
   0.00000000e+00   2.61566525e+01   1.28230743e+02   8.17781677e+01
   3.62907227e+03   3.74748535e+01   0.00000000e+00   2.05176788e+02
   3.44009308e+02   3.81439495e+00   5.10943472e-01   5.52860168e+02
   3.40055919e+00   1.52247546e+03   9.92562103e+00   0.00000000e+00
   2.68163086e+02   4.00233716e+03   1.95322113e+02   1.16387501e+01
   1.80584259e+01   1.93116779e+01   4.94913149e+00   3.83592505e+03
   2.04201555e+00   1.14149768e+03   0.00000000e+00   8.06047745e+01
   0.00000000e+00   6.59648361e+01   2.19455383e+02   6.13340454e+02
   1.78381836e+02   1.10536585e+01   1.71476425e+02   3.69672942e+00
   1.60251807e+04   2.97788239e+02   1.23184629e+04   6.17240295e+01
   9.67198047e+03   4.29670898e+02   0.00000000e+00   2.53516983e+02
   5.67391016e+03   1.45091271e+00   1.06826538e+03   9.81918259e+01
   3.79681122e+02   9.99697113e+00   2.76323771e+00   3.64333212e-01
   6.73155640e+02   7.55959106e+02   0.00000000e+00   4.18439301e+02
   7.25029182e+00   1.79284000e+00   2.40818958e+01   1.95553452e+02
   2.16850488e+03   1.05451201e+04   8.88794422e+00   0.00000000e+00
   3.03382874e+02   3.92907867e+02   3.43062329e+00   1.14652367e+02
   0.00000000e+00   7.65125000e+02   2.03998312e-01   8.74351215e+00
   4.09638786e+00   0.00000000e+00   2.81281209e+00   3.26824379e+00
   1.00139137e+02   4.57276245e+02   1.91078857e+02   2.75405029e+02
   0.00000000e+00   2.40679379e+01   8.25852600e+02   4.24998512e+01
   6.69448438e+03   4.95597420e+01   2.13425827e+02   4.95610504e+01
   2.18206519e+03   3.43521729e+01   2.49154415e+01   2.85814600e+03
   1.50063219e+01   1.30942202e+00   8.33292007e+01   2.98664904e+00
   9.19014931e-01   0.00000000e+00   3.81794900e-01   8.55156631e+01
   1.79446583e+01   2.88497162e+01   4.12910461e+02   3.42792310e-02
   2.13781860e+02   1.44042749e+01   2.01032028e+01   2.77212119e+00
   2.29827347e+02   4.58923683e+01   1.39368623e+04   6.14773438e+02
   1.96123767e+03   7.08241602e+03   0.00000000e+00   2.05179688e+03
   5.84357544e+02   2.17174268e+03   1.64435685e+00   4.26711975e+02
   5.21332664e+01   1.20357275e+03   2.57158089e+00   2.26816639e-01
   1.75948067e+01   5.47370100e+00   1.69283966e+02   0.00000000e+00
   1.36467609e+01   1.50462109e+03   0.00000000e+00   6.78412170e+02
   2.39636917e+02   3.47692114e+03   2.89242554e+01   1.65153332e+01
   5.43673291e+03   5.83479462e+01   2.83700218e+01   5.50354290e+00
   2.67583105e+03   1.00221838e+03   2.80398163e+02   2.45098862e+02
   0.00000000e+00   3.01743408e+03   5.41513330e+03   1.02341572e+04
   6.28461361e+00   1.34960918e+04   4.37332582e+00   1.28515425e+01
   2.99467926e+01   1.17392454e+01   4.47983887e+02   2.56132263e+02
   0.00000000e+00   3.64395776e+03   4.56907227e+03   1.94580322e+02
   0.00000000e+00   0.00000000e+00   3.62687683e+02   4.62111182e+03
   2.21436005e+02   3.74867868e+00   6.84625816e+00   6.01772575e+01
   9.25233154e+01   2.35919876e+02   8.84402588e+02   2.58846045e+00
   6.30563721e+03   7.05917432e+03   0.00000000e+00   1.54132128e-01
   6.92346573e-01   3.61803436e+02   1.59852188e+02   9.42216980e+02
   3.01733002e+02   5.66941162e+02   4.08853210e+02   3.44115295e+01
   8.11101913e+01   1.81585986e+03   0.00000000e+00   1.35176501e+03
   0.00000000e+00   1.29078359e+04   1.68416023e+01   1.71704221e+00
   0.00000000e+00   2.77583282e+02   5.48428662e+03   0.00000000e+00
   0.00000000e+00   3.42136192e+01   1.27889111e+04   1.78432503e+01
   8.17052155e+01   2.20314468e+02   8.16331005e+00   2.66187671e+03
   9.11581909e+02   3.95684814e+01   0.00000000e+00   4.94111230e+03
   1.88759033e+02   1.00957474e+02   0.00000000e+00   0.00000000e+00
   0.00000000e+00   0.00000000e+00   3.25511765e+00   2.52256201e+03
   3.94520532e+03   8.67941082e-01   5.77215135e-01   2.97173511e+03
   1.48262799e+00   1.09961777e+04   7.96803418e+03   9.54850616e+01
   2.21313721e+03   8.48800564e+00   7.39609671e+00   7.10377932e-01
   1.00251551e+01   6.76002136e+02   9.08163965e+03   2.74915131e+02
   9.25026000e-01   1.82179230e+02   9.85226807e+02   9.34023590e+01
   0.00000000e+00   4.93285847e+00   1.84832783e+01   1.78925403e+03
   1.18229968e+03   1.64679047e+02   0.00000000e+00   0.00000000e+00
   4.71698647e+01   9.03729706e+01   6.68130112e+00   7.04544449e+00
   1.47375427e+02   3.90935883e+02   5.03846045e+03   0.00000000e+00
   2.34453430e+02   1.23385882e+00   6.53676271e+00   0.00000000e+00
   9.08332715e+03   0.00000000e+00   5.49050488e+03   2.09454327e+01
   1.52371874e+01   0.00000000e+00   9.60163057e-01   7.37768604e+03
   2.66813989e+03   3.70513403e+03   2.61570825e+03   1.72767754e+01
   1.47188098e+03   7.82465029e+00   2.17655087e+00   2.34757660e+02
   1.00310699e+03   0.00000000e+00   1.06474304e+01   1.47185059e+02
   2.25263016e+02   1.97988014e+01   2.68546658e+01   4.00863110e+03
   2.72001991e+01   4.00481323e+02   2.79171600e+02   2.95165845e+03
   1.20955945e+03   5.20579492e+03   2.31385889e+03   4.28530159e+01
   1.12541724e+03   0.00000000e+00   8.36585464e+01   2.98303890e+00
   1.86350769e+03   3.61867857e+00   2.96986816e+03   4.48017197e+01
   3.14625854e+03   4.65398455e+00   6.62964296e+00   0.00000000e+00
   6.18636475e+03   5.83526659e+00   0.00000000e+00   1.37825912e+02
   8.84548730e+03   4.48827490e+03   2.41089526e+03   9.91039991e-01
   2.13592243e+01   0.00000000e+00   3.46052313e+00   1.94382568e+02
   2.12677948e+02   4.63120651e+01   0.00000000e+00   1.31614609e+02
   1.13211700e+02   0.00000000e+00   4.01001984e+02   5.72648975e+03
   2.25057716e+01   3.77991638e+02   1.40677319e+01   5.14875145e+01
   2.19305828e-02   0.00000000e+00   7.39438295e-01   1.31231216e+02
   7.77251511e+01   1.32942227e+04   9.53367233e+00   4.17911133e+03
   8.78711975e+02   7.06326367e+03   1.36987366e+03   1.24814369e+02
   8.46337463e+02   3.21595001e+02   1.72047913e+02   7.11509275e+00
   1.13440981e+01   0.00000000e+00   1.91399475e+02   6.64762020e+00
   0.00000000e+00   3.51573277e+00   3.39676514e+02   2.55173126e+02
   1.66000565e+02   9.75675354e+02   3.66955396e+03   6.63033676e+01
   2.15103470e+02   1.22683630e+01   2.18086105e+02   4.86506891e+00
   5.81576347e+00   7.22418799e+03   1.59140701e+01   1.78532529e+00
   4.33660269e+00   3.11172241e+02   3.91439038e+03   1.48359909e+02
   1.03524395e+04   6.21104279e+01   0.00000000e+00   3.23659211e-01
   1.12131016e+04   1.13493152e+03   1.84257126e+01   5.12740135e-01
   3.58719543e+02   1.16912621e+02   1.02563429e+00   4.96907578e+01
   5.32133043e-01   1.37254041e+03   9.45269958e+02   8.41380405e+00
   2.87323639e+02   2.32844385e+03   8.19590027e+02   1.73362279e+00
   1.08059254e+01   7.29960632e+02   1.06135098e+04   4.62590828e+01
   3.01843548e+01   1.64021492e+00   3.72615242e+00   1.09621933e+02
   1.84754753e+01   2.17592793e+01   9.38519238e+03   8.97222070e+03
   1.04362549e+04   8.36881220e-01   1.15234428e+02   1.07955391e+02
   3.80845166e+03   1.86719644e+00   1.35758508e+03   3.01292725e+02
   2.79617500e+01   1.23755605e+04   1.32800812e+02   2.33425098e+03
   9.38720226e-01   1.24034195e+02   1.23608649e+00   1.47080688e+01
   3.07887964e+03   1.13513671e-01   1.62731201e+02   0.00000000e+00
   1.85679412e+00   2.65628601e+02   2.94233826e+02   1.46383572e+01
   1.64770828e+02   4.80173633e+03   5.30651510e-01   1.58497729e+03
   3.06935852e+02   3.33370758e+02   7.95941650e+03   1.63283691e+02
   6.18423438e+03   1.11197144e+03   8.62224579e+01   2.18098812e+01
   1.07009287e+01   6.62725586e+02   3.62168541e+01   9.05581641e+03
   4.12463303e+01   2.46348724e+01   5.03124905e+00   5.68023242e+03
   1.37984161e+02   3.39736557e+00   1.80059357e+01   0.00000000e+00
   1.10566101e+03   6.81684204e+02   5.46351685e+02   5.98718457e+03
   4.06652069e+01   7.55521545e+01   2.66058569e+03   6.30364209e+03
   4.32008553e+00   2.26824731e+03   4.32033157e+00   3.22068970e+02
   0.00000000e+00   6.94104346e+03   0.00000000e+00   7.24815598e+01]
[  1.83116589e+01   3.56979401e+02   1.04572487e+02   1.40857040e+02
   3.81102448e+02   1.37586853e+03   5.39668007e+01   1.40748199e+02
   1.47202988e+02   8.63168836e-01   1.34910205e+03   3.25649854e+03
   7.14674512e+03   9.07011261e+01   4.11012061e+03   7.86927261e+01
   0.00000000e+00   1.45432434e+02   2.24221875e+03   4.86383820e+02
   1.05446602e+02   2.02011509e+01   4.43948828e+03   7.21967697e+01
   2.15292099e+02   1.90964050e+01   7.73691320e+00   1.78262310e+01
   1.48221265e+03   2.15892162e+01   1.94393814e+00   2.01652679e+01
   4.19880273e+03   2.38403778e+01   3.48269486e+00   4.25173047e+03
   2.42555176e+03   4.60722427e+01   1.31802365e-01   9.35102722e+02
   8.19995117e+03   4.75028259e+02   7.67804921e-01   2.67437053e+00
   1.25093353e+00   9.46933594e+02   4.82938672e+03   1.87777939e+01
   2.58052807e+01   3.50604744e+01   2.42646942e+01   1.29325199e+01
   3.03776294e+03   3.56060791e+02   9.07783081e+02   4.77653418e+03
   1.91536212e+00   1.32215147e+01   2.67004810e+03   4.76304736e+03
   1.91430908e+03   2.55662201e+02   8.91780566e+03   6.85548782e-01
   3.72396660e+00   4.27187408e+02   2.83044250e+02   1.46209869e+02
   1.06977615e+01   3.17255469e+03   3.61167188e+03   1.50624298e+02
   3.46406128e+02   3.12724762e+01   9.65301666e+01   5.39836365e+02
   6.68329697e+01   8.84585571e+02   4.42540625e+03   1.62922585e+00
   2.51183395e+01   2.93139324e+01   2.46741895e+03   1.11913891e+01
   6.04564819e+02   2.86970874e+03   1.94638428e+02   1.37491074e+02
   5.96013672e+03   9.08000793e+02   1.82036926e+02   5.00307312e+01
   0.00000000e+00   2.56568774e+03   3.03164673e+00   7.79420757e+00
   3.00340668e+02   1.53552563e+03   5.03786802e+00   6.13139992e+01
   8.64699402e+01   8.83091450e-01   7.04907608e+01   2.97078838e+01
   3.40632031e+03   0.00000000e+00   1.33222870e+02   6.47443945e+03
   4.52393018e+03   1.96106003e+02   7.64547302e+02   7.09336185e+00
   2.14504102e+03   2.06170679e+03   2.99418488e+02   2.48713923e+00
   1.41416122e+02   4.28908691e+01   1.99897131e+03   6.68532486e+01
   7.96950531e+01   2.93597144e+03   0.00000000e+00   1.37622194e+01
   3.03030090e+01   4.47601624e+02   3.16769352e+01   4.22741669e+02
   3.24211597e+03   0.00000000e+00   9.28132935e+01   2.24655200e+03
   1.86882947e+03   3.83349800e+01   4.66035938e+03   1.41980762e+01
   6.76068723e-01   4.02001534e+01   2.93346748e+01   0.00000000e+00
   1.83817712e+03   0.00000000e+00   5.34681335e+02   3.89848862e+01
   2.32104874e+02   5.25537157e+00   4.37951863e-01   2.83811164e+00
   9.35119152e-01   5.96929810e+02   0.00000000e+00   2.10442822e+03
   2.76124695e+02   4.08495532e+03   2.24229691e+02   2.73612579e+02
   1.02637061e+03   1.31563568e+00   1.81048010e+03   3.01922913e+02
   1.28374426e+03   1.00430243e+03   3.13850927e+00   1.30051538e+03
   4.51319580e+03   2.11316849e+02   1.30403488e+02   6.38650084e+00
   2.02315445e+01   1.04433289e+03   1.71265869e+02   0.00000000e+00
   1.66667221e+02   0.00000000e+00   3.11342239e+00   1.90400660e+00
   1.26072431e+00   5.33722266e+03   1.50215747e+03   6.96909475e+00
   1.00824181e+02   3.94470863e+01   1.86551321e+00   8.38100510e+01
   2.30549805e+03   2.94526994e-01   5.34763107e+01   4.33074617e+00
   8.35117623e-02   1.21192274e+01   5.76378059e+00   3.52860107e+01
   8.54748249e+00   2.60595398e+02   7.94835022e+02   1.41029419e+03
   7.84724808e+01   3.36404877e+01   3.66991882e+01   8.81229401e+00
   1.53396440e+00   9.29277496e+01   1.00805044e+00   1.96898384e+01
   3.77780457e+01   5.15200729e+01   4.09572487e+01   1.01451469e+02
   2.53770714e+01   3.96470490e+02   6.02184277e+03   1.57939911e+02
   4.42120218e+00   0.00000000e+00   6.27567291e+01   9.76634216e+01
   1.30500660e+01   4.85656830e+02   1.78148651e+02   4.00875320e+01
   2.02082718e+02   5.92777466e+02   5.77670555e+01   1.95354565e+03
   2.58432236e+01   1.03598146e+01   3.14143164e+03   8.24621460e+02
   5.51503955e+03   5.34848047e+03   4.03361157e+03   1.09393715e+02
   0.00000000e+00   7.57994614e+01   2.38175629e+02   2.45155103e+03
   2.26977490e+03   1.18220634e+01   3.38270312e+03   7.13888062e+02
   2.53284764e+00   1.63921680e+01   5.05805695e+02   0.00000000e+00
   4.25809479e+02   7.63048889e+02   2.19841461e+02   0.00000000e+00
   3.87626526e+02   7.75143814e+00   0.00000000e+00   4.61370728e+02
   3.35316284e+03   0.00000000e+00   4.28662205e+00   3.29605591e+03
   1.61854172e+00   9.75849838e+01   1.13953949e+02   1.27583763e+02
   4.18555713e+03   0.00000000e+00   6.62288184e+03   8.63736801e+01
   1.85071111e+00   2.30167236e+02   4.08774231e+02   1.07686353e+03
   1.84638157e+01   5.58240540e+02   9.65817261e+01   4.30104614e+02
   0.00000000e+00   0.00000000e+00   3.29323883e+01   9.59023972e+01
   1.93196678e+01   1.14468117e+02   4.34912537e+02   1.52591150e+03
   9.55844212e+00   1.49991789e+01   2.90420947e+03   7.32571640e+01
   6.42624050e-02   1.34265210e+03   2.33168320e+02   4.46305513e-01
   4.54012793e+03   8.53244247e+01   8.90723419e+00   1.77091408e+00
   8.24946838e+02   2.93877167e+02   6.94943799e+03   1.01796173e+02
   4.60171753e+02   2.09316238e+02   2.83314190e+01   1.77368118e+02
   5.66708350e+03   1.02908423e+03   6.05913639e+00   3.90727520e+00
   2.48401636e+03   1.53743591e+03   5.02916943e+03   3.39385834e+02
   4.69434112e-02   4.04833344e+02   6.40377197e+02   3.03584076e+02
   1.88431799e+00   3.79599609e+01   6.50962143e+01   5.56819885e+02
   6.89717041e+02   7.02527847e+01   1.60357910e+02   0.00000000e+00
   1.25407493e+00   4.09283105e+03   4.48656273e+01   3.64794897e+03
   6.77873840e+01   1.54239471e+02   2.54988937e+02   1.05518830e+00
   2.84440575e+01   1.40391553e+03   4.27174062e-01   8.93344593e+00
   3.43344498e+01   4.02243500e+02   1.39120166e+03   3.74267721e+00
   2.94268994e+03   3.80117760e+01   1.74509570e+03   3.46254395e+03
   3.41953223e+03   1.65030261e+03   2.28793549e+02   1.42401874e+00
   1.11878265e+02   1.85951385e+02   1.11192566e+03   4.06916618e+01
   4.57352600e+01   3.41808960e+03   1.67425232e+01   0.00000000e+00
   4.41498535e+03   1.02660408e+01   2.45094263e+03   7.85309696e+00
   3.40168213e+03   7.83731384e+02   1.43322220e+01   1.93460083e+01
   2.72128544e+01   3.17732978e+00   1.80566406e+02   3.06562561e+02
   2.05123682e+03   1.63312876e+00   1.62252655e+02   5.74267273e+01
   5.71660080e+01   1.04458082e+00   9.83097070e+03   5.82594514e-01
   2.73627380e+02   9.49776611e+02   0.00000000e+00   2.83686066e+02
   1.78254114e+03   9.09082324e+03   1.67486084e+02   1.20229834e+03
   4.74965179e+02   2.95824909e+01   8.53730087e+01   1.79081383e+01
   1.76637070e+02   8.50019455e+00   5.66532822e+01   4.07042618e+01
   1.42686133e+03   6.44352417e+01   8.19502246e+03   4.84554939e+01
   1.38616089e+03   4.52228203e+01   0.00000000e+00   2.26767776e+02
   1.58801756e+01   8.35908585e+01   6.11331299e+02   2.69769470e+02
   1.83704553e+03   5.58784370e+01   4.62323380e+01   3.90842969e+03
   2.35667749e+03   2.46527634e+02   3.96370728e+02   0.00000000e+00
   4.74764023e+01   5.79793750e+03   1.00105888e+02   2.56206030e+03
   6.33860092e+01   1.11898255e+00   2.60801125e+01   0.00000000e+00
   1.85054230e+02   4.81392627e+03   1.69674976e+03   5.22012207e+03
   7.19454956e+01   1.86642105e+02   1.00740082e+02   7.43479908e-01
   3.34571342e+01   6.38381338e+00   1.80309113e+02   4.25664160e+03
   9.13912537e+02   1.01663824e+03   8.77665039e+03   1.41112537e+01
   1.08697807e+02   1.53501514e+03   4.00755692e+01   1.73236618e+02
   1.62608887e+03   4.67644997e+01   2.49733536e+02   9.16466736e+02
   4.29748573e+01   0.00000000e+00   2.60335770e+01   9.19439850e+01
   1.47582306e+02   7.36775284e+01   1.29836731e+02   2.04237747e+00
   1.12831144e+01   6.76371002e+00   7.95711517e-01   8.24942627e+02
   6.97075244e+03   1.33627087e+03   1.36459932e+01   5.57318604e+02
   1.01606309e+04   2.55991440e+02   1.53629346e+03   1.00731730e+00
   3.43134125e+02   9.74953995e+01   8.09475784e+01   5.94535172e-01
   5.40595886e+02   1.42336536e+03   6.01866646e+01   6.44053711e+03
   4.63769922e+03   3.19908661e+02   0.00000000e+00   2.70024662e+01
   2.38541126e+01   1.18328027e+03   7.41398087e+01   1.39845337e+02
   2.23838226e+02   1.60424685e+00   3.09720635e+00   1.22852397e+00
   1.68907974e+02   2.00179419e+03   1.40631134e+02   8.15274841e+02
   5.18922653e+01   1.52098835e+00   1.04736900e+01   1.00633984e+04
   2.45067425e+01   3.81613655e+01   9.64989746e+02   3.99847290e+03
   0.00000000e+00   0.00000000e+00   4.22491943e+02   4.36713448e+01
   7.23837662e+01   1.19853040e+03   1.31619385e+02   3.42505737e+03
   8.93374939e+02   9.68239746e+01   5.10683777e+02   4.08637061e+03
   5.78887672e+01   0.00000000e+00   1.74799393e+02   5.92895166e+03
   2.65489082e+01   1.67606903e+02   1.10182640e+02   7.17533447e+03]
[  3.03875458e+02   1.10104141e+01   2.86801839e+00   6.36385155e+00
   5.62357407e+01   1.16172717e+03   4.51077271e+01   6.49476624e+01
   9.25249636e-01   7.39440186e+02   2.14885211e+00   1.74376984e+02
   4.06203888e+02   5.98609314e+02   7.16380310e+02   0.00000000e+00
   1.81528988e+01   2.83762360e+02   4.85340729e+01   9.57105339e-01
   2.25224056e+01   1.36711252e+00   4.83011208e+01   3.84280487e+02
   4.82136428e-01   4.20809555e+00   2.00489044e+00   5.12602234e+00
   8.64458275e+00   9.43797150e+01   2.81468735e+01   1.00306726e+00
   1.18115669e+02   4.89827394e+00   3.03549585e+03   5.58527771e+02
   1.87974091e+01   1.56524231e+02   4.78585014e+01   5.69984703e+01
   5.05647993e+00   5.49279785e+01   1.22464401e+02   3.63909798e+01
   8.59645247e-01   5.79723816e+01   1.29278885e+02   0.00000000e+00
   2.86118393e+01   4.92842598e+01   2.10722485e+03   0.00000000e+00
   1.21653042e+01   4.75009117e+01   0.00000000e+00   3.00811371e+02
   1.29398489e+00   4.23248243e+00   2.93065033e+02   3.21732666e+02
   9.99821091e+00   6.60261765e+01   1.89424932e+00   7.30510864e+01
   2.09370003e+01   1.05178967e+01   7.23548050e+01   5.61819077e+00
   6.52299738e+00   2.07420864e+01   2.26235962e+01   1.82238147e+03
   1.61950188e+01   1.24681152e+04   1.92716895e+03   1.53816767e+01
   2.23039780e+01   5.49856234e+00   4.72734642e+01   5.44639301e+00
   5.65974236e+01   5.87096443e+01   6.62939119e+00   4.37934036e+01
   5.32434158e+01   7.12366462e-01   5.15723694e+02   5.53982639e+00
   1.74081284e+02   1.03743296e+01   9.59425049e+01   3.23581657e+01
   5.09656525e+00   5.26939880e+02   2.82963135e+02   6.91439743e+01
   7.79988956e+00   9.46027908e+01   3.06234913e+01   5.33366432e+01
   0.00000000e+00   4.70160789e+01   7.49743423e+01   6.02718496e+00
   3.47962074e+01   6.10099554e+00   1.76803982e+00   6.28831055e+02
   8.13751221e+00   0.00000000e+00   2.46779663e+03   6.01677275e+00
   7.53576994e+00   1.35096298e+02   0.00000000e+00   6.95463344e-02
   3.31995773e+00   1.56670475e+01   2.02731812e+03   2.20236945e+00
   2.68704254e+02   5.89589834e+00   6.01396561e+00   9.27777767e+00
   4.88381505e-01   1.42997051e+04   8.08139026e-01   8.74150467e+00
   8.52970520e+02   3.39316330e+01   1.95963974e+01   1.96755676e+02
   1.86042576e+01   1.12891216e+01   5.30836963e+03   6.64064360e+00
   3.07355970e-01   4.43523455e+00   1.08072620e+03   7.66896725e+00
   9.51412392e+00   3.92227753e+02   5.49666405e+00   9.60782043e+02
   3.61503563e+01   1.25785378e+02   3.89538693e+00   1.93647049e+02
   1.83723303e+03   9.79780102e+00   1.03394556e+01   8.65940628e+01
   6.99953461e+00   1.38223648e+01   5.80696289e+02   8.35860748e+01
   3.49984627e+01   0.00000000e+00   2.80500576e-02   9.58815002e+02
   6.68962549e+03   1.44759900e+03   1.55357771e+01   2.72448421e-01
   1.03537277e+02   1.34386587e+01   3.73593521e+01   2.40345535e+01
   7.14418983e+00   2.73001633e+01   5.07655373e+01   6.20449722e-01
   4.46527719e+00   2.34034195e+02   3.36360321e+01   2.30532959e+02
   6.05979919e+00   1.11444998e+01   6.50989227e+01   1.98056238e+03
   1.75555432e+03   6.33396530e+01   9.95296860e+01   2.59381165e+02
   3.59113617e+01   5.93699455e+01   2.37297993e-02   1.58772051e-01
   1.38639326e+01   6.20837440e+01   2.11290951e+01   1.69743598e+00
   6.16358594e+03   2.60744762e+01   2.20886040e+00   1.09021997e+01
   3.63571014e+01   4.06049347e+01   5.77451744e+01   5.36234558e+02
   9.74829712e+01   2.50377804e-01   6.55770569e+02   1.63122139e+01
   6.33937645e+01   1.76421297e+00   7.13046936e+02   5.67576408e+00
   1.74116154e+01   2.05693542e+02   1.05762032e+02   6.75536811e-01
   3.32080383e+02   6.11526680e+01   8.08041077e+01   3.66903595e+02
   0.00000000e+00   1.35399979e+02   5.95793066e+03   7.34021606e+01
   0.00000000e+00   6.08820724e+00   2.77351284e+00   2.70312614e+01
   7.09041519e+01   2.08067822e+03   1.54832977e+02   1.52132769e+01
   3.34485203e-01   3.72373161e+01   2.41421165e+01   7.23189636e+02
   1.30168750e+03   2.20849976e+03   0.00000000e+00   0.00000000e+00
   1.15047012e+02   1.38901855e+03   4.97812207e+03   1.05791426e+01
   1.61915004e+00   5.76966133e+01   8.32981567e+01   0.00000000e+00
   3.09023743e+01   0.00000000e+00   5.65555054e+02   1.00980365e+00
   7.81752167e+01   2.99700718e+01   5.01116180e+02   5.22543144e+00
   1.49032812e+01   6.56127991e+02   1.98215308e+03   4.07611084e+00
   5.81139717e+01   5.28808441e+01   2.81457422e+03   9.63278046e+01
   2.23787003e+01   4.95566988e+00   9.26590881e+02   8.00007553e+01
   2.53793831e+01   0.00000000e+00   1.80168514e+01   2.61067371e+01
   1.45925236e+00   4.56749115e+01   3.02519971e+03   4.78134995e+01
   3.99881477e+01   5.39368248e+01   4.01627655e+01   4.65301437e+01
   3.46764618e+02   1.11108418e+01   8.23161411e+00   9.38424706e-01
   4.09162903e+02   3.41550354e+02   1.98709774e+01   3.30700714e+02
   1.37869473e+01   1.14328969e+00   1.84623089e+01   1.68910179e+01
   6.00489464e+01   1.40235855e+02   7.68551086e+02   1.21124144e+01
   1.09977427e+01   3.99280548e+01   4.77673721e+01   5.45627075e+02
   1.57279758e+01   5.99820740e+02   1.04657242e+02   7.17962109e+03
   2.23670979e+01   2.40814495e+01   2.93829736e+03   4.65738007e+02
   4.53306999e+01   2.98102448e+02   3.95769577e+01   4.03704407e+02
   4.50740585e+01   1.01587158e+02   1.36879313e+00   5.88390207e+00
   5.76652241e+00   1.34315216e+02   3.37927271e+03   6.81979904e+01
   2.19469800e+03   4.87540960e-01   1.80589331e+03   1.12427483e+02
   4.37634125e+01   9.28819084e+00   7.41021729e+01   3.01319824e+02
   2.93735199e+02   4.16855125e+01   1.27339048e+01   1.27483673e+02
   6.13863707e+00   1.82439289e+01   0.00000000e+00   1.12090311e+01
   0.00000000e+00   3.08959930e+02   1.04013319e+01   7.45908386e+02
   2.83225751e+00   4.04482307e+01   8.38868103e+01   6.98125305e+02
   7.80887985e+01   0.00000000e+00   1.05773430e+02   1.13772354e+01
   0.00000000e+00   3.71661671e-02   8.69993286e+01   1.67425480e+01
   2.09525442e+00   5.86464596e+00   4.26571075e+02   5.90671616e+01
   0.00000000e+00   2.18031769e+02   1.20392628e+01   6.39091602e+03
   1.39028168e+02   4.10543175e+01   2.51983891e+01   8.57497787e+00
   1.64251482e+00   3.92017090e+02   4.04695496e+02   1.22504227e+02
   1.66677661e+03   1.00439620e+00   8.74751816e+01   4.33970375e+01
   5.12348595e+01   1.06405344e+01   7.77309164e-02   1.42564355e+03
   1.47317905e+01   0.00000000e+00   1.20938377e+01   1.20104799e+01
   5.84660339e+02   5.42871594e-01   3.67335968e+01   1.45291853e+00
   4.29777527e+01   1.72350366e+03   2.40995337e+03   0.00000000e+00
   1.48701416e+03   7.25093231e+01   1.63243809e+01   1.86119759e+00
   1.32128811e+01   0.00000000e+00   3.53334912e+03   8.22762527e+01
   3.27269928e+02   7.06537323e+01   3.91032898e+02   1.79388626e+02
   7.25809265e+02   4.74483948e+01   2.29798775e+01   1.35630200e+03
   7.04953003e+02   5.07237387e+00   5.70648813e+00   3.81884599e+00
   1.92465271e+02   2.58688110e+03   2.51919403e+01   4.02798080e+01
   1.24166237e+02   6.81728668e+01   1.50858594e+03   2.45412643e+02
   1.24176092e+01   6.82789612e+02   4.92249634e+02   0.00000000e+00
   9.58519440e+01   2.49938087e+01   2.46917816e+02   1.32305851e+01
   7.04196411e+02   2.79766941e+00   1.78807678e+02   1.49077451e+00
   1.20289940e+02   7.18488403e+02   4.48671234e+02   7.57297134e+00
   1.03730576e+04   9.74565887e+01   5.63113022e+01   5.08690376e+01
   7.56988373e+01   5.67458923e+02   1.13619644e+02   1.28465601e+03
   1.10555566e+03   7.93767242e+01   2.28045769e+01   4.01718369e+01
   4.22576189e+00   1.55213733e+03   2.98842106e+01   7.56459427e+01
   3.59505768e+01   3.28810425e+01   2.47979939e-01   7.40703583e+01
   3.68774462e+00   1.66397631e+00   1.31003685e+01   1.04411869e+01
   2.32912347e-01   1.49007324e+02   4.38481598e+01   4.59006494e+03
   4.30054550e+01   1.47140186e+03   1.77445389e+02   2.06449318e+01
   5.97422867e+01   1.18836743e+03   3.73631787e+00   2.12646294e+00
   4.86628601e+02   2.43576698e+01   2.73445239e+03   1.85301819e+01
   8.56949902e+00   1.22792063e+01   1.71817875e+01   3.03432941e+01
   9.92363464e+02   4.32378021e+02   4.14205055e+01   2.80427466e+03
   1.32191920e+00   7.47956800e+00   6.83769083e+00   0.00000000e+00
   7.93012161e+01   8.81756783e+00   8.92392090e+02   0.00000000e+00
   7.18865204e+01   2.88925190e+01   2.83238602e+01   1.48963794e+03
   0.00000000e+00   1.09667219e-02   3.22949142e+01   8.44130478e+01
   3.31758766e+01   3.83309540e+02   3.56440857e+02   2.55120712e+02
   3.56050659e+02   5.66282959e+02   2.36092529e+01   1.65479698e+01
   1.33077246e+03   1.44814482e+01   4.32941723e+00   3.48269482e+03
   3.72142143e+01   1.52960831e+02   8.72724819e+00   5.29247864e+02
   3.99322559e+03   2.27018042e+03   5.37033752e+02   2.80306131e-01]
