bicycle
bus
car
motorbike
person
[  6.06176400e+06   2.27410750e+06   8.49043040e+07   6.08339550e+06
   9.14346640e+07   3.32226775e+06   3.16602500e+07   1.03315140e+07
   2.44195960e+07   3.68160850e+06   1.46688060e+07   5.51883520e+07
   2.93034240e+07   2.29548120e+07   5.76631100e+06   4.14943775e+06
   5.97612100e+06   5.21326150e+06   9.08293120e+07   2.61265200e+07
   2.32086025e+06   5.59954500e+06   1.31373490e+07   6.07289240e+07
   4.00185200e+06   5.26807150e+06   3.63832400e+06   3.65926325e+06
   9.32309800e+06   3.36875680e+07   5.80758200e+07   8.36334150e+06
   1.03198776e+08   3.97634475e+06   9.54349600e+06   2.07470975e+06
   3.88105280e+07   9.20578800e+06   4.33230950e+06   3.63028875e+06
   3.86784675e+06   6.33060600e+06   1.27915280e+07   1.11704112e+08
   5.25663000e+06   5.82251080e+07   5.19773100e+06   6.90099350e+06
   4.47746300e+06   9.33476720e+07   9.80765700e+06   2.59322060e+07
   3.55974400e+07   3.12307100e+07   2.58206020e+07   3.03818240e+07
   5.31883360e+07   1.55204160e+07   1.41073120e+07   5.80323700e+06
   1.78285288e+06   3.56017425e+06   3.09819640e+07   1.27341125e+06]
[  2.14670880e+07   2.40676000e+07   3.47661200e+07   3.63736125e+05
   1.33692160e+07   4.39274950e+06   6.76349700e+06   5.83484375e+03
   3.57182150e+06   3.38698950e+06   5.55690160e+07   5.93342040e+07
   8.10413438e+04   4.31108500e+06   5.27652000e+07   3.12943820e+07
   2.04065950e+06   4.46055520e+07   8.07972400e+06   2.84908760e+07
   4.75602000e+05   5.81263960e+07   1.92220750e+06   6.70015600e+07
   1.17006875e+06   8.32133920e+07   2.06186362e+06   3.41954700e+06
   2.85281960e+07   3.56736016e+04   9.27505400e+06   5.81432891e+04
   3.55084350e+06   1.21998680e+07   3.17892275e+06   1.27450740e+07
   5.98091000e+05   3.35700025e+06   7.25750950e+06   5.69088450e+06
   5.28251500e+06   1.48725310e+07   7.54213188e+05   1.93133400e+07
   3.23206180e+07   7.11735550e+06   5.24676500e+05   2.17942880e+07
   2.53321560e+07   7.03665300e+06   7.00305680e+07   6.44192200e+06
   5.79448440e+07   1.12229700e+07   1.28760350e+06   8.01348600e+06
   3.40806840e+07   6.31388000e+07   1.12098070e+07   2.33623820e+07
   1.24716090e+07   1.90755508e+04   3.40230880e+07   5.79019720e+07]
[  1.11277200e+06   1.17655370e+07   2.85932871e+04   1.25776227e+05
   2.73967539e+04   8.29119297e+04   1.07328750e+05   1.10204730e+07
   7.98362734e+04   4.01578550e+06   1.75046812e+06   2.12857100e+06
   7.83128375e+05   5.97971375e+05   3.61641758e+04   9.96395703e+04
   1.80455625e+06   5.57721812e+05   6.16105500e+05   1.19078420e+07
   2.98760625e+06   2.28015996e+04   7.98684850e+06   1.39712260e+07
   8.64223800e+06   2.71078444e+00   3.45603312e+05   9.59103500e+06
   2.90143438e+05   2.40219425e+06   3.05194688e+04   2.40345300e+07
   3.01262844e+05   1.90902800e+06   8.86342500e+05   2.40892725e+06
   1.64259484e+05   2.54795180e+07   7.66120600e+06   7.67050146e+03
   2.72750425e+06   8.90864200e+06   1.48305088e+06   1.30169560e+07
   2.98816225e+06   3.97625688e+05   4.91049450e+06   9.60533984e+04
   1.50257300e+06   2.74441250e+05   1.07111312e+06   1.18926203e+05
   2.90585375e+06   3.78951875e+05   2.22979700e+07   1.11156140e+07
   5.23506300e+06   2.98499102e+04   1.32589156e+05   5.92503312e+05
   6.69499200e+06   1.57750310e+07   7.93596100e+06   9.39578375e+05
   1.94634640e+07   4.60637450e+06   1.19404170e+07   1.97013700e+06
   4.98593594e+05   6.78468938e+05   7.14667100e+06   1.47380110e+07
   2.45095125e+06   2.47883672e+05   1.39117622e+01   3.33957600e+06
   3.32064883e+04   5.46524450e+06   1.07201630e+07   1.22870664e+05
   3.88804141e+04   1.43623560e+07   6.90723600e+06   1.61602139e+04
   9.09553312e+05   1.55999620e+07   9.75435900e+06   8.16704980e+03
   1.55520438e+06   3.79420125e+05   7.12165900e+06   8.92465800e+06
   2.22639750e+05   9.65661600e+06   5.43479688e+05   1.29608810e+07
   1.38697783e+04   6.64025300e+06   3.85658875e+06   6.04141812e+05
   1.12624262e+06   2.63344925e+06   1.27572703e+05   5.10017062e+05
   9.78407910e+03   2.15601938e+05   1.10220914e+05   2.87038906e+05
   8.03037550e+06   1.17763734e+05   1.38962047e+05   7.49617300e+06
   4.52107156e+05   1.81610360e+07   2.81688900e+06   2.13513050e+06
   4.16540350e+06   4.02638469e+05   1.69237775e+06   3.89927688e+05
   7.12192150e+06   9.55487600e+06   2.77664023e+04   1.53453110e+07
   7.62513500e+05   7.32152812e+04   2.55826400e+07   9.48531641e+03]
[  5.93721250e+06   5.29018800e+06   6.04195250e+05   0.00000000e+00
   2.27166289e+04   2.93601525e+06   6.46833875e+05   1.58386612e+06
   1.89507900e+07   4.30226200e+06   1.80715680e+07   1.48825310e+07
   5.80447600e+06   5.39574000e+05   1.36339951e+04   1.05312988e+06
   2.91189800e+06   2.11928025e+06   5.65938650e+06   3.75632500e+04
   7.19293600e+06   1.48824350e+06   5.93581500e+06   8.46391484e+04
   1.66252538e+06   2.60466203e+05   5.13204375e+05   3.62530550e+06
   1.64584844e+05   3.31474575e+06   1.38965766e+05   1.58648850e+07
   6.56863750e+06   2.04079453e+05   3.51758525e+06   3.17541400e+06
   7.03882550e+06   1.76553040e+07   3.51889781e+05   1.27803883e+05
   5.19054650e+06   8.86300312e+04   5.27441328e+04   1.30364138e+06
   2.31466200e+06   1.05995800e+07   1.46904030e+07   3.47859750e+06
   1.88475125e+06   1.08005010e+07   7.22350650e+06   4.50919150e+06
   1.41887770e+07   4.00086469e+05   1.41079422e+05   2.93712344e+05
   2.00035475e+06   8.08703375e+05   2.80773712e+02   7.36187650e+06
   1.67521488e+06   1.58921270e+07   4.56216850e+06   1.28062662e+06
   8.70801875e+05   1.30913250e+07   6.96786812e+05   2.19672675e+06
   5.31937300e+06   1.76997260e+07   5.95362000e+06   1.92717880e+07
   3.73249025e+06   1.59691190e+07   1.94921540e+07   5.99716113e+03
   2.62787950e+06   5.33982750e+06   1.64420060e+07   7.51921000e+06
   6.43560000e+06   6.16108984e+04   6.37473450e+06   4.76683700e+06
   2.55731484e+04   1.05952130e+07   1.01916375e+06   8.26017300e+06
   5.85828477e+04   2.17883350e+06   1.06137414e+05   1.40633640e+07
   3.56314906e+05   1.02467110e+07   3.76119875e+06   2.67674000e+06
   1.22177288e+06   9.90018700e+06   5.25447938e+05   1.68490380e+07
   1.98287469e+05   6.25958250e+05   2.14313640e+07   5.58999854e+03
   3.41111750e+05   1.78369500e+07   5.09856250e+06   1.43724360e+07
   5.64610900e+06   1.67128280e+07   1.10478027e+04   2.37679950e+06
   8.41081438e+05   2.74759740e+07   9.53224000e+06   5.26776750e+05
   5.74930312e+05   2.33614875e+06   5.65920352e+04   6.15714219e+04
   2.04671460e+07   9.94060250e+05   3.26639023e+04   1.10978310e+07
   1.78763175e+06   4.73912750e+06   2.31614420e+07   1.42526720e+07]
[  0.00000000e+00   1.38552822e+04   1.92238488e+06   1.23710723e+04
   4.29114456e+01   1.57774246e+02   3.47809741e+03   1.55583000e+01
   1.94949000e+06   4.03563633e+04   6.80373413e+02   1.32620723e+04
   9.28298416e+01   1.03493641e+05   1.29003016e+05   2.68773267e+03
   1.95613848e+04   1.65099962e+06   5.28914844e+03   2.41562734e+04
   2.94885040e+02   7.99990137e+03   1.49012738e+06   6.59738477e+03
   3.44163516e+04   1.60261426e+03   2.34470950e+06   0.00000000e+00
   9.18809180e+03   2.80619165e+03   4.55842499e+02   1.75231903e+02
   1.09775230e+02   4.72025094e+05   5.47967578e+04   2.25915325e+06
   2.09688300e+06   3.86215234e+03   3.11769849e+03   1.56616223e+03
   1.13790615e+04   8.09409912e+02   4.57945361e+03   9.69048250e+05
   1.42355146e+04   4.01900049e+03   1.02217186e+02   3.26464386e+02
   2.40190797e+05   1.70108906e+04   1.06319561e+04   4.06113831e+02
   2.43177600e+06   1.25442525e+06   8.22575607e+01   5.34120703e+04
   9.89663625e+05   2.04063962e+06   3.22591479e+03   0.00000000e+00
   3.21239688e+04   2.57849883e+04   8.74555562e+05   8.01568750e+04
   4.41002703e+00   1.82751309e+04   4.35645654e+03   2.58887256e+03
   7.51831055e+03   1.69618328e+05   2.02510612e+06   2.73940700e+06
   0.00000000e+00   2.70980254e+04   4.77174011e+02   7.41683777e+02
   1.99142871e+04   2.84008812e+05   1.56886000e+05   3.60492305e+04
   1.43949453e+05   7.52115918e+03   1.35092500e+04   3.39141162e+03
   3.81595625e+06   3.19537575e+06   2.00794438e+05   2.26176625e+06
   3.01615957e+04   1.28327002e+03   3.35523828e+03   5.96205859e+04
   2.06940406e+05   1.25998945e+04   0.00000000e+00   4.05365210e+03
   1.01178320e+04   1.15113025e+06   7.38566016e+03   4.17279844e+04
   2.90965508e+04   2.60240771e+03   1.45921838e+06   4.63194883e+04
   1.16724243e+03   1.06729746e+04   3.74494653e+03   5.45681348e+03
   1.17199104e+02   1.18295742e+05   7.89453750e+05   1.58731094e+04
   8.85840321e+00   3.76553125e+04   3.16382441e+04   9.06995410e+03
   1.53229599e+01   1.35633057e+03   3.91647778e+03   3.73805350e+06
   2.15009961e+04   1.67642685e+02   1.50465234e+04   2.74793457e+03
   2.34743213e+03   2.41125725e+06   4.35379578e+02   0.00000000e+00
   3.56738375e+05   1.49203203e+04   6.52983643e+03   1.46307920e+04
   1.75802129e+04   3.02096300e+06   7.90858412e+00   7.38457520e+03
   3.08012575e+06   1.96752538e+06   1.15700215e+04   0.00000000e+00
   1.81829395e+04   1.92329330e+02   4.52419971e+03   1.18276712e+06
   1.09921252e+03   1.93712588e+06   4.20314404e+03   3.63994800e+03
   1.23530117e+05   5.33350037e+02   6.87874805e+03   1.36831611e+04
   2.71800781e+05   6.28537266e+04   1.60298900e+06   1.16518970e+03
   1.38617979e+04   7.16814438e+05   5.28296250e+05   9.35976094e+04
   3.50693311e+03   1.31036031e+05   2.63254650e+06   2.35673438e+04
   1.43122285e+04   3.02564350e+06   2.83827400e+06   1.98256688e+05
   4.16369766e+04   1.87226000e+06   2.16538300e+06   2.86876984e+02
   1.21665674e+04   2.90354250e+05   2.47390957e+04   1.07888604e+04
   2.85975225e+06   4.37733789e+03   3.86914275e+06   5.77766719e+04
   1.01928262e+06   2.03127375e+05   9.01252344e+04   1.06217666e+04
   1.82614922e+04   1.31189102e+04   1.38727016e+05   5.52022500e+04
   2.24443800e+06   1.47995107e+04   1.85344746e+04   9.89407250e+05
   7.18508072e+01   5.78266562e+05   9.00202560e+01   1.34775688e+06
   1.35004639e+04   2.10123641e+05   2.15069825e+06   1.73972175e+06
   8.09803101e+02   1.20014225e+06   4.53881344e+05   1.37201953e+03
   6.25397773e+04   7.64835388e+02   2.23792261e+03   1.11131357e+04
   7.27056055e+03   2.20666953e+05   6.84115562e+05   3.27595975e+06
   3.68771460e+03   2.23014082e+04   4.91338844e+01   1.96356875e+04
   2.43311230e+03   1.76178475e+06   4.27811445e+04   4.82869080e+02
   1.61400635e+03   4.41102002e+03   1.88683167e+02   1.33983562e+05
   7.11665312e+05   0.00000000e+00   7.87452927e+01   5.95476625e+05
   2.71125214e+02   1.28398875e+06   3.76509922e+04   6.06024658e+02
   1.72490638e+06   6.27586865e+03   2.21860550e+06   8.87763977e+02
   1.79382104e+03   2.20250820e+04   1.80142688e+06   3.70375366e+02
   1.63349862e+06   1.50900388e+06   1.85901086e+03   3.23594531e+03
   6.81017422e+04   7.00715576e+03   2.56591992e+03   9.39578906e+03
   5.83261572e+03   1.16528012e+06   1.50395127e+04   2.04155444e+03
   1.81419751e+03   1.76815216e+02   6.18867004e+02   1.26572150e+06]
[  3.11891375e+06   1.30000967e+04   2.52471283e+02   8.73374451e+02
   2.25360025e+06   1.86426562e+06   1.33848750e+05   2.99959351e+03
   2.05228555e+04   2.22323901e+03   1.34833435e+03   1.63706338e+04
   4.11059961e+03   4.89749219e+04   8.87810840e+03   2.78126172e+03
   1.91660706e+02   7.82005249e+02   1.63946062e+06   1.13530469e+05
   1.23359041e+01   3.13617523e+02   8.68735840e+02   1.22213200e+06
   1.08354851e+02   1.11373877e+04   0.00000000e+00   8.60364562e+05
   4.18777852e+04   4.83635597e+01   4.96924102e+04   1.91944336e+04
   7.97905225e+03   5.96961914e+04   6.56365869e+03   1.90578086e+04
   2.94115391e+04   1.60472656e+02   3.18111890e+03   0.00000000e+00
   3.57686250e+04   6.69277969e+04   2.40180586e+04   9.41064258e+03
   8.86087012e+03   1.36025342e+04   8.39692000e+05   5.30781367e+04
   1.33227500e+05   8.14803284e+02   1.41538984e+04   3.79782544e+03
   1.65046570e+03   2.43770645e+04   4.75784062e+05   1.58688891e+05
   4.00819727e+04   2.38710219e+05   2.40234922e+05   2.46287329e+03
   1.23660068e+04   9.23742344e+04   8.26690674e+00   6.43373840e+02
   0.00000000e+00   1.67012773e+04   9.35830859e+04   1.98379724e+03
   1.99983960e+03   2.39032090e+04   7.37190062e+05   7.74431519e+02
   2.58122617e+04   1.71307461e+04   2.09815508e+04   1.22471320e+05
   7.02697266e+04   2.68078848e+04   1.12915109e+05   1.04036219e+06
   3.60232208e+02   1.36628115e+04   3.35623512e+01   5.07328945e+04
   7.08459412e+02   2.90796348e+04   1.16253345e+03   2.34063926e+04
   1.05402227e+04   7.64554248e+03   1.25897422e+04   1.48310957e+04
   9.83345625e+04   1.48393888e+06   7.00722778e+02   2.01244411e+01
   4.45695438e+05   2.74199867e+01   1.88009434e+04   1.36307070e+04
   2.33197827e+03   2.23342305e+04   6.28505125e+05   3.42802338e+02
   2.23575854e+03   3.78213438e+04   1.01780445e+05   1.29474078e+05
   2.07468691e+04   2.15303825e+06   7.94162292e+02   1.11608488e+06
   3.19626427e+01   1.23809229e+03   1.07841611e+04   3.38193750e+04
   3.78967236e+03   2.12583359e+04   1.64299277e+04   3.48062734e+04
   4.48585840e+03   1.53158167e+03   9.03638965e+03   4.41771156e+05
   2.02252197e+03   8.49101270e+03   9.35862923e+00   2.28232188e+04
   2.33181992e+02   2.25539500e+06   3.38124844e+04   1.23489539e+03
   5.29282031e+03   2.24350725e+06   2.06586230e+03   3.08392734e+04
   5.28765195e+04   1.03407050e+06   1.58737146e+03   5.10487061e+01
   3.26764178e+00   3.55354883e+03   9.51379688e+03   2.37049727e+04
   4.02922325e+01   1.56160547e+03   7.61897217e+02   0.00000000e+00
   1.31840935e+01   4.09072046e+03   1.04483105e+03   2.94511621e+03
   1.35287225e+06   3.96817219e+05   7.77116241e+01   4.60603750e+05
   1.83324060e+03   2.16736008e+02   1.87049121e+04   1.82115412e+06
   1.72700180e+02   7.16110791e+03   2.16860767e+03   1.74673576e+01
   9.48598047e+04   0.00000000e+00   1.15712662e+06   1.35251816e+04
   8.04827656e+04   2.30576450e+06   1.76153458e+02   1.99926262e+01
   2.54654766e+04   1.35911734e+05   1.25045362e+06   6.30999219e+03
   4.01998608e+03   2.62826489e+03   1.48434883e+04   5.94886475e+01
   1.08798320e+04   5.10843896e+03   1.46798447e+02   1.46544814e+04
   4.91816597e+01   2.54005225e+03   6.07093594e+04   2.81509570e+04
   3.08800122e+03   5.98295837e+02   3.08289031e+05   6.81300684e+03
   8.36808167e+02   1.92054434e+04   2.81253652e+04   5.71255664e+03
   8.15729609e+04   1.26050195e+04   6.89809500e+05   1.45588287e+02
   3.82392426e+02   0.00000000e+00   1.02582294e+06   4.76188633e+04
   2.41831426e+04   1.79837219e+02   2.07542441e+04   1.16850025e+06
   2.12450406e+05   3.76724156e+05   1.98019180e+01   2.85165161e+03
   1.11634648e+04   3.14249258e+04   1.53053564e+03   6.70994531e+04
   7.81059000e+05   2.06401855e+03   1.63895645e+04   3.44089282e+03
   1.75200762e+04   4.59414531e+04   1.26385596e+03   3.06577808e+03
   1.26061497e+01   6.07898125e+04   2.01007953e+05   6.11252002e+03
   1.19486035e+03   1.89446106e+01   1.38647354e+02   5.12353662e+03
   4.04834805e+04   8.12925781e+03   1.27122100e+06   3.38546313e+03
   5.31625391e+03   1.24993162e+06   2.04688239e+00   2.05992605e-04
   1.69436108e+03   5.70830812e+05   2.24708538e+01   0.00000000e+00
   9.33979431e+02   7.93931046e+01   1.55188652e+04   5.36479346e+03
   1.48524612e+06   5.60724000e+05   5.58706211e+04   8.54148438e+04
   4.30081055e+03   1.18102212e+06   2.24337305e+04   1.73131504e+04]
[  2.03506438e+05   5.03997656e+04   1.00399817e+03   1.33920154e+03
   4.17045156e+05   5.53039355e+03   3.74379961e+04   5.90012646e+03
   4.80324799e+02   8.64276062e+05   7.06717773e+03   6.26435859e+04
   1.40210723e+04   6.86714697e+03   1.42201868e+03   5.73028748e+02
   1.04042778e+01   1.04311475e+04   4.43232841e+01   5.20146094e+03
   4.14964453e+04   3.43259688e+05   2.67275586e+04   1.18865332e+04
   9.63208923e+01   4.77233301e+03   3.17909497e+03   4.09259125e+05
   2.25087109e+04   5.57287312e+05   6.22586060e+02   2.37090000e+04
   5.76054141e+04   1.06809586e+05   5.18959766e+03   7.78470361e+03
   4.15386344e+05   1.69056112e+06   1.91834863e+03   1.98196562e+06
   8.41503235e+02   2.88438379e+03   5.50533057e+03   5.11532461e+04
   1.96999863e+04   5.84649951e+03   2.13243188e+03   4.64023633e+04
   2.92584102e+04   3.39142017e+03   1.57697266e+05   1.26538450e+06
   8.22081055e+02   2.89353676e+01   1.44619727e+03   5.28726367e+03
   1.94865710e+03   3.65789750e+05   4.66039181e+00   1.89284082e+04
   2.03592542e+03   5.60939766e+04   3.72115234e+03   1.22644443e+04
   2.59902012e+04   2.86259434e+04   1.24237607e+04   4.72985352e+03
   4.10022656e+04   7.07320625e+04   1.25049873e+04   1.14380896e+03
   2.12874969e+05   2.14561582e+04   7.93924438e+05   1.42534500e+05
   3.35267406e+05   4.12623008e+04   1.61897168e+03   3.45841895e+03
   5.50382996e+02   1.17269507e+03   1.13056688e+05   2.51734329e+02
   1.04241055e+05   3.15168213e+02   8.01071797e+04   8.67748047e+02
   8.58181229e+01   9.62587830e+02   1.19743309e+02   1.37206189e+03
   1.28023467e+04   2.10576196e+03   1.67733703e+05   2.14124463e+03
   2.43380432e+02   6.66199312e+05   6.50280938e+05   2.55934512e+04
   8.42803672e+04   3.90321875e+04   2.15245654e+03   2.20132886e+03
   5.22416094e+04   3.59109692e+03   1.02056494e+06   5.29483633e+04
   6.94904419e+02   5.44491455e+03   1.35345107e+04   7.65141260e+03
   3.75802734e+04   8.02366113e+03   3.05683789e+03   5.05161836e+04
   1.59307056e+03   1.76597984e+05   4.06286406e+04   7.50020938e+04
   3.83065338e+01   1.05878238e+06   4.98432656e+04   6.42455500e+05
   2.31665645e+04   8.50342529e+02   2.09246836e+04   1.48664520e+02
   9.26814087e+02   4.03781433e+02   2.46719214e+03   4.25954844e+04
   1.58346289e+04   8.76636035e+03   4.59915576e+03   1.04210801e+04
   1.27389795e+04   1.00119781e+05   1.18956436e+04   9.60532898e+02
   1.10393349e+02   4.41337344e+04   1.94077686e+03   7.42226172e+04
   1.72105840e+04   3.36224268e+03   3.06982891e+04   4.17258949e+01
   4.81736875e+04   6.17669385e+03   2.35131348e+04   1.20432539e+05
   3.12506909e+03   2.19109688e+05   4.75881805e+02   1.01316641e+04
   6.20933789e+04   3.99803735e+03   3.68293531e+05   1.30123840e+03
   6.53482117e+02   1.68815259e+03   4.25987598e+03   5.48405151e+02
   6.25784033e+03   6.58630322e+03   4.39386914e+04   2.17954391e+05
   1.72111938e+03   4.58456445e+04   7.60668411e+01   6.22915137e+03
   2.04014038e+03   3.15106348e+03   2.96285898e+04   6.23364648e+03
   1.05719484e+05   1.17708984e+04   5.59301797e+04   6.35455977e+04
   5.21356628e+02   9.90851406e+04   5.86169678e+03   5.78341895e+03
   1.30002914e+05   1.03877588e+03   1.42491859e+05   1.96717542e+03
   1.14405967e+04   5.77529000e+05   9.13787969e+04   5.04972119e+03
   4.30678009e+02   1.33072000e+05   1.23988457e+02   7.26782898e+02
   4.43351328e+04   1.56528584e+04   1.04793809e+04   3.34379766e+04
   3.87553979e+03   3.58683044e+02   3.92229648e+04   3.54195250e+05
   2.69121594e+05   1.37687683e+03   1.59139834e+04   9.72404297e+03
   6.25447688e+05   4.03228903e+00   1.93541638e+03   6.20288770e+03
   3.81243086e+04   2.91744082e+04   1.64092844e+05   3.78589554e+01
   1.55871787e+04   1.69458320e+04   3.29081268e+02   1.64648391e+05
   5.96724609e+03   4.71266895e+03   5.20425635e+03   7.89302148e+03
   5.10050156e+04   6.33756161e+00   7.09699020e+01   2.32630195e+04
   3.79876489e+03   4.83940039e+04   1.42228809e+04   1.03547648e+05
   1.85102869e+03   4.74069453e+04   1.87076875e+06   4.09444995e+03
   3.07002979e+03   8.78728516e+03   1.78714600e+06   7.24529395e+03
   2.94414282e+03   6.44377686e+02   2.07773145e+03   1.10150085e+03
   8.70601328e+04   3.87645875e+05   3.73878479e+01   5.31669502e+01
   2.86588312e+05   2.39669141e+04   1.61894188e+01   5.92151680e+04
   1.22221045e+04   2.24749658e+03   9.80544250e+02   3.05305884e+03]
[  1.60171585e+02   7.92501660e+03   9.24455234e+04   6.31975000e+04
   1.68172180e+03   8.19364688e+04   8.41840515e+02   6.93235352e+02
   3.15430573e+02   1.81133385e+01   1.18357578e+05   1.21597510e+04
   2.05728833e+03   3.82521558e+03   5.45079346e+03   5.67021729e+02
   1.68680625e+04   3.17116387e+04   3.84930117e+04   3.51728955e+03
   6.44319839e+01   1.12590719e+05   3.07653662e+03   2.92329468e+02
   8.78345938e+04   2.24333691e+04   1.09219156e+05   2.95875171e+03
   8.72656562e+04   3.49265195e+04   1.38836406e+04   1.81928438e+05
   6.17544238e+03   5.81892305e+04   6.35951328e+04   6.01876211e+04
   1.53170594e+05   4.44450488e+03   2.76266113e+02   4.34360234e+04
   9.37663040e+01   1.69853344e+05   9.25213828e+04   3.88215781e+04
   7.46579742e+01   6.23528760e+03   7.49328857e+03   1.10241045e+04
   0.00000000e+00   1.43091768e+04   1.13203148e+05   8.49333862e+02
   0.00000000e+00   2.29906602e+04   1.08066318e+04   7.11366162e+03
   5.39002085e+00   6.52623047e+02   2.95913971e+02   9.04259583e+02
   1.67116919e+03   1.54777422e+05   1.91684512e+04   2.20023071e+03
   5.10167627e+03   1.69744512e+04   2.12413965e+03   5.80975685e+01
   4.75543164e+03   1.96028943e+03   5.67524531e+04   2.37636377e+03
   1.08294023e+05   3.44784302e+02   8.01933861e+00   1.58623154e+02
   5.72375259e+01   1.74157391e+01   1.92457547e+05   9.01352734e+04
   8.75321960e+01   1.02420371e+04   3.34719414e+04   1.42857375e+05
   7.97649780e+02   0.00000000e+00   5.52730530e+02   1.89368790e+02
   1.24835742e+05   1.26532781e+05   9.56227441e+03   1.13475410e+02
   9.37294766e+04   5.25384336e+04   6.93352578e+04   2.95226133e+04
   4.32450195e+03   1.27566299e+02   5.00806328e+04   4.37796211e+04
   3.31146191e+03   2.49208374e+02   1.58469766e+05   4.95799805e+03
   3.45483203e+04   6.20842969e+04   1.37067920e+03   1.22018039e+05
   9.79962422e+04   2.42472095e+03   1.20909795e+04   4.72524628e+02
   9.83142383e+03   5.08913574e+01   1.47845422e+03   3.62525781e+04
   2.23069167e+00   3.35755312e+04   4.04677391e+01   1.97822832e+04
   6.55530151e+02   1.90212406e+05   2.66318945e+04   3.02483032e+03
   4.89532812e+03   6.48930234e+04   4.44762500e+03   5.63142285e+03
   3.15090527e+04   6.55228760e+03   5.05323883e+02   1.87685703e+04
   2.33653008e+04   3.57943164e+04   5.25211094e+04   1.87056942e+01
   4.46749170e+03   3.31157923e-01   3.43811035e+02   5.57033920e+01
   5.65662617e+04   4.82565002e+02   2.57368047e+04   2.96822433e+01
   3.16859985e+03   1.04630342e+04   2.21096143e+03   7.32830566e+03
   7.12731873e+02   1.13287793e+04   1.47569250e+05   8.22817871e+03
   6.45504456e+02   2.48051660e+03   5.39301910e+01   1.74350762e+00
   3.44448303e+02   1.07200989e+03   5.67051575e+02   1.05279125e+05
   6.35860205e+03   5.34663330e+03   4.23457383e+04   2.19850121e+01
   4.39156602e+04   1.70640427e+02   1.07588328e+05   2.80794373e+02
   1.01466336e+05   7.25189141e+04   9.19746399e+02   9.82239941e+03
   8.10704688e+04   1.16862891e+03   9.54090156e+04   1.03992938e+05
   5.13982773e+04   5.79073608e+02   2.90233862e+03   8.00327332e+02
   1.21976924e+04   1.11307228e+02   2.19754336e+04   3.61040273e+04
   2.52595190e+03   4.29270078e+04   1.11506695e+05   1.28972383e+04
   2.90852222e+03   1.15413000e+03   1.14780981e+03   1.22677607e+04
   1.26792441e+04   1.79722188e+05   1.09563125e+05   3.36054141e+04
   2.88001562e+04   3.96937148e+04   9.04670215e+03   9.87539856e+02
   1.42097078e+05   3.56884648e+04   2.65554260e+02   1.00379820e+05
   1.85836203e+05   7.91690140e+01   7.87261484e+04   1.01225297e+05
   1.03092194e+01   1.57611038e+02   5.48986938e+02   2.56298218e+02
   7.66374054e+01   1.17448840e+03   6.62297266e+04   2.24722534e+03
   4.21218359e+03   1.67856895e+04   4.82849805e+04   2.56486426e+04
   1.13103057e+04   9.88397812e+04   6.42805328e+01   2.11439586e+00
   4.28832461e+04   4.20902295e+03   1.97534900e+03   1.09324398e+01
   6.67753357e+02   1.20836438e+03   1.35159729e+02   1.12692566e+02
   4.75292539e+04   7.87651953e+04   1.27846859e+05   8.47865173e+02
   6.35166680e+04   1.77404041e+03   1.46584326e+04   4.27573096e+03
   2.00492773e+04   4.89670117e+04   1.08879385e+04   6.23874648e+04
   1.18188831e+03   2.28399359e+05   1.30549209e+04   6.04432964e+00
   7.36053613e+03   5.03633242e+04   1.75656094e+04   1.15466062e+05
   6.75565479e+03   1.96896156e+05   1.47457764e+04   9.88503828e+04
   9.01749766e+04   1.46085388e+03   4.01354065e+01   8.56554062e+04
   5.11853945e+04   5.42664032e+01   5.25640527e+03   1.53340283e+03
   3.73005638e+01   5.74850391e+03   1.02490161e+03   1.51888516e+05
   1.02753930e+05   3.60011261e+02   1.09588289e+01   4.93982056e+02
   5.35982227e+03   7.39799121e+03   1.51342016e+05   4.97164180e+04
   7.30372548e-01   4.63502884e+01   1.00019680e+05   6.69451562e+03
   1.19398630e+00   7.45615906e+02   1.63441338e+04   1.57432062e+05
   2.49184839e+03   4.74720605e+03   1.49751101e+01   1.42342810e+03
   3.76108765e+02   7.14448535e+03   1.71892383e+04   2.37879414e+04
   1.00233859e+05   5.16399219e+04   1.79904980e+04   3.14539490e+02
   8.47327118e+01   7.48003845e+01   5.06262227e+04   1.08985289e+05
   6.42627478e+00   9.02659668e+02   3.77068047e+04   1.11868111e+02
   1.23472778e+03   8.72201250e+04   2.39164600e+03   3.47453369e+02
   7.06461250e+04   5.51839905e+02   1.21302917e+02   1.91567012e+04
   3.47472931e+02   9.71598938e+02   1.20122438e+05   5.99360000e+04
   3.07445908e+01   7.37729141e+04   1.24140605e+04   3.05121509e+03
   4.20814438e+01   1.09118262e+04   1.46858750e+05   5.92400146e+03
   1.07077961e+05   1.47364562e+05   2.33457516e+05   6.58079922e+04
   4.72657266e+04   8.49913147e+02   7.01196094e+04   1.74654004e+04
   1.25781047e+05   5.83746643e+02   1.81410657e+03   4.63120430e+04
   3.35236542e+02   4.93667812e+04   3.13059180e+03   4.18607227e+04
   9.20865000e+04   1.13836792e+03   1.52714814e+04   3.28693008e+01
   9.87675018e+01   1.33038975e+04   2.33408066e+04   5.53319153e+02
   1.98606812e+03   1.14983362e+03   3.39127852e+04   4.63442169e+02
   9.40783020e+02   4.58570039e+04   6.57334033e+03   1.84695605e+03
   1.69755297e+05   2.27517456e+03   4.51182070e+04   3.12235469e+04
   9.17675625e+04   2.36656758e+04   1.26931595e+02   8.84090637e+02
   6.73457129e+03   1.72984863e+03   1.10134898e+05   3.09767480e+03
   1.07940773e+05   1.85380981e+03   2.67712109e+03   7.69794983e+02
   2.74650781e+04   9.81645813e+02   7.54933750e+04   1.38492812e+04
   3.92947534e+03   3.23927563e+03   1.05866711e+03   1.71602341e+02
   5.51884219e+04   2.49760156e+04   2.49026611e+02   1.65493164e+04
   6.65728699e+02   2.36196191e+03   4.66875586e+03   1.45111367e+04
   1.72061450e+03   4.46993500e+02   2.05234473e+03   6.00941658e+01
   5.20041504e+03   1.10121768e+04   4.64850039e+04   9.53556797e+04
   5.97850281e+02   4.81775024e+02   2.00005200e+03   9.04558044e+02
   6.99602814e+01   3.31568677e+03   6.30796055e+04   1.01898141e+05
   8.71861094e+04   8.50242383e+03   7.14547559e+03   9.72667389e+01
   5.85922527e+00   1.40233450e+01   3.19881250e+04   1.66419844e+04
   1.31153394e+03   4.27209808e+02   2.31572695e+04   1.48065908e+04
   6.18859131e+02   1.65039180e+04   5.37504219e+04   1.00373145e+04
   4.13029150e+03   6.65230420e+03   6.27204004e+03   6.56085547e+04
   7.36025234e+04   9.24461426e+03   2.75576387e+04   2.40521713e+02
   1.23413609e+05   9.98848694e+02   4.08331879e+02   1.03290986e+04
   1.03836156e+05   3.41254141e+04   3.52290898e+04   1.82006812e+03
   1.23978844e+02   9.10539673e+02   3.42409023e+04   1.00633545e+04
   3.07514121e+04   6.74386230e+03   8.31758008e+03   3.34569311e+00
   0.00000000e+00   2.72877676e+04   1.20802238e+02   1.88380762e+03
   6.39597168e+03   4.97950703e+04   1.13538550e+03   1.62031547e+05
   1.98082891e+04   0.00000000e+00   3.65965186e+03   9.13477039e+00
   2.22251074e+03   8.50786133e+03   2.40769119e+01   4.79791992e+03
   6.08259705e+02   1.50891914e+04   2.43832550e+02   1.65160217e+03
   3.14224453e+04   8.34825938e+04   8.92252258e+02   4.70321808e+01
   2.08458911e+03   5.87685059e+03   1.80047464e+00   1.91314240e+02
   7.62553516e+03   2.27714600e+02   1.37594714e+03   9.65597168e+02
   6.35231299e+03   7.56339844e+03   7.88706543e+03   0.00000000e+00
   2.12228302e+02   6.71978210e+02   9.47389141e+04   2.61376602e+04
   2.13290234e+04   5.66018295e+01   5.81033398e+03   2.90488386e+00
   1.78537988e+04   1.82268237e+03   1.37996328e+05   1.61281967e+02
   1.70898789e+04   1.76711365e+02   1.42858142e+03   7.38595996e+03
   5.20906641e+03   1.23031016e+05   3.59008820e+02   1.54860215e+04
   6.75827148e+03   8.65374069e+01   1.59931202e+01   1.26078398e+04
   2.73501611e+03   2.86166895e+04   6.60237158e+03   6.66853762e+00
   3.01900879e+04   1.39954895e+03   6.79077087e+02   1.98627391e+05]
[  3.27386157e+03   7.54126953e+03   1.04266956e+03   3.80159116e+00
   3.20263164e+04   3.16883373e+00   4.34413086e+04   3.11164570e+04
   9.79945234e+04   1.37079605e+02   3.55345398e+02   1.41142310e+03
   2.48723316e+01   8.58596797e+04   1.17673574e+04   1.13733734e+02
   4.10295807e+02   1.99574805e+03   8.91762573e+02   5.00403320e+02
   9.88929980e+03   3.39861011e+03   2.56621533e+03   1.75134247e+02
   1.86563965e+02   4.87383984e+03   1.28799561e+03   3.83663516e+04
   4.48146533e+03   5.66795776e+02   6.70421295e+01   3.33439728e+02
   6.04849243e+02   0.00000000e+00   3.96466675e+02   2.00007904e+02
   2.18773926e+03   8.22023849e+01   1.00180146e+04   4.44166992e+02
   2.55472070e+04   3.87496973e+03   2.04701645e+02   2.49930391e+04
   1.95707275e+03   9.69101074e+02   7.44797266e+03   3.78276794e+02
   6.46443970e+02   1.41691455e+03   8.53727570e+01   2.47645779e+01
   0.00000000e+00   6.75193945e+03   1.07604004e+03   2.12047607e+02
   4.68960107e+03   7.76272888e+02   8.82414551e+01   9.43020153e+00
   7.69855678e-01   8.04062073e+02   1.93631180e+02   1.20130200e+03
   2.61907745e+02   2.09585098e+02   9.23855957e+03   6.60788916e+03
   4.62642852e+04   1.61935532e+02   5.24490395e+01   8.22073672e+04
   2.15254288e+01   4.20188263e+02   1.79803992e+03   3.80609766e+03
   0.00000000e+00   7.44673779e+03   8.70040894e+02   1.12272842e+02
   7.11838623e+02   1.21914406e+05   3.91600039e+04   2.83783320e+04
   2.31054224e+03   7.35017395e+01   1.22726133e+04   1.21588538e+03
   7.84904968e+02   2.90412689e+02   3.64216055e+04   4.45692383e+03
   2.40799829e+03   0.00000000e+00   6.66302002e+03   4.56101570e+01
   7.15232239e+02   3.30047773e+04   1.09175029e+04   9.31435156e+03
   6.03860413e+02   3.77765796e+03   1.50524744e+03   2.54992199e+00
   2.34743683e+02   9.09174866e+02   2.62413721e+03   1.95953388e+01
   1.01614648e+05   1.12037609e+05   7.73239014e+02   2.58458008e+02
   2.32435745e+02   1.54199695e+03   1.19311938e+05   1.52213489e+03
   1.10289380e+03   1.86462024e+03   6.62854309e+01   9.00977173e+02
   2.82152130e+02   6.67545557e+03   6.44125244e+02   0.00000000e+00
   4.11223086e+04   2.75146698e+02   8.07633301e+02   1.61479706e+02
   5.82347145e+01   4.05699609e+04   5.25837288e+01   9.50307251e+02
   4.98803589e+02   6.66292139e+03   3.54246016e+04   6.52472067e+00
   1.24695366e+02   4.31286133e+02   1.24480312e+04   0.00000000e+00
   3.53828735e+01   1.93368118e+02   2.11598906e+04   1.91776714e+01
   5.42366309e+03   2.09811973e+04   1.05057227e+04   6.21417031e+04
   1.80988269e+03   3.64648499e+02   7.23983438e+04   9.30694727e+03
   2.26701523e+04   4.70900482e+02   2.85496368e+02   1.23003352e+05
   6.14540039e+03   1.11749111e+04   3.76394702e+03   4.67017969e+03
   7.40728125e+03   7.14415186e+03   2.75888473e-01   4.19383850e+02
   7.10888672e+04   4.65330811e+03   1.29078359e+05   1.84187717e+01
   6.57576855e+03   3.91288750e+04   1.96028976e+02   3.68735303e+03
   1.06143391e+05   2.55829141e+04   4.93611488e+01   1.59424915e+03
   1.31845557e+03   1.21014883e+04   8.62374634e+02   1.58028052e+03
   1.10562609e+05   1.04061450e+03   4.39443237e+02   0.00000000e+00
   1.64049766e+04   8.31807812e+04   8.42021084e+00   3.74890686e+02
   4.68774414e+02   6.61754531e+04   1.69373718e+02   3.59984802e+02
   4.85317039e+00   2.50806289e+04   5.20153906e+03   1.18094053e+04
   6.87057114e+01   1.99805059e+04   1.55476611e+03   9.16548672e+04
   3.82627500e+04   2.63811066e+02   3.26312943e+01   1.28066910e+02
   1.42439883e+04   7.73639709e+02   2.74856812e+02   1.70757410e+03
   2.33103134e+02   4.96202588e+03   1.51865527e+03   1.83204849e+02
   9.02861914e+03   1.04696699e+04   3.95082461e+04   8.79562578e+04
   5.20398633e+04   5.07743500e+02   1.24893150e+02   2.91850957e+04
   1.85950020e+04   5.04761543e+01   3.60798657e+03   3.19680653e+01
   5.72445312e+03   6.94419098e+00   9.36053711e+03   5.18080781e+04
   2.37058423e+03   3.62497974e+03   1.01571672e+05   6.37871948e+02
   1.03587997e+02   2.00619355e+04   6.53746939e+00   1.33721766e+05
   1.07287453e+05   4.78872852e+03   3.77233215e+02   8.42695465e+01
   5.83578027e+03   7.12738037e+03   6.76520508e+02   2.74282031e+03
   1.00117617e+04   7.11760986e+03   0.00000000e+00   8.24042344e+04
   1.66476765e+01   1.60542847e+02   7.60152466e+02   4.50230141e+01
   1.07030977e+04   4.17882347e+01   9.68811646e+01   4.39562469e+02
   3.49399780e+02   3.44979614e+03   1.97997302e+03   9.47236328e+03
   1.28360059e+03   3.34249561e+03   1.26712866e+03   1.47725452e+03
   5.83778442e+02   1.61193350e+04   3.84447937e+02   3.18437461e+04
   1.01812764e+04   2.50535376e+03   3.70228363e+02   1.09685388e+03
   5.78774048e+02   1.01654882e+01   0.00000000e+00   1.60730114e+01
   1.98920020e+04   0.00000000e+00   3.03810840e+03   6.94112598e+03
   2.15671484e+03   1.01462891e+02   3.10687949e+04   0.00000000e+00
   6.97063828e+01   9.71646484e+03   1.19942057e+00   7.73136475e+03
   6.88716614e+02   1.74680908e+03   1.53311401e+02   4.81822314e+03
   1.19256930e+05   1.06905068e+04   4.32386523e+03   1.50519512e+04
   5.69240430e+04   9.25521362e+02   5.22181152e+02   1.25601501e+03
   2.41641253e-01   3.39167725e+03   2.65573438e+04   0.00000000e+00
   2.74347583e+03   2.53325332e+04   7.04369629e+02   1.46382188e+05
   1.74780521e+01   3.75324585e+02   1.59771423e+02   4.74480078e+03
   1.95232930e+04   1.32703979e+02   2.83665967e+03   7.80533676e+01
   7.57494062e+04   1.11137342e+01   1.90694138e+02   6.57274170e+02
   1.43472534e+03   1.60904092e+04   3.15139082e+04   1.28819248e+04
   1.12353688e+05   2.02198624e+02   2.13788867e+03   1.57106279e+04
   2.45363306e+03   5.21520538e+01   1.23925672e+05   4.77165273e+04
   1.52484360e+02   5.80716406e+03   1.64963809e+04   2.28251562e+03
   0.00000000e+00   6.10812939e+03   2.20250839e+02   7.10950394e+01
   3.04607559e+04   1.67030566e+04   2.16488135e+03   3.74215742e+04
   3.57940388e+00   1.48302271e+03   8.71066345e+02   2.04159004e+04
   9.79633828e+04   5.71787964e+02   2.80892395e+02   1.72594214e+03
   8.01530090e+02   2.87394458e+03   1.46990250e+05   7.06319688e+04
   3.09539355e+03   6.31828857e+02   1.80384949e+03   5.23384399e+01
   6.66926221e+03   1.96396326e+03   0.00000000e+00   2.84522858e+02
   2.27043066e+04   3.69164141e+04   2.44129956e+03   1.72599453e+04
   2.40042892e+02   2.80200938e+04   1.84231663e+01   1.88538594e+04
   1.40252539e+03   1.22751906e+05   4.95183624e+02   2.55325952e+03
   1.47356827e+02   9.35226929e+02   3.29629395e+03   2.40368672e+04
   3.23818965e+04   8.54624902e+03   6.45809937e+00   4.29349152e+02
   1.17684119e+03   1.70348105e+04   6.42461914e+04   2.93820068e+03
   8.02780469e+04   4.37977783e+03   0.00000000e+00   3.21814489e+00
   9.69390723e+03   6.45290820e+03   1.62074463e+03   8.41991602e+03
   5.52549756e+03   1.12957783e+01   3.07862946e+02   3.63760815e+03
   7.22485413e+02   2.39365869e+03   2.93276191e+04   2.82743457e+04
   5.74031201e+03   4.86338139e+00   9.87076719e+04   9.78633423e+02
   5.34696338e+03   4.82433701e+01   5.91435974e+02   7.02822266e+02
   5.00253125e+03   1.36228252e+04   2.51603973e+02   0.00000000e+00
   1.50407318e+02   2.24283862e+03   9.80511621e+03   1.08292160e+02
   1.43379419e+03   4.24195099e+02   7.17117676e+03   4.04266479e+03
   5.59917383e+03   2.43472324e+04   4.34283173e+02   4.05941057e+00
   3.19283350e+03   2.19166351e+02   2.84250293e+03   6.01241289e+04
   3.99045435e+03   3.52321320e+02   8.61376587e+02   6.20055029e+03
   9.88181946e+02   1.13815576e+03   6.97737422e+04   1.83537168e+04
   7.81675977e+03   9.21735413e+02   2.71503003e+03   3.35163330e+03
   2.07591114e+01   6.99478149e+02   2.15590356e+03   6.84118774e+02
   4.81687378e+02   9.43961487e+02   0.00000000e+00   2.22979218e+02
   4.45561647e+00   0.00000000e+00   2.31381406e+04   5.36988735e-01
   7.71204829e-01   2.71106476e+02   0.00000000e+00   4.15421295e+02
   9.05014648e+03   1.93790771e+03   1.13752393e+04   2.10656128e+03
   9.90023828e+04   4.59165430e+04   1.09160254e+03   4.11631494e+03
   2.66314667e+02   2.04263535e+04   2.59929746e+04   6.87029037e+01
   6.43362488e+02   3.88594055e+01   1.93332495e+03   8.59862891e+03
   4.45596729e+03   1.62764389e+02   2.98302319e+03   0.00000000e+00
   6.75805518e+03   1.30592617e+04   2.55115820e+03   3.39567657e+02
   5.22294250e+02   1.88637131e+02   6.80268906e+04   1.15800071e+00
   2.92901855e+02   1.44285385e+02   1.28814477e+05   9.03155859e+03
   8.30793274e+02   3.78239990e+02   3.15238786e+00   1.26071084e+04
   4.50269257e+02   1.63834259e+02   9.88885986e+02   2.72128809e+03
   7.81552368e+02   2.03986572e+03   4.01857605e+01   5.64152161e+02
   9.98392151e+02   1.55902062e+05   7.71974792e+01   8.38481689e+02
   0.00000000e+00   2.04762793e+04   5.33168359e+03   6.86722900e+03]
[  1.48240143e+02   7.43731055e+03   3.35271759e+02   2.18248413e+03
   6.74634155e+02   3.16105000e+04   3.17405609e+02   2.41604453e+04
   9.40652246e+03   6.33439258e+04   1.31709644e+03   1.96455521e+02
   7.08974219e+03   4.19469570e+04   5.70609717e+03   1.00204419e+03
   1.40653552e+03   9.16773804e+02   7.10429297e+04   8.87946106e+02
   5.63890040e-01   2.96698560e+03   3.22808685e+02   9.01833679e+02
   1.05661270e+04   1.36654510e+02   2.07810156e+04   5.27114487e+01
   6.73063843e+02   2.54908154e+03   2.38431274e+03   1.33530908e+03
   1.55143494e+03   0.00000000e+00   9.51493164e+03   8.79455261e+01
   5.76733704e+02   9.21344062e+04   6.82123303e-01   3.13481860e+03
   1.08985244e+04   5.19468079e+01   0.00000000e+00   2.26230469e+02
   1.01070645e+04   7.41427246e+02   8.13250830e+03   1.75387148e+04
   1.99831223e+02   2.38117809e+01   7.90757629e+02   4.63733594e+03
   1.61372040e+02   1.29871162e+04   1.51136865e+04   3.85179375e+04
   1.51106824e+03   1.12248418e+04   3.63049545e+01   1.93641333e+03
   1.93389368e+03   2.07222852e+03   1.17241431e+03   4.16280640e+02
   2.82632446e+03   1.26477917e+03   1.16320770e+02   1.75757660e+02
   1.48912674e+02   1.76110878e+01   7.29565063e+02   2.47347598e+04
   3.30784570e+04   4.73059906e+02   3.12601230e+04   1.14241905e+02
   3.76313820e+01   4.68350868e+01   2.80807434e+02   2.27278613e+04
   6.31642151e+02   4.83318125e+04   3.31403438e+04   1.00069512e+04
   9.68925938e+04   3.45449677e+02   3.35794287e+03   2.35411660e+04
   2.07891016e+04   3.77788086e+04   7.14911079e+00   3.56678833e+03
   5.22943054e+02   1.25877822e+04   1.45543054e+03   1.14948486e+04
   2.04438555e+04   7.51214933e+00   1.15741768e+04   8.14984436e+02
   2.70606480e+01   8.07575378e+02   1.29944992e+02   7.12072021e+03
   0.00000000e+00   1.67745209e+01   1.79257385e+03   5.15777734e+04
   2.89565468e+00   3.01375137e+04   4.83134277e+02   8.98497422e+04
   7.19698535e+03   2.92280998e+01   1.56801510e+01   5.56296631e+02
   3.71798462e+02   3.50083398e+04   9.60430725e+02   5.19875145e+01
   1.34010226e-01   4.47207336e+02   1.99611113e+04   5.82861099e+01
   2.95590942e+02   1.24900049e+04   7.20608398e+02   2.19164715e+01
   6.49681946e+02   1.89733170e+02   3.11485801e+04   7.19136658e+02
   9.87768173e+01   2.99602295e+03   1.11108716e+03   8.19329004e+03
   4.47509141e+04   2.12878609e+01   1.24598358e+02   1.80779343e+02
   0.00000000e+00   3.82347221e+01   4.57054077e+02   3.19152771e+02
   6.00934448e+01   5.18208203e+03   3.50641821e+03   0.00000000e+00
   2.01309967e+02   5.39777773e+04   1.45283051e+02   1.30953064e+02
   1.47396228e+03   1.01871539e+03   5.80137634e+02   3.27175957e+04
   2.08983364e+01   2.86966125e+02   4.90834045e+02   2.15469297e+04
   3.31109924e+02   1.22378914e+02   3.03076233e+02   8.26012325e+00
   6.02867617e+04   2.92569962e+01   8.65660934e+01   8.57790234e+03
   8.07197949e+03   3.03508555e+04   1.67813182e+00   7.32074203e+01
   8.04237842e+03   1.32078833e+03   3.78400536e+01   7.89308887e+03
   4.33338633e+04   8.33710632e+02   6.30376680e+04   3.56070605e+03
   5.34205820e+04   3.80695273e+04   4.39235306e+01   1.12725957e+04
   3.34633130e+03   2.11643100e-01   2.40140601e+03   3.89946265e+03
   9.07201290e+00   6.45149719e+02   3.92547821e+02   1.16011551e+02
   1.82543115e+03   1.42241064e+04   1.47011450e+03   2.44244375e+04
   1.77096289e+03   3.40873413e+02   3.91153992e+02   5.96189551e+03
   8.78087158e+02   1.29049426e+03   2.29178662e+03   0.00000000e+00
   2.29879028e+03   1.24529015e+02   3.32566724e+03   3.57150659e+03
   1.01111279e+04   7.46913750e+04   1.66330933e+02   1.09419788e+03
   8.06998438e+03   1.03567432e+03   6.72322617e+01   9.57971387e+03
   9.58313828e+04   9.04768677e+01   1.33123535e+02   1.47424829e+03
   1.77851738e+04   2.24820267e+02   5.90656853e+01   9.61621643e+02
   2.52836197e+02   9.61852875e+01   7.14017715e+01   1.34498566e+02
   1.48637985e+02   1.42163742e+02   9.17151566e+01   1.83335526e+02
   7.60700317e+02   6.48431854e+01   3.25287056e+00   7.19613876e+01
   1.12226357e+02   5.56249695e+02   9.30781311e+02   2.11845108e+02
   2.47588634e+01   5.47429466e+01   2.00997742e+03   6.90342344e+04
   5.74307734e+04   1.14298828e+04   1.22056824e+02   1.86726343e+03
   2.25900688e+01   1.14254288e+02   7.84256363e+01   1.71972443e+02
   1.36337070e+04   1.19414001e+03   1.75548089e+00   2.35161835e+02
   4.04588159e+03   1.81915833e+02   1.16650684e+03   9.14522324e+01
   1.29056787e+03   1.72469653e+03   2.25851089e+02   3.01945019e+01
   5.85429219e+04   2.76577979e+03   4.92061797e+04   9.25289551e+02
   2.61670435e+03   1.95256310e+01   2.30270508e+02   1.20336108e+03
   3.15103180e+02   4.15803337e+01   7.53745391e+04   5.71258484e+02
   2.28245874e+03   6.53155212e+02   8.02000146e+03   9.20718262e+03
   4.70445526e+02   1.47364395e+02   1.23023816e+03   9.50370938e+04
   1.03904907e+03   1.10508362e+03   7.10230566e+03   3.97625916e+02
   8.27227478e+02   2.52546465e+04   2.04559875e+03   3.45298291e+03
   2.53716270e+04   1.52027100e+03   2.81406525e+02   8.65979248e+02
   6.88275940e+02   2.25022192e+03   5.02820508e+03   1.12318630e+01
   1.49124002e+00   7.73992737e+02   8.23177051e+03   1.67688339e+02
   2.90988301e+04   7.29025078e+04   1.59415051e+03   2.14133594e+03
   3.81004126e+03   5.28702295e+03   1.68330297e-01   7.04876416e+03
   0.00000000e+00   3.89770557e+03   4.34629346e+03   2.13585176e+04
   5.12032349e+02   5.93129688e+03   2.64287079e+02   2.20514590e+04
   1.80601934e+04   1.27887598e+04   2.84105762e+03   3.32848945e+04
   7.31692429e+01   3.28845581e+02   3.22482129e+03   4.96121674e+02
   1.60221741e+03   1.65159409e+02   1.67637383e+04   6.99440723e+03
   4.68296528e+00   2.03002222e+03   2.56750305e+02   5.35717590e+02
   2.42613586e+02   1.49911074e+04   1.78513525e+03   1.93763516e+04
   6.17343672e+04   2.13002466e+03   2.04624039e+02   3.83516418e+02
   2.41937675e+01   3.58807556e+02   5.12336250e+04   1.06415088e+03
   9.09334961e+03   2.49872241e+03   4.95175293e+03   1.05171133e+05
   2.73444122e+02   2.03472852e+03   1.12649146e+03   6.43595657e+01
   1.44560410e+04   3.31255493e+03   3.59032773e+04   8.16740894e+00
   6.57965078e+04   4.24460907e+02   5.23357148e+04   1.92818652e+03
   1.46473418e+04   4.08972412e+02   1.55640137e+02   4.77640820e+03
   2.71072998e+02   2.81014917e+03   1.06847217e+03   3.99829175e+03
   1.12351021e+02   9.12891309e+03   3.67195526e+02   1.54152109e+05
   2.11058984e+04   2.40271240e+03   9.23076367e+03   2.42641382e+03
   4.50178642e+01   1.69782641e+05   8.30745215e+03   1.05240051e+03
   8.22973450e+02   1.08013066e+04   7.61699219e+01   2.50001550e+00
   1.31655554e+03   6.26331543e+02   9.40147344e+04   3.20537695e+03
   2.38754077e+03   5.79776289e+04   1.07614625e+05   1.49553879e+02
   9.86637039e+01   1.54690811e+04   5.25007617e+03   1.24077344e+04
   3.58628174e+02   4.37720586e+04   2.34540039e+03   4.25909277e+03
   1.83806496e+01   4.34047070e+04   8.22362366e+01   1.30110022e+03
   6.61577576e+02   5.80822021e+02   2.61353564e+03   1.59491543e+04
   1.92751660e+04   1.38631628e+03   1.19679102e+03   0.00000000e+00
   2.19231030e+03   1.30612305e+02   0.00000000e+00   1.11767021e+02
   4.10262604e+02   4.45569492e+04   7.57101270e+03   7.41732264e+00
   3.07455933e+02   9.02310645e+03   3.57854980e+02   6.97668457e+01
   3.02247510e+03   6.55516650e+03   6.23308633e+04   1.80832458e+02
   9.53494043e+03   2.70915924e+02   4.97738495e+01   2.60635254e+02
   2.97674866e+01   1.08046474e+01   1.95864219e+04   3.27158308e+00
   1.35609222e+02   1.05691429e+02   9.66613998e+01   3.43451786e+00
   1.42070179e+01   1.62640850e+04   5.37151550e+02   6.35509705e+02
   2.16296460e+03   4.90798359e+04   2.13076431e+02   1.41387036e+03
   2.53230682e+02   1.79947812e+05   3.20554746e+04   1.86227455e+01
   2.90574854e+03   2.22071875e+03   4.32997500e+04   1.19002080e+04
   2.70760566e+04   1.15421182e+04   1.30361426e+04   2.70116943e+03
   1.04438369e+04   3.33277832e+03   4.12521606e+02   5.32801025e+02
   2.11181686e+02   7.70268326e+01   2.21423223e+04   1.48165742e+04
   2.59503770e+04   2.36514316e+04   1.40883325e+03   1.43250275e+02
   6.68298706e+02   7.56256836e+02   5.34637695e+02   4.90532188e+04
   7.00401953e+03   9.13497086e+01   1.33852119e+04   1.51035538e+02
   6.65591896e-01   0.00000000e+00   4.05226611e+03   1.00091437e+03
   2.20071094e+03   6.71532031e+03   5.58846211e+04   2.59208867e+04
   8.49956250e+03   2.86672144e+03   1.61335327e+02   7.97487244e+02
   1.53058936e+03   1.14010361e+02   2.74065552e+03   1.28473975e+04
   2.72259473e+04   1.56532412e+04   3.62121468e+01   1.06687744e+03
   1.95913008e+04   8.74093066e+03   3.08997070e+02   2.94521599e+01
   1.29747742e+03   3.48762207e+01   8.18940659e+01   1.86213203e+04]
[  3.13339844e+02   2.10690346e+01   0.00000000e+00   4.27230908e+03
   1.70057251e+02   1.93966713e+01   4.63566482e-01   1.80440140e+01
   7.49892883e+01   6.76899719e+01   2.88533568e+00   7.36427856e+02
   1.63072186e+01   1.72155548e+02   1.07452793e+01   2.23524857e+00
   1.71379894e-01   2.04993622e+02   0.00000000e+00   0.00000000e+00
   3.12763733e+02   1.54690488e+04   5.74886279e+03   2.11337997e+02
   2.10614324e+00   0.00000000e+00   7.83149421e-01   1.92237183e+03
   1.15211990e+02   1.87279541e+03   1.10956006e+04   1.19271339e+02
   2.22672070e+03   1.56587051e+02   9.13788605e+00   2.98600903e+03
   3.04275560e+00   1.61423193e+04   2.64152881e+03   1.59036584e+03
   7.20867139e+03   1.74855595e+01   3.45007178e+03   4.32340607e+02
   3.28696671e+01   4.81451607e+00   2.73580933e+03   3.44982452e+01
   2.88892536e+01   6.79396725e+00   2.94065475e+01   1.90985376e+03
   0.00000000e+00   5.99593391e+01   1.96481216e+02   1.05581314e+02
   5.70235498e+03   4.63878937e+02   1.33721992e-01   4.74524109e+02
   2.15966766e+02   8.09482753e-01   2.08345604e+00   4.71275452e+02
   6.28600388e+01   3.71056201e+03   9.31695271e+00   0.00000000e+00
   1.87393555e+02   2.74038794e+03   6.47530884e+02   8.09445343e+01
   1.95544281e+01   5.75116089e+02   6.15581274e+00   5.77253296e+02
   2.73253202e+00   5.55643311e+02   4.04794514e-01   5.95968590e+01
   0.00000000e+00   9.85822525e+01   5.48283264e+02   1.67288513e+03
   2.35532627e+01   1.81433761e+00   2.26740551e+01   1.06735659e+01
   1.19946650e+04   2.34743301e+02   1.52229541e+04   2.15433899e+02
   1.63210449e+04   4.60752594e+02   0.00000000e+00   3.93809967e+02
   1.59704863e+04   7.13753271e+00   5.94202539e+03   9.01379395e+01
   9.65591309e+02   3.61012001e+01   2.79536476e+01   4.79765844e+00
   8.56068481e+02   1.67496887e+03   0.00000000e+00   3.76663940e+02
   3.76301384e+00   0.00000000e+00   1.57641995e+00   1.84319092e+02
   2.85094580e+03   2.20147363e+03   2.71541557e+01   0.00000000e+00
   2.18840259e+03   8.93352539e+02   4.33030891e+00   5.92723160e+01
   0.00000000e+00   5.14878174e+02   3.32681656e+00   0.00000000e+00
   2.24567909e+01   3.26108027e+00   8.73879910e+00   0.00000000e+00
   8.44414425e+00   8.18329895e+02   6.34943665e+02   1.38462622e+03
   1.41864514e+00   3.51029968e+01   2.39813492e+02   1.01929237e+02
   1.83746562e+04   2.57219727e+02   5.51243324e+01   3.18012085e+02
   3.80788599e+03   8.95833969e+01   1.93727283e+01   6.05810107e+03
   3.68496857e+01   3.51482570e-01   1.57618780e+01   1.78271258e+00
   2.97867069e+01   1.93252277e+00   1.17604256e+01   5.44903107e+01
   9.36145554e+01   5.27976561e+00   1.27083511e+01   1.62768593e+01
   3.72321014e+02   1.43956232e+01   1.04618239e+00   1.31523466e+01
   2.34751053e+02   8.07457962e+01   1.95339727e+04   1.19451648e+03
   1.84502148e+03   1.05785244e+04   0.00000000e+00   4.18690869e+03
   6.00665649e+02   6.72247266e+03   8.50820661e-01   5.47384277e+03
   1.57126175e+02   2.10544617e+02   1.60853755e+00   6.89740133e+00
   7.74764557e+01   3.64743996e+00   2.20694748e+02   0.00000000e+00
   4.22325363e+01   3.00212744e+03   0.00000000e+00   1.24495117e+03
   1.34191376e+02   1.05836982e+04   2.67118874e+01   9.13788033e+00
   5.10578271e+03   6.01831238e+02   8.18177891e+00   5.74467812e+01
   1.55741516e+03   9.08684158e+01   3.60367340e+02   9.52368240e+01
   1.03168354e+01   1.52596838e+03   1.60484302e+03   4.06826001e+03
   5.26588745e+01   1.94381348e+04   1.19755898e+01   1.35710926e+01
   4.07777710e+01   6.51033630e+01   8.80635681e+02   3.02811841e+03
   0.00000000e+00   4.13380322e+03   4.53460059e+03   7.97048157e+02
   0.00000000e+00   4.96873796e-01   1.03500397e+02   3.51206958e+03
   7.16102524e+01   3.64072304e+01   1.48555374e+00   2.49022202e+02
   1.10373840e+02   1.54918686e+02   1.08699036e+03   8.06460762e+00
   7.75001221e+03   6.53452148e+03   7.21158922e-01   1.57380934e+01
   2.04423237e+00   7.20659973e+02   2.80315590e+01   4.36156708e+02
   3.47437363e+01   7.17889465e+02   3.05319482e+03   1.50575806e+02
   4.54448509e+01   1.48081484e+04   0.00000000e+00   5.31810425e+02
   0.00000000e+00   1.56204736e+04   2.61773987e+01   2.44517997e-01
   1.11680895e-01   5.19224854e+02   1.08373379e+04   2.25638723e+00
   1.25355795e-01   1.59252262e+01   3.20434058e+03   3.56611633e+00
   5.18521194e+01   8.11146393e+01   5.84301710e+00   1.16675916e+03
   2.53760132e+03   2.20578461e+01   4.25836563e+00   1.30151172e+04
   3.15101299e+01   4.59759750e+01   0.00000000e+00   0.00000000e+00
   0.00000000e+00   4.53648359e-01   4.90836287e+00   9.22401611e+02
   5.08341766e+02   7.98701019e+01   3.83971119e+00   2.87292725e+02
   1.55955248e+01   1.37324111e+04   1.91412781e+03   8.70536995e+00
   6.80584863e+03   6.10705757e+01   2.57585773e+01   0.00000000e+00
   6.44283152e+00   1.81025586e+03   1.00558779e+04   1.92622330e+02
   1.29123867e-01   1.22233482e+02   1.67718665e+03   3.02319546e+01
   0.00000000e+00   0.00000000e+00   1.66115860e+02   1.62353003e+03
   9.45709595e+02   3.37345947e+02   0.00000000e+00   0.00000000e+00
   1.24250412e+02   2.17810410e+02   3.02853632e+00   2.68646550e+00
   9.27209106e+02   1.54458359e+02   8.39814844e+03   0.00000000e+00
   2.80398315e+02   0.00000000e+00   1.32333160e+02   0.00000000e+00
   1.15510166e+04   0.00000000e+00   1.66801309e+04   5.03144379e+01
   5.56439056e+01   0.00000000e+00   9.31878853e+00   7.57942920e+03
   4.29183691e+03   3.56022388e+03   5.13357239e+01   2.93990383e+01
   4.16391797e+03   3.98245430e+01   3.89645815e+00   6.07483521e+01
   1.35011398e+02   0.00000000e+00   6.21780243e+01   9.18792114e+01
   5.44825592e+01   1.56028214e+02   3.01938992e+01   9.51595703e+03
   4.49112930e+01   1.03557092e+03   2.57446503e+02   3.17877295e+03
   7.10812561e+02   1.89614111e+03   7.46122021e+03   4.78726730e+01
   1.94679016e+03   2.66763389e-01   2.76962128e+01   3.95366907e+00
   2.33413013e+03   5.29922128e-01   5.04099707e+03   1.48862152e+02
   1.13916786e+02   5.77338905e+01   3.26520233e+01   1.42866671e+00
   3.89018042e+03   3.52999420e+01   2.82961607e-01   1.23073883e+01
   8.10502881e+03   6.22447119e+03   1.13303604e+04   1.20200935e+02
   1.97962055e+01   1.91380084e+00   1.04854517e+01   2.21383560e+02
   9.20543579e+02   4.54002419e+01   0.00000000e+00   3.71660339e+02
   1.49681763e+02   0.00000000e+00   3.50218468e+01   1.96227917e+03
   1.19876623e+00   7.74438324e+01   2.30461884e+01   9.48313446e+01
   1.91313255e+00   3.66542587e+01   1.14636335e+01   2.41567291e+02
   3.93213005e+01   1.77797773e+04   1.96776714e+01   1.10744473e+04
   2.42814038e+03   7.75750916e+02   3.17603125e+03   3.52157173e+01
   2.95069800e+03   5.97227783e+02   4.05828979e+02   4.30359268e+01
   1.79664124e+02   0.00000000e+00   6.79649963e+01   6.40477905e+01
   0.00000000e+00   5.37805080e+00   8.26964493e+01   1.09531532e+02
   3.58721581e+01   1.77827966e+03   1.31154277e+04   9.43039703e+00
   5.30599823e+01   1.24124535e+02   3.47731781e+02   8.14811611e+00
   1.22145462e+01   1.44618857e+04   2.28514767e+01   2.27640667e+01
   5.59072037e+01   4.73972931e+02   4.32476611e+03   1.08072380e+02
   4.27621777e+03   0.00000000e+00   0.00000000e+00   0.00000000e+00
   2.16804531e+04   9.66590088e+02   7.44524689e+01   8.42924833e-01
   3.11149109e+02   2.57603058e+02   0.00000000e+00   2.25178204e+01
   1.48038940e+01   8.32554688e+02   2.95596509e+03   2.43867455e+01
   1.51040939e+02   2.34114355e+03   7.16552734e+02   5.05554886e+01
   2.33707504e+01   1.23878369e+03   1.33301387e+04   9.66284027e+01
   9.75627422e+00   4.16870975e+00   1.32054138e+01   1.53479294e+02
   1.53972845e+01   5.37385345e-01   8.32410059e+03   8.13851416e+03
   1.53585088e+04   1.38264060e+00   2.20398895e+02   1.03924919e+02
   2.73521533e+03   7.72457421e-01   9.40611328e+02   3.10226166e+02
   1.19193657e+02   1.61329766e+04   1.46542618e+02   1.76588647e+03
   0.00000000e+00   7.00114624e+02   2.83417969e+01   6.88837662e+01
   1.19107324e+04   5.92453003e+00   7.54904251e+01   0.00000000e+00
   1.69202149e+00   2.64785797e+02   2.51265259e+02   1.31194186e+00
   2.69971283e+02   4.81893799e+03   0.00000000e+00   2.76782617e+03
   3.73518829e+02   3.36871002e+02   2.96505200e+03   7.69913406e+01
   6.89814697e+03   1.00240688e+01   1.43399948e+02   7.79840927e+01
   4.63439827e+01   2.44390210e+03   3.33889046e+01   5.27495410e+03
   3.78985643e+00   4.52403665e-01   7.70339394e+00   4.64719775e+03
   4.88718491e+01   1.59419804e+01   5.22482529e+01   0.00000000e+00
   4.52648584e+03   3.92678619e+02   4.66323456e+02   7.76545068e+03
   3.11947662e+02   1.92829315e+02   1.85310022e+03   4.43495410e+03
   0.00000000e+00   7.88112695e+03   6.98852682e+00   6.20220985e+01
   0.00000000e+00   1.23444443e+04   2.45756416e+01   2.25670792e+02]
[  6.31969604e+01   8.10003540e+02   8.37601242e+01   2.40853577e+02
   1.45964737e+02   1.28464087e+03   8.04508743e+01   1.70748291e+02
   9.39768753e+01   3.01218758e+01   1.54167554e+03   3.86512390e+02
   4.31359277e+03   8.43235168e+01   4.28414941e+03   4.68967743e+02
   1.86737013e+00   2.04020157e+02   1.21419324e+03   2.21822617e+02
   1.43287201e+02   1.08857849e+02   5.47836133e+03   1.29924820e+02
   6.70490570e+01   5.58111115e+01   1.55161715e+01   2.71457996e+01
   8.16048926e+03   3.43756752e+01   6.74862576e+00   3.91489868e+01
   4.10815918e+03   1.70619751e+02   7.61108932e+01   4.90954987e+02
   9.20955957e+03   2.91545808e-01   8.20205152e-01   1.88714246e+03
   5.25855420e+03   6.70526550e+02   5.73851943e-01   3.20597649e+00
   2.30434036e+00   5.39946838e+02   3.34234619e+03   9.66907196e+01
   5.80985756e+01   6.00826950e+01   1.00538109e+02   1.29905167e+02
   1.06096460e+03   6.38195251e+02   4.23338501e+02   6.37896631e+03
   7.45849228e+00   1.21354446e+01   2.54825439e+03   3.03310400e+03
   4.17409619e+03   3.42341339e+02   6.88564111e+03   1.96515214e+00
   1.11130075e+01   5.74008850e+02   8.88176117e+01   2.68289764e+02
   2.22059116e+01   5.05385834e+02   1.58794116e+03   1.79440137e+03
   6.49363556e+01   4.69489899e+01   9.09618149e+01   2.03680505e+03
   1.01190323e+02   2.30642883e+02   5.52285205e+03   5.92682028e+00
   1.45728292e+01   1.22702805e+02   2.56928101e+03   4.01044312e+01
   1.80069458e+03   6.09197314e+03   1.44551514e+02   4.78079262e+01
   4.06253149e+03   2.98628082e+02   3.89484131e+02   3.38786682e+02
   0.00000000e+00   2.75843994e+03   4.88005543e+00   3.43666801e+01
   3.07536652e+02   5.63747168e+03   8.81244431e+01   7.39930267e+01
   4.96908188e+00   6.15043831e+00   1.09857071e+02   5.87373447e+00
   9.07889038e+02   0.00000000e+00   5.08385887e+01   6.40369580e+03
   4.26683057e+03   2.29977295e+02   7.58914429e+02   8.79580231e+01
   1.85089270e+03   9.15398499e+02   6.36380005e+02   3.27952790e+00
   2.82887440e+01   5.43173561e+01   3.19396826e+03   5.30041122e+01
   9.64758606e+01   3.13901636e+03   2.27262303e-01   5.84351196e+01
   4.45719004e+00   5.40248169e+02   2.79023590e+01   3.88714661e+02
   6.77783691e+03   0.00000000e+00   4.03750061e+02   2.92746387e+03
   7.70161377e+02   4.24576569e+01   1.04294521e+04   6.10432053e+00
   8.32239914e+00   4.35808990e+02   8.15276031e+01   1.06981754e+00
   6.29119141e+03   0.00000000e+00   5.65676392e+02   2.08360840e+02
   2.18765900e+02   6.25847578e+00   0.00000000e+00   9.55213451e+00
   1.63731098e-01   3.34713631e+01   1.50238764e+00   2.72614410e+02
   1.54326126e+02   2.29371118e+03   2.78342255e+02   2.55262646e+03
   1.35354126e+03   2.61141396e+00   1.39224988e+03   5.88320801e+02
   9.78076843e+02   3.04233521e+03   1.22152650e+00   2.14416794e+02
   5.70849756e+03   9.89069397e+02   2.60485474e+02   4.59802933e+01
   1.45464874e+02   2.27378003e+03   6.11188782e+02   9.55398202e-01
   4.24924805e+02   5.77203417e+00   9.22387848e+01   3.86071730e+00
   3.06049466e+00   4.97414307e+03   9.28166046e+01   7.65558929e+01
   1.33718338e+02   4.35070381e+01   3.19678211e+00   2.73253384e+01
   4.95185889e+03   1.35744047e+00   1.62452347e+02   2.85334110e+00
   4.94536281e-01   3.52845573e+01   6.38388968e+00   2.11363739e+02
   2.95465450e+01   2.23752396e+02   1.78937622e+02   2.32370026e+02
   6.23457298e+01   1.96775799e+01   4.39890404e+01   5.98773575e+01
   3.45040710e+02   2.74563934e+02   5.23324192e-01   4.87646389e+00
   3.06401558e+01   1.21583958e+01   0.00000000e+00   1.72097870e+02
   2.66305218e+01   8.02786636e+00   1.27597217e+03   1.03952042e+02
   0.00000000e+00   0.00000000e+00   4.84094238e+01   1.11767097e+02
   2.71959991e+01   7.00876099e+02   2.17628784e+02   5.09958801e+01
   7.28691101e+02   9.81858643e+02   6.96046143e+01   1.76879675e+03
   6.96320190e+01   1.51793976e+02   2.66467603e+03   1.69757156e+01
   2.90120654e+03   3.47396289e+03   3.20076245e+03   6.48379059e+01
   0.00000000e+00   1.33026871e+02   4.18686829e+02   9.37069275e+02
   1.37948413e+03   8.06914062e+01   3.39467920e+03   3.30420990e+02
   3.58032084e+00   4.78637161e+01   7.07394897e+02   2.78210416e-02
   7.50437683e+02   1.48700293e+03   5.43527710e+02   0.00000000e+00
   6.89665771e+02   3.92317986e+00   1.12341857e+00   3.18266388e+02
   1.28426526e+03   4.05794811e+00   5.77386093e+00   1.03674912e+04
   2.07492217e-01   1.66437424e+02   3.23397552e+02   4.80314140e+01
   6.14948340e+03   0.00000000e+00   7.71999414e+03   8.50751972e+00
   5.07901382e+00   1.85280487e+02   3.83221344e+02   1.32632007e+03
   1.89376068e+01   7.67096741e+02   4.32598076e+01   4.82778870e+02
   0.00000000e+00   0.00000000e+00   4.68091125e+01   5.11088676e+01
   2.62758980e+01   2.11117020e+01   1.22365210e+03   2.84618286e+02
   1.06458025e+01   1.17610947e+02   7.66386377e+03   9.90528393e+00
   0.00000000e+00   3.87275708e+03   2.73686768e+02   3.34652871e-01
   4.06031274e+03   7.31750565e+01   3.87535019e+01   1.08048105e+00
   3.19499908e+02   1.64569168e+02   5.52168896e+03   6.19301186e+01
   1.97045471e+03   1.53841675e+02   9.25259781e+01   6.71925293e+02
   2.70002124e+03   1.47064221e+03   1.00092709e+00   4.91351426e-01
   5.28538232e+03   5.20556738e+03   9.45119238e+03   3.81412689e+02
   2.70209312e-01   5.31338501e+02   3.32340271e+02   4.22053194e+00
   7.87331015e-02   7.32391815e+01   1.39201752e+02   6.18597961e+02
   1.08896228e+03   1.71824478e+02   4.43605927e+02   9.31315422e+00
   4.91391420e+00   1.06464771e+03   4.27937889e+01   5.84858105e+03
   3.46169434e+01   1.74166412e+02   1.16903259e+02   1.61043608e+00
   1.33775449e+00   4.93178444e+01   6.60405064e+00   2.49955101e+01
   9.45013428e+01   1.22802078e+02   2.75114746e+02   8.07135391e+00
   5.28378067e+01   5.63622375e+02   4.67971802e+01   2.40069238e+03
   8.56258545e+02   2.04996582e+03   2.21430469e+03   2.62829819e+01
   1.71054535e+02   1.57642773e+03   3.11144800e+03   6.53103943e+01
   1.35259186e+02   4.58466504e+03   1.55290546e+01   0.00000000e+00
   7.34436035e+03   4.12123642e+01   1.40553259e+03   8.52337265e+00
   1.43885815e+03   3.88997528e+02   1.29786804e+02   7.85395584e+01
   4.34859200e+01   1.19075603e+01   1.46024780e+02   1.24990381e+03
   1.38762537e+03   1.17485809e+00   5.30389328e+01   2.64994812e+01
   6.84506760e+01   1.37064171e+00   6.20659326e+03   4.31899357e+00
   4.50654694e+02   1.71027405e+03   3.22517306e-01   5.05217865e+02
   1.67237524e+03   1.13727275e+04   1.80467545e+02   1.99866867e+02
   7.96924011e+02   5.93905716e+01   2.10650970e+02   3.62104273e+00
   1.20485855e+02   8.43992386e+01   8.31351242e+01   2.95991028e+02
   1.74247156e+03   4.50825806e+01   7.26039355e+03   1.18789034e+01
   3.43352661e+02   7.23119583e+01   1.57007349e+00   1.17231995e+02
   7.65788746e+00   4.87007599e+02   5.91723785e+01   1.89332474e+02
   5.84989209e+03   1.63475372e+02   2.77834229e+02   5.92257715e+03
   6.28309131e+03   2.14176270e+02   7.79000122e+02   7.42560673e+00
   7.81550827e+01   1.00265957e+04   8.72640686e+01   1.39232092e+03
   1.71853302e+02   0.00000000e+00   1.52058592e+01   0.00000000e+00
   3.46554108e+02   3.22165161e+03   1.57954712e+03   2.09788818e+03
   2.56175964e+02   2.83839073e+01   2.88386322e+02   4.14413512e-02
   4.16766129e+01   2.78180065e+01   2.21099350e+02   2.31646680e+03
   1.22138635e+03   7.11822693e+02   1.23394980e+04   2.63031597e+01
   7.31189499e+01   2.86084229e+03   1.00244118e+02   3.06278381e+02
   4.19834424e+03   2.74663124e+01   1.53093643e+02   5.55087219e+02
   3.17041645e+01   2.43543720e+00   4.26527138e+01   7.12415161e+01
   5.36236389e+02   2.22983810e+02   9.22900009e+01   0.00000000e+00
   1.12634134e+01   1.26048622e+01   0.00000000e+00   1.58925195e+03
   1.12142871e+04   2.20644434e+03   7.78435745e+01   6.03906555e+02
   7.32094678e+03   3.72914093e+02   8.61061890e+02   3.75096369e+00
   4.23362976e+02   8.82606964e+01   8.64602757e+00   0.00000000e+00
   2.36215820e+03   1.10536719e+03   8.68239288e+01   9.11761621e+03
   1.02739863e+04   1.22291028e+03   6.42784238e-01   6.77292175e+01
   2.65408945e+00   3.07775970e+02   7.02987862e+00   1.55489648e+03
   1.82735489e+02   1.75309670e+00   2.91371174e+01   3.34127855e+00
   2.44273422e+02   1.73230176e+03   8.07757263e+01   9.91733093e+02
   1.50522522e+02   2.98370218e+00   1.27770109e+01   6.62011426e+03
   6.12808752e+00   3.76444778e+01   5.53944702e+02   1.26053137e+03
   0.00000000e+00   0.00000000e+00   4.29564209e+02   3.97425041e+01
   1.32764950e+01   1.49684680e+03   8.75154297e+02   5.80789600e+03
   2.65813892e+03   4.90187550e+00   6.70472473e+02   5.65926025e+03
   1.02841331e+02   0.00000000e+00   2.44565536e+02   3.91801660e+03
   5.81886902e+01   7.40316650e+02   6.38925209e+01   4.40548291e+03]
[  6.40952942e+02   2.70108986e+01   2.22400856e+00   1.54635725e+01
   3.61998863e+01   1.80722559e+03   3.11604557e+01   6.62895050e+01
   1.03084679e+01   6.62774414e+02   1.27247047e+01   7.12661819e+01
   4.85532379e+02   3.68351392e+03   1.71684998e+02   1.57708025e+00
   3.70384483e+01   8.26553772e+02   1.08683609e+02   7.75719833e+00
   1.06771603e+01   0.00000000e+00   9.03488693e+01   1.86006055e+03
   1.97638404e+00   5.31568003e+00   5.29096699e+00   3.35749092e+01
   7.01492386e+01   8.08177643e+01   3.99622841e+01   1.62612188e+00
   7.47880936e+01   2.10916367e+01   2.06621704e+03   2.21251758e+03
   1.71590066e+00   3.25420312e+03   2.94994698e+01   9.14390030e+01
   8.99147511e+00   4.58329697e+01   1.60287273e+00   4.30273094e+01
   9.19945717e+00   1.11270699e+02   7.16870850e+02   6.68636441e-01
   6.02280769e+01   1.00538883e+01   1.01044061e+03   0.00000000e+00
   7.15319681e+00   1.46874634e+02   4.35413599e-01   0.00000000e+00
   9.79755688e+00   1.12997885e+01   2.06305176e+02   1.03193398e+02
   1.32109985e+01   2.73443031e+01   2.02705612e+01   2.85623512e+01
   5.20138264e+00   1.24584923e+01   2.54716324e+02   7.35723114e+00
   2.20446777e+01   4.83966179e+01   1.72709770e+01   1.31941492e+03
   2.77489262e+01   1.54079746e+04   1.50953931e+03   2.11030626e+00
   2.15344543e+01   1.42099094e+01   2.81865139e+01   1.48859034e+01
   1.33135452e+01   4.37415581e+01   4.60162773e+01   1.83361797e+01
   4.85933800e+01   4.63388003e-02   1.27681201e+03   4.79150810e+01
   6.71581879e+01   2.75159760e+01   1.90165596e+01   2.39244556e+01
   1.81263313e+01   6.47073853e+02   2.57933868e+02   1.65812283e+01
   2.39218884e+01   5.51838531e+01   1.10543221e+02   5.61372299e+01
   1.68219790e-01   8.15448532e+01   5.76170158e+01   7.27094040e+01
   5.31532478e+00   9.33254623e+01   1.04220057e+00   2.53960547e+03
   2.86077290e+01   1.00832665e-02   2.78065887e+02   1.03637114e+01
   6.99080992e+00   9.28393250e+01   0.00000000e+00   6.64854169e-01
   1.62322845e+01   4.69466324e+01   4.13424707e+03   1.65625954e+00
   1.85034912e+02   2.75825043e+01   2.97289505e+01   1.84634173e+00
   4.68966150e+00   1.77790273e+04   4.57693768e+00   4.78137779e+01
   1.02330145e+03   3.80039093e+02   1.62897072e+01   1.51078598e+02
   1.51990662e+02   3.32188530e+01   2.27685718e+03   3.20459557e+01
   2.26406384e+00   2.28936839e+00   3.81551978e+03   3.32103310e+01
   8.02740669e+00   1.41216064e+03   4.08935308e+00   7.14600159e+02
   9.52155876e+00   1.20001625e+02   1.39833987e+00   2.52987228e+02
   1.36756683e+02   1.45032139e+01   8.32267761e+01   3.98584595e+02
   1.92086258e+01   5.06106720e+01   1.02589404e+03   8.41668930e+01
   1.23322544e+01   0.00000000e+00   6.67525196e+00   1.89059656e+03
   6.15811914e+03   4.92563477e+03   2.29401445e+00   4.69981689e+01
   4.94001961e+01   6.24920797e+00   4.69465599e+01   4.71451149e+01
   1.94908276e+01   1.88859577e+01   1.75768753e+02   1.94878197e+00
   1.70036316e+00   8.07427490e+02   6.55217590e+01   2.15395813e+01
   4.65006399e+00   7.41430044e+00   8.73110886e+01   1.28191833e+03
   3.91911804e+02   2.09766674e+00   1.53620703e+03   4.05539886e+02
   7.44149094e+01   1.00405922e+02   3.74212712e-01   3.93896222e+00
   3.04045792e+01   1.03569458e+02   8.46262436e+01   4.16202974e+00
   5.11457471e+03   4.40209656e+01   1.36820817e+00   2.87450676e+01
   1.13748312e+01   9.82734604e+01   8.83134384e+01   2.09578052e+03
   2.61790333e+01   1.06879246e+00   1.19966626e+03   4.25162125e+01
   6.33298016e+00   6.31115818e+00   2.42674707e+03   2.04595232e+00
   8.06771622e+01   3.76732910e+02   1.10552040e+02   8.97399485e-01
   3.33170105e+02   1.52702393e+02   1.32613174e+02   3.37521118e+02
   0.00000000e+00   6.54244614e+01   1.30879309e+03   3.42270935e+02
   5.48393846e-01   5.45455742e+00   2.24626708e+00   8.89077091e+00
   6.40377808e+01   1.22015137e+03   3.44382477e+01   9.57565155e+01
   7.23133993e+00   7.73684540e+01   3.48394203e+01   1.60224878e+03
   6.08167236e+02   2.26210571e+03   0.00000000e+00   0.00000000e+00
   9.89597168e+01   3.25879712e+03   2.99216431e+03   8.67405224e+00
   1.15383148e+02   7.52983551e+01   7.22048264e+01   0.00000000e+00
   7.68068027e+00   1.68027091e+00   2.81652051e+03   2.23085936e-02
   4.40575676e+01   5.62997513e+01   1.09956360e+03   5.24991379e+01
   1.48484497e+01   9.19715515e+02   2.49752548e+02   1.04931440e+01
   1.06061012e+02   8.91557922e+01   2.06971558e+03   1.24350311e+02
   1.52604401e+02   9.08838558e+00   2.09635300e+02   3.54708290e+01
   1.30194893e+01   4.04188961e-01   2.89162689e+02   7.59800005e+00
   1.12861109e+01   3.84056587e+01   3.84347412e+03   5.43217102e+02
   3.91528282e+01   1.84102106e+00   1.49607681e+02   8.33087921e+01
   3.99151978e+02   4.65951385e+01   2.56448193e+01   4.02091885e+00
   9.89714783e+02   6.85907745e+01   6.75872421e+01   1.67145984e+03
   9.68182907e+01   1.04893814e+02   1.28292999e+01   5.00587654e+01
   7.83239594e+01   7.86781311e+01   2.62470312e+03   1.24599091e+02
   2.82132244e+01   2.41815872e+01   4.20759048e+01   1.41770294e+02
   2.68497753e+01   1.12379968e+03   3.45633388e+00   5.27364014e+03
   3.04511719e+02   4.94276505e+01   2.80419751e+03   2.76040833e+02
   1.44702118e+02   2.09903458e+02   2.54043407e+01   3.01222717e+02
   4.65882301e+01   1.15909218e+02   0.00000000e+00   2.15638447e+01
   3.09649296e+01   3.49329224e+01   2.27354688e+03   3.52685890e+01
   2.93070459e+03   2.04181004e+00   8.65553223e+02   5.55971718e+01
   5.14454346e+02   3.02331715e+01   3.89784241e+01   2.99387512e+02
   1.11713524e+02   2.38142029e+02   3.64365053e+00   1.24454575e+02
   6.08829308e+00   2.65184174e+01   0.00000000e+00   6.72277985e+01
   0.00000000e+00   1.59558762e+02   1.70257263e+01   4.02444214e+02
   5.87592936e+00   1.11170959e+02   8.08709106e+01   4.51529846e+02
   2.81950874e+01   3.25528055e-01   3.28013611e+02   2.11777477e+01
   0.00000000e+00   7.49847889e-01   1.02432869e+02   1.24774241e+00
   5.56457090e+00   1.91136436e+01   3.58788147e+01   1.07399254e+01
   0.00000000e+00   1.49791779e+02   3.73975410e+01   5.26247559e+03
   6.20299644e+01   4.12774200e+01   1.73425262e+02   1.26868973e+01
   4.13647532e-01   1.73482834e+02   3.88047447e+01   1.60304070e+01
   5.82525818e+02   1.42206252e+00   2.09113274e+01   1.81934178e+00
   6.84147568e+01   1.33238192e+01   0.00000000e+00   4.60137543e+02
   8.67471695e+00   0.00000000e+00   4.21586571e+01   8.63638210e+00
   3.43000952e+03   3.87108135e+00   2.07794495e+01   1.58206215e+01
   2.77047787e+01   3.49777686e+03   2.15222119e+03   0.00000000e+00
   1.61262115e+02   2.57100925e+01   4.20274849e+01   1.81789547e-01
   5.83524590e+01   0.00000000e+00   1.45856177e+03   4.01886444e+01
   9.81615753e+01   9.95238571e+01   2.80492822e+03   7.50446167e+02
   8.75695557e+02   4.40872040e+01   3.11990948e+01   1.98330029e+03
   1.47015409e+01   1.03500576e+01   9.61997795e+00   6.50949955e-01
   1.52188675e+02   2.11194116e+03   5.15424919e+01   1.01242882e+02
   4.40061455e+01   1.16436867e+02   6.52656311e+02   1.41693530e+03
   1.11952105e+01   1.09054712e+03   6.31505676e+02   0.00000000e+00
   5.19183502e+01   1.29042892e+01   2.28330322e+03   1.98644485e+01
   1.98073975e+02   3.28054085e+01   1.15233452e+02   2.46787024e+00
   6.78102493e+01   2.19405762e+03   2.38349197e+02   6.26299820e+01
   1.50662764e+04   2.77630371e+02   4.47041206e+01   1.77257977e+01
   1.04481888e+02   1.34737256e+03   9.75235672e+01   2.32068140e+03
   1.89504834e+03   8.61416016e+01   5.96871033e+01   6.95116653e+01
   8.00657940e+00   1.17165710e+03   4.07698700e+02   8.09131851e+01
   3.90458412e+01   6.52226410e+01   0.00000000e+00   2.37400742e+01
   1.45452814e+01   1.48348236e+01   1.42964401e+01   8.33563137e+00
   3.51085615e+00   1.92017609e+02   6.91921082e+01   3.74870288e+03
   2.29240608e+01   6.01284863e+03   1.86696915e+02   1.80636597e+02
   1.17357010e+02   3.82838593e+02   2.11389725e+02   3.42845535e+01
   1.24317273e+03   8.39025211e+00   2.29568579e+03   1.74442200e+02
   2.39092922e+01   4.02089615e+01   3.38704529e+01   1.71250961e+02
   1.14698328e+03   2.98241357e+03   5.32603149e+01   1.26586548e+03
   8.14206791e+00   0.00000000e+00   1.14664412e+01   4.71361065e+00
   2.81380329e+01   6.33504410e+01   2.30594678e+03   1.94592845e+00
   7.86618652e+01   3.40875969e+01   2.76424809e+01   2.89999487e+03
   5.88181734e+00   0.00000000e+00   1.19379807e+01   9.48455963e+01
   1.03617325e+01   1.99504980e+03   8.13888977e+02   1.56624878e+03
   3.34991479e+03   9.38638229e+01   8.32455978e+01   2.61208954e+01
   2.53764380e+03   2.07939320e+01   2.51667118e+01   2.14263159e+03
   8.99162750e+01   2.95487091e+02   2.44947796e+01   2.69240387e+02
   2.37347656e+03   6.32788025e+02   3.05292725e+03   4.31555080e+00]
