bicycle
bus
car
motorbike
person
[ 21793648.       2984401.5      5831892.      17844142.       5489287.5
   2479809.5      4487698.5      2131112.5       811299.9375   8539966.
    805497.625    5135914.      14655010.       4490386.      19906780.
  12306766.      20541502.      15932971.       4506780.5      3554090.75
   4921380.5     21121124.       1862775.875    8717764.       9204016.
  14703704.       8486313.      11146145.       3186598.75     3633668.
   5456493.5     31788422.       9612637.       3339153.5     29901614.
   1143873.875    8532910.       4108866.25    11795861.       1120944.625
  10232492.      20272876.      43481288.       8705251.      15666753.
   4383941.      15273804.      22713678.       4059749.5     13678406.
  30643668.       4616538.5      3868619.       3397329.5      3770287.5
   1838279.125    3722625.75    13959336.        477006.        635181.75
    634476.625    1306544.75     1361075.75     4231857.5   ]
[  2.58112820e+07   1.69916100e+06   2.86101940e+07   4.37473812e+05
   3.12383525e+06   4.45069656e+05   6.91324150e+06   2.36712720e+03
   1.07504930e+07   2.29854141e+05   1.85788740e+07   1.01945660e+07
   9.73857344e+04   2.85344550e+06   8.33242800e+06   1.56347150e+06
   1.67554938e+06   3.04729780e+07   7.53140800e+06   5.52668800e+06
   6.22183750e+05   9.07857700e+06   2.46865575e+06   5.95412100e+06
   5.25571875e+05   7.11760550e+06   4.99642250e+06   4.37055375e+05
   1.15967550e+06   5.07542920e+03   3.41725520e+07   3.61174531e+04
   2.80932850e+06   1.49753210e+07   8.59644700e+06   3.22600300e+06
   3.13634219e+05   9.96109900e+06   2.60902240e+07   1.78414420e+07
   1.27468950e+07   1.90095000e+06   8.99481938e+05   1.66910088e+06
   2.36437400e+07   2.22256340e+07   5.80752875e+05   3.66439160e+07
   1.71840240e+07   5.79158800e+06   5.77915900e+06   2.48696580e+07
   2.49720140e+07   2.23414720e+07   1.19053475e+06   2.03162980e+07
   1.85961612e+06   4.39548320e+07   3.41623350e+06   1.06411912e+06
   3.49694960e+07   8.33272095e+02   2.25457900e+06   2.86466920e+07]
[  3.98296000e+06   8.36598350e+06   5.37745056e+02   1.38024406e+05
   2.83534297e+04   7.62986953e+04   4.68921445e+04   1.89220175e+06
   4.95519961e+04   5.17199906e+05   6.47823550e+06   6.22043633e+04
   1.52976475e+06   1.96190800e+06   4.23275156e+04   1.97839281e+05
   3.04581175e+06   4.03144281e+05   7.24752500e+05   6.91537688e+05
   1.85236675e+06   1.18483617e+05   8.63981400e+06   9.32382400e+06
   9.61192600e+06   0.00000000e+00   3.37835156e+05   5.62119875e+05
   1.80526538e+06   6.83509700e+06   1.75391660e+04   1.85811938e+06
   4.33746594e+05   3.70940425e+06   2.14120250e+06   4.40786550e+06
   2.98514344e+05   1.15663460e+07   2.37146125e+06   4.75037750e+02
   5.95480800e+06   3.89937188e+05   5.13678200e+06   1.18609960e+07
   8.72806000e+05   7.88693359e+04   8.62068400e+06   2.35595742e+04
   3.37760000e+06   6.87673062e+05   2.38435900e+06   1.01934367e+05
   2.90117050e+06   1.71635862e+06   1.02615880e+07   9.53682700e+06
   3.50348156e+05   3.44748594e+04   7.35123438e+04   6.41075039e+04
   5.43545312e+05   1.20964920e+07   8.49676800e+06   3.41569450e+06
   1.37841940e+07   1.85765725e+06   1.04024380e+07   6.74448400e+06
   6.71442031e+04   1.18426738e+06   6.19783650e+06   7.42072250e+06
   1.21664575e+06   6.35353688e+05   0.00000000e+00   3.77328525e+06
   1.40068875e+05   4.39900750e+06   1.62212425e+06   3.66865547e+04
   3.26253965e+04   1.54956050e+06   1.64734950e+06   9.85145752e+02
   2.90032575e+06   1.81395900e+06   1.56447525e+06   3.97596252e+02
   5.83829550e+06   1.37934938e+06   5.03960900e+06   1.60163662e+06
   1.22662367e+05   2.43418650e+06   1.03774938e+06   2.74840900e+06
   1.69929407e+03   1.79674588e+06   9.48110625e+05   2.85922062e+05
   3.33985875e+06   3.93866469e+05   2.61673328e+05   1.24459962e+06
   7.63902588e+03   2.93250188e+05   3.80823531e+05   6.82629375e+05
   1.53824888e+06   2.30033094e+05   8.92850938e+04   5.48427300e+06
   1.98785969e+05   1.85922150e+06   4.96482150e+06   7.50576150e+06
   9.82939609e+04   9.01138750e+05   2.91169250e+06   5.62269375e+05
   2.90688375e+05   2.12694175e+06   6.37756934e+03   1.93521038e+06
   2.32477925e+06   2.15525352e+04   1.53917460e+07   2.28455475e+02]
[  3.13799100e+06   1.23861438e+06   4.26655469e+04   0.00000000e+00
   1.93505352e+04   2.03760350e+06   1.35325850e+06   1.37063650e+06
   9.62868000e+06   5.41891800e+06   3.03562025e+06   3.08275325e+06
   8.79213625e+05   2.56359219e+05   9.47724792e+02   2.41687450e+06
   7.18051312e+05   3.31545250e+06   1.46386225e+06   1.34676943e+04
   8.03862800e+06   2.78121300e+06   3.03164312e+05   2.83368633e+04
   3.80237188e+04   3.64935219e+05   1.49551138e+06   5.55388900e+06
   8.42494609e+04   6.18185750e+06   4.62619678e+03   9.48503600e+06
   2.56871925e+06   6.36490273e+04   8.21959625e+05   1.48407212e+06
   5.39783375e+05   6.25767900e+06   7.72454375e+04   5.53919492e+04
   2.75753906e+05   2.82796016e+04   1.71098086e+04   3.32168906e+05
   3.08965938e+05   7.10283050e+06   1.74323738e+06   4.18141975e+06
   3.46166175e+06   1.31110350e+07   3.69413281e+05   4.31358300e+06
   1.19236588e+06   8.59387438e+05   1.85052750e+05   3.01068375e+05
   4.21304900e+06   1.27692662e+06   2.40139542e+01   9.03859938e+05
   3.54258000e+06   1.94578912e+06   5.78791600e+06   4.29648100e+06
   2.59075266e+05   8.01559900e+06   1.65130938e+05   3.98592400e+06
   2.14306325e+06   2.45277375e+06   6.76613625e+05   8.64814800e+06
   1.08490160e+07   1.11350275e+06   1.49130570e+07   1.47819473e+02
   4.42750650e+06   2.14272234e+05   1.14007610e+07   9.63304688e+05
   9.70150938e+05   5.59877773e+04   7.40222150e+06   2.01727162e+06
   5.01347539e+04   4.46724700e+06   1.46603900e+06   5.99541250e+05
   1.30808562e+05   8.30983375e+05   1.34614000e+05   2.63952850e+06
   4.44735469e+04   8.24244750e+06   4.66230031e+05   2.14877225e+06
   2.90898688e+05   4.87091900e+06   1.17389925e+06   7.24820650e+06
   3.02784844e+05   2.02366781e+05   1.07626530e+07   6.04580420e+03
   8.80658594e+04   1.11254300e+07   1.64682700e+06   3.57362900e+06
   8.27864150e+06   1.91598638e+06   1.21038535e+04   4.57208500e+06
   2.83485719e+05   1.54996310e+07   1.37408212e+06   1.00869662e+06
   1.43709844e+05   4.29435100e+06   9.31136094e+04   6.72454639e+03
   9.45346700e+06   3.47495500e+06   4.12606836e+03   5.99771950e+06
   6.03763150e+06   9.00499062e+05   6.65160150e+06   5.44453650e+06]
[  0.00000000e+00   8.34354431e+02   9.92661375e+05   1.23621074e+04
   0.00000000e+00   6.24479103e+00   3.28758057e+03   3.06231194e+01
   2.40357200e+06   1.17289229e+04   8.31388367e+02   1.64383325e+03
   1.52650146e+01   9.16398750e+04   2.32795566e+04   9.90761816e+03
   3.67013794e+03   8.63471875e+04   1.27298086e+04   8.03653828e+04
   3.89983406e+01   1.67797812e+04   7.55306250e+04   7.05048438e+03
   2.53840845e+03   1.30427478e+03   1.70223325e+06   0.00000000e+00
   1.56104211e+03   9.22822656e+03   1.05109818e+02   3.53743408e+02
   1.96267509e+01   8.73670000e+05   5.49674570e+04   1.04790519e+06
   1.83342200e+06   6.81444873e+03   1.41944466e+01   2.54492700e+03
   3.16595337e+02   3.70467847e+03   1.49994609e+04   1.69898562e+05
   8.40620898e+03   1.36558945e+02   1.67101990e+02   1.53238430e+01
   1.27127586e+05   3.52476719e+04   5.48541641e+04   5.77572083e+02
   1.41974750e+06   2.82656445e+04   1.56343155e+01   1.70025312e+05
   3.34940125e+05   4.50113156e+05   3.00341211e+03   1.72858887e+02
   8.58672969e+04   3.83566875e+04   2.71214570e+04   1.02668375e+05
   4.80922165e+01   2.71862461e+04   8.26051453e+02   6.12999451e+02
   4.86064307e+03   1.96700594e+05   7.24013500e+05   1.31082512e+06
   0.00000000e+00   1.74592383e+04   1.50121262e+02   4.13890747e+02
   2.10148398e+04   4.05934031e+05   5.49904812e+05   5.65957266e+04
   3.99076953e+04   3.81955957e+03   1.34141475e+04   1.71437634e+03
   7.45752438e+05   1.98699750e+06   6.93590812e+05   8.32065000e+05
   9.69228281e+04   5.26941528e+01   6.42943652e+03   8.81805625e+04
   4.57945062e+05   1.68188262e+04   3.00793457e+00   1.88655723e+04
   1.80210339e+03   1.61731266e+05   6.52995056e+02   2.88077051e+04
   4.91160195e+04   8.31362891e+03   1.67925462e+06   1.16673188e+05
   6.31062988e+03   7.61421240e+03   1.83500859e+04   8.96040726e+01
   1.00886902e+02   7.04907188e+04   1.05328350e+06   2.04315293e+04
   0.00000000e+00   4.47657305e+04   5.93604395e+03   2.22012109e+03
   3.29455299e+01   3.23583069e+02   2.27746289e+03   1.31632225e+06
   2.74323691e+04   0.00000000e+00   1.74623262e+04   4.19524707e+03
   9.70926074e+03   6.08779312e+05   1.63885193e+03   0.00000000e+00
   1.01083925e+06   2.37434844e+04   2.41968613e+04   5.38956152e+03
   8.37162598e+03   6.71221750e+05   8.92519379e+01   2.75383514e+02
   2.52654600e+06   2.85914438e+05   1.85873398e+04   0.00000000e+00
   2.93573486e+03   4.94722214e+01   1.65561113e+04   4.05114562e+05
   1.12704565e+03   1.43338138e+06   5.83510498e+03   2.36563550e+03
   7.81629688e+04   6.22179504e+02   3.86143750e+03   2.05529370e+03
   5.24447578e+04   1.80718422e+05   7.06695438e+05   3.88635010e+03
   2.12629810e+03   4.26467422e+04   1.34651575e+06   1.70136672e+05
   1.44751251e+02   2.01806391e+05   5.74413250e+05   1.08228682e+04
   2.79495410e+04   1.90726325e+06   5.78727688e+05   1.28984867e+05
   4.69676953e+04   1.05608150e+06   1.20824975e+06   5.07127100e+03
   9.01902148e+03   4.77128062e+05   1.73922705e+03   2.30364062e+04
   1.18298112e+06   4.27410986e+03   1.66436412e+06   2.46445293e+04
   3.31103656e+05   8.90743516e+04   4.77236250e+05   1.18722471e+04
   2.30969946e+03   1.01779727e+04   8.81833359e+04   4.62960254e+03
   4.53793438e+05   4.01485859e+04   3.23289282e+03   1.94090050e+06
   2.30499222e+02   7.37319875e+05   7.45075560e+00   1.51482825e+06
   6.73987256e+03   5.28046188e+05   1.67708012e+06   5.37105062e+05
   3.21734085e+01   1.56552512e+06   1.16833138e+06   5.08846741e+01
   1.56994094e+05   2.76167175e+02   2.33362442e+02   1.32563311e+04
   5.87636841e+02   9.66042438e+05   2.33899469e+05   1.24652625e+06
   7.65367920e+03   1.08523301e+04   0.00000000e+00   1.98668164e+04
   2.24482544e+03   4.81983344e+05   4.18022539e+04   2.90693512e+02
   1.79813980e+02   8.12503052e+02   1.72296289e+03   1.31969188e+05
   4.56103250e+05   0.00000000e+00   8.17848877e+02   9.58380938e+04
   9.19037598e+02   5.10769312e+05   1.15222061e+04   3.52892380e+01
   9.74323062e+05   1.28864844e+04   4.08085594e+05   1.15501007e+02
   1.34134130e+01   3.00411309e+04   4.41092781e+05   3.03325488e+03
   4.31998688e+05   7.82229500e+05   1.16555518e+03   4.62177124e+01
   7.12908047e+04   1.64066133e+04   1.49207251e+03   5.11046631e+03
   2.05777852e+04   2.25489707e+04   1.75618945e+04   7.10454041e+02
   5.45549268e+03   1.96379223e+01   3.38269458e+03   8.28012891e+04]
[  1.33641525e+06   9.79721375e+02   1.77335342e+02   2.00637341e+03
   6.62256188e+05   1.21495125e+06   2.86958406e+05   8.21827881e+02
   1.37562441e+04   7.89632080e+02   2.89097095e+03   1.52495244e+04
   6.29701074e+03   3.37904688e+04   3.12266479e+03   8.78788965e+03
   2.48137268e+02   7.39223633e+02   6.89862812e+05   9.17636562e+04
   0.00000000e+00   7.05215698e+02   1.34447037e+02   1.47535828e+05
   4.85341339e+01   1.26713867e+03   3.70469785e+00   5.03772969e+04
   1.34328760e+04   7.16505493e+02   3.51534336e+04   1.45356519e+03
   5.22914990e+03   8.83294766e+04   3.98552100e+03   1.93794570e+04
   7.08169824e+03   1.00407843e+03   3.15364160e+03   0.00000000e+00
   1.22839891e+05   3.57512109e+04   5.21836816e+03   2.67336523e+03
   8.07675439e+03   1.29807891e+04   1.21490742e+05   2.57222363e+04
   1.28934758e+05   3.01137354e+03   1.10678594e+04   1.14854004e+03
   3.78800537e+03   1.82521680e+04   1.33090219e+05   9.04380391e+04
   7.12690469e+04   3.84120062e+05   1.59862725e+04   7.35719604e+01
   6.60600732e+03   8.65225078e+04   8.17852249e+01   6.16042061e+01
   3.06740928e+00   1.29385918e+04   3.31369344e+05   2.29210800e+02
   5.62444214e+02   8.41594844e+04   7.12970312e+05   4.67053589e+02
   4.11893086e+04   1.42409336e+04   3.06889102e+04   2.56812832e+04
   2.27791348e+04   1.16590996e+04   6.71591953e+04   2.01734438e+05
   6.06066360e+01   2.85880908e+03   1.12570667e+01   6.63846484e+04
   1.42211450e+03   4.93699766e+04   4.38197174e+02   8.82892578e+03
   1.42882412e+04   1.38673271e+04   5.93666992e+03   5.80285059e+03
   4.79182930e+04   7.52532344e+04   2.18228302e+02   0.00000000e+00
   5.59050234e+04   1.32079300e+02   7.80885400e+03   4.94856680e+04
   3.85848907e+02   2.34675137e+04   1.06767975e+06   4.09842415e+01
   1.19685352e+03   2.92280996e+04   7.55838516e+04   6.80090781e+04
   2.57469023e+04   1.37877562e+06   1.59622177e+02   4.66456281e+05
   3.31122246e+01   2.94929230e+02   1.29433838e+04   4.68780742e+04
   5.16411182e+03   5.11464795e+03   9.42004102e+03   7.66663203e+04
   8.40342969e+03   3.27099396e+02   8.21621973e+03   1.58579656e+05
   3.34769653e+03   6.40870459e+03   3.88682485e+00   2.01256562e+04
   2.18566382e+03   1.48747375e+06   9.10084473e+03   3.26186621e+03
   1.07384414e+04   9.39780375e+05   1.11869202e+03   1.89094629e+04
   3.72201914e+04   7.67436062e+05   2.98672144e+03   4.64927406e+01
   8.41739178e-01   3.26584131e+03   1.84114180e+04   6.47589453e+04
   9.04217052e+00   1.41946338e+03   1.15076245e+03   0.00000000e+00
   0.00000000e+00   3.84374939e+02   1.21420984e+03   3.63120776e+03
   4.77535969e+05   2.54054902e+04   2.19803879e+02   1.92932672e+05
   2.52411575e+02   1.54332399e+01   1.02902920e+04   1.05699775e+06
   1.45692200e+02   2.33707397e+03   9.88344543e+02   2.72743015e+01
   1.14914383e+05   0.00000000e+00   1.32945750e+05   7.94303027e+03
   2.20632078e+05   1.27584312e+06   6.58819275e+01   0.00000000e+00
   5.90121436e+03   4.07567062e+05   3.20486375e+05   4.33425635e+03
   1.09408389e+04   1.67206824e+03   1.39139736e+04   6.12530098e+01
   2.36354922e+04   5.21620068e+03   1.27440853e+01   1.54413545e+04
   2.36073627e+01   1.55836255e+03   3.60160156e+04   9.92305762e+03
   3.09809521e+03   8.81779938e+01   8.00906500e+05   5.24721436e+03
   7.36284332e+01   4.61165186e+03   3.75761914e+04   3.09914136e+03
   5.51433242e+04   3.42785039e+04   1.77005969e+05   1.19649254e+02
   6.99182663e+01   0.00000000e+00   2.06577703e+05   3.45001484e+04
   1.40476533e+04   2.20249832e+02   1.26091348e+04   7.77592625e+05
   9.44437734e+04   1.13874662e+06   8.75084972e+00   9.29502441e+03
   7.21284912e+03   3.29692930e+04   3.42147949e+03   3.01902312e+05
   1.14218438e+05   3.03180933e+03   2.41364316e+04   3.45879834e+03
   3.77950293e+03   8.94417383e+03   4.91788623e+03   1.77499719e+03
   2.50291367e+01   1.14280422e+05   3.32718398e+04   1.36565674e+03
   6.74582214e+02   0.00000000e+00   4.97692184e+01   1.83967949e+04
   1.97431688e+05   1.92421716e+03   9.19448188e+05   9.04347168e+03
   1.66122717e+03   1.07456562e+06   0.00000000e+00   0.00000000e+00
   1.37924915e+03   1.06530615e+04   3.93346697e-01   0.00000000e+00
   1.60813202e+02   7.59837189e+01   4.96887734e+04   8.02441833e+02
   1.59245062e+05   1.54908564e+04   4.05222773e+04   9.11760547e+04
   3.21540801e+04   2.96762625e+05   2.98002695e+04   2.14152988e+04]
[  3.30355250e+05   6.46262344e+04   1.14807776e+03   7.96868774e+02
   4.32090188e+05   4.70001318e+03   2.25006875e+04   3.69051328e+04
   1.41137585e+03   5.82404250e+05   7.28324121e+03   8.09139844e+04
   1.94750156e+04   1.65165857e+03   5.73266504e+03   1.57091406e+03
   2.02201481e+01   1.23383721e+04   8.29589272e+00   1.60926404e+03
   2.70834058e+03   4.94490977e+04   1.77114023e+04   7.58058838e+03
   9.04855225e+02   5.60514795e+03   6.51668555e+03   5.94435977e+04
   1.42092969e+04   9.31707422e+04   1.67850922e+02   1.30699238e+04
   3.05209648e+04   3.00861738e+04   1.27707117e+03   2.43931934e+03
   3.47875719e+05   1.08253275e+06   2.80520825e+03   7.84516562e+05
   9.90020218e+01   1.47509509e+03   3.50511841e+02   9.04861406e+04
   7.21210889e+03   1.24064297e+04   2.17071826e+03   2.55297070e+04
   1.33264746e+04   6.95977722e+02   2.01609668e+04   7.52813062e+05
   8.93803940e+01   1.00169411e+02   6.17112793e+02   7.87955420e+03
   1.99106543e+03   6.53279258e+04   0.00000000e+00   7.38425488e+03
   2.19980005e+03   4.77365664e+04   3.24435376e+03   1.61570581e+03
   7.62720605e+03   3.00408125e+04   1.25325479e+04   6.42774561e+03
   1.67494750e+05   7.90382969e+04   9.53964160e+03   2.18739941e+03
   7.60408281e+04   1.47950547e+04   2.05107375e+05   7.61252188e+04
   1.77354156e+05   3.88695234e+04   4.76942773e+03   8.26960083e+02
   4.74898415e+01   1.10473572e+02   5.34671055e+04   8.93788879e+02
   5.69335430e+04   5.29734924e+02   1.67122234e+05   2.00797668e+03
   1.33873081e+01   1.14103784e+03   9.15384766e+02   7.82781982e+02
   3.59117656e+04   5.50314148e+02   9.92747266e+04   7.47078613e+03
   5.00868652e+02   1.03176859e+05   4.49644312e+05   1.14221492e+05
   2.18235137e+04   3.98686953e+04   5.17977844e+02   7.14481995e+02
   5.04606758e+04   3.38658936e+03   1.17971977e+05   7.34800781e+03
   1.84103729e+02   4.48122119e+03   2.20542812e+04   9.98359766e+03
   2.01082266e+04   6.43249414e+03   1.50957434e+03   5.80555156e+04
   3.38632324e+02   3.56537383e+04   2.32065332e+04   3.30622188e+04
   1.83881207e+01   5.61363375e+05   3.50130703e+04   1.09611711e+05
   1.13201084e+04   1.91242981e+03   1.03660967e+04   1.29734917e+01
   3.50868530e+01   3.45253418e+02   1.99338525e+03   2.78012988e+04
   4.15667334e+03   3.56081421e+03   1.05004395e+03   1.39973906e+04
   6.13121582e+03   6.28988242e+04   8.91234863e+03   9.36191956e+02
   1.56511139e+02   3.20136738e+04   3.01714844e+03   2.79547207e+04
   3.84756914e+04   6.15667188e+03   6.21197510e+03   1.05017042e+01
   3.87212305e+04   1.20384111e+04   7.99491211e+03   1.36282219e+05
   1.55178577e+03   2.18006391e+05   1.72593292e+02   1.51296064e+04
   6.15214336e+04   7.90952515e+02   7.66249375e+04   5.15934448e+02
   8.19549133e+02   6.60097107e+02   1.04636523e+04   3.79708252e+02
   2.60379492e+03   2.88705322e+03   3.18555078e+04   2.95044000e+05
   2.58306946e+02   4.28604336e+04   5.01229401e+01   2.54515820e+03
   1.25640979e+03   3.18776050e+03   1.00089912e+04   1.35107178e+04
   6.07674219e+04   2.01941431e+03   9.85259453e+04   1.85687129e+04
   9.37392273e+02   3.37866055e+04   2.61572412e+03   9.78223730e+03
   3.69552539e+04   7.62118408e+02   1.66479000e+05   1.12814319e+03
   1.18007391e+05   5.25492188e+05   5.87432734e+04   4.84184033e+03
   1.65404565e+03   1.05229086e+05   1.40757645e+02   5.31593994e+02
   2.34306230e+04   4.08896362e+03   4.61115723e+03   1.26318262e+04
   2.58278931e+03   4.01767883e+02   2.71164004e+04   2.68271188e+05
   3.49363984e+04   1.73002502e+02   8.39919434e+03   1.00943857e+04
   9.25416797e+04   5.03732920e+00   9.34497131e+02   7.78983740e+03
   2.35601660e+04   2.66484512e+04   8.15677812e+04   4.68184853e+01
   6.43561768e+03   7.20655713e+03   2.25789734e+02   1.18761719e+05
   1.49456143e+04   7.69976953e+03   1.53367158e+04   1.81251211e+04
   4.19931299e+03   1.25536528e+01   5.53551880e+02   8.87015527e+03
   2.29586670e+03   4.36241992e+04   1.07891973e+04   2.60020195e+04
   3.88778979e+03   1.61510273e+04   7.94848438e+05   2.42605737e+03
   4.09396533e+03   4.05139136e+03   5.31602875e+05   6.25702539e+03
   1.98835803e+03   8.90682526e+01   3.11146387e+03   3.38972687e+02
   5.97519688e+04   3.54091094e+05   6.63793564e+01   6.08379593e+01
   1.36139328e+05   2.98862344e+04   3.81617332e+00   6.17163281e+04
   4.21097021e+03   3.60603760e+03   1.46151306e+03   1.81560095e+03]
[  6.33775879e+02   1.58445049e+04   8.76804883e+03   7.46451660e+03
   1.31501392e+03   4.40898750e+04   8.44083939e+01   1.87331360e+03
   6.26114616e+01   3.12504845e+01   6.19830156e+04   5.68662402e+03
   9.85345825e+02   4.00052856e+03   6.75861279e+03   2.75274872e+02
   1.13568916e+04   1.05253867e+04   1.49009619e+04   4.34788232e+03
   7.88401489e+01   6.81762422e+04   3.83255200e+03   3.01173584e+02
   4.92570312e+04   1.75841562e+04   7.21882344e+04   7.58000195e+03
   4.02959805e+04   1.58975073e+03   7.66323633e+03   8.80421953e+04
   1.81539629e+04   1.93085254e+04   1.55620156e+04   6.38290898e+04
   4.89332695e+04   3.06708594e+03   3.09699306e+01   2.29979531e+04
   9.84152374e+01   8.05616641e+04   3.45114414e+04   2.59861133e+04
   2.54684998e+02   1.55708418e+04   9.01297168e+03   2.93864297e+04
   0.00000000e+00   3.12703184e+04   1.03231109e+05   1.60950659e+03
   0.00000000e+00   1.22432578e+04   2.14572676e+04   1.16935879e+04
   3.68980789e+01   8.66973145e+02   1.40836621e+03   1.04784509e+03
   3.68279968e+02   8.85221406e+04   1.40465078e+04   1.16814038e+03
   2.93827979e+03   4.91545068e+03   6.77901794e+02   1.27331551e+02
   7.30202100e+03   1.14168750e+03   9.98140723e+03   2.49492041e+03
   3.22508438e+04   8.25759033e+02   2.79146940e-01   5.42313660e+02
   4.09057648e+02   9.81823826e+00   6.35096289e+04   3.28079336e+04
   3.61316910e+01   6.47644385e+03   3.43426367e+03   4.91166602e+04
   1.09300903e+03   1.89518297e+00   8.15038223e+01   7.93457275e+02
   5.75675742e+04   2.30548730e+04   1.25388037e+04   8.39047394e+01
   8.75764375e+04   1.95103882e+03   1.22855664e+04   1.27830674e+04
   1.12275283e+04   8.79127274e+01   1.31051934e+04   1.73407461e+04
   2.60496606e+03   2.02289047e+02   6.93351016e+04   1.53378149e+03
   1.78052988e+04   2.12021855e+04   1.08962769e+03   6.15000547e+04
   2.97239355e+04   1.62079199e+03   1.50439102e+04   3.86679413e+02
   3.68407539e+04   4.11448212e+01   4.63123749e+02   1.77727480e+04
   0.00000000e+00   2.32709160e+04   1.58958340e+01   3.93137578e+04
   6.99127319e+02   5.81783164e+04   1.28459072e+04   4.78840967e+03
   4.35762891e+03   2.00487832e+04   2.58835205e+03   2.79106289e+04
   1.64942109e+04   4.42924121e+03   9.74931564e+01   1.84686973e+04
   1.50196016e+04   1.33628535e+04   1.29976260e+04   6.33922081e+01
   7.69524463e+03   2.01752014e+01   9.52429504e+02   3.45861435e+01
   2.65408242e+04   1.62833228e+03   8.16954736e+03   2.18355312e+01
   3.85374561e+03   2.13064774e+02   2.51893750e+03   5.92100000e+03
   7.07457336e+02   2.11535430e+04   2.96429316e+04   5.13148535e+03
   1.78125839e+02   1.72081079e+03   1.60909271e+02   1.02231896e+00
   5.64029175e+02   8.88897339e+02   7.60282288e+02   4.63639570e+04
   1.06519365e+04   4.70590283e+03   1.26451084e+04   1.48744612e+01
   4.58378008e+04   7.73577759e+02   5.62980703e+04   8.08928986e+01
   1.68617285e+04   3.05578340e+04   8.96454712e+02   9.16053125e+03
   1.00845928e+04   9.24568726e+02   5.65894258e+04   1.52402656e+04
   3.87893477e+04   1.94790295e+03   1.28013691e+04   6.16258621e+01
   3.22344160e+04   3.60609161e+02   7.43341211e+03   2.17979355e+04
   4.25248242e+03   2.58189492e+04   2.39758711e+04   1.13484336e+04
   1.59426624e+03   1.25779114e+03   2.33132715e+03   2.14929922e+04
   1.05115078e+04   9.63748516e+04   9.18115547e+04   3.32178008e+04
   3.95410693e+03   2.35704375e+04   1.09492383e+03   2.36734375e+03
   8.52342891e+04   4.44094482e+03   1.61900070e+02   7.22087969e+04
   5.88254102e+04   6.84812241e+01   2.64566113e+04   1.88618145e+04
   6.50065804e+00   3.28857827e+00   8.52598389e+02   7.17370789e+02
   2.96515778e+02   6.04746033e+02   3.37519375e+04   2.81901025e+03
   4.73551367e+03   9.11161719e+03   1.68690332e+04   1.44532188e+04
   9.04870801e+03   5.68938555e+04   2.33021832e+01   0.00000000e+00
   2.43089766e+04   4.73206250e+03   7.42129883e+02   2.13460088e-01
   7.95960815e+02   3.74548828e+03   9.61510391e+01   4.43033180e+01
   4.51371133e+04   2.66124258e+04   5.44622812e+04   1.28282373e+03
   3.40500664e+04   5.47647900e+03   1.22971504e+04   5.03687256e+03
   7.18320166e+03   3.53284844e+04   1.23571641e+04   5.50770352e+04
   9.99065796e+02   8.02380078e+04   6.47234570e+03   3.82948723e+01
   6.42928369e+03   1.57745684e+04   3.37981328e+04   4.03555000e+04
   2.04710693e+03   9.00621406e+04   2.83087695e+04   5.79476836e+04
   6.04011836e+04   5.90437744e+02   2.69287987e+01   3.54575039e+04
   4.75635508e+04   5.18257256e+01   3.63696436e+03   3.66164233e+03
   8.21368790e+00   1.24910176e+04   7.53039062e+02   5.72287617e+04
   1.53941045e+04   1.10896655e+03   0.00000000e+00   1.15766211e+03
   9.76976758e+03   7.62993555e+03   7.56880703e+04   2.02414980e+04
   0.00000000e+00   4.40968094e+01   7.09310938e+04   1.30886064e+04
   2.65884628e+01   1.61925391e+03   2.35980005e+03   8.66771406e+04
   1.60959570e+03   2.31464282e+03   1.36176071e+01   1.43753345e+03
   1.37491443e+03   5.72841797e+03   1.12431172e+04   3.71035913e+03
   5.03215898e+04   2.80575469e+04   4.84313477e+04   4.51147644e+02
   9.63626194e+00   6.59628105e+00   3.21060840e+04   3.67252031e+04
   6.16736460e+00   2.20587842e+03   1.31097129e+04   5.70536255e+02
   8.29703369e+02   4.12251914e+04   2.35908496e+03   1.91334595e+02
   6.14501328e+04   1.98341660e+02   1.77676483e+02   3.23623218e+03
   5.40252197e+02   1.63095361e+03   5.15224648e+04   8.15618047e+04
   3.52530060e+01   2.04171191e+04   4.79254736e+03   6.31514209e+03
   1.89008148e+02   3.00198413e+03   4.40336992e+04   6.44438672e+03
   8.06625625e+04   6.75047734e+04   9.66642969e+04   2.51729902e+04
   2.04514414e+04   4.44378723e+02   2.06580840e+04   1.20847148e+04
   4.90175625e+04   5.18101257e+02   2.17388748e+02   3.90865547e+04
   4.66173859e+01   2.28949980e+04   2.92454150e+03   1.22742920e+04
   4.06715742e+04   2.21430396e+03   3.38177832e+03   3.95443382e+01
   4.96445587e+02   1.05230332e+04   3.08781426e+04   3.11244843e+02
   7.36883789e+03   1.04216296e+03   4.98266504e+03   3.94042450e+02
   4.51389160e+02   4.97178047e+04   7.86692188e+03   1.09437048e+03
   9.87127656e+04   1.04023730e+03   2.45955449e+04   1.44428438e+04
   2.70001621e+04   6.13483438e+04   2.75892120e+02   1.35905640e+03
   7.33162988e+03   1.09446997e+03   5.54698750e+04   4.61287793e+03
   3.77201680e+04   4.21459570e+03   2.82467822e+03   3.44182544e+03
   2.57937031e+04   2.23072952e+02   1.68595508e+04   1.72163452e+03
   2.28579150e+03   6.73087256e+03   2.82818634e+02   2.93847748e+02
   1.52426211e+04   8.46814062e+03   1.70322952e+02   1.36394326e+04
   2.86749951e+03   7.21599951e+03   1.36359290e+03   6.13778760e+03
   1.97145837e+03   2.69351746e+02   2.25649341e+03   1.28872177e+02
   4.31360498e+03   8.23377344e+03   8.88882324e+03   9.58186953e+04
   2.19078384e+02   5.79729004e+02   6.05307007e+02   1.92809631e+02
   2.72271843e+01   4.98798926e+03   6.68593848e+03   4.80237969e+04
   1.49042529e+04   5.36108838e+03   3.53829028e+03   1.75945415e+01
   1.90258253e+00   5.68210335e+01   3.27371021e+03   1.29911406e+04
   3.27306226e+03   7.26831970e+02   2.63552969e+04   1.96097207e+04
   1.89281104e+03   1.80463340e+04   1.41351416e+04   1.35103496e+04
   3.89827515e+03   6.74986475e+03   5.60258838e+03   4.86684336e+04
   9.11003984e+04   9.64315039e+03   3.20493848e+04   3.55751953e+03
   7.79549297e+04   1.86518396e+03   1.57516312e+02   8.14218018e+03
   5.14239141e+04   4.02332383e+04   1.20037070e+04   5.41469629e+03
   1.41288345e+02   7.79372864e+02   1.14804346e+04   5.22684912e+03
   6.06941602e+03   2.40395947e+03   2.45107593e+03   9.79773617e+00
   0.00000000e+00   2.79310820e+04   6.16894073e+01   5.34314453e+03
   4.88514355e+03   6.29184414e+04   1.41795764e+03   6.77702578e+04
   7.71037646e+03   0.00000000e+00   3.88776855e+03   1.00942945e+01
   1.31654175e+03   2.04962070e+04   1.89343128e+01   1.90947266e+03
   1.99696671e+02   8.66968164e+03   2.05085876e+02   4.95172998e+03
   8.64503320e+03   5.81515742e+04   4.97952271e+02   8.13526344e+00
   1.86522180e+03   2.73293018e+03   6.02513313e+00   7.79528992e+02
   1.57754336e+04   1.12700325e+02   1.59924182e+03   1.47839087e+03
   2.71643281e+04   5.68791748e+03   2.29268770e+04   0.00000000e+00
   3.43143250e+02   1.41684180e+03   2.64908320e+04   1.87141016e+03
   2.21877129e+04   2.29476280e+01   7.15343811e+02   5.53098202e+00
   1.10972754e+04   3.76640045e+02   7.89979219e+04   6.50814636e+02
   7.73398730e+03   2.89595795e+02   4.93469922e+03   6.49729785e+03
   4.65130518e+03   6.88931797e+04   5.14454590e+02   3.93629570e+04
   3.31766211e+03   1.54037399e+02   5.69282532e+00   2.13622402e+04
   8.86747925e+02   5.38915078e+04   3.74069702e+03   2.76573110e+00
   2.87072559e+04   1.52291016e+02   4.11505188e+02   1.05050992e+05]
[  6.86501123e+03   6.73263330e+03   1.02232062e+03   8.38915062e+00
   2.03102793e+04   6.19741440e+00   1.87483281e+04   1.96668125e+04
   4.19800430e+04   1.59216537e+02   3.82074677e+02   1.13400615e+04
   5.27487297e+01   5.30632266e+04   6.40368799e+03   4.70783272e+01
   6.43934143e+02   2.84273950e+03   7.90108521e+02   9.40678589e+02
   2.74550317e+03   4.27130322e+03   1.39720349e+03   1.29153534e+02
   1.21149948e+02   1.33892471e+04   1.30813562e+03   9.48941113e+03
   2.52690405e+03   1.48920883e+02   4.63621616e+00   1.08811790e+02
   1.11942395e+03   0.00000000e+00   6.11095886e+02   3.46960266e+02
   7.02574890e+02   3.87975769e+01   2.13208477e+04   3.96723114e+02
   1.29966328e+04   1.44542798e+03   4.56890602e+01   2.74963652e+04
   2.92253345e+03   1.02407544e+03   3.44735938e+03   1.18629541e+03
   9.69755615e+02   4.83543060e+02   1.72885718e+03   2.22821083e+01
   1.91584671e+00   5.33400293e+03   6.52635071e+02   1.70072644e+03
   7.03097168e+03   2.82652100e+02   3.10134521e+02   2.30196228e+01
   0.00000000e+00   1.66367676e+03   2.45872192e+02   6.28392639e+02
   4.95301086e+02   1.72620560e+02   9.87432715e+03   4.16492432e+03
   4.50289492e+04   2.73075500e+02   9.10248566e+01   8.79037109e+03
   7.32029819e+00   5.55993848e+03   8.15417725e+02   1.49769678e+03
   9.89074469e-01   6.58946436e+03   3.66152771e+02   6.92969360e+02
   1.40812634e+03   5.53086523e+04   3.19991113e+04   1.26474180e+04
   1.02551343e+03   2.61430389e+02   9.67517090e+03   1.13715527e+03
   9.01789978e+02   3.41402649e+02   1.96442012e+04   4.32092334e+03
   1.44536475e+03   5.45675397e-01   9.37746973e+03   2.32458572e+01
   1.28884534e+03   1.26153828e+04   4.18518506e+03   6.61857227e+03
   2.48181470e+03   4.18399658e+03   1.09667773e+03   2.64604259e+00
   2.95833984e+02   1.75250024e+03   1.76402578e+04   3.78056984e+01
   2.59470684e+04   6.12605977e+04   1.57704968e+03   2.78084473e+02
   4.47729706e+02   1.97761182e+03   5.82052344e+04   2.10742773e+03
   1.03089929e+03   1.42887610e+03   4.32213936e+01   6.08507874e+02
   1.24971268e+02   3.38722900e+03   7.73437500e+02   2.09732151e+01
   2.99240156e+04   1.78274887e+02   2.97850659e+03   4.15569946e+02
   7.14091444e+00   1.08188340e+04   1.10579834e+01   1.72047363e+02
   2.09393768e+02   9.45456641e+03   2.05148184e+04   1.17150517e+01
   1.42030991e+02   6.60354065e+02   1.49875635e+04   1.74573660e+00
   7.28310547e+01   1.72474823e+02   4.82080615e+03   1.86524719e+02
   2.73245459e+03   7.79081787e+02   6.28454639e+03   2.46397227e+04
   1.55733643e+03   2.07352588e+03   4.36165625e+04   6.77249121e+03
   1.28707422e+04   9.89935059e+02   1.09093025e+02   4.60019609e+04
   3.43380420e+03   2.01202910e+04   1.75951135e+03   3.99830786e+03
   2.98613696e+03   8.41744238e+03   0.00000000e+00   2.46056305e+02
   3.22795762e+04   1.33393457e+03   6.35341875e+04   7.30401707e+00
   1.04985967e+04   6.62274072e+03   2.91569885e+02   3.40792139e+03
   3.68725117e+04   7.83229199e+03   4.57801914e+00   2.57973480e+02
   3.27545752e+03   8.57218445e+02   9.70768127e+02   1.52945129e+03
   4.25819414e+04   7.04112427e+02   3.27429626e+02   0.00000000e+00
   9.88956934e+03   3.56139648e+04   2.18511848e+01   1.19952173e+03
   1.44574371e+02   4.02624922e+04   1.05189685e+03   3.45317322e+02
   5.02032423e+00   4.59536836e+04   4.04616821e+03   5.55711084e+03
   5.58683548e+01   2.10868125e+04   2.71299286e+02   3.17758281e+04
   7.82459424e+03   4.22910614e+02   2.30681491e+00   9.72769165e+01
   1.53482559e+04   1.07283789e+03   8.79197006e+01   2.55088477e+03
   3.36819916e+02   6.59076807e+03   3.42386865e+03   8.71359253e+02
   2.69204858e+03   1.13946934e+04   2.60414492e+04   3.64924688e+04
   8.18801953e+03   1.64231308e+02   9.95405045e+01   2.37204258e+04
   7.53220032e+02   1.95622044e+01   5.70920947e+03   1.86404755e+02
   3.36198486e+03   2.21628685e+01   1.04530625e+04   4.42190820e+04
   1.37237292e+03   2.67909985e+03   3.45667539e+04   3.45499268e+02
   2.01076584e+02   4.73442871e+03   3.97831078e+01   6.27154336e+04
   6.57835078e+04   6.05751318e+03   6.03923531e+01   1.43745438e+02
   4.42337158e+03   7.13417419e+02   3.80975433e+02   2.30922266e+03
   9.00006055e+03   5.87755273e+03   0.00000000e+00   2.55851621e+04
   1.60262253e+02   1.80054413e+02   2.03332507e+03   1.96926308e+01
   1.19164199e+04   7.84362602e+00   7.45838547e+01   1.94746552e+02
   1.24191132e+02   4.32537476e+02   3.92190967e+03   1.24610273e+04
   5.44685205e+03   2.13150415e+03   7.53356384e+02   7.41735535e+02
   9.41559753e+02   9.55028125e+03   1.20509583e+02   1.75469785e+04
   4.00039502e+03   7.03532666e+03   2.75125763e+02   4.83726257e+02
   6.65200348e+01   2.56775879e+02   2.52166462e+01   2.14874992e+01
   5.87455029e+03   0.00000000e+00   1.64096997e+03   1.04628369e+04
   7.39904150e+03   1.72315613e+02   2.10932715e+04   0.00000000e+00
   6.22888870e+01   4.43395996e+03   1.48886566e+01   1.85107734e+04
   2.66156219e+02   1.19603333e+03   2.19815964e+02   5.65965283e+03
   7.99224766e+04   1.05088867e+04   3.50128296e+03   3.15685449e+03
   1.96395566e+04   1.41416968e+03   4.72108231e+01   1.37597937e+03
   3.44994469e+01   4.95955078e+03   2.56026680e+04   1.59444928e+00
   2.77278516e+03   1.16224824e+04   1.58776831e+03   6.89543906e+04
   2.09926895e+02   4.76329498e+02   2.63557068e+02   4.00579370e+03
   3.00191895e+04   3.66008263e+01   3.00574390e+03   2.66365112e+02
   6.16993594e+04   2.18842049e+01   7.34529800e+01   4.82474274e+02
   1.11740063e+03   7.51904248e+03   3.51880249e+03   3.08557363e+04
   5.51775469e+04   7.32094238e+02   2.84390796e+03   1.33897168e+04
   4.35992462e+02   1.12673006e+01   4.61193203e+04   2.43135913e+03
   9.55973282e+01   3.68901685e+03   6.48402344e+03   1.94901978e+03
   0.00000000e+00   1.04660664e+04   4.30639923e+02   8.28340683e+01
   1.79750117e+04   6.27192871e+03   2.09860376e+03   4.32129688e+04
   1.41341385e+02   1.78022375e+03   1.59281567e+03   2.69511035e+04
   4.18833047e+04   6.56731140e+02   6.06793098e+01   2.68609814e+03
   5.41000977e+02   1.24718762e+03   6.80956484e+04   4.15839805e+04
   1.93113745e+03   1.46332626e+02   8.85542676e+03   6.24898911e+01
   1.24193323e+03   7.86889587e+02   1.04220700e+00   1.39290283e+02
   8.23442969e+03   3.73718281e+04   7.33529785e+02   1.42917920e+04
   2.42725601e+02   4.22305781e+04   1.04023135e+00   2.36642212e+03
   1.65530103e+03   7.83544453e+04   5.24509399e+02   2.32539917e+03
   1.67446823e+02   6.31753113e+02   4.63771582e+03   7.30191553e+03
   5.51493359e+03   2.14361719e+03   9.00034943e+01   5.40147705e+02
   6.54917786e+02   2.65224863e+04   2.39179277e+04   7.27136572e+03
   6.44731094e+04   5.87724072e+03   4.84710979e+00   4.34882126e+01
   6.27925684e+03   1.04021836e+04   8.12575378e+02   6.47613379e+03
   5.73973633e+03   2.79987526e+01   3.48808105e+02   2.82347388e+03
   1.47377853e+02   5.09980518e+03   2.06048457e+04   6.41842529e+03
   3.64642407e+03   0.00000000e+00   7.12295391e+04   1.70571753e+03
   5.81238379e+03   3.23300552e+01   2.99598315e+03   1.11277557e+02
   4.00179370e+03   6.53373438e+03   5.29692612e+01   0.00000000e+00
   1.00009689e+02   3.01323071e+03   6.20724121e+03   3.91843597e+02
   1.94505347e+03   4.66038727e+02   3.13771667e+02   4.35156006e+03
   1.01788116e+03   3.13595469e+04   1.78291687e+02   1.10895622e+00
   3.25312720e+03   1.38482361e+02   3.46458179e+03   1.92497168e+04
   4.35236237e+02   1.71008514e+02   1.46268787e+03   1.85586743e+03
   1.42843164e+03   1.03947302e+03   2.34999844e+04   4.56455713e+03
   1.22515908e+04   9.95572510e+02   2.55172656e+03   5.19101904e+03
   1.91237946e+01   4.15044128e+02   5.57933936e+03   4.47029755e+02
   3.92051178e+02   2.71226135e+02   0.00000000e+00   6.75275330e+02
   1.67993546e+00   0.00000000e+00   1.60396758e+04   1.05547988e+00
   1.98073342e-01   1.83489136e+03   0.00000000e+00   4.13806183e+02
   3.36972681e+03   1.69264917e+03   4.73812549e+03   1.36309570e+03
   6.26522344e+04   1.77330352e+04   6.71370239e+01   3.04639380e+03
   2.32613525e+02   2.08811816e+04   1.85141055e+04   3.47346497e+02
   6.25250671e+02   1.15360123e+02   8.11339844e+02   1.06662266e+04
   2.39680176e+03   1.64065216e+02   4.30066742e+02   0.00000000e+00
   8.80026172e+03   8.19972656e+03   1.66574915e+03   1.43765152e+02
   2.46461426e+02   7.01517151e+02   4.02946211e+04   2.74391556e+00
   1.34332532e+03   1.83549362e+02   9.11523828e+04   2.65740991e+03
   5.34875610e+02   5.51799866e+02   2.69782233e+00   3.20791406e+03
   1.36498581e+02   1.03396347e+02   1.29342883e+03   4.39493262e+03
   1.79627087e+03   1.76424365e+03   1.64384022e+01   5.49372681e+02
   1.62967334e+03   6.74188047e+04   3.45307465e+01   1.30587415e+03
   0.00000000e+00   1.63597402e+04   5.25297266e+03   5.40266406e+03]
[  1.32510452e+02   9.95549805e+03   4.79674622e+02   1.51585242e+03
   1.32372668e+03   1.77691582e+04   1.25455597e+02   1.30878838e+04
   5.43929443e+03   3.11168457e+04   5.28612610e+02   2.00494064e+02
   4.61262646e+03   2.03057441e+04   4.59928174e+03   3.90086670e+02
   2.28346143e+03   2.33059033e+03   3.94666836e+04   2.56403259e+02
   3.25879955e+00   4.10538818e+03   2.05459320e+02   1.30016663e+03
   1.27844492e+04   2.02381516e+02   5.86218457e+03   3.00232124e+01
   3.79686462e+02   2.85399878e+03   1.97933154e+03   2.42197876e+03
   2.22873315e+03   0.00000000e+00   5.71043408e+03   6.07996140e+01
   2.82832977e+02   6.29185859e+04   1.22404299e+01   5.31218115e+03
   5.25720752e+03   1.51552383e+02   8.16867232e-01   4.41109894e+02
   7.62906787e+03   4.48711472e+01   4.73495605e+03   2.04068828e+04
   4.65701141e+02   9.04842224e+01   6.00586609e+02   1.68421967e+02
   4.01767197e+01   2.02074414e+04   7.53635791e+03   2.82619746e+04
   5.42595581e+02   4.64088574e+03   9.44369888e+00   2.07393140e+03
   3.45739868e+03   1.51687671e+03   1.00333655e+03   2.52989563e+02
   3.22384180e+03   1.11146118e+03   2.01347351e+02   1.36475418e+02
   2.47805237e+02   1.84168053e+01   1.14908508e+03   1.68191816e+04
   1.86963809e+04   6.24202728e+01   1.07568145e+04   9.12960052e+01
   5.31403999e+01   2.66452637e+02   4.45790710e+02   1.10366045e+04
   8.32459473e+02   3.70865859e+04   1.04877695e+04   9.77655273e+03
   5.06149766e+04   2.48738663e+02   3.22266675e+03   1.28673594e+04
   1.11591416e+04   3.12952012e+04   3.58471322e+00   2.53395288e+03
   5.45941010e+01   6.94619531e+03   8.99625366e+02   8.12358154e+03
   8.55411230e+03   8.99715328e+00   1.44559072e+04   7.20675110e+02
   1.29223518e+01   1.58856177e+03   5.27841759e+01   5.41110400e+03
   6.67008257e+00   7.84892273e+01   1.63651624e+03   1.38844775e+04
   1.01609545e+01   2.31986504e+04   1.03095203e+03   3.14902773e+04
   2.37236938e+03   7.93067856e+01   1.73157921e+01   6.21528687e+02
   5.56068665e+02   1.69534785e+04   9.14079346e+02   4.29931717e+01
   4.55914831e+00   8.43967407e+02   1.10609395e+04   3.65164978e+02
   4.81293518e+02   1.12255312e+04   2.57207886e+02   2.25400829e+01
   3.83722839e+02   1.46020340e+02   1.16518936e+04   1.03752991e+03
   1.31346695e+02   1.58938281e+03   1.25801257e+03   9.47571777e+03
   3.34239844e+04   0.00000000e+00   8.49716721e+01   1.15281258e+02
   2.89619893e-01   1.32887085e+02   1.18349976e+03   1.81957031e+02
   1.01758545e+02   3.05186719e+03   2.42515845e+03   0.00000000e+00
   2.65702209e+02   3.57137305e+04   1.34891464e+02   3.66957245e+02
   6.11856445e+02   4.33803662e+03   6.14562256e+02   2.11999219e+04
   2.15608788e+01   2.86577911e+02   5.37195496e+02   1.03909092e+04
   3.12186554e+02   1.02372272e+03   5.72334106e+02   1.29702759e+02
   3.96486133e+04   4.21410866e+01   1.72725403e+02   3.30278259e+02
   6.19551611e+03   8.38479199e+03   8.01320136e-01   2.49410267e+01
   7.73656934e+03   4.07399536e+02   3.55856056e+01   5.52522363e+03
   4.01082578e+04   4.79846985e+02   3.36136992e+04   2.31648169e+03
   1.91187266e+04   2.31023379e+04   5.00407028e+00   4.41985010e+03
   3.99882660e+02   0.00000000e+00   2.04531531e+03   2.61201050e+03
   6.67429352e+01   3.15225372e+02   1.86164749e+02   2.57751282e+02
   3.54662085e+03   8.67380371e+03   6.73777771e+02   1.35619561e+04
   1.17195422e+03   5.25159851e+02   1.09749779e+02   3.09296851e+03
   2.36018115e+03   7.45629639e+02   5.46195801e+02   2.59701061e+00
   5.42517285e+03   2.23673996e+02   4.81645068e+03   1.47487622e+03
   8.30696191e+03   4.35858867e+04   3.12903290e+02   1.30342419e+03
   5.71372705e+03   3.08811743e+03   5.55591965e+01   1.37165527e+04
   5.75035898e+04   2.07432678e+02   1.66330246e+02   3.86035327e+03
   1.54284609e+04   1.97457199e+02   6.41409302e+01   1.76937659e+03
   3.46179535e+02   1.68011417e+01   1.30835709e+02   1.74804382e+02
   7.60124817e+02   7.34054199e+02   1.28021030e+01   2.51323364e+02
   9.80446777e+02   9.98683739e+00   8.89691315e+01   7.82115173e+01
   2.44082672e+02   4.30668121e+02   1.35219275e+03   4.44869576e+01
   1.49486313e+01   8.68149185e+01   1.06817004e+03   1.77649141e+04
   2.74422832e+04   7.97329590e+03   1.59152786e+02   2.03161450e+03
   3.15653896e+01   4.35569183e+02   3.86465240e+02   2.23839401e+02
   9.56594434e+03   8.48488525e+02   7.11552191e+00   5.18990135e+01
   2.98057715e+03   7.24075317e+01   7.48775269e+02   5.12846336e+01
   6.60922546e+02   1.19530859e+03   3.42216553e+02   3.04344749e+01
   2.73282676e+04   1.07614319e+03   1.76621953e+04   1.14237646e+03
   2.30255786e+03   7.15032501e+01   1.09685738e+02   2.05927637e+03
   2.22161469e+02   8.35120316e+01   2.35157402e+04   6.89238159e+02
   6.78994446e+02   8.10620728e+02   5.85343750e+03   4.52115381e+03
   2.00013992e+02   1.69234192e+02   7.34199585e+02   5.52337617e+04
   2.34844263e+03   2.35591577e+03   8.32511523e+03   1.13696136e+02
   1.18295700e+02   1.73002676e+04   8.07489807e+02   6.65850037e+02
   1.27776729e+04   1.94621057e+03   1.53496002e+02   1.77008423e+03
   1.06946179e+03   8.21868042e+02   2.87135767e+03   1.02033291e+01
   6.65047932e+00   2.22572998e+02   9.90412012e+03   1.00773216e+02
   1.36227148e+04   5.13121211e+04   8.67112732e+02   6.29322021e+02
   1.76550842e+03   4.35572656e+03   1.74462366e+00   3.07530200e+03
   3.61566842e-01   3.41826074e+03   1.47128552e+03   1.23913486e+04
   4.14821991e+02   5.15286719e+03   1.35249023e+02   6.87589355e+03
   8.23882617e+03   3.10487969e+04   1.43573999e+03   1.89598359e+04
   1.19131920e+02   1.13560193e+03   4.08849316e+03   4.35790680e+02
   1.76778748e+03   2.06856888e+02   5.90798730e+03   3.51241968e+03
   0.00000000e+00   2.75233398e+03   1.27090263e+02   1.11172876e+03
   1.72916855e+02   9.09980859e+03   9.80527954e+02   2.45576641e+04
   3.08740273e+04   1.91694690e+03   2.69745972e+02   4.23334412e+02
   5.59726238e+00   5.85508545e+02   3.25730156e+04   1.49137390e+02
   4.81370459e+03   4.35040625e+03   1.74858020e+03   3.44466133e+04
   4.23368134e+02   1.68996997e+03   5.52725403e+02   1.26344620e+02
   1.24481846e+04   2.55679248e+03   1.17842920e+04   1.92421360e+01
   5.26660977e+04   3.80456573e+02   2.80559629e+04   2.00448425e+02
   1.15871553e+04   2.37738068e+02   1.08124855e+02   4.82768799e+03
   1.93115021e+02   1.92540820e+03   3.74042175e+02   7.47773804e+02
   2.02426941e+02   9.71166113e+03   2.32539261e+02   7.69745703e+04
   1.52968809e+04   1.18740002e+03   2.37550708e+03   1.64199597e+03
   1.30505829e+02   1.02456984e+05   5.16987305e+03   1.67910583e+02
   5.91040894e+02   7.58208984e+03   1.82279678e+02   1.36250620e+01
   2.24427466e+03   1.21224060e+03   4.45125391e+04   1.35591968e+03
   2.85973120e+03   3.54573242e+04   4.82686797e+04   2.10401932e+02
   9.86221237e+01   1.07744658e+04   4.82680322e+03   7.07177002e+03
   3.52742645e+02   5.62222070e+03   1.37716870e+03   1.93587512e+03
   5.85991402e+01   2.26772129e+04   5.55375633e+01   4.67037201e+02
   7.19068787e+02   1.08821619e+03   1.24686707e+03   6.32095605e+03
   1.02254717e+04   5.98474304e+02   1.07343652e+03   1.50561297e+00
   2.37149023e+03   1.53882446e+02   0.00000000e+00   8.96587372e+01
   1.71482483e+02   1.21586143e+04   7.78288965e+03   2.10947495e+01
   2.55991074e+02   1.56642249e+03   5.74969849e+02   7.26711731e+01
   1.92499817e+03   6.84429492e+03   4.57754883e+04   3.03327087e+02
   1.12268701e+04   3.88560577e+02   1.36992172e+02   3.99679230e+02
   2.27078552e+02   3.39309502e+01   2.12612617e+04   2.80690122e+00
   9.96848450e+01   4.21549606e+01   2.16242294e+02   1.39688263e+01
   1.30287600e+01   1.55283799e+04   1.25952881e+03   2.03164322e+02
   1.16095056e+03   1.75414961e+04   2.77600403e+02   8.95037537e+02
   6.37920685e+01   9.42888203e+04   2.89749824e+04   1.55972493e+00
   3.21582446e+03   5.83799463e+03   1.16527500e+04   1.20429150e+04
   1.20846309e+04   6.73329395e+03   9.80688574e+03   1.74232956e+02
   1.14232285e+04   2.70390698e+03   4.47414917e+02   5.63090576e+02
   8.52675171e+02   2.40445587e+02   1.86684023e+04   1.15925918e+04
   1.31547100e+04   1.17960127e+04   1.14853125e+03   1.20648773e+02
   1.05309656e+03   4.07674988e+02   1.46619751e+03   1.60833740e+04
   3.93298462e+03   1.37998032e+02   1.35192949e+04   4.79167137e+01
   1.05933404e+00   5.35501003e-01   3.81967065e+03   5.89368164e+02
   1.40512744e+03   1.94810596e+03   2.05006250e+04   1.78850879e+04
   1.45642002e+04   1.69280579e+03   3.26632416e+02   4.68294403e+02
   9.62838196e+02   8.26432724e+01   2.23361304e+03   6.61946289e+03
   1.72010215e+04   1.45395195e+04   1.17674522e+01   1.53326819e+03
   1.05622920e+04   1.90041641e+04   2.52255219e+02   4.89149399e+01
   8.46592834e+02   1.60012150e+01   3.20179062e+01   1.13541777e+04]
[  2.81392303e+02   2.40849037e+01   7.36909032e-01   3.69604541e+03
   1.37515121e+02   3.07149754e+01   1.91291845e+00   1.82519460e+00
   1.08135834e+02   2.42534027e+02   3.15530739e+01   6.61753235e+02
   1.07692347e+01   2.68269463e+01   1.94743671e+01   8.90842915e-01
   8.93486261e-01   3.06809601e+02   0.00000000e+00   0.00000000e+00
   1.38807312e+02   9.84571777e+03   4.14096582e+03   1.77575363e+02
   1.10379000e+01   0.00000000e+00   0.00000000e+00   1.58729834e+03
   1.65573730e+02   7.33369507e+02   4.51767188e+03   2.34855515e+02
   6.63800659e+02   2.02595016e+02   3.34065533e+00   1.06468506e+03
   3.13053966e+00   9.14748535e+03   7.08324524e+02   2.00139038e+03
   6.40730127e+03   5.01940002e+01   2.31250537e+03   1.14023547e+03
   2.79082623e+01   0.00000000e+00   1.37799597e+03   2.06940442e-01
   2.41495018e+01   2.43992634e+01   2.08364544e+01   1.83196960e+03
   0.00000000e+00   7.58972015e+01   1.79197021e+02   2.17948284e+01
   4.33191992e+03   5.73277740e+01   0.00000000e+00   3.65870789e+02
   2.54633942e+02   1.88782997e+01   1.56626701e+01   9.74974243e+02
   4.65717392e+01   1.98898718e+03   5.23084335e+01   5.40450096e-01
   2.41540817e+02   6.93089478e+02   3.46221313e+02   6.73980045e+00
   1.21350756e+01   1.26395477e+02   5.97446537e+00   9.28284851e+02
   3.71914357e-01   8.91718811e+02   1.50698483e+00   7.20092239e+01
   0.00000000e+00   4.10132294e+01   4.49976715e+02   4.25305481e+02
   1.35992477e+02   1.38233538e+01   6.29868126e+00   5.29742002e+00
   1.26889365e+04   1.73567917e+02   8.23576660e+03   8.51715164e+01
   7.96384131e+03   8.42392212e+02   0.00000000e+00   3.99474121e+02
   1.13252100e+04   2.07221746e+00   1.15171985e+03   6.16405258e+01
   9.83989136e+02   6.35541382e+01   9.71546650e+00   3.02568173e+00
   1.15387793e+03   1.13366943e+03   0.00000000e+00   2.97098572e+02
   7.94129276e+00   7.28474706e-02   7.52990723e-01   2.96178223e+02
   2.93062500e+03   4.66388965e+03   1.65963364e+01   0.00000000e+00
   1.19593420e+03   2.99187439e+02   2.82080603e+00   1.05934982e+02
   0.00000000e+00   6.80099182e+02   3.59924054e+00   9.12124634e+00
   2.44646778e+01   1.56725895e+00   9.90179157e+00   2.18412042e+00
   8.83622894e+01   7.15641907e+02   3.63573639e+02   1.22455872e+03
   0.00000000e+00   5.51220932e+01   2.87716583e+02   7.86576767e+01
   1.10964619e+04   1.15155151e+02   1.88187531e+02   1.73506851e+02
   2.99563281e+03   4.85593681e+01   6.32300644e+01   1.15434766e+03
   3.64402032e+00   1.60608232e+00   5.52687988e+01   5.62889051e+00
   2.44468498e+01   6.14758301e+00   3.19797039e+00   1.73450832e+01
   4.91181870e+01   7.88128042e+00   5.73894234e+01   2.36112709e+01
   6.99874329e+02   3.02495232e+01   2.20486784e+00   1.61577339e+01
   2.63389679e+02   1.62893028e+01   1.03514766e+04   9.93783813e+02
   1.49722375e+03   7.97174023e+03   0.00000000e+00   2.29174951e+03
   4.35733643e+02   4.57934766e+03   0.00000000e+00   9.73759277e+02
   2.37764511e+01   7.02583679e+02   2.04828243e+01   1.09841356e+01
   9.54573975e+01   3.59879518e+00   1.05815186e+02   0.00000000e+00
   1.99223442e+01   1.39405737e+03   0.00000000e+00   1.21897461e+03
   1.78429443e+02   4.77122656e+03   4.44163666e+01   1.83578300e+01
   4.39846045e+03   2.98309998e+02   2.09026489e+01   6.07830667e+00
   6.51811768e+02   2.17168793e+02   3.31679535e+02   2.63732452e+02
   4.66556854e+01   1.43433154e+03   1.73972498e+03   5.34325830e+03
   2.54703884e+01   1.15068301e+04   5.17902603e+01   4.13379860e+01
   8.75430298e+01   1.35324230e+01   7.85563171e+02   4.43624146e+02
   0.00000000e+00   2.74238672e+03   5.25607373e+03   3.09292511e+02
   0.00000000e+00   0.00000000e+00   1.23603065e+02   3.58486792e+03
   1.07795074e+02   6.66885681e+01   1.56431217e+01   3.68427658e+01
   8.04325333e+01   3.05114471e+02   6.45899658e+02   2.72584414e+00
   3.76424341e+03   4.97092236e+03   7.19362783e+00   4.40306435e+01
   1.48446236e+01   1.07357178e+03   5.64032440e+01   4.31491455e+02
   1.81950668e+02   7.88567139e+02   1.57615967e+03   7.33311081e+01
   1.04215424e+02   4.67739014e+03   0.00000000e+00   7.13492371e+02
   2.47722805e-01   8.53840527e+03   4.82490997e+01   1.20935068e-01
   0.00000000e+00   3.96610504e+02   6.91421631e+03   0.00000000e+00
   1.64995444e+00   2.45783558e+01   3.99389258e+03   7.03601608e+01
   3.91527710e+01   1.31635757e+02   2.05637112e+01   9.41897644e+02
   1.04888086e+03   3.89617538e+01   2.13594437e+00   1.02406846e+04
   5.25059433e+01   1.16687248e+02   0.00000000e+00   0.00000000e+00
   4.02059436e-01   5.25935841e+00   1.39989722e+00   1.31727454e+03
   1.00743304e+03   3.86578417e+00   4.94788790e+00   9.05503479e+02
   5.22768831e+00   7.31718066e+03   2.53051831e+03   5.55074005e+01
   4.09476562e+03   2.67080383e+01   5.25060654e+01   8.75840282e+00
   5.61753988e+00   5.14556641e+02   8.36617188e+03   2.00186951e+02
   6.84228277e+00   1.20626534e+02   1.92377563e+03   4.17577019e+01
   0.00000000e+00   4.94816542e+00   2.01417675e+01   3.95175842e+02
   1.28067017e+03   3.45086761e+02   0.00000000e+00   1.30366862e-01
   1.76485733e+02   1.53163635e+02   2.88980198e+00   1.10557041e+01
   4.06810913e+02   2.65209259e+02   7.71627393e+03   0.00000000e+00
   4.41809235e+02   0.00000000e+00   9.89484253e+01   3.87644231e-01
   9.58686230e+03   0.00000000e+00   1.01196982e+04   2.38187351e+01
   1.73492756e+01   0.00000000e+00   5.86988640e+00   4.60472119e+03
   3.45443896e+03   2.93747363e+03   2.57504028e+02   1.31785202e+01
   2.25878809e+03   2.01806602e+01   1.02243945e-01   7.54981155e+01
   2.68116608e+02   0.00000000e+00   8.97110825e+01   1.67636078e+02
   6.65273209e+01   1.44104218e+02   3.97686691e+01   5.78630811e+03
   2.62194538e+01   5.76070679e+02   2.40927612e+02   1.19017859e+03
   1.19188342e+03   1.31741443e+03   2.95056079e+03   1.06397621e+02
   1.58652747e+03   0.00000000e+00   9.85405426e+01   1.22369013e+01
   1.22872473e+03   0.00000000e+00   3.21943335e+03   1.17798195e+02
   6.90219421e+02   9.81873798e+00   4.31332445e+00   0.00000000e+00
   4.71331982e+03   8.24134159e+00   0.00000000e+00   6.01118317e+01
   7.44830127e+03   4.24316846e+03   5.77686865e+03   1.12419834e+01
   1.46772070e+01   0.00000000e+00   7.54362335e+01   2.11193100e+02
   5.27510498e+02   3.99948769e+01   0.00000000e+00   1.95045303e+02
   1.95083008e+02   0.00000000e+00   9.59369507e+01   3.13557959e+03
   1.53205681e+01   2.55887650e+02   1.69009094e+01   4.26524887e+01
   9.11853313e+00   2.32690096e+00   1.36909866e+00   8.24571228e+01
   1.05040489e+02   8.72419434e+03   1.19398384e+01   8.16871484e+03
   9.24886841e+02   2.51928125e+03   9.10590942e+02   1.68629166e+02
   1.77272742e+03   5.79258850e+02   5.83803406e+02   3.81571507e+00
   6.82378922e+01   0.00000000e+00   2.18467865e+02   1.99726391e+01
   0.00000000e+00   4.31458950e+00   1.03224907e+02   1.75103439e+02
   1.56471985e+02   1.34702856e+03   5.30197070e+03   2.68806839e+01
   9.99777527e+01   2.74640846e+01   2.10350693e+02   1.15331059e+01
   2.40199928e+01   9.73747168e+03   1.72163277e+01   2.73236980e+01
   5.66739120e+01   5.01704865e+02   2.34007983e+03   1.73265961e+02
   4.19443799e+03   6.06515169e+00   7.44707882e-01   1.03647327e+00
   9.36286230e+03   1.27015857e+03   6.96276245e+01   7.46725998e+01
   7.02945557e+02   1.74670197e+02   6.68756580e+00   4.69487801e+01
   1.08060169e+01   1.40807275e+03   1.78709863e+03   3.78056030e+01
   2.15303558e+02   1.85648669e+03   1.10706543e+03   1.72918873e+01
   1.34501247e+01   1.21122876e+03   6.81560107e+03   4.37144127e+01
   2.50880795e+01   9.66129208e+00   4.15088997e+01   2.84865936e+02
   5.67406883e+01   1.91158943e+01   7.37233691e+03   5.72347021e+03
   8.36561230e+03   3.16376376e+00   1.07900978e+02   1.63269165e+02
   1.39734314e+03   4.00894833e+00   8.88291870e+02   8.59520508e+02
   4.17722321e+01   9.76153906e+03   5.65158157e+01   1.85433093e+03
   8.76509011e-01   4.50077545e+02   2.64897275e+00   7.12159195e+01
   7.59036572e+03   1.14974022e+01   2.00359299e+02   1.14865875e+00
   6.57481179e-02   3.31158661e+02   2.54841934e+02   1.06682386e+01
   2.62961060e+02   4.99352051e+03   0.00000000e+00   3.79063062e+03
   2.36078400e+02   2.58163879e+02   3.49661108e+03   9.27137222e+01
   5.14166895e+03   1.90818832e+02   1.67342850e+02   5.54094276e+01
   9.30933285e+00   1.11416895e+03   2.01682091e+01   2.72260449e+03
   1.96406806e+00   2.22378998e+01   2.60738220e+01   2.30447559e+03
   3.97861603e+02   9.36499882e+00   2.89269409e+01   0.00000000e+00
   6.74924194e+02   4.62784973e+02   3.36292145e+02   5.59466113e+03
   4.30465965e+01   6.43063507e+01   1.39390735e+03   3.51523389e+03
   0.00000000e+00   4.91204883e+03   3.82889700e+00   3.54786469e+02
   1.13403223e-01   7.28378760e+03   4.98991442e+00   4.50143394e+01]
[  2.74817238e+01   5.51541870e+02   1.40953400e+02   1.97255264e+02
   1.48548355e+02   5.48932007e+02   4.83579712e+01   2.51453018e+02
   1.57385300e+02   4.44075737e+01   1.41477734e+03   7.61773926e+02
   4.40606348e+03   2.47762558e+02   3.01607251e+03   4.53712387e+01
   1.12275958e+00   1.25346764e+02   1.04233154e+03   3.18816467e+02
   7.72567978e+01   1.91499043e+01   5.20844238e+03   1.66520020e+02
   1.37928238e+02   3.77997742e+01   5.80232239e+01   1.76870060e+01
   3.28743335e+03   1.09149065e+01   1.24528055e+01   4.06348953e+01
   3.81078125e+03   8.48982925e+01   2.61114883e+01   1.34647827e+03
   4.57502832e+03   1.39216871e+01   1.97459078e+00   1.29834680e+03
   3.85350024e+03   1.05932458e+03   3.32840800e+00   0.00000000e+00
   5.18149376e+00   4.55524872e+02   1.38295935e+03   1.35121346e+01
   1.28518715e+01   7.98355789e+01   2.18383198e+01   3.74193230e+01
   1.58902197e+03   3.93652618e+02   8.19881836e+02   4.55323291e+03
   6.33554983e+00   5.02203798e+00   2.03654480e+03   4.02858423e+03
   2.54364893e+03   2.48926300e+02   4.84689160e+03   2.27953672e+00
   5.16526413e+00   8.17703613e+02   3.21187019e+01   2.57998322e+02
   7.82897377e+00   7.02381287e+02   1.23257434e+03   2.66228485e+02
   2.21869049e+02   7.81074295e+01   1.20506996e+02   8.74596680e+02
   1.07987045e+02   4.60793457e+02   2.63165747e+03   4.23356771e+00
   2.01403275e+01   7.41951447e+01   1.37009497e+03   9.85052109e+00
   1.12556104e+03   3.20095923e+03   1.79882217e+02   6.75278244e+01
   3.50181714e+03   3.16884369e+02   1.86126312e+02   2.43689865e+02
   0.00000000e+00   1.82406836e+03   2.90937462e+01   1.36065178e+01
   3.26999969e+02   2.65122095e+03   1.06264053e+02   2.62229004e+01
   3.04061565e+01   5.67268524e+01   5.14742317e+01   1.97595215e+01
   1.19560754e+03   0.00000000e+00   1.54549454e+02   6.49692334e+03
   3.35954541e+03   1.89171112e+02   5.83010315e+02   4.18091011e+01
   8.53516357e+02   1.44092090e+03   4.11559052e+02   0.00000000e+00
   1.08207069e+02   1.08339973e+02   1.28572656e+03   6.24959412e+01
   6.03535500e+01   1.63871765e+03   9.05622482e-01   1.54430180e+01
   2.97016220e+01   5.00632721e+02   7.83043594e+01   8.31686554e+01
   4.51497998e+03   0.00000000e+00   2.63224030e+02   1.78126392e+03
   9.15480103e+02   4.20397797e+01   4.95950635e+03   1.03114057e+00
   2.18943710e+01   9.03936768e+01   5.14281464e+01   4.57465589e-01
   3.18832031e+03   0.00000000e+00   4.28517700e+02   1.97722473e+02
   3.75552673e+02   9.60904217e+00   9.53507245e-01   6.56623173e+00
   2.23369420e-01   1.59040024e+02   8.12206805e-01   9.16581421e+02
   1.00427635e+02   2.69190942e+03   1.90305328e+02   4.60873138e+02
   6.78452759e+02   9.59219837e+00   1.02514355e+03   2.58410461e+02
   8.05942749e+02   2.46803320e+03   9.06768084e-01   8.49212585e+02
   3.25529370e+03   9.21310364e+02   2.77499115e+02   4.86294594e+01
   3.78436699e+01   1.73960291e+03   6.60277466e+02   7.09576070e-01
   4.11870850e+02   1.97647893e+00   1.62639351e+01   0.00000000e+00
   3.18499184e+00   3.30189111e+03   3.50780304e+02   8.77832718e+01
   6.65598297e+01   1.79285908e+01   3.35837078e+00   1.77081223e+01
   1.29542468e+03   2.37092352e+00   1.08236763e+02   1.20852017e+00
   1.81999607e+01   4.97741966e+01   1.39832325e+01   5.99606705e+01
   1.80828114e+01   1.60863525e+02   2.14918396e+02   2.04859802e+02
   1.17195015e+02   1.12353882e+02   3.15752220e+01   5.46137314e+01
   8.96914902e+01   3.94398132e+02   6.35562944e+00   4.31020832e+00
   7.17966614e+01   2.88139515e+01   2.15747213e+00   2.25661438e+02
   2.18104954e+01   7.27811737e+01   2.15810864e+03   8.15491104e+01
   1.43214786e+00   0.00000000e+00   5.99322662e+01   8.53617325e+01
   8.87361908e+01   1.03963513e+03   1.34333862e+02   9.08955002e+01
   3.69660156e+02   1.26829810e+03   8.38363495e+01   1.14506616e+03
   5.17303886e+01   2.87231946e+00   1.73512695e+03   9.67386169e+01
   3.06419360e+03   2.59416235e+03   2.09381689e+03   9.11481628e+01
   0.00000000e+00   9.83689804e+01   2.22289307e+02   1.15362476e+03
   9.76936157e+02   3.10750313e+01   2.33722974e+03   8.34514648e+02
   4.11605682e+01   1.62339153e+01   6.01071533e+02   0.00000000e+00
   5.02433319e+02   1.18562451e+03   5.68332520e+02   0.00000000e+00
   4.52349487e+02   5.93863726e+00   2.07064533e+00   6.24123718e+02
   1.12107410e+03   0.00000000e+00   4.33110809e+00   6.22658936e+03
   2.79038501e+00   2.00362228e+02   1.97485809e+02   1.32196030e+02
   2.97842920e+03   0.00000000e+00   4.68111865e+03   3.47917824e+01
   2.11102314e+01   2.27831375e+02   5.51023560e+02   7.34760071e+02
   4.24926186e+01   8.08772461e+02   7.69110565e+01   4.60725830e+02
   8.99150372e+00   0.00000000e+00   1.63194901e+02   5.27392616e+01
   9.32907028e+01   4.76731186e+01   3.45248108e+02   4.17677399e+02
   2.07474308e+01   1.36807995e+01   3.12776245e+03   3.79131927e+01
   0.00000000e+00   2.00392603e+03   3.03699585e+02   3.46586742e-02
   3.18594043e+03   6.12501831e+01   6.01536322e+00   0.00000000e+00
   6.21588989e+02   1.24340057e+02   5.02499072e+03   6.83106003e+01
   1.57164551e+03   1.97807785e+02   4.31481209e+01   3.56716248e+02
   2.46410571e+03   1.44144958e+03   1.01384897e+01   1.88314426e+00
   2.62519360e+03   3.71486060e+03   4.81684912e+03   4.10503784e+02
   4.56403404e-01   6.16332581e+02   3.31910156e+02   5.53965378e+01
   1.39855433e+00   8.15146637e+01   9.07890320e+01   7.54114319e+02
   1.40188245e+03   1.37543961e+02   1.59757126e+02   0.00000000e+00
   8.41459274e-01   1.25208887e+03   6.48791580e+01   2.62516211e+03
   4.36176376e+01   7.87986221e+01   3.23455238e+01   0.00000000e+00
   1.49939642e+01   3.10630096e+02   5.93244267e+00   9.77890015e+00
   7.33034363e+01   2.06299301e+02   3.23669586e+02   6.04428625e+00
   4.55829681e+02   4.35123920e+00   3.28898621e+02   1.59651257e+03
   1.60097302e+03   1.53364526e+03   1.01662372e+03   6.83171320e+00
   1.89648468e+02   2.04006454e+02   1.99708557e+03   4.17875557e+01
   3.81190376e+01   2.60910498e+03   2.03284073e+01   6.04301333e-01
   3.47799731e+03   1.02298059e+01   9.42452209e+02   7.43899107e+00
   2.66023022e+03   3.37387756e+02   1.24154081e+01   8.64563904e+01
   6.80277939e+01   0.00000000e+00   4.07156006e+02   1.06727698e+03
   2.17048926e+03   2.58739138e+00   1.09596085e+02   6.04715500e+01
   4.57003250e+01   1.79396038e+01   6.16202930e+03   2.07219791e+00
   5.44514099e+02   1.36266626e+03   4.49278498e+00   3.76434814e+02
   1.24141833e+03   6.68369043e+03   1.14126907e+02   2.72165863e+02
   6.26214111e+02   4.33193817e+01   1.05741089e+02   1.21819067e+01
   9.41988754e+01   6.34831390e+01   5.84256477e+01   2.18473873e+01
   7.99468079e+02   2.56141796e+01   2.63578857e+03   4.48670845e+01
   3.57101440e+02   5.63311653e+01   8.92325282e-01   1.33606369e+02
   3.13026524e+01   1.88438507e+02   1.05324844e+02   6.95177078e+01
   3.63250781e+03   1.71696259e+02   1.20719444e+02   2.50792383e+03
   4.24782471e+03   2.30289871e+02   6.86536011e+02   2.27698851e+00
   6.09888458e+01   7.29721484e+03   5.69130630e+01   1.25507385e+03
   7.78585510e+01   4.02138519e+00   3.60841141e+01   0.00000000e+00
   3.94517548e+02   3.62105103e+03   1.73066235e+03   2.64107202e+03
   1.70198883e+02   5.22698441e+01   1.74518890e+02   0.00000000e+00
   4.64041100e+01   1.71927223e+01   2.52616257e+02   3.00679297e+03
   1.15907849e+03   4.69948395e+02   6.15461768e+03   1.40376024e+01
   2.60698944e+02   2.22929614e+03   2.81312160e+01   2.87108704e+02
   2.54237720e+03   2.14834862e+01   4.23790314e+02   1.98196289e+02
   4.18595390e+01   9.68809795e+00   5.91573181e+01   1.29304749e+02
   1.66466614e+02   2.12255432e+02   1.23695679e+02   5.91889143e-01
   3.02020531e+01   3.84049911e+01   1.52128232e+00   6.81182129e+02
   5.23693994e+03   1.34792920e+03   2.17758827e+01   5.56620483e+02
   5.50673340e+03   2.98221436e+02   1.05827258e+03   1.85220614e-01
   6.39644287e+02   1.61329269e+02   6.98437500e+01   9.94489193e-01
   1.15594470e+03   1.10832666e+03   5.74461594e+01   5.73939453e+03
   6.65657910e+03   9.02946411e+02   2.79541403e-01   5.36046295e+01
   2.26019382e+01   3.90800903e+02   5.29763947e+01   1.61414093e+02
   3.21919403e+02   8.93489420e-02   3.10120182e+01   5.06966019e+00
   1.34056427e+02   1.83647498e+03   1.29674347e+02   1.41474988e+03
   7.61744385e+01   2.16918373e+00   1.96294441e+01   4.67153613e+03
   1.11069670e+01   5.41777496e+01   7.71427734e+02   1.60310193e+03
   0.00000000e+00   1.19053237e-01   5.21947632e+02   4.38922615e+01
   3.21929703e+01   1.03030103e+03   5.33209351e+02   3.17448682e+03
   2.38917236e+03   2.27317028e+01   4.15615875e+02   4.52501660e+03
   1.26879883e+02   0.00000000e+00   2.95689545e+02   3.99262842e+03
   1.34272446e+02   2.77951660e+02   1.22407333e+02   3.72323047e+03]
[  5.98780945e+02   2.73574619e+01   1.75669873e+00   2.18101311e+01
   8.39133682e+01   1.73378418e+03   4.78269157e+01   6.90655441e+01
   6.28314495e-01   7.24162964e+02   3.59001350e+00   9.24091187e+01
   4.13368988e+02   1.76964697e+03   2.27104156e+02   2.43415490e-01
   3.33611221e+01   3.32110321e+02   1.00790024e+02   4.77340132e-01
   5.43651247e+00   1.83862209e-01   1.77895599e+02   5.25317932e+02
   6.10773802e-01   1.24723072e+01   2.50795984e+00   7.33849716e+00
   1.83721085e+01   8.21427460e+01   2.13309097e+01   2.93442321e+00
   1.05731102e+02   1.96698208e+01   2.01065637e+03   1.34463611e+03
   6.53579664e+00   1.20780505e+03   1.80248203e+01   6.97566910e+01
   6.36820459e+00   3.96731071e+01   6.45063705e+01   7.39194260e+01
   6.09054661e+00   1.20528389e+02   1.78628174e+02   5.99012375e-01
   4.82592506e+01   1.92321892e+01   1.05044775e+03   1.66538760e-01
   1.21133060e+01   1.20591293e+02   2.91837573e-01   4.28947945e+01
   1.66355591e+01   9.92117882e+00   1.45984329e+02   3.53110260e+02
   1.23550854e+01   9.99803619e+01   1.50101547e+01   3.95772285e+01
   7.06768036e+00   3.39885101e+01   5.74449120e+01   1.32161388e+01
   2.97436118e+00   7.63912430e+01   2.40317421e+01   9.19735168e+02
   1.72953739e+01   1.07425742e+04   1.23131726e+03   2.47359219e+01
   1.99557819e+01   7.72179031e+00   2.24201832e+01   8.32966900e+00
   3.46835542e+00   3.16744843e+01   1.58332529e+01   2.08747768e+01
   4.94160347e+01   4.03216481e-01   9.67775208e+02   2.84205875e+01
   6.72339096e+01   3.72617683e+01   1.02848717e+02   2.33202705e+01
   7.88640499e+00   7.90576721e+02   3.16782532e+02   4.78654289e+01
   2.10496464e+01   9.37267303e+01   6.46585770e+01   8.43395309e+01
   5.39561272e-01   7.44942398e+01   9.09131165e+01   2.79338551e+01
   8.04545403e+00   7.41153717e+01   2.07806360e-02   1.05112976e+03
   1.92222786e+01   0.00000000e+00   7.95694214e+02   1.05066357e+01
   1.14169369e+01   1.63977036e+02   0.00000000e+00   0.00000000e+00
   2.39220428e+01   1.85522270e+01   1.83266577e+03   2.70258212e+00
   1.99821335e+02   1.06547394e+01   6.86208649e+01   2.20722961e+00
   3.23133945e-01   1.03012812e+04   3.44235587e+00   1.21116037e+01
   1.64033679e+03   3.13928413e+01   1.81729088e+01   1.42691040e+02
   1.17209770e+02   1.24982185e+01   3.32451074e+03   2.51383896e+01
   4.53240585e+00   5.81288576e+00   2.43223340e+03   3.66814842e+01
   4.38551474e+00   1.04482117e+03   5.15841913e+00   9.42980408e+02
   2.61469250e+01   1.02647461e+02   1.94384937e+01   3.62002258e+02
   3.59560577e+02   1.27503576e+01   3.14498081e+01   1.48623398e+02
   6.57932329e+00   5.15905609e+01   6.16032532e+02   5.08441658e+01
   6.47916412e+01   0.00000000e+00   1.66315708e+01   1.14102051e+03
   4.47071924e+03   1.67342908e+03   2.49015045e+01   8.04783630e+00
   5.20535316e+01   2.50788536e+01   2.63126068e+01   2.87615547e+01
   1.51009436e+01   2.43441944e+01   6.80374680e+01   2.70624340e-01
   3.56618500e+01   4.29095673e+02   1.45786133e+01   4.39165764e+01
   2.83567371e+01   2.21779518e+01   6.42767181e+01   9.56787842e+02
   5.48334534e+02   5.18017044e+01   4.71269928e+02   1.01347328e+02
   4.72200508e+01   7.71317291e+01   2.56971097e+00   8.23076248e-01
   4.59045410e+01   1.11120239e+02   1.14486992e+02   2.49402499e+00
   2.98446289e+03   1.09015800e+02   1.80772924e+00   1.68553352e+01
   2.19763031e+01   9.58737793e+01   5.98152885e+01   8.64379028e+02
   1.11852219e+02   6.52955627e+00   1.11510791e+03   4.88003731e+01
   1.56982870e+01   1.49777346e+01   1.14703064e+03   6.86875105e+00
   4.99936905e+01   4.28232758e+02   7.46816025e+01   1.03969479e+01
   3.73094818e+02   5.44157524e+01   4.97110672e+01   2.44068771e+02
   0.00000000e+00   1.18031898e+02   2.02431030e+03   2.08700668e+02
   0.00000000e+00   1.08032026e+01   5.27280617e+00   2.70099277e+01
   7.27123108e+01   1.00294562e+03   8.02211533e+01   2.27989349e+01
   5.43824530e+00   1.35028229e+02   3.70184822e+01   1.00104993e+03
   5.27844910e+02   1.99618396e+03   0.00000000e+00   0.00000000e+00
   1.42098495e+02   1.33156360e+03   3.24332129e+03   4.52538872e+01
   2.23872986e+01   4.65228653e+01   3.97581635e+01   0.00000000e+00
   3.08460579e+01   1.17755294e-01   1.01417627e+03   9.13870484e-02
   1.73796677e+02   2.49205704e+01   7.16829895e+02   3.89729156e+01
   1.43179340e+01   7.22589600e+02   9.20738831e+02   1.75270641e+00
   1.31770050e+02   8.44596634e+01   2.37683447e+03   9.92930222e+01
   6.46444626e+01   2.13811665e+01   2.29899261e+02   3.85522766e+01
   3.34409561e+01   1.13647950e+00   1.24950256e+02   2.22659645e+01
   4.85209274e+00   4.39653816e+01   2.09939404e+03   2.76429199e+02
   2.14919624e+01   2.22440414e+01   2.15154633e+02   6.31111412e+01
   4.13824005e+02   1.99421253e+01   1.47217283e+01   7.02549362e+00
   7.87204163e+02   1.58427292e+02   3.70948792e+01   1.06382971e+03
   3.27450790e+01   2.92643280e+01   7.01430750e+00   2.51761322e+01
   4.74631042e+01   7.84719086e+01   1.88382935e+03   8.31939468e+01
   2.25494175e+01   3.53473511e+01   1.98955746e+01   3.84501740e+02
   1.45150604e+01   1.06593787e+03   3.59926414e+01   2.93102881e+03
   1.15673103e+02   1.43373508e+01   1.73973987e+03   3.48946594e+02
   1.26739296e+02   3.92452637e+02   4.02133446e+01   5.64975525e+02
   3.04674435e+01   1.51402451e+02   2.62992948e-01   2.74225235e+01
   2.90885868e+01   3.26503639e+01   3.09244312e+03   4.59839706e+01
   1.78059985e+03   0.00000000e+00   7.47603577e+02   9.39647980e+01
   2.61771221e+01   2.08361301e+01   6.11740265e+01   1.37833588e+02
   9.25817642e+01   1.23492943e+02   5.40544128e+00   7.77873688e+01
   8.10910988e+00   5.08902435e+01   0.00000000e+00   9.48753452e+00
   0.00000000e+00   2.90622009e+02   1.61970577e+01   4.48907776e+02
   2.92660022e+00   1.19238434e+02   9.40931244e+01   1.70536346e+02
   1.52841156e+02   0.00000000e+00   1.72011719e+02   1.86685867e+01
   0.00000000e+00   8.30181122e-01   7.88224487e+01   2.21690273e+00
   7.60786438e+00   1.96370926e+01   8.74831543e+01   2.51138949e+00
   0.00000000e+00   2.08781540e+02   1.70645885e+01   4.86657275e+03
   9.28974457e+01   3.85860558e+01   3.47272644e+01   2.42118950e+01
   2.52173781e+00   1.73711761e+02   4.39629555e+01   2.36910400e+01
   8.40395386e+02   6.97496223e+00   4.57378540e+01   9.08951569e+00
   7.23917313e+01   1.37268715e+01   4.84192550e-01   5.11092041e+02
   3.07109871e+01   0.00000000e+00   2.41367188e+01   1.31252069e+01
   2.03088489e+03   6.59511626e-01   2.31284542e+01   1.26563377e+01
   8.45272675e+01   1.59896338e+03   1.83064111e+03   1.31692693e-01
   5.74161804e+02   7.33613358e+01   2.96289597e+01   5.78987338e-02
   2.22767258e+01   0.00000000e+00   1.73957788e+03   7.18559952e+01
   2.28599472e+02   1.06777412e+02   1.70897949e+03   4.34168640e+02
   6.52384888e+02   5.34384499e+01   2.29416294e+01   1.54303564e+03
   9.42890472e+01   9.64390182e+00   9.16074753e+00   2.75769877e+00
   2.49789932e+02   1.26182971e+03   1.63934956e+01   7.92090530e+01
   9.49542770e+01   1.89248840e+02   8.21559814e+02   7.65937805e+02
   3.97863173e+00   3.28351318e+02   4.00526917e+02   0.00000000e+00
   4.02872696e+01   2.13595638e+01   4.82228577e+02   5.24889641e+01
   4.15783813e+02   2.22268982e+01   6.83709641e+01   8.46038628e+00
   4.12797775e+01   1.25252161e+03   2.43406586e+02   4.91270485e+01
   9.39543359e+03   1.74536240e+02   3.89135170e+01   1.72785015e+01
   1.03029083e+02   8.94447327e+02   7.41171112e+01   2.39219507e+03
   1.15876880e+03   1.30259506e+02   2.02938900e+01   1.87567654e+01
   3.03667951e+00   1.12612585e+03   2.37927612e+02   9.16610413e+01
   6.17246246e+01   1.92695103e+01   1.34535551e+00   7.07513962e+01
   5.10645866e+00   2.49999237e+01   1.53706493e+01   1.74722157e+01
   8.29694653e+00   2.26747086e+02   9.51500473e+01   3.86202637e+03
   4.47642593e+01   2.22256665e+03   1.30556641e+02   1.15387489e+02
   4.12675362e+01   3.68856964e+02   4.24976540e+01   5.94861507e+00
   3.56114746e+02   4.65634727e+01   1.84747351e+03   9.96500778e+01
   1.33560114e+01   6.74467373e+00   2.96386318e+01   2.93915710e+01
   1.04836963e+03   1.09766663e+03   5.89793282e+01   1.36558752e+03
   1.34918556e-01   4.89038289e-01   6.24214745e+00   7.86350429e-01
   3.52745819e+01   4.40550880e+01   1.04543091e+03   1.01953578e+00
   6.75967484e+01   5.32916451e+01   4.00857048e+01   1.43543420e+03
   8.41174316e+00   0.00000000e+00   2.63158760e+01   1.36479706e+02
   2.46735859e+01   1.25102295e+03   5.13274963e+02   6.25797974e+02
   1.42988452e+03   2.83663422e+02   4.87324562e+01   2.06509819e+01
   9.05923096e+02   2.16552505e+01   2.84934597e+01   1.37145093e+03
   5.22380524e+01   1.15883080e+02   6.35768366e+00   3.85335602e+02
   2.59720776e+03   4.44132904e+02   1.60157947e+03   2.24280334e+00]
