bicycle
bus
car
motorbike
person
[ 21828080.      3209543.     24771722.     17584780.     27223216.
   1579230.25   13027430.      4661516.      5806150.5     8790286.
   3200484.     19318288.     26488088.      7454984.5    20356706.
  11622406.     20789272.     17137170.     24190728.      7597190.5
   4383085.     23368412.      2452293.     23864004.     10517094.
  14811599.      8497627.     11328675.      3843476.25   11242690.
  17795924.     34681456.     32497430.      2176379.25   29379262.
    417639.375  18956650.      3483403.75   11148302.      1726883.625
  10817497.     22272240.     43252160.     33616156.     14677312.
  17078020.     15229657.     24447980.      3597408.     40715224.
  30514932.     12395896.     11978568.     11149156.      8001906.
   8198285.     13313677.     21446268.      3780757.75    3290617.75
   1307569.375    648165.      6644403.      5155876.5  ]
[  2.72926440e+07   6.58640200e+06   3.63786480e+07   5.00626188e+05
   4.49785350e+06   1.11775612e+06   6.47646200e+06   1.57484570e+03
   1.12186220e+07   4.41940719e+05   3.30361740e+07   1.91517620e+07
   3.98546191e+03   3.50917500e+06   2.23770680e+07   7.70643600e+06
   1.52628662e+06   3.85723600e+07   8.78488800e+06   1.43418090e+07
   9.53022344e+04   2.19055460e+07   1.63779400e+06   2.12689460e+07
   3.39949781e+05   2.87545240e+07   4.46629250e+06   1.00807094e+06
   5.68403750e+06   2.54229904e+02   3.45942200e+07   2.44051270e+04
   3.24187625e+06   1.62961540e+07   8.86423200e+06   6.94784150e+06
   8.23736797e+04   1.08523220e+07   2.55974540e+07   1.88197820e+07
   1.54813680e+07   5.61722300e+06   1.30230838e+06   5.35176350e+06
   2.75206340e+07   2.19181280e+07   5.94298875e+05   3.79980760e+07
   2.05212920e+07   9.59900800e+06   2.12046160e+07   2.71640720e+07
   3.90352880e+07   2.52677760e+07   3.80445500e+05   2.25958980e+07
   7.95435200e+06   5.82904080e+07   6.28690050e+06   4.82828950e+06
   3.93903680e+07   4.33823975e+02   9.38624200e+06   3.82021480e+07]
[  4.26963550e+06   1.04674570e+07   6.50105664e+03   5.70065156e+04
   1.98269316e+04   3.14888965e+04   4.02698125e+04   4.53148150e+06
   8.47769727e+03   1.20958250e+06   6.36642600e+06   3.61619406e+05
   8.10718375e+05   2.06400075e+06   1.23344238e+04   6.45505234e+04
   3.52363850e+06   5.91437812e+05   9.84636375e+05   2.78140550e+06
   2.98962225e+06   4.67955508e+04   8.69356100e+06   1.10800780e+07
   1.08538560e+07   0.00000000e+00   2.60311266e+05   2.81419150e+06
   1.96852700e+06   6.66763900e+06   6.11563086e+03   6.67893300e+06
   4.29624062e+05   3.84181750e+06   2.17233700e+06   4.06172450e+06
   3.29580312e+05   1.56128730e+07   4.44352100e+06   5.24263977e+02
   6.12278500e+06   2.12780500e+06   5.05839400e+06   1.38322290e+07
   1.63312700e+06   1.85276344e+05   8.08272150e+06   1.90038242e+04
   3.04222125e+06   6.24791500e+05   2.29866650e+06   1.12445203e+05
   3.45743325e+06   1.59890425e+06   1.38415020e+07   1.16955900e+07
   1.51202425e+06   1.45429727e+04   5.37946641e+04   8.97763516e+04
   2.27152250e+06   1.37291080e+07   9.35852800e+06   3.35869825e+06
   1.67766520e+07   2.77959900e+06   1.19495110e+07   6.58753150e+06
   6.99089688e+04   1.12088200e+06   7.61895100e+06   9.53280000e+06
   1.98085238e+06   1.51843138e+06   0.00000000e+00   3.37919900e+06
   2.29068766e+05   5.05786750e+06   4.36053900e+06   1.99275141e+05
   1.23958486e+04   5.03201250e+06   3.31586750e+06   1.50480310e+03
   3.26623475e+06   4.82753600e+06   3.48720950e+06   4.14890594e+02
   5.80775200e+06   1.31345688e+06   5.78308900e+06   2.69853250e+06
   1.02750898e+05   3.76101750e+06   8.36635312e+05   5.23419500e+06
   2.58094775e+03   3.15477050e+06   1.99972388e+06   8.24924688e+05
   3.48231950e+06   1.19939425e+06   3.49557562e+05   8.72926938e+05
   9.05510352e+03   3.37018812e+05   2.88249531e+05   9.24790250e+05
   3.78869750e+06   2.28723953e+05   3.80603516e+04   7.31651400e+06
   1.77777734e+05   5.51728150e+06   3.97938525e+06   7.50199900e+06
   9.03692750e+05   7.36101062e+05   2.83880375e+06   6.84619500e+05
   1.67016188e+06   3.71301650e+06   2.05675059e+04   4.86980500e+06
   2.20173000e+06   8.28480371e+03   1.89094500e+07   8.00764160e+02]
[  3.74524075e+06   2.67216050e+06   1.89285609e+05   0.00000000e+00
   1.18640088e+04   2.04152925e+06   1.21548900e+06   1.76850875e+06
   1.21211810e+07   5.66589400e+06   6.43627750e+06   5.88072300e+06
   1.81405588e+06   2.58101391e+05   3.60929199e+03   2.52928950e+06
   9.09006438e+05   3.32255825e+06   2.60664775e+06   8.23516504e+03
   9.57152700e+06   2.83989000e+06   1.55638575e+06   1.16621631e+04
   3.20043438e+05   8.26482938e+05   1.51949438e+06   5.93212650e+06
   3.65825547e+04   6.57720100e+06   1.36419199e+04   1.17009740e+07
   4.16987750e+06   1.75561375e+05   1.35374738e+06   1.73569838e+06
   1.52983050e+06   9.05875700e+06   8.54298906e+04   1.98150273e+04
   1.32471388e+06   1.23513623e+04   1.21010508e+04   6.39200250e+05
   1.10638462e+06   9.02424800e+06   4.85498300e+06   4.33887650e+06
   3.05698250e+06   1.39674930e+07   1.91704975e+06   4.41657700e+06
   4.28312500e+06   1.03033956e+06   1.18526781e+05   1.72277109e+05
   4.10629150e+06   1.07918850e+06   9.99078465e+00   1.98782125e+06
   3.33789000e+06   5.35485650e+06   5.67532800e+06   3.55634375e+06
   8.84383062e+05   9.49071500e+06   4.73444469e+05   4.10780375e+06
   3.12924075e+06   6.46599800e+06   2.11910600e+06   1.16369300e+07
   1.07909760e+07   4.99535100e+06   1.80209080e+07   1.51748828e+03
   4.39782550e+06   1.22052525e+06   1.30922110e+07   1.90668938e+06
   1.97120138e+06   2.52174258e+04   7.78209800e+06   2.84771275e+06
   5.00817422e+04   6.48226200e+06   1.38222500e+06   2.32822025e+06
   6.04209062e+04   1.55576912e+06   6.30345117e+04   5.52878450e+06
   5.73437500e+04   9.14999100e+06   1.29468988e+06   2.26564450e+06
   6.76412500e+05   6.58566250e+06   9.12825500e+05   9.38149000e+06
   1.06142969e+05   3.91529750e+05   1.40779660e+07   5.12830139e+02
   9.45221953e+04   1.40717610e+07   2.72775625e+06   6.33114200e+06
   8.27104850e+06   5.86913450e+06   1.64879456e+03   4.62989200e+06
   4.48600938e+05   2.00549200e+07   2.65101300e+06   7.75168562e+05
   2.51924672e+05   4.06377225e+06   2.18413340e+04   1.30678516e+04
   1.38857710e+07   3.30571975e+06   1.51321699e+04   8.47572600e+06
   5.87378500e+06   2.00495662e+06   1.12661610e+07   8.08942900e+06]
[  0.00000000e+00   5.09734717e+03   1.35477450e+06   5.20954541e+03
   2.77138844e+01   1.08276169e+02   9.98928772e+02   8.27777672e+00
   2.31670375e+06   1.93657461e+04   1.45572083e+02   4.54536963e+03
   2.06216583e+01   6.35972500e+04   3.72312773e+04   6.25225195e+03
   3.06599341e+03   3.62831000e+05   6.76639160e+03   4.16103320e+04
   6.45082855e+01   1.00724121e+04   4.28592375e+05   4.26300293e+03
   9.25363867e+03   2.27705469e+03   1.81836750e+06   0.00000000e+00
   2.57192603e+03   1.08873760e+04   1.52723465e+02   4.76918457e+02
   2.73713493e+01   8.94708188e+05   2.42751719e+04   1.37115075e+06
   2.21290300e+06   4.66669678e+03   6.19410706e+02   1.56349976e+03
   3.39748315e+03   2.78066089e+03   4.33063770e+03   3.99998938e+05
   5.31657910e+03   6.21541931e+02   4.38381042e+01   4.66367035e+01
   1.23820977e+05   1.79268516e+04   6.20240430e+04   2.74112762e+02
   1.60869412e+06   3.44773750e+05   9.80750275e+01   1.62829250e+05
   4.99467594e+05   7.30228375e+05   2.87166577e+03   4.39674149e+01
   7.80838828e+04   1.90711211e+04   2.05890625e+05   5.48515664e+04
   2.17991440e+02   4.58632930e+04   1.43921985e+03   9.09281128e+02
   7.98322314e+03   8.69300312e+04   1.01902038e+06   1.46347350e+06
   8.73836327e+00   1.65295312e+04   1.02181786e+02   5.10655632e+01
   1.81860840e+04   2.71660188e+05   5.72961750e+05   7.39797344e+04
   5.98198164e+04   4.85517822e+03   3.97600781e+03   3.82624414e+03
   1.50287888e+06   2.15727250e+06   6.32577000e+05   1.29481325e+06
   1.36865062e+05   1.00576591e+02   3.16505615e+03   6.75104531e+04
   3.01024062e+05   9.44262500e+03   0.00000000e+00   4.14917480e+03
   3.13285376e+03   3.08477375e+05   1.54205225e+03   1.43801318e+04
   5.09936211e+04   1.69782715e+04   1.58940100e+06   5.78496875e+04
   5.65669189e+03   7.96824268e+03   9.52186426e+03   6.55289734e+02
   1.78724457e+02   7.03676719e+04   9.48419188e+05   2.28253711e+04
   0.00000000e+00   4.31989922e+04   5.63715625e+03   1.78405017e+03
   0.00000000e+00   9.94995483e+02   2.80319531e+03   1.71536212e+06
   1.40062236e+04   2.02789593e+01   1.48331230e+04   8.07141296e+02
   8.76458984e+03   1.39993350e+06   2.71930176e+02   0.00000000e+00
   9.51086062e+05   2.33790430e+04   1.06452207e+04   5.61770117e+03
   6.76667822e+03   1.04851006e+06   6.16928816e-01   1.68981689e+03
   2.72912175e+06   7.66281562e+05   1.24667295e+04   0.00000000e+00
   5.92209131e+03   2.02792191e+02   7.64357910e+03   4.33103844e+05
   7.22629761e+02   1.80091525e+06   1.88393372e+03   1.71537292e+03
   6.68308750e+04   3.87449677e+02   3.51306079e+03   2.61588989e+03
   1.42613828e+05   1.42445344e+05   7.04851438e+05   2.50710156e+03
   4.41952930e+03   1.75617406e+05   1.18448738e+06   1.63858031e+05
   5.85435449e+03   1.55205297e+05   1.19255362e+06   8.03715674e+03
   2.55155605e+04   1.96126188e+06   1.14634138e+06   7.46235938e+04
   5.65428984e+04   1.22898600e+06   1.58239100e+06   1.31511499e+03
   6.66146631e+03   4.21109094e+05   4.77551904e+03   6.42690527e+03
   1.90049212e+06   2.74975781e+03   2.13970925e+06   5.50347500e+04
   4.99499375e+05   9.04349922e+04   5.74518312e+05   3.04529346e+03
   6.15279639e+03   1.44046641e+04   2.92548398e+04   1.96529707e+04
   8.41734438e+05   3.03924883e+04   2.58472266e+03   1.66700788e+06
   0.00000000e+00   6.18040562e+05   4.60829449e+00   1.37601000e+06
   6.14502148e+03   5.27539188e+05   1.60664725e+06   9.30767688e+05
   1.06052475e+02   1.87143500e+06   1.20454338e+06   3.24676849e+02
   1.47606844e+05   2.99418732e+02   5.56844666e+02   4.55813379e+03
   2.71757690e+03   9.01905062e+05   2.81395844e+05   1.86124862e+06
   3.35580054e+03   2.58819824e+04   9.31543961e+01   1.09546221e+04
   1.03090564e+03   7.45088562e+05   3.31601367e+04   8.25419312e+02
   1.12245911e+02   1.10455859e+03   8.05029480e+02   6.63826953e+04
   4.30226219e+05   0.00000000e+00   1.52175110e+03   4.06598219e+05
   5.13775406e+01   7.99744562e+05   2.15203281e+04   4.21817139e+02
   1.43840838e+06   6.83735156e+03   6.09372375e+05   2.84828918e+02
   6.14976135e+02   2.82497891e+04   7.10076875e+05   4.67146118e+02
   7.65499875e+05   1.04189094e+06   1.87904944e+03   8.39850342e+02
   1.10312609e+05   5.64060010e+03   6.00021057e+02   4.88611426e+03
   3.68335156e+04   3.33284906e+05   1.22680195e+04   5.56192383e+02
   1.19614707e+04   6.73442764e+01   1.59156396e+03   3.29293094e+05]
[  1.64272900e+06   5.12566064e+03   2.66304718e+02   1.12848401e+03
   1.15341388e+06   1.32140150e+06   2.34444141e+05   2.56241211e+02
   9.07603906e+03   8.14285828e+02   7.73515137e+02   7.43070703e+03
   3.48324341e+03   3.49958984e+04   6.80573584e+03   7.30790283e+03
   1.34652863e+02   2.27789215e+02   7.11879250e+05   8.36897812e+04
   3.12106276e+00   3.13054565e+02   6.52857117e+02   4.86470312e+05
   7.22479172e+01   6.92371631e+03   2.32783642e+01   1.89207109e+05
   3.02237773e+04   3.61759460e+02   1.77411270e+04   7.99288086e+02
   5.38219971e+03   9.80613672e+04   2.45594458e+03   1.53923184e+04
   1.33681064e+04   1.65538062e+03   3.20608594e+03   0.00000000e+00
   1.05859430e+05   3.83104766e+04   1.01551484e+04   4.93653564e+03
   5.75100635e+03   1.08944463e+04   3.90311781e+05   2.01337012e+04
   1.11636188e+05   8.64732300e+02   2.13560156e+03   2.21660156e+03
   1.07617139e+03   7.34244678e+03   3.24331281e+05   9.27752109e+04
   1.72348438e+04   2.46752828e+05   9.67402812e+04   1.41692188e+03
   1.67683813e+03   2.29000000e+04   7.23161030e+00   3.18807945e+01
   1.07608643e+01   5.85908252e+03   3.99455031e+05   2.65318939e+02
   5.52585266e+02   2.84406094e+04   7.64058688e+05   2.65981628e+02
   1.76937227e+04   1.03394150e+04   4.53797578e+04   3.96890938e+04
   9.48410742e+03   1.40909131e+04   7.94795703e+04   4.49926031e+05
   3.18023739e+01   7.83388135e+03   2.59959450e+01   3.98820352e+04
   9.13231262e+02   5.09716094e+04   7.01789062e+02   1.09802744e+04
   7.28147461e+03   9.51852832e+03   3.06837305e+03   3.38706543e+03
   1.38006846e+04   5.58493875e+05   1.49243057e+02   1.41454744e+01
   1.62026094e+05   2.19687004e+01   4.52962842e+03   4.95925000e+04
   1.49396530e+02   1.37193916e+04   8.75925188e+05   1.38837524e+02
   1.04486792e+03   3.52962422e+04   4.25489805e+04   1.34626297e+05
   9.85382031e+03   1.51269888e+06   5.37093201e+01   5.14960500e+05
   7.30555420e+01   9.81859680e+02   8.54894336e+03   3.68833281e+04
   1.36218713e+03   1.19938848e+04   3.35809424e+03   4.13310000e+04
   4.67637646e+03   1.80757004e+02   4.26823926e+03   1.11719797e+05
   2.59582031e+03   4.75081299e+03   1.61440182e+00   1.22129111e+04
   1.13427051e+03   2.08729412e+06   8.96706738e+03   2.56123120e+03
   5.58105273e+03   1.32075738e+06   8.31223755e+02   2.33646719e+04
   4.85552500e+04   7.31753188e+05   1.44055945e+03   4.80890442e+02
   1.59027386e+01   1.01919952e+03   6.97350439e+03   8.39811328e+04
   1.46223736e+01   7.52682495e+02   4.62262268e+02   0.00000000e+00
   0.00000000e+00   7.17034058e+02   2.90150854e+03   2.98307837e+03
   6.30267000e+05   8.95441641e+04   4.44782471e+02   2.65830312e+05
   5.92321472e+02   1.68952133e+02   1.36629580e+04   1.49062175e+06
   2.01103119e+02   3.83319434e+03   2.02606970e+03   1.35495262e+01
   1.61121344e+05   0.00000000e+00   4.93295406e+05   1.84413757e+03
   2.17849531e+05   1.61822312e+06   5.46677551e+01   0.00000000e+00
   6.65996328e+04   3.16788062e+05   3.83153625e+05   2.28458594e+03
   1.77911462e+03   3.56396802e+03   1.77786621e+04   7.39245605e+01
   8.08701855e+03   2.80269214e+03   1.02743721e+02   1.13513066e+04
   1.87569542e+01   4.44707886e+02   2.18116387e+04   6.42792676e+03
   5.42855713e+03   2.05154285e+01   8.27735562e+05   1.80037610e+03
   1.49626297e+02   9.75182520e+03   2.77130840e+04   1.61288208e+03
   2.70290078e+04   2.59890039e+04   2.79055031e+05   4.08273172e+00
   6.06234016e+01   1.48809261e+01   2.57325484e+05   3.01732344e+04
   1.56904971e+04   5.85693893e+01   6.53599902e+03   6.02227750e+05
   6.66975312e+04   9.58733562e+05   3.04671154e+01   6.43323193e+03
   3.64476270e+03   1.45953154e+04   3.28536182e+03   3.60364125e+05
   2.22225516e+05   4.62740527e+03   7.71322949e+03   9.21660461e+02
   6.75198242e+03   4.66635938e+03   4.43670361e+03   5.32868896e+02
   8.87288857e+00   1.91728875e+05   3.66891641e+04   7.37899951e+03
   9.77951660e+02   4.92370033e+00   1.14934586e+02   1.86053594e+04
   2.74167312e+05   3.97422510e+03   9.94548625e+05   5.29735498e+03
   2.28935669e+03   1.23196838e+06   0.00000000e+00   9.36033535e+00
   3.83469666e+02   1.49218297e+05   0.00000000e+00   0.00000000e+00
   4.22556274e+02   1.25582352e+02   1.97341895e+04   2.45748706e+03
   4.68343062e+05   1.97810531e+05   8.76991406e+04   8.13271562e+04
   2.79364277e+04   3.98628500e+05   1.37219395e+04   2.46547148e+04]
[  2.67125562e+05   4.46839766e+04   1.15271655e+03   1.36588599e+03
   3.20702500e+05   4.91069580e+03   2.69145547e+04   4.43715273e+04
   1.43981641e+03   7.77255188e+05   8.27008105e+03   3.87802188e+04
   2.40862520e+04   2.15669531e+03   2.27902393e+03   1.18495325e+03
   1.22783251e+01   5.36285986e+03   8.07883549e+00   1.41191296e+03
   4.26687695e+03   2.37152297e+05   2.87084551e+04   2.78457007e+03
   7.20182617e+02   4.63416455e+03   2.00275891e+03   2.15660250e+05
   9.67837891e+03   1.97195281e+05   1.36336212e+02   7.78379541e+03
   3.26252129e+04   4.23889766e+04   5.19284241e+02   2.20440283e+03
   5.29051000e+05   1.31107125e+06   4.90282861e+03   1.02587481e+06
   9.23664978e+02   1.15659253e+03   9.84490820e+03   5.49829961e+04
   4.88896826e+03   6.08962012e+03   7.60162292e+02   2.59872441e+04
   7.73685693e+03   2.15802173e+03   3.23223770e+04   8.15344875e+05
   2.74713593e+02   3.70659409e+01   2.51417603e+03   4.43359668e+03
   7.70867285e+03   2.09853797e+05   0.00000000e+00   1.39545137e+04
   1.18558789e+03   7.47549141e+04   2.19883252e+03   4.49592041e+03
   1.16742529e+04   1.14210732e+04   5.34352148e+03   4.95769238e+03
   2.05779844e+05   8.66611641e+04   4.49084258e+04   1.29998779e+03
   3.59638828e+04   1.05243955e+04   2.42685531e+05   3.03839512e+04
   1.03581367e+05   2.63785527e+04   5.29568555e+03   1.71000586e+03
   1.88132736e+02   1.24535339e+02   6.11911055e+04   1.32309094e+03
   4.79549844e+04   8.78619957e+00   7.51741016e+04   3.71204559e+02
   2.91674185e+00   5.78800110e+02   4.06407898e+02   2.55628149e+03
   3.20217891e+04   1.72868579e+03   6.99105625e+04   6.19773926e+03
   4.03165710e+02   2.35110453e+05   5.73729125e+05   1.14029773e+05
   1.70418867e+04   1.11531895e+04   3.23904633e+02   2.66610565e+02
   5.10128750e+04   1.37571472e+03   3.34054781e+05   1.43783027e+04
   3.64696259e+02   2.89713525e+03   1.39377012e+04   7.83509863e+03
   3.07836875e+04   1.58194946e+03   1.60197974e+03   2.16826992e+04
   1.67619531e+03   1.11265688e+05   6.47432422e+04   7.26095391e+04
   1.07597351e+01   7.92518438e+05   3.13605156e+04   2.07888812e+05
   5.99868896e+03   2.92123682e+03   9.03008008e+03   1.21010523e+01
   6.10803772e+02   1.28682520e+03   8.29996155e+02   1.89369844e+04
   2.38451465e+04   3.45206030e+03   1.31522681e+03   1.00002031e+04
   1.01717363e+04   9.01554688e+04   8.39967285e+03   9.47044373e+02
   9.01609600e-01   1.93233867e+04   8.53089172e+02   3.73971992e+04
   4.24042031e+04   5.84381396e+03   1.71790332e+04   3.05582371e+01
   7.48793438e+04   2.96701562e+03   5.18365381e+03   1.17359602e+05
   4.01655493e+03   1.67623203e+05   1.95811722e+02   1.77636445e+04
   6.57383047e+04   6.70911865e+02   1.29765789e+05   5.87169075e+01
   8.02991760e+02   1.85471878e+02   1.12855625e+04   5.23020020e+02
   1.35131458e+03   6.35178894e+02   2.73077148e+04   2.61185594e+05
   6.83074890e+02   2.07978320e+04   4.33687630e+01   2.03332935e+03
   2.69931738e+03   2.94303149e+03   3.08762500e+04   1.28160283e+04
   4.37261992e+04   6.21798682e+03   7.00379297e+04   1.28366152e+04
   2.21271143e+03   3.76715938e+04   1.31802354e+04   5.43740332e+03
   5.00676484e+04   1.18158252e+03   1.31577953e+05   3.43719482e+02
   1.83218000e+05   4.59254750e+05   5.75083906e+04   2.61664185e+03
   6.24169983e+02   5.51221172e+04   4.30639458e+00   5.74711876e+01
   3.01305977e+04   3.68659546e+03   1.21067207e+04   5.89958740e+03
   3.74547144e+03   1.81303162e+02   1.86242070e+04   2.53133891e+05
   9.01306250e+04   3.48774292e+02   4.11259717e+03   1.13772197e+04
   2.82898188e+05   7.59865427e+00   3.29566089e+03   9.35309766e+03
   2.35398145e+04   1.92585566e+04   5.09169609e+04   6.10491333e+01
   7.44323047e+03   8.54610645e+03   4.80372887e+01   6.88082578e+04
   1.40992480e+04   3.89401123e+03   1.65649199e+04   1.91619258e+04
   1.85526523e+04   2.57650566e+00   2.70556671e+02   1.17679375e+04
   3.96836578e+02   2.13474336e+04   1.76773574e+04   8.13652188e+04
   3.43739319e+02   2.86040020e+04   1.16133025e+06   5.86503662e+03
   2.16609399e+03   3.23509814e+03   7.92242688e+05   1.54828418e+03
   3.91149390e+03   5.48032410e+02   3.36040833e+02   6.93154480e+02
   3.92590547e+04   2.91127562e+05   1.59532440e+02   1.38371954e+01
   1.69212359e+05   1.50663359e+04   0.00000000e+00   5.64416953e+04
   2.43005029e+03   2.62884326e+03   9.95506531e+02   3.15417163e+03]
[  3.39592651e+02   2.30992695e+04   1.67534355e+04   2.26240312e+04
   4.70499390e+02   8.37035703e+04   1.92727570e+02   2.35582153e+03
   1.07211891e+02   4.89533882e+01   6.71440703e+04   5.74250000e+03
   4.56975928e+03   3.08435205e+03   5.16456494e+03   1.34811752e+02
   1.50313945e+04   2.11299473e+04   3.11500430e+04   2.88096606e+03
   1.63886139e+02   8.07915156e+04   1.56439026e+03   3.75093651e+01
   3.10897461e+04   1.52657295e+04   8.71839062e+04   1.09944785e+04
   6.90384844e+04   7.41470752e+03   8.41347363e+03   9.96808750e+04
   1.59401729e+04   2.56553711e+04   3.13566836e+04   7.93722734e+04
   8.04331719e+04   2.04453198e+03   2.70534271e+02   2.57663359e+04
   1.62719055e+02   1.06160266e+05   3.36418125e+04   3.53326641e+04
   3.23294739e+02   1.02404248e+04   6.24830273e+03   2.49659395e+04
   0.00000000e+00   2.58822051e+04   8.67051172e+04   8.87669067e+02
   0.00000000e+00   1.68105059e+04   6.15546191e+03   1.18781191e+04
   1.77924377e+02   5.45396484e+02   8.10248352e+02   6.55632446e+02
   6.62475952e+02   1.25248172e+05   1.89071699e+04   1.70320825e+03
   7.32771912e+02   8.85901270e+03   7.71780823e+02   2.84693527e+01
   7.04237695e+03   2.15864990e+03   3.14160078e+04   1.79037732e+03
   4.45456953e+04   1.28771838e+03   1.64898891e+01   2.61433472e+02
   5.03718933e+02   6.75554693e-01   8.21998281e+04   5.46064883e+04
   2.53406677e+01   4.89740527e+03   9.22457031e+03   6.71223516e+04
   1.79630054e+03   0.00000000e+00   2.66416779e+02   2.13040942e+03
   9.12960469e+04   4.88224141e+04   1.19144336e+04   1.06932182e+02
   9.79816953e+04   9.99114551e+03   2.69618750e+04   8.57273926e+03
   1.63001113e+04   4.40305481e+01   2.60424707e+04   1.54772734e+04
   1.05204639e+04   2.52959152e+02   1.04467930e+05   7.05906885e+03
   3.85692188e+04   2.30344414e+04   1.41394580e+03   4.86574648e+04
   5.85672891e+04   8.89026733e+02   8.45811621e+03   5.74261841e+02
   3.39882500e+04   3.96306114e+01   5.60172424e+02   2.50641719e+04
   0.00000000e+00   1.24107119e+04   1.65622284e+02   3.05589727e+04
   6.95044800e+02   6.52654727e+04   2.05084590e+04   9.24016541e+02
   9.15809375e+03   3.59325742e+04   2.70036133e+03   2.43504863e+04
   1.55177754e+04   6.79663184e+03   2.79484253e+02   9.33091602e+03
   1.43802607e+04   9.59516797e+03   2.82903516e+04   2.66476097e+01
   5.17312061e+03   6.14808159e+01   8.28824280e+02   4.53645859e+01
   2.55572891e+04   1.04705347e+03   8.36750781e+03   2.34321260e+00
   5.02526123e+03   2.98116284e+03   1.21018896e+03   7.21480176e+03
   8.05562012e+02   2.19586895e+04   6.84877500e+04   4.30128809e+03
   5.37672729e+02   1.22582324e+03   4.94002571e+01   7.19194949e-01
   1.46011124e+02   7.56761658e+02   6.23443970e+02   8.13027656e+04
   1.99043281e+04   3.08123560e+03   1.63735293e+04   1.34864032e+00
   5.05999180e+04   2.17144165e+03   6.19627891e+04   2.82160206e+01
   2.40416191e+04   2.54768242e+04   3.32096802e+02   7.94772168e+03
   3.70566875e+04   2.60679468e+03   2.91499062e+04   3.60574219e+04
   3.45190312e+04   5.22118164e+03   1.13111289e+04   3.22754791e+02
   2.95471641e+04   6.44700546e+01   9.48599707e+03   2.04808281e+04
   1.93834595e+03   2.68033730e+04   5.53581641e+04   5.89510107e+03
   1.88649255e+03   1.45288708e+03   4.15879980e+03   2.16123516e+04
   7.34162402e+03   1.04392570e+05   7.57515781e+04   4.21961406e+04
   1.03165811e+04   1.67572617e+04   1.14621204e+03   2.36947168e+03
   1.03519016e+05   1.83110273e+04   1.67186646e+02   6.33133867e+04
   7.98016484e+04   2.36715790e+02   3.37495547e+04   6.61274219e+04
   2.32035866e+01   1.71634399e+02   3.99249512e+02   1.31388538e+03
   5.22089417e+02   1.84726123e+03   3.74538633e+04   2.81302246e+03
   4.48467676e+03   7.05366113e+03   2.86368652e+04   1.55785615e+04
   2.72388184e+03   7.36301562e+04   8.56331444e+00   1.08251305e+01
   3.24098008e+04   3.32115942e+03   7.20495667e+02   0.00000000e+00
   5.32930542e+02   3.94618237e+03   2.81791779e+02   6.50487595e+01
   6.15801875e+04   4.34650273e+04   4.25196172e+04   1.19722278e+03
   4.60731719e+04   1.82425525e+03   6.13122705e+03   9.47579980e+03
   1.04238779e+04   1.96974277e+04   5.09428467e+03   3.71474648e+04
   9.08178772e+02   1.06874594e+05   7.67851611e+03   1.09074345e+01
   2.19558555e+04   3.51443008e+04   3.66368984e+04   2.99819297e+04
   3.70547534e+03   9.12970859e+04   8.22260840e+03   5.89449844e+04
   7.22781797e+04   8.56259094e+02   1.25093369e+02   6.48601133e+04
   5.21003828e+04   3.97768898e+01   4.27461182e+03   1.41728113e+03
   7.18571520e+00   1.17169893e+04   9.97789795e+02   6.92939453e+04
   3.69440820e+04   1.36555066e+03   3.14177399e+01   8.61458069e+02
   1.00003896e+04   5.95047998e+03   8.03418828e+04   2.97947578e+04
   5.14336967e+00   7.82277756e+01   8.63596641e+04   1.03473320e+04
   9.27272320e+00   9.88781799e+02   3.36177246e+03   8.62535391e+04
   3.14929028e+03   1.36873218e+03   2.14479303e+00   4.56890869e+02
   9.07171204e+02   6.43558154e+03   1.41874590e+04   5.97804834e+03
   4.63651758e+04   2.09771562e+04   4.15491914e+04   1.47913782e+03
   1.76099289e+02   2.62407928e+02   2.12206426e+04   9.19514609e+04
   2.93418541e+01   1.03319043e+03   1.39614482e+04   2.02113457e+01
   8.43145325e+02   4.72240977e+04   2.51565454e+03   1.91905975e+02
   5.83762383e+04   7.42634705e+02   7.06578979e+01   9.95134473e+03
   1.74827026e+02   8.95468567e+02   6.02931289e+04   5.91271094e+04
   1.02734795e+01   2.79897051e+04   5.68973145e+03   9.77632129e+03
   3.46306763e+02   6.28648047e+03   7.91382812e+04   3.69605591e+03
   8.38419375e+04   9.60482969e+04   1.19068102e+05   1.79278613e+04
   4.03389883e+04   5.52853577e+02   3.20375215e+04   3.83181934e+03
   5.73581445e+04   9.58386230e+02   2.31106934e+03   6.30363164e+04
   1.76240173e+02   7.69088184e+03   1.37060168e+03   2.14567793e+04
   4.74099883e+04   2.55673462e+03   5.17421924e+03   1.26438934e+02
   4.72754784e+01   6.11479395e+03   2.09321992e+04   1.25464404e+03
   1.31340635e+04   6.02218018e+02   1.95352031e+04   1.14224190e+02
   5.02333801e+02   4.45560859e+04   4.83610889e+03   1.41254944e+03
   8.97350781e+04   5.89563721e+02   2.37889492e+04   1.29346562e+04
   3.49450039e+04   6.96451328e+04   2.30108276e+02   3.22420959e+02
   2.80349512e+03   1.84192444e+03   7.97686953e+04   5.10642139e+03
   4.35802812e+04   6.80693750e+03   3.69883643e+03   2.39197852e+03
   2.33630527e+04   7.81428345e+02   1.26050322e+04   8.12593701e+03
   1.15013779e+04   8.09418848e+03   3.61328430e+02   2.72403137e+02
   2.81720586e+04   8.16453271e+03   2.18089264e+02   1.76284121e+04
   2.30553271e+03   3.58683521e+03   3.61311133e+03   1.58787803e+04
   1.01961578e+03   3.38342072e+02   2.88776953e+03   8.66144226e+02
   4.63245361e+03   1.35255508e+04   1.86365840e+04   9.05459531e+04
   1.25580132e+02   3.19524109e+02   2.18313403e+03   1.53997849e+02
   4.93293877e+01   3.96096240e+03   1.92226699e+04   7.89671875e+04
   2.80769980e+04   8.09852197e+03   6.99701953e+03   9.50939484e+01
   2.94797287e+01   1.95769119e+01   1.33979189e+04   1.47335078e+04
   4.13788965e+03   4.40754486e+02   4.46845391e+04   2.20730020e+04
   1.01399500e+03   1.07281406e+04   3.39414727e+04   8.12674707e+03
   3.38949170e+03   3.85835352e+03   3.94167847e+03   5.00537305e+04
   4.87544180e+04   1.52417881e+04   3.36808555e+04   6.01779492e+03
   7.96599453e+04   1.16607874e+03   1.56758774e+02   5.37942627e+03
   6.56234922e+04   2.64970820e+04   9.71010840e+03   5.17250391e+03
   6.78495056e+02   1.81711914e+03   2.21198711e+04   7.67662256e+03
   1.57991230e+04   8.62051367e+03   2.50003564e+03   2.63973594e+00
   0.00000000e+00   3.60658867e+04   1.11133919e+02   6.43901660e+03
   2.89418921e+03   5.20791836e+04   2.74998730e+03   6.53534492e+04
   2.70813906e+04   0.00000000e+00   3.09569800e+03   5.58719349e+00
   7.93900818e+02   2.24345957e+04   2.31072601e+02   2.50011792e+03
   8.81793640e+02   9.39402441e+03   1.45087799e+02   6.94219727e+03
   1.05801650e+04   7.02249141e+04   4.51860107e+02   1.74960831e+02
   3.59949829e+02   2.42499487e+03   1.39922118e+00   5.78521179e+02
   1.16444180e+04   4.60924110e+01   2.15833032e+03   2.60389746e+03
   3.41835859e+04   8.35484668e+03   2.11151016e+04   0.00000000e+00
   2.38285965e+02   1.83718042e+03   3.73002773e+04   5.10288867e+03
   7.73681201e+03   6.02159920e+01   1.40301660e+03   3.74418974e+00
   1.42222764e+04   1.06242603e+03   1.16832141e+05   3.56786774e+02
   6.33448193e+03   2.18768140e+03   7.85226123e+03   4.37316260e+03
   4.49344824e+03   8.12812578e+04   1.44107178e+03   3.52743984e+04
   1.42924609e+03   1.15586555e+02   9.90143681e+00   1.29563398e+04
   1.25100903e+03   5.94041719e+04   1.96647339e+03   0.00000000e+00
   3.45356289e+04   5.70743286e+02   1.78410315e+03   1.19176891e+05]
[  4.22085449e+03   9.35048926e+03   2.03207593e+03   5.56512299e+01
   3.12314531e+04   7.53720188e+00   3.92266641e+04   1.86015176e+04
   8.74611875e+04   1.52544983e+02   2.14570877e+02   1.72422070e+04
   5.75705338e+01   7.13477969e+04   3.20799268e+03   2.29766655e+01
   3.70024805e+03   3.01821875e+03   9.66635132e+02   1.27713928e+03
   3.66681006e+03   6.35297461e+03   1.86976147e+03   1.29646545e+02
   1.26296852e+02   1.29684238e+04   1.29029175e+03   1.72135078e+04
   6.34269409e+02   4.43472534e+02   1.74057907e+02   5.09332642e+02
   6.99858215e+02   1.95074570e+00   9.23483276e+02   4.76858246e+02
   1.89682983e+03   3.05042896e+01   2.44476191e+04   3.46391998e+02
   1.58650244e+04   1.96721106e+03   2.13125935e+01   3.44778242e+04
   5.43857715e+03   9.84717346e+02   4.38416748e+03   2.93278351e+02
   8.22659729e+02   8.38294373e+02   2.39128809e+03   1.15360613e+01
   6.10810041e-01   4.65365527e+03   1.43582275e+03   3.74210864e+03
   7.96552637e+03   1.54337601e+02   1.00839584e+02   2.93054628e+00
   7.12297058e+00   1.04005725e+03   8.20398376e+02   5.71210510e+02
   3.98388794e+02   2.69795563e+02   9.70777246e+03   8.50924707e+03
   4.20857812e+04   1.74599548e+02   1.02743835e+02   2.42788223e+04
   4.48514099e+01   9.67823047e+03   1.39939590e+02   1.15240002e+03
   0.00000000e+00   6.70798145e+03   4.30655243e+02   7.57228943e+02
   1.52804541e+03   8.56941094e+04   4.71835938e+04   1.28906113e+04
   1.35820740e+03   2.69299831e+01   4.67787988e+03   9.25434753e+02
   1.22787061e+03   4.39092010e+02   1.54456807e+04   5.01579053e+03
   1.60304004e+03   0.00000000e+00   2.99536475e+03   2.51906738e+01
   1.31108081e+03   1.43327002e+04   4.74109033e+03   6.45757031e+03
   3.11510620e+03   5.70052246e+03   1.85081384e+03   5.45670891e+00
   2.28676254e+02   2.01456616e+03   2.64323750e+04   4.66393394e+01
   3.50948789e+04   7.79353047e+04   7.98019836e+02   1.49986481e+02
   3.10023804e+02   1.15639221e+03   7.62614375e+04   1.79974622e+03
   1.59240433e+02   1.04828040e+03   4.61267967e+01   4.28097321e+02
   8.82547684e+01   3.62684204e+03   1.05370789e+03   5.55669785e+01
   3.01388359e+04   1.08987877e+02   3.09517432e+03   7.44244080e+02
   2.55467854e+01   1.63167197e+04   4.21847534e+01   2.81270752e+02
   1.70621338e+03   1.03613242e+04   1.66577520e+04   4.18516998e+01
   2.45919189e+02   4.71936462e+02   2.00698457e+04   1.08724082e+00
   2.53837341e+02   2.63056763e+02   4.32912500e+03   6.84348068e+01
   6.05436963e+03   8.27752344e+03   9.41744019e+02   3.74349844e+04
   9.38301392e+02   2.51213940e+03   6.76838281e+04   3.76346973e+03
   2.04704160e+04   7.18817871e+02   1.73156708e+02   5.66066562e+04
   6.04090479e+03   2.06778086e+04   2.35288916e+03   4.28904980e+03
   3.29689307e+03   7.97176758e+03   3.15529323e+00   1.84319717e+02
   2.88597656e+04   2.90856592e+03   6.38817266e+04   3.75462341e+01
   3.49026685e+03   1.18042793e+04   7.73421570e+02   9.66339661e+02
   6.10391641e+04   1.41009189e+04   3.98467560e+01   5.34380493e+02
   2.56388916e+03   5.90364941e+03   5.73729004e+02   4.47602448e+02
   8.16602812e+04   5.48270447e+02   8.01453186e+02   0.00000000e+00
   1.85800762e+04   4.15719609e+04   4.67879391e+00   5.83380615e+02
   2.56618835e+02   6.37141523e+04   1.59468579e+03   1.20348076e+02
   4.76808891e+01   6.30535547e+04   5.63952539e+03   6.37216748e+03
   1.70780201e+01   1.53118496e+04   6.03347961e+02   3.82218789e+04
   1.98415332e+04   1.43806976e+02   1.55979080e+01   2.83183533e+02
   1.56998096e+04   5.11470001e+02   4.82119408e+01   5.94634326e+03
   7.95056839e+01   5.76224121e+03   2.26208936e+03   1.02471143e+03
   4.22479199e+03   1.14154727e+04   4.09658086e+04   6.33343945e+04
   2.77075254e+04   1.44171356e+02   1.38319473e+02   3.95794297e+04
   4.73783594e+03   8.12721863e+01   3.52382593e+03   1.40958008e+02
   4.78635449e+03   4.14150429e+01   3.53422925e+03   3.93849648e+04
   1.02822119e+03   3.71251880e+03   5.58880859e+04   8.90913391e+02
   3.23605347e+02   2.30116406e+03   4.29887676e+00   6.94542734e+04
   6.76110781e+04   1.97824292e+03   4.46877594e+01   6.64456406e+01
   2.41585596e+03   1.15452405e+03   5.19016235e+02   1.69936426e+03
   7.18513184e+03   4.56259521e+03   0.00000000e+00   5.94656289e+04
   2.33297977e+01   9.31520081e+01   3.43378198e+03   6.62142639e+01
   7.64410059e+03   8.95342636e+01   2.36459484e+01   7.46658859e+01
   4.26729614e+02   1.32339600e+03   4.19796094e+03   3.38205127e+03
   2.99837598e+03   1.38233582e+03   1.24147192e+03   7.59980957e+02
   9.92277039e+02   9.76194922e+03   2.06799454e+02   1.76235879e+04
   3.28611011e+03   4.32771924e+03   6.71184875e+02   7.81847473e+02
   2.17765427e+02   3.52785034e+02   5.52591934e+01   5.10075417e+01
   1.45173232e+04   0.00000000e+00   1.82418445e+03   1.71397695e+04
   8.08148877e+03   1.35129745e+02   1.74805332e+04   0.00000000e+00
   3.61620140e+01   1.37799619e+04   4.45805216e+00   2.65383828e+04
   4.41398651e+02   1.35874902e+03   1.01936760e+02   2.77801147e+03
   6.53288906e+04   9.57609863e+03   4.40305859e+03   1.09604463e+04
   4.33589805e+04   1.41614185e+03   1.18317253e+02   1.82589661e+03
   3.11634350e+00   1.45323535e+03   2.51482734e+04   5.31446648e+00
   3.00721802e+03   1.71606895e+04   2.15588721e+03   5.27407500e+04
   3.03216919e+02   3.99218864e+01   1.92125763e+02   3.56969092e+03
   3.10764902e+04   3.82034035e+01   6.72313965e+02   2.12449829e+02
   5.48748125e+04   3.08404560e+01   2.15113174e+02   1.42291290e+02
   2.73897021e+03   1.67720801e+04   1.19331396e+04   2.89924277e+04
   7.01815391e+04   9.05013977e+02   2.46187158e+03   1.08658145e+04
   2.08901123e+02   7.54203081e+00   6.61770000e+04   2.53770703e+04
   2.70744553e+01   1.20938501e+03   1.15008906e+04   2.80834351e+03
   0.00000000e+00   1.05169551e+04   5.57184326e+02   1.71240906e+02
   1.73528340e+04   3.51141064e+03   1.87001074e+03   4.37835938e+04
   4.29468651e+01   2.19615308e+03   4.25517120e+02   1.90631309e+04
   4.25893008e+04   6.58291992e+02   1.04472343e+02   4.06783936e+03
   1.00428619e+03   7.52038135e+03   8.52347109e+04   2.84644629e+04
   8.31069397e+02   2.79717468e+02   9.79083496e+03   1.34509754e+01
   2.81416895e+03   3.73264130e+02   5.10071831e+01   1.65428360e+02
   1.79421562e+04   3.20300664e+04   9.94093750e+02   2.13364980e+04
   3.07767883e+02   3.65628750e+04   1.46237659e+01   8.89107910e+03
   1.96831128e+03   8.04597031e+04   6.54595398e+02   1.22004407e+03
   4.22897461e+02   3.68817322e+02   3.16550439e+03   1.65896113e+04
   7.33090576e+03   6.06650244e+03   2.45523720e+01   1.94859222e+02
   8.89628296e+02   4.02149805e+04   2.98014453e+04   4.44119043e+03
   6.32324023e+04   1.38756506e+03   9.25635910e+00   3.04659195e+01
   3.25738232e+03   7.58361768e+03   1.43684509e+03   5.08587842e+03
   6.13162109e+03   5.62258949e+01   3.42480865e+02   1.08402112e+03
   2.06922592e+02   6.34034766e+03   1.49851328e+04   1.38971191e+04
   7.28729004e+03   0.00000000e+00   7.33269219e+04   1.00518683e+03
   2.44444482e+03   2.40052242e+01   6.68926367e+03   5.19808350e+02
   4.76303271e+03   9.77747852e+03   4.57467041e+01   0.00000000e+00
   1.07899857e+02   3.91622559e+03   4.15742529e+03   2.72496582e+02
   5.79085632e+02   1.13158752e+02   1.46633069e+03   3.54303613e+03
   2.30125366e+03   3.15041113e+04   1.05929291e+02   3.78477144e+00
   3.64698560e+03   8.89985428e+01   2.09674414e+03   3.62817188e+04
   1.34646790e+03   2.05708405e+02   4.77946686e+02   1.46741980e+03
   2.15024976e+03   1.42469507e+03   4.56926797e+04   3.99466284e+03
   1.53914971e+04   3.60442719e+02   3.40771851e+03   2.83599292e+03
   2.12512817e+01   6.70163330e+02   3.87482715e+03   3.47707367e+02
   5.69684509e+02   7.76675568e+01   0.00000000e+00   6.53569641e+02
   2.77130812e-01   0.00000000e+00   1.27179658e+04   0.00000000e+00
   2.81284475e+00   2.33594653e+03   0.00000000e+00   3.48153900e+02
   1.06912881e+04   7.66252014e+02   5.68899268e+03   4.24138977e+02
   7.60827266e+04   2.90589980e+04   2.72308838e+02   3.54213892e+03
   7.16493164e+02   1.52374814e+04   2.65878535e+04   3.34154877e+02
   5.10601593e+02   3.96339340e+01   8.80557800e+02   8.24320312e+03
   1.44403638e+03   5.57281067e+02   2.28225415e+03   0.00000000e+00
   9.59645312e+03   6.82901025e+03   8.75546448e+02   1.52401779e+02
   2.65759766e+02   4.61420349e+02   4.21332695e+04   6.53857136e+00
   6.91900391e+02   2.98161346e+02   9.07494375e+04   8.22697461e+03
   6.57557068e+02   1.70023102e+02   7.89651394e+00   7.72870264e+03
   4.41685730e+02   1.71767368e+01   1.42967322e+03   6.25950293e+03
   7.77111938e+02   2.85507739e+03   4.50157280e+01   4.30278442e+02
   1.12864355e+03   8.72328125e+04   6.48527222e+01   1.07723376e+03
   0.00000000e+00   9.95324707e+03   8.53508789e+03   5.36121533e+03]
[  1.80401001e+02   1.15541758e+04   9.98475571e+01   1.52840247e+03
   7.02628723e+02   1.54002734e+04   7.69293518e+01   8.10747510e+03
   4.29294873e+03   4.12299258e+04   2.09423660e+02   1.02641632e+02
   7.03109717e+03   3.37369766e+04   2.85920728e+03   2.01498154e+02
   2.11577100e+03   2.71964795e+03   6.51311094e+04   1.31693787e+03
   6.71275020e-01   3.51987622e+03   1.69183807e+02   1.37254663e+03
   1.63195225e+04   7.35824127e+01   7.87646924e+03   1.52071121e+02
   5.65720276e+02   1.03047791e+03   1.46015198e+03   2.35172192e+03
   5.10328064e+02   0.00000000e+00   2.42419727e+03   1.94186157e+02
   3.64711853e+02   7.83753516e+04   0.00000000e+00   6.38752979e+03
   8.62924512e+03   8.73271103e+01   3.36691427e+00   3.22657257e+02
   5.86302490e+03   8.05887604e+01   4.53439600e+03   1.08079199e+04
   1.61811249e+02   6.97834091e+01   6.07535767e+02   2.13047217e+03
   4.75102806e+01   1.39153096e+04   1.64474824e+04   4.20077891e+04
   3.45190338e+02   8.93806152e+03   3.44755211e+01   2.95023682e+03
   3.49680444e+03   9.60606995e+02   8.99291748e+02   3.30074951e+02
   3.84340942e+03   2.58127014e+02   8.46232758e+01   1.32932236e+02
   1.16716820e+02   9.31955910e+00   6.00256470e+02   1.38087930e+04
   4.05544375e+04   1.02580696e+02   2.74628691e+04   2.36096249e+01
   5.92456245e+01   4.85209686e+02   4.12530914e+02   1.36416104e+04
   9.04328857e+02   2.72239102e+04   1.47070107e+04   9.20455176e+03
   5.95539141e+04   2.48645432e+02   1.99540942e+03   8.88325879e+03
   1.14975029e+04   2.98889727e+04   1.37624626e+01   2.80999072e+03
   1.64039307e+02   6.01008154e+03   1.02880640e+03   4.21491504e+03
   5.66917480e+03   1.65177059e+00   1.33933857e+04   2.90929382e+02
   2.59476871e+01   2.10106421e+03   1.16744469e+02   4.77971191e+03
   8.66126347e+00   1.27338684e+00   1.27572852e+03   3.53246992e+04
   7.19993544e+00   1.88381855e+04   3.55593231e+02   4.38430312e+04
   1.72097119e+03   6.34409981e+01   2.11121368e+01   3.96252014e+02
   3.56491089e+02   1.85670547e+04   7.89366516e+02   1.61462176e+00
   1.96060753e+00   5.35926575e+02   5.07834521e+03   3.63318298e+02
   2.32719238e+02   9.70769824e+03   2.13390900e+02   5.72017021e+01
   5.34729065e+02   2.96771393e+02   1.43308379e+04   8.66857422e+02
   1.00016357e+02   1.20795044e+03   5.38302429e+02   4.34582568e+03
   5.17348086e+04   3.41169691e+00   1.59795792e+02   4.62954369e+01
   7.42336810e-01   1.20234222e+02   2.97129822e+02   3.35826599e+02
   1.12931076e+02   9.65780396e+02   3.00568408e+03   1.27672219e+00
   3.48023193e+02   4.01387539e+04   6.86024399e+01   2.47893387e+02
   7.28373352e+02   5.34436768e+03   3.81292023e+02   1.56192695e+04
   2.70854530e+01   6.39275208e+02   1.98281570e+02   6.55487207e+03
   8.81661758e+01   1.20165283e+03   5.06915100e+02   5.63930206e+01
   4.51015977e+04   3.34466972e+01   2.84593353e+02   3.23090967e+03
   7.92960156e+03   1.05305850e+04   3.84709549e+00   6.47758408e+01
   7.04430566e+03   9.19781677e+02   2.33076973e+01   1.54625061e+03
   5.14753984e+04   4.02349426e+02   3.91169805e+04   3.40859375e+03
   2.55597324e+04   1.55046504e+04   3.11768894e+01   3.36060889e+03
   1.02746301e+03   1.12514985e+00   2.03649084e+03   3.42866650e+03
   1.45106155e+02   1.74602722e+02   1.63277008e+02   1.53132095e+02
   1.71132300e+03   4.07275977e+03   8.48856201e+02   1.23304268e+04
   1.72319055e+03   5.32752075e+02   3.24101196e+02   2.16746387e+03
   2.89022339e+03   8.27153809e+02   1.27916394e+03   0.00000000e+00
   2.32213770e+03   6.06271133e+01   3.50681592e+03   1.14038074e+03
   5.72883350e+03   6.52475508e+04   1.65772995e+02   6.80712463e+02
   4.52155029e+03   4.47211182e+03   6.96906357e+01   1.07506699e+04
   6.39782734e+04   1.97894730e+02   1.34547760e+02   4.43503662e+03
   1.12595654e+04   1.31147491e+02   4.32938480e+00   2.24499292e+03
   6.09804138e+02   6.83528290e+01   1.81170639e+02   2.85778992e+02
   9.46016541e+02   9.64772263e+01   2.71289139e+01   1.07761879e+02
   1.87678943e+03   5.90077667e+01   3.91759453e+01   5.39233923e+00
   2.92447540e+02   2.84778076e+02   2.11174805e+03   2.02119675e+01
   3.87527122e+01   2.73887901e+01   1.12098767e+03   3.44358594e+04
   3.26268066e+04   5.57607520e+03   2.19161804e+02   5.43670288e+02
   4.50190926e+01   3.28007111e+02   7.23303711e+02   1.93236221e+02
   7.20020312e+03   4.47615509e+02   0.00000000e+00   1.10777939e+02
   1.68612708e+03   1.96299286e+01   8.56445007e+02   1.42705124e+02
   4.74264374e+02   4.56661896e+02   3.62527832e+02   1.09471092e+01
   4.23459180e+04   1.13512280e+03   3.41772188e+04   2.99252472e+02
   2.87420410e+03   1.61117229e+01   7.20041656e+01   1.15311719e+03
   3.55890121e+01   2.62623272e+01   3.17851289e+04   1.20755249e+03
   9.52704468e+02   6.66940063e+02   4.79754541e+03   1.29805879e+04
   2.77829041e+02   2.23888565e+02   4.23365173e+02   6.91427344e+04
   3.08511011e+03   2.09289429e+03   1.10670498e+04   4.37629272e+02
   5.44432129e+02   1.05341035e+04   1.86987598e+03   2.39256323e+03
   1.00699365e+04   1.63328101e+03   1.17929207e+02   1.32819653e+03
   6.17565723e+03   5.89993774e+02   5.26511914e+03   2.63925910e+00
   7.50165272e+00   4.39084930e+02   1.23135322e+04   9.93746414e+01
   1.14888555e+04   5.75748359e+04   6.56823242e+02   1.53869727e+03
   5.92862402e+03   6.21819043e+03   3.43834352e+00   2.58745435e+03
   2.52795100e+00   3.25972070e+03   3.09274292e+03   1.41050127e+04
   6.02723694e+02   4.04196997e+03   5.25265121e+01   1.16615830e+04
   2.37125293e+03   3.43469883e+04   1.05151807e+03   2.93642109e+04
   2.16344025e+02   1.30943481e+03   3.21121802e+03   4.18141785e+02
   4.63580292e+02   1.80462784e+02   5.34791797e+03   4.78281445e+03
   1.11055870e+01   2.06579321e+03   1.65279968e+02   2.40828784e+03
   1.21354912e+02   3.28295435e+03   2.03853357e+03   2.08491094e+04
   2.63745781e+04   1.28438501e+03   2.34346313e+02   1.91198624e+02
   1.81066647e+01   4.21350006e+02   1.41245234e+04   1.56666870e+03
   6.23586670e+03   6.96336426e+03   2.01274060e+03   5.16235820e+04
   7.42057419e+01   2.11865210e+03   1.34588916e+03   3.63481720e+02
   1.76668496e+04   1.60019714e+03   1.88149805e+04   4.36196232e+00
   5.81938789e+04   2.59461304e+02   2.88820000e+04   5.08381195e+02
   4.73004639e+03   2.87511902e+02   5.61710091e+01   7.45686328e+03
   4.25770386e+02   1.43724060e+03   2.59864960e+02   1.95108594e+03
   1.32333862e+02   8.71493555e+03   1.21556824e+02   1.02353242e+05
   9.06029980e+03   8.48192749e+02   5.01801611e+03   9.70671631e+02
   6.62669296e+01   1.22595258e+05   2.14550903e+03   5.30419128e+02
   4.21494110e+02   7.24101855e+03   1.10939156e+02   1.39672976e+01
   1.33091809e+03   1.84550195e+03   5.88699141e+04   2.21961133e+03
   1.37195984e+03   4.23889219e+04   5.67275117e+04   1.65492310e+02
   8.07249908e+01   5.25009668e+03   3.97679346e+03   8.26402441e+03
   2.88570862e+02   1.58388857e+04   1.86348254e+03   2.19343237e+03
   4.39719009e+01   1.26069795e+04   7.28246613e+01   1.71158081e+03
   1.33074207e+03   1.50383850e+03   1.23224402e+03   1.16865508e+04
   1.19240488e+04   5.40008850e+02   1.34966260e+03   3.66013718e+00
   1.96507825e+03   4.09683441e+02   0.00000000e+00   1.56230209e+02
   1.68132523e+02   2.39049121e+04   5.01462256e+03   4.43481064e+01
   4.37438721e+02   7.10044336e+03   7.58364746e+02   1.26601807e+02
   2.53788403e+03   6.39810986e+03   4.78398281e+04   1.35837158e+02
   1.25923398e+04   9.50247742e+02   1.22119987e+02   1.76656326e+02
   1.26321915e+02   4.14647446e+01   2.26414922e+04   3.19917984e+01
   1.50228500e+02   9.52012024e+01   6.94241028e+01   2.90729570e+00
   2.40746861e+01   1.54797227e+04   7.22880554e+02   1.73741058e+02
   9.01589600e+02   1.59420918e+04   1.71320023e+02   7.55162781e+02
   7.33012085e+01   1.27932938e+05   3.50432656e+04   6.05409393e+01
   1.59718469e+03   8.39320703e+03   1.42133340e+04   7.92557861e+03
   9.56263867e+03   1.14186455e+04   9.17895703e+03   1.10880896e+03
   9.75718262e+03   1.39685510e+03   3.71442383e+02   1.58345657e+02
   8.60673462e+02   7.50296478e+01   1.01345537e+04   1.10242217e+04
   1.09901758e+04   1.35797246e+04   3.48431580e+02   1.76838501e+02
   5.67665100e+02   1.31030688e+03   1.69587305e+03   1.80360625e+04
   4.93874854e+03   2.03322556e+02   2.15359336e+04   4.47204102e+02
   1.69828033e+00   0.00000000e+00   4.76874707e+03   2.96248383e+02
   1.19434790e+03   6.41121436e+03   4.92165234e+04   1.80358926e+04
   1.23814795e+04   9.03740112e+02   3.14091248e+02   6.44455994e+02
   7.42442139e+02   7.31026001e+01   1.69956677e+03   2.71638379e+03
   2.07025312e+04   2.43622520e+04   2.84029522e+01   1.31635706e+03
   1.42868730e+04   2.25473066e+04   3.37930939e+02   3.96887474e+01
   3.23565308e+02   7.81152439e+00   1.67361126e+01   1.76337324e+04]
[  2.40292603e+02   1.39308310e+00   0.00000000e+00   6.22425244e+03
   1.06617180e+02   3.45971894e+00   5.35384226e+00   1.56930983e+00
   6.74633636e+01   1.76785751e+02   2.52554932e+01   2.15603882e+02
   7.42364025e+00   9.47747498e+01   2.16276703e+01   3.37702274e+00
   4.28055018e-01   2.70015625e+02   0.00000000e+00   0.00000000e+00
   1.56816864e+02   1.32895498e+04   5.12850830e+03   1.17826515e+02
   1.55432463e+01   0.00000000e+00   0.00000000e+00   7.21837952e+02
   2.44038101e+02   8.68961853e+02   5.32444922e+03   4.46689667e+02
   1.45137488e+03   1.31855270e+02   9.04907799e+00   7.52762634e+02
   2.22071896e+01   1.10067607e+04   1.18166724e+03   9.51105347e+02
   5.38552344e+03   1.85784950e+01   9.61858582e+02   1.46376428e+03
   1.55755877e+00   1.26373291e+01   2.96663843e+03   5.93459487e-01
   1.67931137e+01   1.80023556e+01   4.96412086e+01   1.29674207e+03
   1.93744838e-01   9.04877319e+01   1.57581055e+02   6.43871155e+01
   4.30835205e+03   5.79582886e+02   0.00000000e+00   1.44379730e+02
   3.19091980e+02   2.07470169e+01   6.18694544e+00   7.36848938e+02
   6.83424454e+01   2.33541699e+03   1.94839687e+01   3.19988394e+00
   2.47233475e+02   1.54183521e+03   9.34864960e+01   1.66133575e+01
   2.34167538e+01   2.36259644e+02   4.56592703e+00   1.87870947e+03
   3.27398157e+00   9.16507996e+02   1.37776160e+00   9.03978348e+01
   0.00000000e+00   9.84957809e+01   1.78865326e+02   1.39146765e+03
   7.70831909e+01   1.74863110e+01   1.03991957e+01   2.06117573e+01
   1.01400049e+04   2.42447403e+02   9.72048438e+03   1.05161476e+02
   1.26308193e+04   3.86765686e+02   0.00000000e+00   4.62927704e+02
   9.12098535e+03   1.70815241e+00   1.34540759e+03   3.33905144e+01
   8.11320679e+02   8.37845516e+00   1.55620012e+01   1.05439472e+00
   1.01394177e+03   1.30151270e+03   0.00000000e+00   1.33367249e+02
   4.39503670e+00   1.01342165e+00   1.21519785e+01   2.74701080e+02
   1.95562158e+03   5.02624414e+03   2.89892616e+01   0.00000000e+00
   1.55629895e+03   3.03449432e+02   3.01741772e+01   9.25589142e+01
   0.00000000e+00   6.28717896e+02   7.26242661e-01   1.73687899e+00
   1.32643744e-01   3.03613067e+00   2.84111404e+01   0.00000000e+00
   9.66843262e+01   8.75726196e+02   3.46995819e+02   4.74621735e+02
   9.58741963e-01   3.95148087e+01   3.31148560e+02   7.49842987e+01
   7.96073926e+03   1.13542915e+02   2.22974152e+02   2.09288757e+02
   2.36263452e+03   4.19622803e+01   2.47322083e+01   2.18628296e+03
   2.35325832e+01   4.21748400e-01   5.43514290e+01   5.48096991e+00
   5.17641211e+00   1.62052143e+00   7.02003419e-01   6.23245850e+01
   7.13368759e+01   7.20360708e+00   4.12974739e+01   1.43836136e+01
   1.15530798e+03   3.39878426e+01   5.51595078e+01   4.00853157e+01
   2.81182861e+02   4.71170578e+01   1.22347266e+04   6.57704773e+02
   1.23072034e+03   7.44435498e+03   0.00000000e+00   2.44151831e+03
   4.21096008e+02   3.93838477e+03   7.59568787e+00   2.92582520e+03
   2.16212139e+01   6.24785217e+02   3.18907528e+01   2.31479669e+00
   2.81960640e+01   4.60346460e+00   1.62799713e+02   0.00000000e+00
   1.26146603e+01   2.70442188e+03   0.00000000e+00   1.66434937e+03
   1.78188156e+02   8.32381543e+03   1.90415001e+01   5.51738434e+01
   5.77882227e+03   8.75272903e+01   1.72506428e+01   1.47902412e+01
   1.38269055e+03   3.02003906e+02   4.74730194e+02   1.96835281e+02
   2.00396233e+01   2.34533887e+03   3.10570288e+03   4.50805859e+03
   3.72524681e+01   1.16539873e+04   8.27781010e+00   1.40612383e+01
   3.48142662e+01   4.52933159e+01   1.46318628e+03   1.75588843e+03
   0.00000000e+00   2.02379236e+03   4.27575293e+03   9.22762756e+02
   0.00000000e+00   5.64947836e-02   1.49440201e+02   2.23438477e+03
   2.42288544e+02   1.06907616e+01   1.08594818e+01   3.62657738e+01
   6.86809769e+01   1.76494507e+02   2.50694839e+02   7.22351646e+00
   5.35406152e+03   7.87719531e+03   0.00000000e+00   2.85842276e+00
   1.34117037e-01   3.84484467e+02   3.04637299e+01   3.56482300e+02
   1.83108047e+02   9.56905640e+02   2.21341284e+03   6.12581024e+01
   8.49326401e+01   7.05342578e+03   7.97962964e-01   9.41240601e+02
   0.00000000e+00   1.13636338e+04   5.88318367e+01   6.01527643e+00
   0.00000000e+00   4.12624054e+02   6.69713965e+03   1.25697218e-02
   3.41701984e+00   3.00200539e+01   7.15004443e+03   6.03474855e-01
   2.92712536e+01   4.45468750e+01   8.92883778e+00   9.40309021e+02
   8.37331665e+02   1.28628814e+00   2.88765401e-01   6.82438623e+03
   7.24534531e+01   1.40142075e+02   0.00000000e+00   0.00000000e+00
   8.14692453e-02   2.87610483e+00   2.46461773e+00   1.69456494e+03
   1.48897961e+03   3.27823257e+01   2.22382617e+00   1.44706006e+03
   1.25888691e+01   1.24163652e+04   3.96655176e+03   4.05811462e+01
   2.39548047e+03   1.65287189e+01   2.88704891e+01   6.76504564e+00
   9.50531387e+00   4.19373779e+02   1.01744180e+04   2.88624817e+02
   7.65084648e+00   1.41297409e+02   8.87273499e+02   5.38040390e+01
   0.00000000e+00   5.32533979e+00   6.60591583e+01   1.92426074e+03
   1.67965454e+03   5.76091431e+02   0.00000000e+00   0.00000000e+00
   8.20731277e+01   2.16646866e+02   1.00026913e+01   2.62460303e+00
   3.50765808e+02   5.40150146e+02   8.25224902e+03   0.00000000e+00
   3.60621582e+02   0.00000000e+00   8.02710876e+01   9.64665771e-01
   9.33294824e+03   0.00000000e+00   1.06167764e+04   1.05698719e+01
   5.24565315e+01   0.00000000e+00   3.41691637e+00   5.28840234e+03
   3.84842676e+03   3.12789209e+03   2.88896912e+02   2.87036552e+01
   1.44934106e+03   2.32817822e+01   3.69637251e+00   5.81981125e+01
   4.21748840e+02   0.00000000e+00   1.21180325e+01   3.67448769e+01
   1.27105377e+02   2.41683788e+01   3.28696442e+01   2.63022803e+03
   1.00438622e+02   7.11168274e+02   3.38376495e+02   2.33232422e+03
   9.50068420e+02   2.12336328e+03   4.38980762e+03   9.35350189e+01
   1.53986304e+03   1.77133310e+00   5.49282227e+01   2.91723704e+00
   2.55996509e+03   2.76497269e+00   2.77912793e+03   1.30001663e+02
   8.01599731e+02   1.86950531e+01   2.91808128e+01   0.00000000e+00
   4.39551611e+03   6.38939056e+01   0.00000000e+00   7.98815002e+01
   5.32449658e+03   6.49918945e+03   4.68902588e+03   2.40785742e+00
   4.88040504e+01   5.51519930e-01   5.20539017e+01   2.67170441e+02
   4.71644470e+02   5.75952759e+01   0.00000000e+00   2.43222305e+02
   1.12384064e+02   0.00000000e+00   1.34258148e+02   3.81830640e+03
   3.74415779e+01   1.59381012e+02   6.27662125e+01   7.95640717e+01
   1.09707031e+01   6.20943165e+00   8.97543240e+00   1.69332779e+02
   7.50404892e+01   1.36395645e+04   2.82419720e+01   6.63435889e+03
   3.63551880e+02   2.85240308e+03   1.25981616e+03   4.21459885e+01
   2.41255786e+03   2.91691101e+02   8.40050049e+02   3.54950485e+01
   2.17432137e+01   4.05052155e-01   1.66598755e+02   7.05663757e+01
   0.00000000e+00   5.80041695e+00   3.37385071e+02   2.45439972e+02
   1.52597168e+02   1.35133679e+03   6.99598145e+03   4.06850090e+01
   1.26000458e+02   4.20297546e+01   2.56694977e+02   6.41707993e+00
   1.14804335e+01   8.47061719e+03   2.91644630e+01   1.28512583e+01
   1.00873032e+01   3.97627502e+02   2.96267725e+03   1.17235039e+02
   4.78976514e+03   1.28030615e+01   3.76742601e-01   1.72418582e+00
   1.65563398e+04   6.69753235e+02   2.05192871e+01   1.23335874e+00
   4.65102081e+02   1.02863235e+02   5.25258519e-02   3.72483711e+01
   7.98946810e+00   6.44731262e+02   2.85739331e+03   5.04866600e+01
   4.92096062e+01   1.84163147e+03   7.83435425e+02   1.90650139e+01
   3.81696930e+01   7.01093384e+02   1.07264385e+04   4.14767265e+01
   2.16910133e+01   2.85977292e+00   1.74059200e+01   2.02545609e+02
   6.51031647e+01   2.69841909e+00   8.62357031e+03   6.35232861e+03
   1.01919717e+04   0.00000000e+00   2.16157211e+02   6.34934769e+01
   2.74500073e+03   6.14197016e-01   7.61618530e+02   3.25804626e+02
   3.62506752e+01   9.59476953e+03   8.88332291e+01   1.97846313e+03
   1.42586219e+00   4.89711700e+02   7.71693878e+01   1.19497017e+02
   6.26820801e+03   4.77728539e+01   4.06964493e+01   0.00000000e+00
   3.24120808e+00   2.93133759e+02   2.55998047e+02   1.92704716e+01
   1.25380989e+02   4.14636816e+03   0.00000000e+00   1.36222180e+03
   3.12728821e+02   2.12074188e+02   5.49350537e+03   1.61954651e+02
   4.52867871e+03   4.63664398e+02   2.95089569e+02   2.22227573e+01
   4.50094986e+01   1.30196045e+03   7.86045151e+01   6.78288623e+03
   1.90042722e+00   1.79647408e+01   2.39848557e+01   5.22412207e+03
   1.41847229e+02   1.71906643e+01   3.96960564e+01   0.00000000e+00
   2.69306323e+03   5.21869324e+02   7.63913330e+02   5.04244775e+03
   8.30688019e+01   5.40246925e+01   1.32493396e+03   2.73148218e+03
   3.82194662e+00   3.39279370e+03   5.44198275e+00   3.81836060e+02
   0.00000000e+00   9.51032129e+03   1.44635141e+00   2.23151810e+02]
[  1.23512144e+01   5.94292603e+02   7.86180725e+01   2.33952652e+02
   1.68196838e+02   8.99998962e+02   7.90808258e+01   2.06823441e+02
   2.14709892e+01   3.72395439e+01   1.06797729e+03   1.17483948e+03
   3.13948535e+03   2.35991547e+02   2.54631396e+03   1.85412201e+02
   3.65245509e+00   2.06630188e+02   9.40716797e+02   3.59907410e+02
   1.47121140e+02   1.07784595e+01   3.15945215e+03   1.31317596e+02
   5.80036278e+01   2.50839577e+01   5.83362236e+01   1.13484211e+01
   4.53055518e+03   2.72029057e+01   1.25491734e+01   6.41260452e+01
   3.08540747e+03   3.52749100e+01   1.35190859e+01   1.19269873e+03
   4.69453955e+03   9.43893814e+00   2.77332115e+00   1.47251135e+03
   5.41523242e+03   4.87363556e+02   1.23807108e+00   1.40624166e-01
   4.75728226e+00   4.29420380e+02   3.45648853e+03   3.62991104e+01
   2.67885609e+01   5.03777351e+01   3.34277611e+01   8.93632278e+01
   1.54449133e+03   4.57607697e+02   6.21113281e+02   3.82953369e+03
   1.54377489e+01   2.61165695e+01   1.72775769e+03   4.35878662e+03
   1.62538147e+03   3.14330200e+02   6.14142578e+03   8.34759045e+00
   1.18031371e+00   2.35489670e+02   7.73496017e+01   1.24624420e+02
   3.77371001e+00   9.81422852e+02   1.51188806e+03   8.35707214e+02
   5.22039124e+02   4.84970398e+01   6.07475967e+01   9.20030457e+02
   5.86477966e+01   5.34496643e+02   3.06479126e+03   9.49571323e+00
   1.56609774e+00   1.22725220e+02   2.54792554e+03   3.39023323e+01
   1.05832849e+03   4.43366943e+03   8.24433365e+01   5.47122040e+01
   3.44156348e+03   3.69855621e+02   2.15482285e+02   3.35528168e+02
   0.00000000e+00   2.41914282e+03   1.54273291e+01   1.43066330e+01
   3.92436981e+02   3.32585034e+03   7.10465393e+01   6.29974174e+01
   4.64718056e+01   5.07495785e+00   8.38702927e+01   1.72879524e+01
   2.05855371e+03   0.00000000e+00   1.63766312e+02   5.15214062e+03
   4.27684619e+03   1.41922256e+02   6.15716797e+02   2.19694862e+01
   1.87896033e+03   1.35630823e+03   3.18475494e+02   2.57520342e+00
   5.74894867e+01   1.90931396e+01   1.87299487e+03   8.21477814e+01
   6.11944847e+01   2.23755273e+03   0.00000000e+00   4.14565811e+01
   2.40577488e+01   4.09915924e+02   6.48665466e+01   4.13198792e+02
   4.79841943e+03   3.37370086e+00   1.75450043e+02   1.99566870e+03
   1.33053662e+03   1.39477720e+01   8.61464160e+03   2.16637969e+00
   5.95228052e+00   1.31284653e+02   3.29705582e+01   3.34131265e+00
   4.23355225e+03   0.00000000e+00   5.68519592e+02   7.84780731e+01
   2.08419022e+02   5.80088568e+00   8.76369774e-02   1.23260832e+01
   1.01153433e+00   1.88049988e+02   3.73158932e+00   9.33486267e+02
   2.85430176e+02   3.04564941e+03   2.52470673e+02   8.71573730e+02
   1.03829431e+03   6.07314968e+00   1.24249646e+03   3.43376343e+02
   1.24661157e+03   2.81449243e+03   2.66994095e+00   7.26346008e+02
   4.14978418e+03   6.38633972e+02   3.84713409e+02   2.55725403e+01
   2.23419704e+01   1.24970776e+03   4.81036804e+02   5.69109201e-01
   2.67069702e+02   3.08104679e-02   6.97658463e+01   1.08768368e+00
   0.00000000e+00   3.61349805e+03   4.89963745e+02   7.94495010e+00
   1.10070114e+02   2.38888359e+01   5.27028513e+00   9.54145432e+01
   3.58535767e+03   3.84779882e+00   6.98032532e+01   1.42395449e+00
   3.52458656e-01   1.71669846e+01   1.59295568e+01   3.80098801e+01
   3.45291634e+01   2.75855560e+02   4.07730530e+02   3.13189819e+02
   1.66731018e+02   1.98924637e+01   2.17215519e+01   1.58297014e+01
   7.53294678e+01   1.87600586e+02   0.00000000e+00   1.47340739e+00
   3.42249527e+01   3.45059776e+01   9.57441998e+00   3.16201721e+02
   2.40530109e+01   2.81001015e+01   2.13202368e+03   2.62440033e+02
   2.27799460e-01   0.00000000e+00   8.30919647e+01   1.34895859e+02
   4.11969032e+01   8.50150940e+02   1.37988434e+02   1.26924377e+02
   3.14223694e+02   9.84588196e+02   1.27913681e+02   1.63261218e+03
   1.17575998e+01   1.23553810e+01   2.12617993e+03   1.39963013e+02
   3.06902148e+03   3.87063770e+03   2.73465112e+03   9.51384735e+01
   0.00000000e+00   1.65974899e+02   2.32743408e+02   1.17326147e+03
   1.93606494e+03   1.77541618e+01   1.94147192e+03   4.74231079e+02
   3.43195915e+01   7.48510284e+01   4.58199005e+02   0.00000000e+00
   4.54608612e+02   5.83873230e+02   5.28478821e+02   2.11853313e+00
   2.75534698e+02   3.32967925e+00   0.00000000e+00   4.47399414e+02
   2.44471753e+03   0.00000000e+00   1.32024670e+01   5.64967334e+03
   1.59112000e+00   4.12653137e+02   1.10490334e+02   6.51275558e+01
   3.68621021e+03   0.00000000e+00   6.05721143e+03   3.21643448e+01
   2.36023102e+01   1.21908005e+02   4.85744995e+02   1.07149133e+03
   6.20848312e+01   5.04215973e+02   2.82835617e+01   5.32411499e+02
   0.00000000e+00   0.00000000e+00   6.96446228e+01   1.03476105e+02
   2.90312119e+01   5.85350533e+01   7.99826355e+02   6.71375305e+02
   1.85248413e+01   2.48193493e+01   3.74381274e+03   2.65989723e+01
   1.16047287e+00   2.77111206e+03   2.60936218e+02   1.47790027e+00
   4.14476074e+03   6.17216034e+01   2.28837738e+01   1.85469329e+00
   6.09783386e+02   4.19474060e+02   4.72927344e+03   5.43544960e+01
   1.80238550e+03   2.43625702e+02   5.05037231e+01   4.20407562e+02
   3.38884180e+03   8.41181213e+02   5.24302959e+00   2.41991425e+00
   4.06012915e+03   2.64979419e+03   6.77306543e+03   3.81746460e+02
   1.05982304e+00   1.95264191e+02   2.50726486e+02   1.78856171e+02
   3.47294903e+00   7.30056458e+01   3.22355652e+01   7.48463013e+02
   7.77273560e+02   1.41332779e+02   4.06230164e+02   0.00000000e+00
   5.89567566e+00   2.28139722e+03   1.07844896e+01   4.07663550e+03
   8.25870972e+01   2.10150269e+02   1.18654419e+02   0.00000000e+00
   1.08928185e+01   2.91414551e+02   2.26710439e+00   2.10240231e+01
   5.73281670e+01   1.00113403e+02   6.38825195e+02   1.28736601e+01
   6.93025085e+02   9.33568268e+01   6.06384705e+02   2.55504590e+03
   1.95533655e+03   8.88345581e+02   1.94673877e+03   4.67851496e+00
   1.62493347e+02   7.80362366e+02   1.27903467e+03   7.88515930e+01
   1.30525253e+02   2.84101929e+03   1.43898687e+01   0.00000000e+00
   4.36678564e+03   9.65308533e+01   1.38709436e+03   1.08806419e+01
   1.90789514e+03   4.12589386e+02   8.71889954e+01   5.54973640e+01
   4.16716728e+01   5.62641716e+00   1.40380234e+02   1.20130359e+03
   1.36560181e+03   4.18457985e+00   4.39100075e+01   7.89743652e+01
   4.72024078e+01   2.74025774e+00   4.76385400e+03   2.19116068e+00
   5.67817383e+02   2.18472729e+03   0.00000000e+00   3.03635712e+02
   1.59046826e+03   8.09264941e+03   1.56172607e+02   3.84582245e+02
   6.06620483e+02   5.73294106e+01   7.44032364e+01   1.82757587e+01
   2.26852066e+02   1.41342117e+02   2.20887241e+01   9.09343872e+01
   2.02608960e+03   4.34660568e+01   5.57471875e+03   1.16730324e+02
   5.85891663e+02   1.99405594e+01   0.00000000e+00   1.04334534e+02
   4.28831488e-01   4.52841614e+02   1.76010818e+02   2.78666656e+02
   2.92990820e+03   1.24857719e+02   3.10025043e+01   4.05678760e+03
   2.63357886e+03   2.49773178e+02   4.40751801e+02   3.44244272e-01
   1.37705566e+02   7.35882031e+03   1.08791664e+02   1.16994604e+03
   1.52481201e+02   3.16068673e+00   1.35143862e+01   0.00000000e+00
   9.29575623e+02   2.98021313e+03   1.20048401e+03   2.39414600e+03
   1.04835732e+02   2.95466213e+01   4.09850220e+02   1.49624205e+00
   6.89390030e+01   3.20989990e+00   1.68472916e+02   3.13314160e+03
   7.37198364e+02   7.19698608e+02   8.75125977e+03   2.81366730e+01
   8.02976532e+01   2.15718774e+03   9.11073074e+01   1.45036697e+02
   1.43304736e+03   4.28898010e+01   2.57437897e+02   2.51126862e+02
   2.03324928e+01   4.36067886e+01   5.12457504e+01   1.43445145e+02
   1.97074402e+02   1.60830307e+02   1.09573792e+02   1.27685869e+00
   2.25720215e+01   2.16633511e+01   1.13085836e-01   1.28720398e+03
   8.30920898e+03   1.84407153e+03   4.26365967e+01   5.62944824e+02
   9.01855371e+03   1.35937698e+02   1.50062683e+03   3.96405983e+00
   5.03144531e+02   1.04903641e+02   4.71785355e+00   8.91553044e-01
   1.35303723e+03   1.08978137e+03   5.57157516e+01   6.38731104e+03
   5.74927295e+03   4.97027466e+02   1.98239326e+00   3.24249611e+01
   6.54222155e+00   4.91725708e+02   9.63842392e+00   7.41753967e+02
   9.25956116e+01   4.39298058e+00   2.28765793e+01   2.00079823e+00
   1.25496086e+02   8.56973511e+02   1.07567207e+02   1.00122278e+03
   6.17994766e+01   1.50143313e+00   1.48940907e+01   7.60641992e+03
   6.99037123e+00   6.68239975e+01   4.67569397e+02   1.66956677e+03
   9.42493677e-01   0.00000000e+00   3.66510193e+02   4.98724823e+01
   3.30251579e+01   1.04229517e+03   9.52363831e+02   3.15985034e+03
   9.11695862e+02   3.99488487e+01   2.71276855e+02   4.50615234e+03
   5.79583435e+01   0.00000000e+00   1.36881226e+02   4.31831592e+03
   8.79158783e+01   3.48673096e+02   1.41851212e+02   3.72845142e+03]
[  5.43448364e+02   2.50886459e+01   6.21514463e+00   4.78733444e+00
   4.95393715e+01   1.44962476e+03   7.68045197e+01   4.53116570e+01
   8.51663876e+00   5.32417542e+02   1.87391853e+01   9.49108658e+01
   5.19930542e+02   1.22721643e+03   1.85964111e+02   0.00000000e+00
   4.02648048e+01   7.04465759e+02   7.17730103e+01   2.37518609e-01
   3.24624252e+01   0.00000000e+00   5.26352043e+01   1.28093152e+03
   2.48398662e+00   4.23012352e+00   5.29986525e+00   1.18170967e+01
   1.17210789e+01   1.11406326e+02   4.47114182e+01   1.63389945e+00
   1.12493645e+02   8.45794010e+00   2.10357324e+03   1.83712402e+03
   7.62746191e+00   1.49593689e+03   3.21017761e+01   7.80330734e+01
   1.09012547e+01   4.72640724e+01   7.51648188e+00   2.26500969e+01
   3.96522474e+00   5.79993591e+01   5.23764282e+02   0.00000000e+00
   7.21959229e+01   8.00670700e+01   1.11028406e+03   0.00000000e+00
   5.63928146e+01   6.81378784e+01   5.16335592e-02   5.23510399e+01
   7.54673958e+00   6.23059893e+00   1.62283447e+02   3.37827850e+02
   5.29884291e+00   3.34684334e+01   7.91985474e+01   1.27377710e+01
   2.52628613e+01   1.54984350e+01   8.79322739e+01   6.78144598e+00
   1.09526968e+01   3.16190624e+01   9.48970890e+00   1.54027649e+03
   3.30144615e+01   1.17456250e+04   1.38869226e+03   5.39822769e+00
   9.80022240e+00   7.34190226e+00   5.50178452e+01   1.84881344e+01
   3.00277185e+00   5.27610359e+01   4.04402065e+00   2.64465561e+01
   7.29855652e+01   3.24798346e-01   1.32274646e+03   2.39841728e+01
   1.07024826e+02   7.59895039e+00   7.51156998e+01   2.76571407e+01
   2.23656788e+01   3.73660950e+02   1.42381042e+02   2.01374378e+01
   2.27617817e+01   6.77379150e+01   1.22003746e+02   8.31368637e+01
   4.27938312e-01   2.53583946e+01   6.68941193e+01   7.65158005e+01
   2.29824696e+01   1.19483843e+01   6.84333920e-01   2.52526953e+03
   3.62976723e+01   3.81871772e+00   5.73740784e+02   1.13605328e+01
   6.00807524e+00   7.12231293e+01   2.91246206e-01   0.00000000e+00
   6.39586878e+00   3.73732452e+01   2.96195190e+03   8.08740497e-01
   2.25591476e+02   1.31776161e+01   1.91875668e+01   2.68540573e+00
   2.55797052e+00   1.40673926e+04   4.50474405e+00   3.32114334e+01
   6.71194092e+02   9.65908585e+01   1.18542099e+01   1.85180832e+02
   1.35721756e+02   1.60950241e+01   2.84314990e+03   3.56434631e+00
   1.08583939e+00   1.74664135e+01   1.65765820e+03   4.91536674e+01
   5.72598314e+00   1.07865137e+03   1.19141846e+01   8.52966370e+02
   3.04534092e+01   9.84935455e+01   6.78632021e+00   2.12945633e+02
   5.73294739e+02   2.21680393e+01   4.36372070e+01   4.91785522e+02
   1.26147079e+01   7.26891251e+01   9.21026978e+02   6.84968872e+01
   2.94063530e+01   0.00000000e+00   7.50630474e+00   1.34085779e+03
   5.06933057e+03   3.73721851e+03   1.06250105e+01   4.41717720e+00
   6.43128204e+01   3.41133451e+00   3.72860451e+01   3.39464035e+01
   1.54345007e+01   1.16450176e+01   1.19394363e+02   9.03245151e-01
   4.29356194e+00   8.44830322e+02   4.37481270e+01   6.82408981e+01
   1.88041973e+01   1.09028172e+00   7.62056274e+01   1.33063452e+03
   7.49502441e+02   7.09528656e+01   6.40225586e+02   2.21687729e+02
   6.35804558e+01   1.03487228e+02   1.06053085e+01   1.93620324e-01
   1.07215187e+02   1.07957008e+02   4.63327103e+01   2.10704184e+00
   4.87092236e+03   2.89253750e+01   6.67464852e-01   3.42664604e+01
   5.87986679e+01   2.42988949e+01   7.94518738e+01   1.40856128e+03
   3.03969460e+01   4.71119881e-02   1.03372510e+03   2.73091812e+01
   4.46794605e+00   6.13552046e+00   1.78768054e+03   5.79699469e+00
   1.98865891e+01   1.92737427e+02   1.01448616e+02   2.11808276e+00
   4.18118927e+02   2.57933617e+01   8.80904007e+01   2.94985413e+02
   0.00000000e+00   9.52231903e+01   2.43400854e+03   4.28203644e+02
   8.17962587e-02   1.45185251e+01   3.76152945e+00   1.81401520e+01
   4.87624207e+01   1.13961951e+03   4.87717667e+01   3.96457825e+01
   2.37463684e+01   1.43051376e+01   1.12501211e+01   1.43075647e+03
   7.50259033e+02   1.53568567e+03   0.00000000e+00   7.09530652e-01
   7.19756088e+01   2.81861475e+03   2.64811060e+03   1.25524101e+01
   2.67287178e+01   8.73512726e+01   1.09221581e+02   0.00000000e+00
   1.66386585e+01   0.00000000e+00   1.16396240e+03   0.00000000e+00
   2.60948029e+02   2.46820621e+01   8.96547241e+02   1.18670340e+01
   2.13591766e+01   9.99433655e+02   1.13782104e+03   6.82207632e+00
   2.63891659e+01   2.75140285e+01   1.50125171e+03   8.00690155e+01
   4.36443100e+01   9.27622128e+00   6.75803284e+02   5.40961761e+01
   1.78652134e+01   0.00000000e+00   9.01582870e+01   4.24536629e+01
   1.26451802e+00   3.98843117e+01   2.84659814e+03   5.36543945e+02
   3.17623119e+01   1.19127007e+01   6.13499985e+01   6.40728989e+01
   3.56792267e+02   2.71137524e+01   2.37941399e+01   1.18764544e+00
   7.62350647e+02   2.10019592e+02   3.40010185e+01   1.41703406e+03
   7.74760666e+01   2.55320854e+01   9.53686810e+00   4.02517815e+01
   1.06239120e+02   8.82890930e+01   1.80749768e+03   3.32136345e+01
   1.31296215e+01   3.80848961e+01   3.20673065e+01   3.03290863e+02
   1.96400986e+01   1.06664990e+03   1.89153576e+01   5.39599072e+03
   2.50912430e+02   4.39596901e+01   2.23048535e+03   3.53516388e+02
   2.07912338e+02   1.10624092e+02   1.34245920e+01   3.17211121e+02
   4.15360832e+01   7.88642883e+01   2.15463161e+00   2.95268536e+01
   1.97295685e+01   6.27787285e+01   1.77887122e+03   6.82609863e+01
   1.96928247e+03   1.69134915e-01   1.46476965e+03   4.92254105e+01
   2.91215363e+02   4.30727158e+01   8.20273361e+01   1.99432327e+02
   1.35010559e+02   7.27993469e+01   4.69628716e+00   1.09216156e+02
   2.44444966e+00   9.61979961e+00   2.59381473e-01   7.23791504e+00
   0.00000000e+00   1.88933243e+02   1.10798311e+01   6.17013428e+02
   3.70730090e+00   1.15981834e+02   5.72719727e+01   3.39258362e+02
   4.70747337e+01   7.32653379e-01   9.41528854e+01   2.42417145e+01
   0.00000000e+00   4.64204025e+00   3.68677216e+01   2.14141960e+01
   4.27918291e+00   1.73609543e+01   7.76168671e+01   3.12920036e+01
   0.00000000e+00   1.42551834e+02   3.81567421e+01   4.66631689e+03
   1.06818649e+02   1.68931076e+02   5.22390938e+01   5.51800346e+00
   1.42490172e+00   1.74877853e+02   8.23363953e+01   1.15244492e+02
   1.21280896e+03   1.90491467e+01   6.02332954e+01   3.95351672e+00
   1.18241158e+02   1.05306978e+01   0.00000000e+00   5.56162659e+02
   2.25884743e+01   0.00000000e+00   2.35598545e+01   4.62364340e+00
   2.23619995e+03   6.72228003e+00   9.96661663e+00   1.14201765e+01
   4.02254410e+01   2.68489331e+03   1.24853650e+03   0.00000000e+00
   5.62393433e+02   8.05355453e+01   1.34366493e+01   1.76530838e+00
   4.60734100e+01   0.00000000e+00   2.02486804e+03   6.86372223e+01
   2.53499817e+02   7.29367523e+01   1.49815198e+03   4.22417816e+02
   3.75018524e+02   2.36950645e+01   5.06756668e+01   1.87820410e+03
   2.03878082e+02   4.62845802e+01   2.02191505e+01   8.25760365e+00
   1.13452599e+02   1.46685010e+03   3.71030998e+01   3.18748074e+01
   4.75094070e+01   1.02643524e+02   1.06960681e+03   6.61064392e+02
   1.54220963e+01   1.14016199e+03   4.77062042e+02   0.00000000e+00
   5.98983688e+01   1.61320400e+01   1.50102783e+03   2.87784157e+01
   6.40523315e+02   2.26854477e+01   1.61123154e+02   7.09296608e+00
   4.99480858e+01   1.68010474e+03   1.35046356e+02   4.42399178e+01
   1.08959082e+04   1.96089661e+02   6.54030685e+01   1.33013659e+01
   9.17214050e+01   9.39990906e+02   4.70024414e+01   1.42910791e+03
   1.37527478e+03   1.30284348e+02   4.81275330e+01   5.47685394e+01
   2.21216774e+00   1.19984644e+03   1.95046280e+02   6.39950104e+01
   4.55526123e+01   2.68475266e+01   5.86865127e-01   9.53925095e+01
   5.03735161e+00   1.01574678e+01   6.94057274e+00   1.41889925e+01
   1.21830940e-01   1.57009720e+02   1.93243351e+01   3.14038208e+03
   2.92140160e+01   3.30365356e+03   2.25163376e+02   2.90657253e+01
   8.28850937e+01   4.64892487e+02   4.30617142e+01   1.98662376e+01
   9.06189819e+02   2.07230449e+00   1.67291309e+03   2.75268433e+02
   9.18445873e+00   9.56294060e+00   1.04293381e+02   1.03859268e+02
   9.37030334e+02   2.08849756e+03   9.71222763e+01   1.44562756e+03
   1.03775740e+00   2.53252864e-01   7.22464037e+00   2.03163505e+00
   5.54240456e+01   3.31667595e+01   1.71777197e+03   0.00000000e+00
   9.24910202e+01   1.19163809e+01   6.98522110e+01   2.51945703e+03
   8.29776001e+00   2.25830793e+00   1.63440762e+01   7.11562958e+01
   4.29455719e+01   1.45899792e+03   6.23660889e+02   1.15076208e+03
   9.34568115e+02   2.77348877e+02   8.12693634e+01   3.23633041e+01
   2.04440601e+03   4.79494953e+00   5.37149525e+00   1.90241711e+03
   7.11480713e+01   1.86759293e+02   1.13505421e+01   2.70234985e+02
   1.89098840e+03   9.30427063e+02   1.35372815e+03   6.13991356e+00]
