bicycle
bus
car
motorbike
person
[ 24926528.      10618382.      12301480.      28125386.      12731112.
   5955017.       5338235.5      1894061.5      3740087.5     14446018.
   3109265.       8640814.       8512340.       4708436.      21650644.
  17257830.      20446172.      13905999.      12463068.       4746429.
   9012039.      25729730.       2891374.25    11267375.       7258066.
  23688222.      14716601.      16183967.       2585780.75     5502064.
   9285023.      34769532.      16932352.       2094998.125   42965044.
   2258778.5      8092266.       2351109.5     19658600.        677762.375
  18350542.      18845360.      58124188.      17046064.      25254966.
   8813390.      18889702.      22446192.       2648346.75    16727304.
  48084168.       4867708.       5662658.5      4978253.5      5430981.
   3998365.       7821903.       9363433.       3149526.75      752321.3125
   2919952.       1854911.875    5093500.5      4486714.5   ]
[  3.79564680e+07   4.45606150e+06   2.64653240e+07   2.08824266e+05
   6.06579950e+06   1.04325750e+06   1.33239090e+07   2.97556519e+03
   1.81907400e+07   1.96363962e+06   2.43486560e+07   1.41001160e+07
   2.33744844e+04   2.26637975e+06   9.58669600e+06   3.91402125e+06
   2.14781125e+06   3.60541400e+07   1.86608580e+07   6.36897100e+06
   2.52175438e+05   1.84942100e+07   1.09385275e+06   1.05213590e+07
   3.32409500e+05   1.29821180e+07   7.36677150e+06   6.12245625e+05
   4.12730725e+06   8.93573340e+03   3.14183840e+07   1.70360273e+04
   1.95060638e+06   2.02059820e+07   1.56515460e+07   3.47690600e+06
   1.46025469e+05   1.20283290e+07   3.34826880e+07   2.47599640e+07
   4.01627475e+06   2.76320150e+06   2.49214350e+06   3.06381575e+06
   3.85896120e+07   3.05383300e+07   2.80594500e+05   4.00885520e+07
   1.95208060e+07   3.81042075e+06   1.11766670e+07   3.06343020e+07
   3.38597880e+07   2.45852720e+07   5.17833719e+05   2.68802880e+07
   4.25021150e+06   5.30666680e+07   2.88578725e+06   4.26103100e+06
   3.89453560e+07   6.44681763e+02   4.87944850e+06   4.05286840e+07]
[  4.20546600e+06   9.86939900e+06   9.53119922e+03   1.06162266e+05
   4.14199453e+04   3.96283906e+04   8.15137500e+04   1.96039388e+06
   1.88388496e+04   9.69882438e+05   9.52809300e+06   2.25980609e+05
   1.05169738e+06   2.67711425e+06   3.91562305e+04   9.22877031e+04
   2.89555800e+06   1.86461531e+05   4.28183406e+05   1.71911462e+06
   1.29802962e+06   2.56049531e+04   9.18704900e+06   1.13717700e+07
   9.67609600e+06   0.00000000e+00   3.85889250e+05   1.31724450e+06
   9.61498500e+05   7.50438650e+06   2.04891875e+04   3.78306050e+06
   1.25233212e+06   5.27636100e+06   3.29830950e+06   5.21809600e+06
   4.42210156e+05   1.37424760e+07   2.11265450e+06   1.14466934e+04
   6.06287350e+06   1.62147012e+06   5.50944550e+06   1.26518070e+07
   2.21282375e+06   3.06168938e+05   1.01949920e+07   1.43663984e+04
   2.47616875e+06   9.94571750e+05   2.56936075e+06   4.75112773e+04
   4.48658600e+06   1.37923062e+06   1.12955400e+07   9.96163900e+06
   6.63566125e+05   3.48566992e+04   4.04505117e+04   1.96733703e+05
   1.14583300e+06   1.32867190e+07   1.03266420e+07   4.72356000e+06
   1.64316460e+07   2.04123625e+06   1.22055470e+07   8.03348800e+06
   1.65732922e+05   1.59363912e+06   7.59199200e+06   8.51023700e+06
   1.31812388e+06   3.50095562e+05   0.00000000e+00   1.93396538e+06
   3.80058188e+05   6.54282200e+06   2.53732500e+06   1.17142461e+05
   2.19444883e+04   3.22825050e+06   1.23912050e+06   6.37195996e+03
   5.71629600e+06   2.84858350e+06   2.20822450e+06   1.27726553e+04
   7.36583450e+06   1.51507462e+06   5.65276400e+06   1.47373288e+06
   5.03070000e+05   3.45381300e+06   3.82985438e+05   3.32324725e+06
   3.51356860e+03   1.78675775e+06   1.15147725e+06   4.44495844e+05
   4.85015050e+06   5.17295938e+05   9.22800125e+05   1.65191650e+06
   7.11493994e+03   8.51554125e+05   6.84057344e+04   1.22552650e+06
   2.24491900e+06   4.78617156e+05   4.96531445e+04   8.13958200e+06
   1.82760344e+05   2.90760600e+06   6.22265300e+06   7.96628250e+06
   3.67850094e+05   1.02334438e+06   4.17718975e+06   1.63465488e+06
   9.03772000e+05   3.13842325e+06   7.71169766e+04   3.33616000e+06
   1.61381675e+06   2.41198105e+04   1.83050280e+07   1.04599829e+03]
[  3.39297875e+06   1.88378612e+06   6.59084922e+04   0.00000000e+00
   1.55918965e+04   2.18997500e+06   5.92723438e+05   1.88592062e+06
   1.15563540e+07   5.28414550e+06   4.29822200e+06   4.27920700e+06
   1.14363662e+06   2.33354219e+05   2.67788281e+03   2.86544000e+06
   1.10736688e+06   3.83963475e+06   1.80118525e+06   7.53391455e+03
   9.04718300e+06   3.93106150e+06   6.77527312e+05   3.62251094e+04
   2.21120109e+05   3.77906250e+05   1.94146012e+06   8.15652950e+06
   6.71301094e+04   6.19325000e+06   2.32988652e+04   1.21557410e+07
   4.33737300e+06   6.68604688e+04   9.43998750e+05   2.40057075e+06
   1.12768950e+06   8.12766150e+06   1.38249734e+05   1.57395361e+04
   5.20010250e+05   3.57261992e+04   1.70534297e+04   4.50473844e+05
   7.17933438e+05   8.33509550e+06   2.89472100e+06   6.44981300e+06
   2.92427225e+06   1.54417600e+07   9.14320062e+05   4.79464550e+06
   2.46785850e+06   2.30336375e+06   3.02838375e+05   1.59167516e+05
   5.97649900e+06   5.70373688e+05   7.20136780e+02   1.29063425e+06
   3.57198500e+06   3.46539650e+06   7.41702200e+06   4.06299775e+06
   3.62812438e+05   8.55774400e+06   2.54083344e+05   5.36233550e+06
   3.47890700e+06   3.70654450e+06   1.17326825e+06   1.05284640e+07
   1.26301640e+07   2.32411500e+06   1.62012000e+07   1.00542778e+02
   5.02092300e+06   4.77685719e+05   1.45210770e+07   1.53618938e+06
   1.51228300e+06   3.43676836e+04   8.97711200e+06   3.51114800e+06
   6.21389727e+04   4.40976350e+06   5.25189438e+05   1.10859588e+06
   4.49017656e+04   1.24775238e+06   6.18121562e+04   3.78647000e+06
   9.01794141e+04   8.73075900e+06   7.28539312e+05   3.16317700e+06
   3.66608812e+05   4.22707500e+06   8.90595625e+05   8.89399200e+06
   1.28095500e+05   2.45121688e+05   1.15787590e+07   2.33970020e+03
   7.18434609e+04   1.32268980e+07   2.18677700e+06   3.63306825e+06
   9.97070900e+06   3.29114500e+06   6.06054297e+03   5.32522400e+06
   2.89862844e+05   2.01889200e+07   1.83861900e+06   1.03252375e+06
   3.46734094e+05   4.90563550e+06   3.60812031e+04   3.79695625e+04
   1.17512610e+07   3.04227100e+06   7.74158984e+03   6.13309450e+06
   5.86476000e+06   1.20366925e+06   7.87305750e+06   5.35129750e+06]
[  2.05694675e+01   6.76820984e+02   1.07973462e+06   1.07811943e+04
   2.00007553e+02   4.61796570e+02   2.99225806e+03   1.20215321e+01
   2.66111875e+06   6.79476318e+03   1.27390747e+03   2.03638794e+03
   5.07241440e+01   5.46052891e+04   2.60826074e+04   1.74657480e+04
   1.03492051e+04   2.74400062e+05   3.42499756e+03   9.50967344e+04
   2.81193665e+02   1.51718564e+04   1.84065984e+05   4.67929053e+03
   5.23470166e+03   2.91806519e+03   1.77397250e+06   0.00000000e+00
   1.75569409e+03   4.04008867e+04   4.38064972e+02   5.38096924e+02
   5.13787270e+00   7.68830062e+05   3.36312031e+04   1.24771850e+06
   1.82139512e+06   1.15033857e+04   2.16739777e+02   2.84826587e+03
   9.50376892e+02   5.10266895e+03   4.89266113e+03   2.33576500e+05
   3.15539502e+03   9.89493591e+02   7.59953308e+01   1.00888863e+01
   1.31201312e+05   2.79866973e+04   3.69009883e+04   2.22326508e+02
   1.39263400e+06   1.04126055e+05   2.68454781e+01   9.81241094e+04
   3.72009250e+05   6.62937625e+05   2.50021143e+03   3.22531090e+01
   1.02300734e+05   1.63082334e+04   9.20237500e+04   8.30875469e+04
   1.24238138e+01   1.60304678e+04   1.48093689e+03   1.74356604e+03
   2.98085669e+03   8.37673359e+04   9.85723312e+05   1.47307362e+06
   0.00000000e+00   1.01901152e+04   4.62110260e+02   9.84720093e+02
   6.07082373e+03   3.54857000e+05   7.66301375e+05   1.93455266e+05
   6.76374922e+04   1.28695715e+03   7.97198193e+03   2.96318066e+03
   1.26310012e+06   2.14443975e+06   6.91582688e+05   1.34703388e+06
   2.02881625e+05   1.21953194e+02   3.52475391e+03   4.96628047e+04
   3.50070750e+05   1.11577197e+04   3.97712111e-01   7.48734277e+03
   5.01432666e+03   3.88855750e+05   4.50951050e+02   1.57805732e+04
   2.22964766e+04   1.38961699e+04   1.34712775e+06   7.58344297e+04
   3.19655273e+03   5.47930469e+03   5.37340625e+03   4.64460724e+02
   1.41303436e+02   1.40209922e+05   8.14394750e+05   3.02793203e+04
   1.13140335e+01   2.51425938e+04   7.33551465e+03   3.70506519e+03
   8.65715408e+00   5.29136768e+03   2.01998947e+02   1.56972000e+06
   2.26798320e+04   1.13964548e+01   2.32578770e+04   1.51177551e+03
   5.38727344e+03   7.29954000e+05   3.14008667e+02   0.00000000e+00
   9.46385312e+05   1.48037637e+04   1.04729619e+04   9.72215430e+03
   5.84827930e+03   9.04280000e+05   2.26581299e+02   1.99710129e+02
   2.93380725e+06   4.52193719e+05   2.05293906e+04   0.00000000e+00
   3.63878125e+03   3.27943970e+02   1.23439043e+04   3.33764469e+05
   1.03162805e+03   1.65700712e+06   1.38309106e+03   1.42475452e+03
   1.00694742e+05   8.40979065e+02   1.55176086e+03   2.55638672e+03
   7.06523438e+04   8.05972812e+04   4.58171188e+05   7.82493799e+03
   6.96714795e+03   1.01954555e+05   9.81726188e+05   4.21105250e+05
   1.34231152e+03   7.97323438e+04   7.33844250e+05   6.98601465e+03
   3.90400469e+04   2.43217575e+06   9.78581312e+05   1.51187422e+05
   8.83557969e+04   1.31930388e+06   1.54422100e+06   2.05393970e+03
   9.85777051e+03   5.16302312e+05   4.01150073e+03   1.74218750e+04
   1.31770650e+06   9.89786523e+03   1.41305112e+06   2.82978320e+04
   2.83551188e+05   5.83397109e+04   7.34738375e+05   6.26799463e+03
   5.07656494e+03   1.14875215e+04   4.38620547e+04   6.08507275e+03
   4.80334844e+05   9.96490820e+03   7.86253955e+03   2.00120312e+06
   4.00640984e+01   7.15319875e+05   5.96147003e+01   2.08795725e+06
   4.75713672e+03   5.63367250e+05   1.51773275e+06   6.63183625e+05
   3.60141083e+02   1.67855700e+06   1.86666262e+06   1.34455872e+02
   6.25961914e+04   2.14370209e+02   4.16488892e+02   6.67297803e+03
   1.27933472e+03   1.02519069e+06   2.44678938e+05   1.23756712e+06
   4.74927734e+03   9.64447949e+03   2.34928665e+01   1.42941807e+04
   2.62678491e+03   5.76793125e+05   3.38923398e+04   4.10664856e+02
   4.04455566e+02   2.09544678e+03   2.56867432e+03   1.20683906e+05
   5.21371750e+05   0.00000000e+00   1.81357812e+03   2.03680734e+05
   1.22576225e+02   7.09917188e+05   2.63860078e+04   0.00000000e+00
   1.07323612e+06   5.39796582e+03   4.38880969e+05   2.22416275e+02
   1.91593056e+01   2.92543730e+04   4.84106344e+05   1.37372644e+03
   4.58969875e+05   1.26376075e+06   3.00423071e+03   1.89300323e+02
   7.25366641e+04   1.97849707e+04   4.22028613e+03   2.23080884e+03
   1.73328125e+04   6.49174414e+04   1.36769297e+04   1.22446912e+03
   1.05095918e+04   4.66656456e+01   8.99814648e+03   2.24730531e+05]
[  1.33899775e+06   1.31718835e+03   8.48249390e+02   1.24879004e+03
   1.14120188e+06   1.24891062e+06   3.15342938e+05   4.85789734e+02
   1.92152773e+04   2.38540146e+02   1.05617761e+03   1.29789307e+04
   7.21039551e+03   1.76771426e+04   1.08422070e+03   7.13539307e+03
   9.14857330e+01   7.32506790e+01   8.89945500e+05   6.27262422e+04
   0.00000000e+00   6.30604248e+02   8.65034790e+01   1.74793953e+05
   2.34468861e+01   3.46274951e+03   1.42399368e+01   1.16553211e+05
   6.26879297e+03   1.74586594e+02   5.90950938e+04   4.92847461e+03
   8.50502539e+03   8.48284688e+04   3.31691479e+03   2.91279980e+04
   8.67089844e+03   1.68820374e+03   2.44510498e+03   0.00000000e+00
   1.87741078e+05   2.65667695e+04   8.60173926e+03   4.03542603e+03
   6.74584521e+03   5.42714844e+03   1.49605031e+05   2.84889961e+04
   1.29113031e+05   3.31807739e+02   1.26444229e+04   6.35859497e+02
   2.11859082e+03   9.20033691e+03   1.56661047e+05   1.34614500e+05
   2.90362539e+04   1.29178016e+05   2.69455957e+04   2.62683319e+02
   1.28476843e+03   4.06835234e+04   1.50303583e+01   7.72882309e+01
   1.34485083e+01   1.43225684e+04   3.86811812e+05   2.59368744e+02
   6.15294922e+02   2.19389590e+04   6.44772750e+05   2.83128540e+02
   3.29811602e+04   6.30981982e+03   2.67006230e+04   4.50929336e+04
   2.20273398e+04   8.34364355e+03   7.22095391e+04   2.56777609e+05
   7.24481354e+01   4.31061670e+03   0.00000000e+00   3.29469883e+04
   1.88801843e+03   1.83343320e+04   6.93771912e+02   1.22280869e+04
   9.21828711e+03   2.03768906e+04   7.60606689e+03   2.44882373e+03
   3.86074492e+04   2.23776422e+05   2.78499542e+02   1.72822082e+00
   5.66790234e+04   4.17087269e+00   6.52757715e+03   7.93980859e+04
   1.09923267e+03   2.14707598e+04   8.21785750e+05   3.28973465e+01
   1.02849207e+03   6.25125859e+04   4.50291172e+04   4.89599414e+04
   2.27627656e+04   1.31470862e+06   3.89679596e+02   6.88125062e+05
   2.30871109e+02   8.89721924e+02   3.26527026e+03   2.58885625e+04
   2.83064746e+03   8.77730176e+03   2.44159863e+04   5.91802266e+04
   7.22974951e+03   3.00428772e+02   4.25514209e+03   1.90588219e+05
   2.48782812e+03   1.94433862e+03   2.10611153e+01   1.50850635e+04
   1.67995056e+03   1.62458812e+06   2.03375449e+04   2.55666089e+03
   3.65762354e+03   1.25087238e+06   1.29222681e+03   1.55051992e+04
   2.23161113e+04   7.03257188e+05   1.53135608e+03   7.35308838e+01
   2.13904247e+01   5.04984039e+02   1.41935088e+04   2.14378555e+04
   0.00000000e+00   1.31034375e+03   7.71482788e+02   0.00000000e+00
   4.62057076e+01   5.10921844e+02   3.49162018e+02   3.01537134e+03
   5.26084188e+05   4.16516523e+04   1.06100977e+03   2.43836734e+05
   6.13954285e+02   2.18078918e+01   5.69346680e+04   1.17584200e+06
   6.83057739e+02   1.48082068e+03   2.38999365e+03   3.55416069e+01
   3.02464938e+05   0.00000000e+00   2.55443781e+05   1.44549707e+03
   3.92737469e+05   1.50706050e+06   1.08435265e+02   0.00000000e+00
   8.42222266e+03   2.41080938e+05   3.64768688e+05   1.80159033e+03
   1.99414197e+03   1.33220691e+03   6.53249219e+03   7.68640280e+00
   6.68778027e+03   3.43878955e+03   4.61106567e+01   6.11959961e+03
   3.48966446e+01   1.54822925e+03   3.31144531e+04   9.33205469e+03
   7.28020410e+03   8.54622650e+01   6.41326875e+05   2.40428076e+03
   7.73083725e+01   8.34551172e+03   2.71269766e+04   1.20917871e+03
   4.55694531e+04   2.95096895e+04   3.19867469e+05   1.17380020e+02
   1.73314877e+01   0.00000000e+00   2.95030844e+05   2.97584355e+04
   2.49885605e+04   9.55656052e+01   8.63582129e+03   6.87418375e+05
   8.28127109e+04   1.43385812e+06   2.38446350e+01   4.86964697e+03
   3.92278564e+03   1.54921230e+04   4.88373047e+03   3.93981594e+05
   1.16110844e+05   3.93534009e+03   8.04793848e+03   7.35336084e+03
   6.11063916e+03   7.17453955e+03   7.01794434e+03   9.91515503e+02
   2.77720718e+01   8.89206094e+04   6.03694180e+04   2.54137964e+03
   9.35210022e+02   3.89049959e+00   1.43712494e+02   1.22110059e+04
   3.37220062e+05   1.58531506e+03   1.07951825e+06   7.27063574e+03
   2.01995312e+03   1.03925238e+06   0.00000000e+00   0.00000000e+00
   8.22279236e+02   4.77647930e+04   5.85854292e+00   0.00000000e+00
   1.47528091e+02   1.64440338e+02   1.14762314e+04   3.32492218e+01
   2.18784203e+05   2.89244883e+04   4.52518789e+04   3.87380000e+04
   1.81534004e+04   3.78755406e+05   1.25761230e+04   1.58671396e+04]
[  1.86510484e+05   2.79426270e+04   1.61741724e+03   4.49042908e+02
   3.28387562e+05   2.03840173e+03   5.82053320e+04   6.94678223e+03
   8.93828674e+02   7.11391125e+05   1.19361533e+04   3.75675781e+04
   1.55737588e+04   2.82582715e+03   3.70817554e+03   2.24822144e+03
   1.75057912e+00   4.87874023e+03   5.55795097e+00   1.14736328e+03
   1.32719854e+04   7.58130156e+04   1.61606250e+04   4.89939551e+03
   1.05355115e+03   7.76218799e+03   3.54407104e+03   1.04610727e+05
   2.23673535e+04   2.06849094e+05   6.36398315e+01   1.57350977e+04
   2.56949395e+04   4.26009258e+04   1.08707690e+03   1.27076445e+04
   4.73999750e+05   1.09918675e+06   3.76478125e+03   9.42369438e+05
   1.75601746e+02   8.64019592e+02   2.02280823e+03   8.04467656e+04
   1.15959072e+04   6.65785254e+03   1.13315027e+03   2.26693691e+04
   1.50644238e+04   3.21773901e+03   5.31820938e+04   8.36389938e+05
   1.61264648e+01   9.42403870e+01   5.33749084e+02   1.88390674e+03
   2.60050903e+03   7.13810859e+04   0.00000000e+00   5.01595459e+03
   1.93273193e+03   3.53084609e+04   2.06905420e+03   2.27532227e+03
   1.03266064e+04   2.30443984e+04   8.03187402e+03   9.88856641e+03
   2.58587359e+05   4.75909453e+04   1.85512559e+04   3.28772778e+03
   8.67333281e+04   6.23796240e+03   1.97974281e+05   1.00607625e+05
   1.32831422e+05   2.30582559e+04   3.91821362e+03   4.72305878e+02
   1.47555518e+03   4.43759491e+02   3.74505195e+04   1.28294336e+03
   3.74254297e+04   7.26454346e+02   7.74271562e+04   1.43966125e+02
   6.08868752e+01   1.71833948e+03   6.56134094e+02   1.07497693e+03
   2.53251230e+04   2.31343979e+02   6.25713203e+04   1.18247925e+03
   8.80056229e+01   1.43737062e+05   4.70373031e+05   1.58083359e+05
   6.17772109e+04   3.79874258e+04   1.02837305e+03   5.18269653e+02
   4.43128203e+04   2.51672290e+03   1.94972594e+05   1.29108711e+04
   3.18170532e+02   2.42076904e+03   2.71979473e+04   4.00399780e+03
   1.36610723e+04   2.88548682e+03   9.88411438e+02   6.58766094e+04
   2.73385571e+03   5.85277500e+04   4.12736836e+04   2.94912695e+04
   9.49126422e-01   5.77110625e+05   3.06183809e+04   1.30943055e+05
   5.42690234e+04   6.62704285e+02   7.31643750e+03   2.37648048e+01
   1.14176888e+02   3.86108826e+02   2.17492749e+03   1.45772441e+04
   4.18492139e+03   2.30886621e+03   1.61879238e+04   5.95815479e+03
   6.35500537e+03   1.15926969e+05   1.39885762e+04   1.26460730e+03
   7.83506966e+00   2.31242402e+04   1.19874475e+03   2.47789707e+04
   1.57332900e+04   1.45192012e+04   1.44263643e+04   1.37697964e+01
   6.63316953e+04   5.02451807e+03   4.05674072e+03   6.01084414e+04
   1.46309644e+03   1.79406719e+05   1.04645164e+02   3.54013281e+03
   3.63358008e+04   9.28989160e+03   1.34509438e+05   4.64619720e+02
   1.32264673e+03   5.33874084e+02   1.02413008e+04   2.67552808e+03
   2.99479517e+03   2.07881030e+03   1.33289736e+04   2.10494031e+05
   5.08895416e+02   1.49272979e+04   1.67153610e+02   4.56008936e+03
   3.53309497e+03   3.24328784e+03   9.99583789e+03   9.32038770e+03
   3.89242773e+04   8.82914795e+02   7.82683594e+04   1.62807197e+04
   1.84322009e+03   4.16085820e+04   1.53136367e+04   1.74424805e+04
   3.09327812e+04   5.12093849e+01   1.04509586e+05   7.43479736e+02
   2.94602793e+04   4.90029781e+05   3.78184961e+04   1.75554395e+03
   3.12558167e+02   5.22867422e+04   5.29972496e+01   7.14298157e+02
   1.51493477e+04   6.39333447e+03   9.48436719e+03   3.43386445e+04
   4.55781396e+03   1.62902924e+02   2.22813242e+04   1.87980797e+05
   6.18384180e+04   3.04046539e+02   9.86498633e+03   8.33763379e+03
   1.68959062e+05   7.40749121e+00   2.02647632e+03   1.12768516e+04
   2.03672676e+04   1.18347119e+04   5.44555703e+04   4.78849831e+01
   1.06528877e+04   1.07084473e+04   1.85712814e+02   1.43750047e+05
   1.45921123e+04   4.73022021e+03   7.77892529e+03   1.25774385e+04
   1.09974863e+04   4.14644337e+00   1.15520409e+02   4.31740527e+03
   1.14351147e+03   2.18583320e+04   6.22799658e+03   2.73872441e+04
   3.53298187e+02   2.03340781e+04   8.77725812e+05   3.92428296e+03
   3.22544336e+03   4.71601709e+03   5.18250688e+05   1.28217273e+03
   1.67735059e+03   1.28792709e+02   1.73519116e+03   1.22773275e+01
   5.53239805e+04   3.67340625e+05   4.10422935e+01   9.25714397e+00
   1.27119562e+05   2.34405645e+04   2.17821622e+00   3.63161797e+04
   4.39029248e+03   1.11414502e+03   2.70035309e+02   2.65253271e+03]
[  2.36952744e+02   1.05413027e+04   1.28950088e+04   1.22459844e+04
   4.62885834e+02   5.96720898e+04   2.56476974e+01   2.89318506e+03
   6.77520294e+01   5.81236191e+01   3.48659414e+04   5.78635107e+03
   8.97408203e+02   4.82733008e+03   4.19625977e+03   2.30120911e+02
   8.70302441e+03   9.47737695e+03   1.50726562e+04   3.26524756e+03
   2.36204071e+02   7.36457578e+04   3.50421021e+03   3.88706451e+02
   3.32601172e+04   1.62509453e+04   7.28481016e+04   5.49437012e+03
   5.89557070e+04   9.88650781e+03   5.63526807e+03   8.38949688e+04
   1.87908730e+04   1.24485928e+04   2.39174414e+04   7.39762656e+04
   5.40553516e+04   1.99158118e+03   2.50217361e+01   2.22491992e+04
   1.69013306e+02   6.64658984e+04   2.79736562e+04   3.62270938e+04
   6.02359497e+02   5.46673047e+03   9.26244043e+03   3.08964590e+04
   2.32747808e-01   2.93724785e+04   8.91913516e+04   1.31247571e+03
   0.00000000e+00   1.14525898e+04   8.71479883e+03   7.35013135e+03
   1.78566177e+02   2.81954492e+03   8.68880981e+02   1.11487317e+03
   7.38607971e+02   1.10005969e+05   2.33371465e+04   1.37671985e+03
   4.03911450e+03   5.88954688e+03   5.77529236e+02   1.22909393e+02
   7.26934668e+03   8.39080017e+02   1.31838486e+04   2.38114966e+03
   3.56002422e+04   1.40537292e+03   2.55162388e-01   6.06506531e+02
   7.25147278e+02   6.72285414e+00   6.39079453e+04   1.94073086e+04
   1.54943266e+01   6.85922705e+03   7.55925977e+03   5.18687148e+04
   2.47288330e+03   2.68539643e+00   9.52581604e+02   2.13779590e+03
   7.61389141e+04   3.66430352e+04   7.79949268e+03   1.91165894e+02
   8.20120000e+04   6.28400781e+03   2.50342188e+04   1.41950293e+04
   2.48999883e+04   2.04572769e+02   3.30755547e+04   2.69906387e+04
   5.72590820e+03   2.69304230e+02   8.79034531e+04   3.31050122e+03
   2.46424473e+04   2.72313262e+04   1.36562610e+03   4.99032148e+04
   4.94710391e+04   5.76811401e+02   1.24235830e+04   5.83652283e+02
   1.98362324e+04   1.67734375e+01   7.51719788e+02   2.25948945e+04
   0.00000000e+00   2.52153457e+04   1.53280991e+02   2.91781230e+04
   5.28980774e+02   5.12728398e+04   1.33154902e+04   1.82589148e+03
   8.15545020e+03   2.20154727e+04   2.57763477e+03   2.45733242e+04
   2.05296191e+04   1.97306592e+03   1.03583725e+02   6.86312402e+03
   1.34473750e+04   2.37423379e+04   2.49573828e+04   1.35326176e+01
   5.25181055e+03   7.72318888e+00   5.91363159e+02   5.36034012e+00
   1.99937754e+04   4.44719147e+02   6.95553125e+03   1.06891880e+01
   2.77338062e+03   3.51994293e+02   4.21130066e+02   8.04085596e+03
   3.45267273e+02   1.27235146e+04   4.58036914e+04   2.72377832e+03
   5.87120056e+02   1.24134973e+03   1.41491302e+02   1.58583164e+00
   4.46291351e+01   6.66446655e+02   4.87388641e+02   7.98239297e+04
   1.53140723e+04   2.99020850e+03   9.79752637e+03   2.43315411e+00
   3.48483750e+04   1.11399463e+03   4.67619297e+04   1.61375824e+02
   2.63452539e+04   3.38924492e+04   4.00820221e+02   6.22024414e+03
   1.35932637e+04   5.76829102e+02   3.98255664e+04   3.25410605e+04
   2.59925098e+04   9.81477637e+03   8.70710840e+03   5.46292664e+02
   3.25395039e+04   7.01763184e+02   1.49987578e+04   1.50230664e+04
   2.85305908e+03   3.31103867e+04   4.05764609e+04   4.80190332e+03
   9.25898315e+02   1.14980627e+03   2.50594116e+03   1.54658164e+04
   8.18902686e+03   8.63768047e+04   8.54910547e+04   4.28209648e+04
   9.89793945e+03   1.53943789e+04   4.14784473e+03   1.38364380e+03
   7.81846719e+04   8.91269141e+03   3.48463531e+02   5.41520781e+04
   6.80076641e+04   3.73864441e+02   2.53439941e+04   3.46421328e+04
   4.20952568e+01   1.65538940e+01   1.76244165e+03   7.36589172e+02
   5.24291931e+02   2.17155426e+02   2.72558848e+04   2.98572339e+03
   2.52799023e+03   1.55963115e+04   1.36569297e+04   1.71366172e+04
   7.13296777e+03   6.24372656e+04   3.31515106e+02   1.30156922e+00
   3.13824941e+04   1.43714807e+03   6.99866089e+02   4.74017113e-01
   3.91813049e+02   3.85351294e+03   1.97561188e+02   1.06561668e+02
   5.17661211e+04   3.14321074e+04   4.95077461e+04   1.62565405e+03
   4.30550469e+04   1.45582922e+03   7.36411328e+03   9.38089746e+03
   5.27008301e+03   2.30658770e+04   4.75679541e+03   3.52991445e+04
   5.41585754e+02   7.43425391e+04   9.59382031e+03   6.91725922e+01
   1.28274189e+04   2.32567344e+04   2.84545195e+04   4.16277578e+04
   3.49052783e+03   9.51842422e+04   1.86648730e+04   3.84516797e+04
   6.00299023e+04   5.77429932e+02   2.69402103e+01   5.46632734e+04
   4.87125586e+04   3.46775131e+01   5.36352832e+03   1.93684631e+03
   3.94548302e+01   9.23672363e+03   1.05536560e+03   6.63081641e+04
   2.12337480e+04   7.46534729e+02   1.81261480e+00   8.18831299e+02
   4.58536621e+03   2.64365527e+03   6.89214766e+04   2.40534824e+04
   0.00000000e+00   1.65631180e+01   8.25748984e+04   6.77453662e+03
   5.99249744e+00   7.91159729e+02   7.47302002e+03   6.01662539e+04
   1.12407422e+03   2.89413940e+03   5.12558079e+00   7.99088989e+02
   1.55206860e+03   6.49360742e+03   7.68453369e+03   4.06643823e+03
   4.79951211e+04   1.86796914e+04   3.76309414e+04   2.09222461e+03
   6.22940102e+01   3.15807190e+01   1.68160801e+04   5.12429492e+04
   1.78185749e+01   1.66378955e+03   1.37114746e+04   4.94033813e+02
   3.86558990e+02   3.65204961e+04   3.00962866e+03   1.68924530e+02
   5.78342227e+04   3.74606689e+02   1.64189713e+02   2.15360889e+03
   1.84259888e+02   8.89220093e+02   4.28807148e+04   5.71152383e+04
   2.18564186e+01   3.49220898e+04   2.50776978e+03   4.56550586e+03
   1.73395288e+03   3.56298071e+03   7.63195234e+04   2.67001147e+03
   8.17903125e+04   7.86758828e+04   7.62118047e+04   2.67316289e+04
   2.15178594e+04   8.70243225e+02   1.49231514e+04   7.15664990e+03
   4.53124805e+04   1.24261450e+03   2.93982819e+02   4.65143086e+04
   7.19777603e+01   2.75024570e+04   2.52053442e+03   1.14575732e+04
   5.55908164e+04   1.11147314e+03   9.01146582e+03   1.04984337e+02
   6.11598022e+02   1.08113369e+04   1.35380498e+04   4.13896606e+02
   1.16113975e+04   7.26161072e+02   1.04851562e+04   2.05086853e+02
   8.90840988e+01   3.37247266e+04   4.85312842e+03   7.07837646e+02
   6.52012852e+04   5.26182617e+02   2.99206914e+04   1.76373301e+04
   3.03248555e+04   4.79941172e+04   2.99793152e+02   2.18942947e+02
   7.84098828e+03   6.34327393e+02   5.55510156e+04   3.62375049e+03
   3.05304336e+04   4.55766846e+03   3.19352100e+03   2.04158154e+03
   2.03844883e+04   1.22149060e+03   2.38050996e+04   3.74550879e+03
   6.38261133e+03   3.77932129e+03   3.78349396e+02   1.84911835e+02
   1.77697754e+04   7.69833887e+03   2.17008255e+02   1.98404414e+04
   4.87028564e+03   3.60027490e+03   1.96102283e+03   1.43126104e+04
   5.33330078e+02   2.08710190e+02   2.12409131e+03   5.16334106e+02
   5.46764600e+03   7.93765820e+03   1.46830029e+04   7.45708047e+04
   1.26501953e+03   4.70967377e+02   6.61525696e+02   6.37163879e+02
   5.47177925e+01   6.01690479e+03   1.49335342e+04   4.40235430e+04
   2.04208086e+04   8.72073340e+03   3.57288550e+03   5.40760326e+00
   7.96743584e+00   1.11271294e+02   5.35186670e+03   1.32896250e+04
   5.26255127e+03   1.76797607e+02   4.18248906e+04   1.64097148e+04
   1.03594299e+03   1.80809941e+04   2.82568945e+04   4.50172803e+03
   3.33057056e+03   4.58134277e+03   2.40526562e+03   4.34436250e+04
   7.35696719e+04   1.05299414e+04   3.18608887e+04   4.40566357e+03
   6.29209336e+04   8.80806335e+02   8.92965698e+02   5.41320996e+03
   4.24987422e+04   3.89032227e+04   7.69620898e+03   2.04010339e+03
   1.92368500e+02   5.51431152e+02   1.43035166e+04   7.92719873e+03
   7.91214453e+03   4.34270215e+03   5.82889160e+03   7.05838585e+00
   0.00000000e+00   2.91462891e+04   1.16358910e+02   6.74128418e+03
   5.39397070e+03   5.30300664e+04   2.46524707e+03   5.69782617e+04
   1.03989053e+04   0.00000000e+00   2.28874194e+03   7.89698505e+00
   4.72332520e+02   2.40248457e+04   5.24863548e+01   1.82406567e+03
   3.62267059e+02   5.93019287e+03   3.21401978e+02   7.68160400e+03
   1.17079795e+04   5.93122031e+04   1.03496790e+03   3.16018276e+01
   6.13938232e+02   3.57919580e+03   1.72336349e+01   1.16341260e+03
   9.52777832e+03   2.61976990e+02   1.76193457e+03   1.95588977e+03
   2.39388418e+04   3.71473218e+03   3.00694727e+04   0.00000000e+00
   2.48383148e+02   2.57392505e+03   4.31068320e+04   7.04543311e+03
   2.50037852e+04   8.84178467e+01   8.20031616e+02   0.00000000e+00
   1.06249922e+04   1.93734329e+02   1.04519719e+05   2.21869858e+02
   4.23154346e+03   3.14238379e+03   2.36791846e+03   4.98244824e+03
   3.09750171e+03   8.15485391e+04   7.93507568e+03   3.69171289e+04
   4.42164990e+03   1.92235214e+02   1.76246223e+01   2.10693809e+04
   4.28970459e+03   6.48286758e+04   1.75024023e+03   7.34591675e+01
   3.76679766e+04   1.72729919e+02   7.93592590e+02   9.24195000e+04]
[  4.65020215e+03   6.97604346e+03   2.02994849e+03   8.57891922e+01
   2.23241152e+04   4.32072830e+00   3.86121328e+04   2.25892637e+04
   5.26363555e+04   2.53242264e+02   7.37993408e+02   1.54493125e+04
   4.09163055e+01   6.11160078e+04   3.99539136e+03   1.44288282e+01
   1.67537256e+03   2.50807300e+03   1.20351294e+03   1.57484973e+03
   2.59143677e+03   3.29354370e+03   1.98838525e+03   1.06575584e+02
   5.35493088e+01   1.46427168e+04   9.44588440e+02   8.42556250e+03
   2.65617627e+03   3.95306274e+02   5.46801033e+01   1.61372818e+02
   1.72819617e+03   0.00000000e+00   6.73499695e+02   4.94932983e+02
   1.40599609e+03   4.04315720e+01   1.93416172e+04   4.34111237e+02
   1.38406387e+04   3.81467090e+03   7.28487549e+01   3.13831895e+04
   3.79050977e+03   3.70417877e+02   1.82238928e+03   7.64822937e+02
   2.98364227e+02   7.49396790e+02   3.14351294e+03   1.54465647e+01
   0.00000000e+00   1.11022793e+04   8.41287720e+02   2.98534375e+03
   6.09338623e+03   2.73239288e+02   4.06972931e+02   2.82166541e-01
   0.00000000e+00   3.68191010e+02   2.44809769e+02   6.02840820e+02
   3.27712341e+02   1.85868439e+02   5.94124658e+03   2.13370117e+03
   5.37895508e+04   2.41238907e+02   2.72219582e+01   2.29900586e+04
   2.43274651e+01   6.58239209e+03   2.15152783e+03   1.62199878e+03
   0.00000000e+00   5.04532568e+03   4.95289429e+02   6.38346802e+02
   1.59005518e+03   6.93555938e+04   3.22215293e+04   1.24085273e+04
   1.82577148e+03   4.18876381e+01   6.91368115e+03   8.03062805e+02
   1.15542358e+03   7.03310486e+02   1.24867363e+04   5.64500098e+03
   1.84830310e+03   6.85959220e-01   3.90849658e+03   1.15225315e+01
   6.14490234e+02   1.43809473e+04   2.53411133e+03   6.18505664e+03
   1.77924634e+03   4.34825537e+03   3.55364807e+02   0.00000000e+00
   5.16976746e+02   1.21419714e+03   2.47197871e+04   1.25087833e+01
   2.54764121e+04   5.86438867e+04   2.46631470e+03   8.22589478e+02
   2.80701080e+02   2.14675146e+03   4.97127812e+04   1.61002441e+03
   8.39882385e+02   9.23504028e+02   3.94540596e+01   3.11295258e+02
   1.88667389e+02   5.96498486e+03   1.10323450e+03   1.27418671e+02
   2.94020820e+04   2.51912643e+02   3.10685376e+03   1.68450272e+02
   2.29481163e+01   1.24041465e+04   1.12316141e+01   2.40375015e+02
   5.88206482e+02   1.03314570e+04   1.17035518e+04   1.97826805e+01
   1.93088715e+02   1.70138763e+02   1.56877139e+04   2.47460294e+00
   2.17040291e+01   3.51294495e+02   6.60743994e+03   3.24758240e+02
   4.25362109e+03   2.47785596e+03   5.95948340e+03   2.41889941e+04
   1.16771533e+03   4.23919482e+03   5.20660938e+04   1.97854712e+03
   2.00018047e+04   4.79550720e+02   1.05946289e+02   3.92951172e+04
   4.98550391e+03   1.91907520e+04   8.01658813e+02   3.84026147e+03
   6.07573291e+03   3.57197998e+03   4.52140898e-01   8.29526825e+01
   2.19255820e+04   1.98810278e+03   5.95407461e+04   4.21630096e+01
   3.45388599e+03   6.25626318e+03   1.58223438e+03   3.08839038e+03
   3.73409805e+04   8.84212402e+03   2.53371468e+01   1.07182214e+03
   3.08858887e+03   8.11909766e+03   5.44421387e+02   1.06726282e+03
   4.92755234e+04   1.15142102e+03   7.94944824e+02   0.00000000e+00
   1.01580703e+04   4.53918164e+04   2.25271225e+00   7.47191162e+02
   6.70227417e+02   4.75440508e+04   8.36471802e+02   5.98014832e+02
   8.91700268e+00   5.93628633e+04   5.58360400e+03   3.83186060e+03
   1.70845352e+02   1.74979043e+04   3.37537506e+02   3.30832852e+04
   1.27903623e+04   2.89627106e+02   8.51448631e+00   2.40284790e+02
   1.12954033e+04   1.08098682e+03   1.17084846e+01   2.09685669e+03
   1.17526283e+02   4.77754248e+03   2.16657861e+03   6.61682922e+02
   2.25043701e+03   6.06752344e+03   3.46152656e+04   5.77560547e+04
   1.67826113e+04   9.31330948e+01   2.28231995e+02   3.27189297e+04
   4.49303174e+03   3.64836884e+01   2.46771924e+03   4.41493622e+02
   7.99827441e+03   9.02793655e+01   3.02927417e+03   3.25292695e+04
   1.96206628e+03   1.67567078e+03   3.31419453e+04   4.98367828e+02
   4.03465729e+02   6.62128662e+03   2.13227391e-01   8.32759688e+04
   5.50680625e+04   6.86382080e+03   1.20616829e+02   1.19949272e+02
   1.52220862e+03   2.26905566e+03   2.22509644e+03   1.95968311e+03
   5.45705127e+03   6.29537158e+03   0.00000000e+00   4.76869688e+04
   3.77450027e+01   1.06389984e+02   3.05307129e+03   3.14946957e+01
   1.04379932e+04   2.69007187e+01   1.13536911e+01   2.43113724e+02
   1.14730652e+02   8.52421265e+02   8.48585742e+03   1.11110557e+04
   3.35598462e+03   9.65427429e+02   9.68643982e+02   8.05936035e+02
   6.50064453e+02   7.55669678e+03   1.28836563e+02   1.65523262e+04
   2.92442358e+03   6.27071973e+03   3.08724487e+02   6.37277954e+02
   3.69684753e+02   3.00511230e+02   5.83178177e+01   4.16018372e+01
   1.37231504e+04   0.00000000e+00   1.00369977e+03   1.50994668e+04
   3.58167993e+03   8.29664078e+01   1.36550107e+04   0.00000000e+00
   2.98932858e+01   6.19867236e+03   3.83861160e+00   2.65159414e+04
   3.69811829e+02   1.10202808e+03   2.22279556e+02   4.15391992e+03
   6.55717500e+04   9.60133301e+03   3.99392407e+03   5.74986621e+03
   3.30267227e+04   6.95852783e+02   3.15532043e+02   1.26946924e+03
   2.49178982e+01   1.33889893e+03   1.98797949e+04   2.33215809e+00
   4.71450830e+03   8.67817969e+03   1.00887720e+03   6.27800508e+04
   4.93536987e+02   1.61685272e+02   2.24363785e+02   2.92857617e+03
   2.78671992e+04   1.21837700e+02   1.06167749e+03   3.18844849e+02
   5.30370195e+04   1.07494373e+01   2.04279480e+02   1.84039154e+02
   9.23046204e+02   1.61831787e+04   7.54057666e+03   2.68757148e+04
   7.58472578e+04   5.50110535e+02   3.48258350e+03   1.43376104e+04
   5.22739258e+02   4.39266014e+00   4.83247148e+04   1.08802930e+04
   1.78623550e+02   4.87822900e+03   1.91444277e+04   1.35186426e+03
   4.48275447e-01   6.79452832e+03   4.45174469e+02   8.30186615e+01
   1.48562695e+04   9.40269824e+03   1.79366699e+03   3.60904766e+04
   2.47414825e+02   1.91503027e+03   1.70151367e+03   2.51299141e+04
   4.58839727e+04   5.39286438e+02   2.40861633e+02   5.53942139e+03
   6.32246582e+02   4.26477295e+03   6.45057148e+04   2.34759414e+04
   1.11977673e+03   2.36569778e+02   7.01902588e+03   4.15100327e+01
   2.75071875e+03   7.76059753e+02   4.04953051e+00   7.17869110e+01
   9.28072949e+03   3.98037812e+04   4.64479462e+02   1.29955127e+04
   7.54653549e+01   3.86537891e+04   3.07575817e+01   4.11465771e+03
   2.22140503e+03   6.60990781e+04   6.64502502e+02   2.75833350e+03
   1.47819595e+02   5.02848633e+02   2.25532764e+03   9.90828711e+03
   6.41969727e+03   3.17410864e+03   6.06638985e+01   1.68304578e+03
   2.23805054e+02   2.11775410e+04   2.13520488e+04   3.85173071e+03
   5.63994922e+04   2.34862207e+03   2.75657501e+01   1.25350304e+02
   6.90743604e+03   9.64896289e+03   9.15411194e+02   4.18330664e+03
   1.93170813e+03   1.43717155e+01   2.72573456e+02   1.08004077e+03
   1.39001083e+01   3.04385571e+03   1.25409932e+04   7.21346924e+03
   3.69961572e+03   2.25126648e+01   6.08896914e+04   7.91170776e+02
   7.69446777e+03   2.00105739e+00   9.99281934e+03   3.11013916e+02
   1.64900635e+03   6.59470898e+03   3.37028618e+01   0.00000000e+00
   3.34312103e+02   2.43505127e+03   5.22647363e+03   2.37424408e+02
   6.30792297e+02   9.28021973e+02   4.32854828e+02   4.20341113e+03
   5.40079980e+03   3.50975742e+04   4.39827148e+02   3.10379595e-01
   2.40465186e+03   4.34425735e+01   2.95723218e+03   2.22628066e+04
   1.00957379e+03   3.03837524e+02   2.87893707e+02   1.59891260e+03
   2.17961353e+03   2.93686218e+02   3.91523828e+04   4.83642627e+03
   1.21096104e+04   6.21182678e+02   2.06001294e+03   3.24271997e+03
   1.67176323e+01   3.71780182e+02   4.80769629e+03   4.83582275e+02
   4.78989807e+02   1.06512260e+02   0.00000000e+00   5.23118530e+02
   5.76749372e+00   0.00000000e+00   1.37781357e+04   4.30451107e+00
   1.10490584e+00   2.28895044e+03   0.00000000e+00   3.82121735e+02
   3.68713672e+03   9.95203857e+02   2.59407690e+03   4.12118652e+02
   5.48447109e+04   1.71813203e+04   5.13562866e+02   3.29058691e+03
   3.30311859e+02   1.68506660e+04   2.28163477e+04   1.99010147e+02
   2.47310455e+02   3.28838425e+01   1.09408386e+03   7.85388672e+03
   1.96448047e+03   2.13753586e+02   9.84216919e+02   8.88214302e+00
   9.42981641e+03   5.37521777e+03   4.49308685e+02   3.31761536e+02
   4.44391388e+02   8.12399658e+02   3.21979277e+04   4.42844868e+00
   1.28057703e+03   3.06295410e+02   8.02800469e+04   5.56264844e+03
   2.72169800e+02   3.31518982e+02   9.61591530e+00   4.89740186e+03
   3.77329437e+02   4.24486580e+01   9.14711731e+02   5.74799707e+03
   2.12100513e+03   3.73524487e+03   3.56097374e+01   4.78009949e+02
   1.27141016e+03   6.91435234e+04   1.08918861e+02   4.12184448e+02
   0.00000000e+00   9.06392578e+03   8.98303223e+03   3.92328052e+03]
[  1.77011765e+02   1.14404111e+04   5.95351257e+02   8.02335754e+02
   1.49449768e+03   1.81215566e+04   1.71358658e+02   7.55997119e+03
   2.65835498e+03   2.63214668e+04   7.34779236e+02   7.91293182e+01
   3.70035181e+03   2.11115703e+04   2.66988086e+03   3.45129486e+02
   2.15813647e+03   2.56979639e+03   4.67869297e+04   4.53626801e+02
   5.57965803e+00   3.28596899e+03   1.74040512e+02   9.29197388e+02
   1.54892637e+04   7.81679153e+01   6.23189209e+03   3.81668930e+01
   5.08180603e+02   1.85403540e+03   2.28816284e+03   2.60708130e+03
   4.10440625e+03   1.10660233e-01   1.88122070e+03   9.04409332e+01
   7.27532471e+02   5.62113984e+04   0.00000000e+00   6.13686328e+03
   5.90997559e+03   1.76012146e+02   1.37194986e+01   2.14432556e+02
   8.90326172e+03   1.16630768e+02   3.13209985e+03   9.33409375e+03
   5.56206177e+02   7.83565369e+01   4.62912262e+02   3.92572937e+02
   9.74626999e+01   1.34661455e+04   8.38160059e+03   3.03856992e+04
   5.11929230e+02   1.10412646e+04   1.78292885e+01   4.04861792e+03
   2.42395215e+03   7.70100281e+02   7.26408325e+02   1.35128937e+02
   2.70018945e+03   3.70419006e+02   2.86603577e+02   1.01536758e+02
   9.68358383e+01   2.04269600e+00   4.97651733e+02   1.19205645e+04
   2.69473164e+04   1.03624931e+02   1.96463496e+04   4.68141327e+01
   6.58306808e+01   5.01255646e+02   7.33760498e+02   1.28685566e+04
   4.54945496e+02   3.00283223e+04   1.47682744e+04   1.22248389e+04
   5.62733398e+04   2.50832291e+02   1.65064941e+03   6.79329248e+03
   7.64732959e+03   2.92641562e+04   5.65450048e+00   2.80793823e+03
   1.96196632e+01   8.50979492e+03   1.19296912e+03   8.69616406e+03
   1.44544102e+04   0.00000000e+00   1.10169062e+04   9.62502991e+02
   1.64608326e+01   1.70852881e+03   6.79001846e+01   5.54901172e+03
   1.15038624e+01   3.88418732e+01   6.03080017e+02   2.06387656e+04
   1.79880047e+01   1.74561230e+04   3.98349762e+02   3.72016523e+04
   3.72427661e+03   1.01476845e+02   9.42968655e+00   5.78154358e+02
   5.13360107e+02   1.79392168e+04   4.83913116e+02   3.62392540e+01
   1.24028373e+00   4.29783447e+02   4.05271997e+03   5.09230774e+02
   4.58306976e+02   7.60723340e+03   2.95451660e+02   1.00973015e+01
   4.83443817e+02   1.17896332e+02   1.41741895e+04   5.18419800e+02
   1.41828705e+02   2.11613208e+03   9.07111694e+02   5.04184717e+03
   3.31914453e+04   8.14436615e-01   1.32280258e+02   1.13818199e+02
   0.00000000e+00   1.07216354e+02   3.39354706e+02   1.76900772e+02
   5.65023613e+01   3.22113647e+03   3.77987622e+03   0.00000000e+00
   3.70263824e+02   4.27029961e+04   7.05680695e+01   9.94752258e+02
   4.03548828e+02   4.77003369e+03   4.53794586e+02   1.05942988e+04
   4.44573479e+01   2.86977722e+02   4.05584625e+02   7.04875928e+03
   1.43017456e+02   7.47864685e+02   4.50138306e+02   6.33186760e+01
   3.87141875e+04   6.33757591e+00   2.24031158e+02   8.48076782e+02
   5.12280371e+03   9.65011328e+03   2.23459268e+00   1.11178970e+02
   5.48175146e+03   4.64374969e+02   3.77840614e+01   1.41324536e+03
   4.26544180e+04   4.29287292e+02   2.83820879e+04   2.87655005e+03
   1.67786543e+04   1.99531777e+04   2.44362974e+00   2.95677441e+03
   1.06325000e+03   0.00000000e+00   4.70571533e+03   2.55536157e+03
   4.06134186e+01   1.44454269e+02   1.46779816e+02   8.57002640e+01
   1.63710388e+03   5.19529199e+03   8.00539307e+02   7.11835645e+03
   1.25041138e+03   4.79354218e+02   8.39609432e+00   2.53391602e+03
   4.07315674e+03   3.47066956e+02   4.11376404e+02   0.00000000e+00
   3.55727588e+03   8.98837357e+01   1.88025562e+03   9.80925720e+02
   5.17148877e+03   5.31065820e+04   1.78612167e+02   6.66837830e+02
   4.14922656e+03   5.84796387e+03   3.72947464e+01   1.05459941e+04
   5.74731953e+04   1.07733017e+02   1.57918457e+02   7.38675244e+03
   1.13103574e+04   2.14399200e+02   3.97244301e+01   1.92890735e+03
   1.86798813e+02   7.03861313e+01   3.86730347e+02   2.40350159e+02
   7.95958313e+02   1.32852707e+02   8.00746384e+01   1.45239777e+02
   8.02062866e+02   2.18639221e+01   6.58232784e+00   3.32112541e+01
   5.91287231e+02   1.78651505e+02   8.98337646e+02   3.41599922e+01
   2.20052376e+01   6.03859787e+01   9.02852600e+02   1.72568887e+04
   3.00296328e+04   4.87713232e+03   1.63329727e+02   1.77269617e+03
   2.71512794e+01   1.34811707e+03   4.56436279e+02   1.87421570e+01
   4.65032471e+03   1.02281104e+03   2.65715456e+00   5.43857536e+01
   2.70554346e+03   3.48529892e+01   6.15655334e+02   4.40935059e+01
   4.73763672e+02   9.25572205e+02   4.49369904e+02   7.21077061e+00
   3.04396758e+04   1.30752539e+03   2.46610371e+04   2.78571948e+03
   2.32877563e+03   4.05086670e+01   2.52608585e+01   1.59652661e+03
   1.56875061e+02   2.93513145e+01   1.92620625e+04   5.64105957e+02
   4.97828949e+02   5.31361267e+02   4.17342480e+03   6.15235254e+03
   2.95462952e+02   1.51852158e+02   7.07317627e+02   6.46712344e+04
   1.24778418e+03   2.90288037e+03   8.24798926e+03   1.35345917e+02
   1.89570892e+02   8.27063379e+03   9.97448181e+02   1.24274744e+03
   8.88494531e+03   1.62853394e+03   5.21353645e+01   8.61225891e+02
   2.32928760e+03   7.63679199e+02   5.51377979e+03   8.20566082e+00
   4.64166403e+00   4.79515137e+02   7.89492334e+03   1.15701538e+02
   9.72916602e+03   5.05775742e+04   6.30329285e+02   6.37047119e+02
   1.97841772e+03   3.67731787e+03   5.42609274e-01   3.22985620e+03
   8.06016684e-01   3.98714990e+03   1.20559351e+03   1.27020596e+04
   5.29460999e+02   5.01968994e+03   2.53197083e+02   6.39203955e+03
   5.02943701e+03   3.08759570e+04   1.32618762e+03   2.00944922e+04
   1.94730957e+02   9.02938843e+02   1.46755774e+03   6.64432312e+02
   7.45964050e+02   2.55667099e+02   4.40169531e+03   2.21174170e+03
   4.81391716e+00   3.37810278e+03   4.95373535e+01   1.37755261e+03
   1.82054871e+02   8.65117285e+03   1.00719446e+03   2.50595312e+04
   2.52297910e+04   1.14586206e+03   3.72947784e+02   2.12678146e+02
   1.62087421e+01   3.41998138e+02   2.03065762e+04   2.71362701e+02
   3.24505664e+03   7.46951123e+03   2.43071899e+03   4.03634258e+04
   2.63008942e+02   2.39478711e+03   8.03670959e+02   1.61679001e+02
   1.89015508e+04   1.23349939e+03   1.25656006e+04   1.39228392e+01
   4.62256484e+04   4.28346649e+02   2.01390352e+04   4.48490021e+02
   6.54898730e+03   1.30862305e+02   2.95346661e+01   3.96923779e+03
   1.27475594e+02   1.87618555e+03   4.47910156e+02   1.17276331e+03
   1.41730515e+02   5.57133398e+03   2.98995880e+02   7.96436719e+04
   1.05626855e+04   6.30528442e+02   4.09158105e+03   1.92286548e+03
   2.14457672e+02   1.10859820e+05   4.18616699e+03   1.68885361e+02
   3.50052979e+02   6.08751953e+03   2.61998108e+02   3.50558519e+00
   1.23087427e+03   1.37455225e+03   4.74271016e+04   3.92857715e+03
   1.17377771e+03   3.21838516e+04   4.20588750e+04   2.81500336e+02
   1.06905937e+02   6.73046729e+03   3.24241797e+03   4.86088916e+03
   2.14689285e+02   9.56314062e+03   2.24216992e+03   1.59669226e+03
   1.14616745e+02   2.06156934e+04   4.77383919e+01   5.01725281e+02
   7.20113220e+02   3.12455957e+03   6.37557678e+02   7.63273730e+03
   7.81871777e+03   1.52706030e+03   1.04168567e+03   3.24812794e+00
   3.53150171e+03   3.12556244e+02   0.00000000e+00   3.97861511e+02
   1.00683937e+02   1.31196035e+04   5.89406055e+03   3.49978256e+01
   3.28132172e+02   2.73346265e+03   7.40618652e+02   1.11062096e+02
   2.26543140e+03   6.87558789e+03   3.73370352e+04   1.54187302e+02
   1.38392217e+04   4.79794037e+02   1.64231358e+01   1.11636459e+02
   1.45859665e+02   5.40573349e+01   2.08707461e+04   5.49716711e+00
   8.26838303e+01   1.35173752e+02   1.13221329e+02   1.81096268e+00
   6.15646744e+01   1.45313340e+04   4.95105347e+02   1.74109879e+02
   5.41702759e+02   1.70240117e+04   1.49498535e+02   4.92312256e+02
   5.02626801e+01   1.07909695e+05   2.23997969e+04   2.87421179e+00
   4.30669629e+03   8.48912207e+03   1.21020811e+04   1.17913926e+04
   1.42202734e+04   1.05331348e+04   8.30666992e+03   2.48767593e+02
   1.06523350e+04   2.24790210e+03   3.22899384e+02   1.90737167e+02
   1.06706445e+03   6.23611603e+01   7.93616016e+03   8.23694434e+03
   7.82320996e+03   9.39352441e+03   9.87874268e+02   1.21843307e+02
   5.20028564e+02   5.05457520e+02   7.63999146e+02   1.41745117e+04
   1.96001367e+03   3.74102875e+02   1.18487734e+04   2.13092636e+02
   6.06677437e+00   0.00000000e+00   3.33019629e+03   3.30972290e+02
   9.95470703e+02   3.82931616e+03   3.23462109e+04   1.60974170e+04
   8.97554004e+03   1.32151514e+03   5.03023651e+02   7.63750793e+02
   1.36431775e+03   2.16464806e+01   1.03314771e+03   3.77574585e+03
   1.29542891e+04   2.47757246e+04   8.30954170e+00   1.05214441e+03
   1.08430801e+04   2.25571914e+04   1.41598328e+02   3.73744888e+01
   7.57199707e+02   1.25606575e+01   1.99573174e+01   1.01042090e+04]
[  1.55134995e+02   2.62570381e+00   3.15324008e-01   5.45882422e+03
   3.56471481e+01   1.43508387e+01   1.96560156e+00   2.45458913e+00
   2.01397980e+02   1.38666336e+02   6.39799423e+01   2.95930115e+02
   2.86152244e+00   3.22981224e+01   2.80793405e+00   0.00000000e+00
   1.26009035e+00   2.60470581e+02   0.00000000e+00   0.00000000e+00
   1.18073074e+02   1.17885146e+04   4.38821631e+03   1.51157150e+02
   1.39434016e+00   0.00000000e+00   0.00000000e+00   4.80473114e+02
   1.76124741e+02   8.30025879e+02   4.58264160e+03   4.92237946e+02
   9.73608093e+02   4.96142311e+01   3.46539289e-01   1.22724133e+03
   1.46680660e+01   7.53419434e+03   8.97032104e+02   9.93866577e+02
   5.43166992e+03   3.17326202e+01   1.06550085e+03   1.46096887e+03
   1.32729089e+00   0.00000000e+00   1.83959167e+03   4.72253799e+01
   4.86833239e+00   2.18780518e+01   1.84023075e+01   1.32832849e+03
   4.26518708e-01   5.65657768e+01   9.75734863e+01   7.97416449e+00
   2.78123315e+03   8.49802704e+01   0.00000000e+00   2.45746368e+02
   2.07451736e+02   4.91127586e+01   7.83911467e+00   6.94550293e+02
   9.42367477e+01   1.49669092e+03   1.44083166e+01   1.56944439e-01
   2.59196991e+02   1.26326257e+03   2.85040497e+02   5.81625862e+01
   4.10076141e+01   6.55047150e+01   8.42640209e+00   1.56399268e+03
   2.60853052e-01   1.07650708e+03   2.91338968e+00   9.04671249e+01
   0.00000000e+00   3.65670967e+01   3.93304718e+02   1.10379309e+03
   2.63921509e+02   1.60037708e+01   2.60249901e+00   4.61465073e+00
   9.79485645e+03   1.61254135e+02   8.09787744e+03   1.60848877e+02
   9.80788086e+03   3.40025940e+02   0.00000000e+00   4.21038147e+02
   7.64008594e+03   2.23397374e+00   1.26121484e+03   5.98314476e+01
   1.08832141e+03   6.17038994e+01   1.75579309e+00   1.10510898e+00
   1.26541113e+03   9.19449463e+02   0.00000000e+00   2.44414719e+02
   1.31874151e+01   0.00000000e+00   1.51075516e+01   1.88759735e+02
   2.67044287e+03   4.10660889e+03   9.57133961e+00   0.00000000e+00
   8.70732361e+02   4.01306213e+02   2.54974976e+01   9.02189102e+01
   0.00000000e+00   2.28808578e+02   1.63808966e+00   1.75327885e+00
   2.11248660e+00   1.41952872e+00   1.57771454e+01   7.49828637e-01
   4.97483559e+01   9.44097473e+02   5.35905457e+02   3.67253540e+02
   0.00000000e+00   2.71504440e+01   3.31370422e+02   9.15651627e+01
   7.70622510e+03   3.08395721e+02   1.73902649e+02   9.66349640e+01
   2.80825342e+03   8.96583252e+01   3.90191727e+01   2.31659595e+03
   2.49387908e+00   1.35620046e+00   5.14246330e+01   2.29299879e+00
   1.24828224e+01   3.45871949e+00   1.70094764e+00   4.43857193e+01
   4.21130829e+01   1.97832165e+01   7.54290619e+01   3.40654778e+00
   4.50209961e+02   6.25318985e+01   1.80452042e+01   2.70152626e+01
   1.79296066e+02   2.34822388e+01   1.05461367e+04   9.86985901e+02
   1.67627124e+03   6.55432422e+03   0.00000000e+00   2.20920264e+03
   3.68151001e+02   3.80289185e+03   0.00000000e+00   1.24252698e+03
   6.25219154e+01   6.12841553e+02   6.55559921e+00   7.71655273e+00
   1.21854271e+02   7.11868048e-01   5.83788719e+01   0.00000000e+00
   3.02528173e-01   1.47191589e+03   0.00000000e+00   1.37595239e+03
   1.31781891e+02   4.27649512e+03   4.89710007e+01   8.42215500e+01
   3.45259839e+03   1.93166412e+02   2.44703236e+01   1.11568105e+00
   1.20475354e+03   4.50440674e+02   3.83777618e+02   2.54869568e+02
   3.98419647e+01   1.78561804e+03   2.68886816e+03   5.50311230e+03
   1.72493610e+01   1.02842568e+04   3.07310104e+01   6.62650108e+00
   4.57840958e+01   5.60353775e+01   7.96044128e+02   7.80860596e+02
   0.00000000e+00   2.71384253e+03   3.54234253e+03   4.91490967e+02
   0.00000000e+00   0.00000000e+00   6.35681152e+01   2.43209497e+03
   1.41274155e+02   3.74885635e+01   4.40938568e+01   1.05203674e+02
   3.71674538e+01   6.83055878e+01   2.16315704e+02   2.61095047e+00
   4.31691455e+03   5.44017969e+03   7.21156836e-01   1.90232887e+01
   4.49025929e-01   7.23982605e+02   4.12194252e+01   3.76183228e+02
   1.20205101e+02   4.88262604e+02   1.08427612e+03   5.02512627e+01
   6.55703354e+01   5.48657178e+03   8.16701725e-03   1.45326965e+03
   1.84263754e+00   9.74275098e+03   1.12804909e+02   4.33605862e+00
   0.00000000e+00   1.85031036e+02   5.64973682e+03   0.00000000e+00
   4.50584030e+00   1.07760258e+01   5.09270947e+03   5.98238277e+00
   6.74704373e-01   5.01217308e+01   3.09749603e+01   1.14182764e+03
   8.59320923e+02   1.63013420e+01   8.98280811e+00   7.13103857e+03
   1.69906940e+01   1.53156616e+02   0.00000000e+00   0.00000000e+00
   7.19743893e-02   2.42932931e-01   2.94843888e+00   1.42275977e+03
   1.23370508e+03   1.05915956e+01   1.06065822e+00   1.46927771e+03
   4.83917999e+00   8.75179297e+03   4.52950684e+03   1.64568615e+01
   3.39619287e+03   1.80475883e+01   9.43499184e+00   4.21646088e-01
   6.58173084e+00   5.05532013e+02   8.42024414e+03   2.96730164e+02
   7.59957981e+00   1.98507324e+02   1.33088025e+03   1.17263390e+02
   6.41331494e-01   5.89951134e+00   2.16868992e+01   1.13743469e+03
   1.39371069e+03   2.77632507e+02   0.00000000e+00   0.00000000e+00
   1.17144035e+02   1.10334335e+02   8.86765778e-01   3.51590228e+00
   2.78360840e+02   4.13888153e+02   7.00379199e+03   0.00000000e+00
   2.78344025e+02   0.00000000e+00   1.20996712e+02   0.00000000e+00
   7.80819922e+03   0.00000000e+00   7.43945215e+03   7.85613871e+00
   2.41177788e+01   0.00000000e+00   1.05040131e+01   4.38570703e+03
   1.95632458e+03   3.61582251e+03   7.21901978e+02   3.89408159e+00
   1.97539502e+03   6.69737778e+01   1.20309277e+01   5.52609291e+01
   2.94346130e+02   0.00000000e+00   7.66378069e+00   2.11743126e+01
   9.57724228e+01   5.35770226e+01   2.28532848e+01   3.26254297e+03
   8.73339748e+00   3.31033447e+02   2.82083435e+02   2.02565491e+03
   8.54988647e+02   2.22819019e+03   3.71447998e+03   7.88022156e+01
   1.48775195e+03   6.37082338e-01   6.87462463e+01   1.54555655e+00
   1.66042944e+03   3.84380555e+00   2.56878418e+03   1.15766098e+02
   1.23561279e+03   1.30718927e+01   1.08650484e+01   0.00000000e+00
   3.60758057e+03   1.46524696e+01   0.00000000e+00   4.87218857e+01
   6.78529639e+03   4.32566211e+03   3.83166772e+03   1.60081911e+00
   1.94219551e+01   1.00578070e+00   5.65417557e+01   2.45443359e+02
   8.04268311e+02   4.90214081e+01   0.00000000e+00   1.97607162e+02
   1.26082581e+02   0.00000000e+00   1.47545837e+02   3.48978125e+03
   2.87772083e+01   1.80533722e+02   3.85182114e+01   3.83525963e+01
   1.73657465e+00   4.32644077e-02   9.61151695e+00   1.24352158e+02
   6.18917503e+01   9.48526367e+03   6.94606924e+00   4.48763428e+03
   8.08263245e+02   2.16167603e+03   1.21896899e+03   5.62874069e+01
   1.70029089e+03   3.66698151e+02   3.45448212e+02   1.32265596e+01
   1.06311996e+02   1.90286860e-01   1.04279915e+02   2.03440819e+01
   0.00000000e+00   2.00256968e+00   1.29545135e+02   2.04042740e+02
   1.42767685e+02   9.75074768e+02   4.15008789e+03   5.74919777e+01
   8.44709549e+01   1.82961712e+01   1.04687569e+02   1.34961729e+01
   1.31518200e-01   6.28289600e+03   9.64100742e+00   1.53571806e+01
   1.89939976e+01   4.80888123e+02   2.58807910e+03   1.49688019e+02
   5.04701611e+03   9.34829559e+01   0.00000000e+00   5.08286858e+00
   1.07511250e+04   4.32258667e+02   3.33021126e+01   3.89743185e+00
   5.19491699e+02   1.06019753e+02   3.91251993e+00   5.28756218e+01
   1.63920841e+01   1.12763354e+03   2.42965674e+03   2.15199604e+01
   1.88845367e+02   1.66452673e+03   7.13192749e+02   9.19098663e+00
   3.78015161e+00   1.27310034e+03   8.10782812e+03   2.70295544e+01
   1.42994738e+01   4.77737093e+00   4.54779167e+01   1.39554535e+02
   8.79471588e+01   3.33991265e+00   5.53460059e+03   5.12739844e+03
   6.41572852e+03   2.97677010e-01   1.38185318e+02   6.72342148e+01
   1.85037903e+03   5.03274024e-01   5.43760864e+02   7.74759155e+02
   1.06925211e+01   7.96990283e+03   1.33096981e+01   1.47475488e+03
   8.04336667e-01   3.13190704e+02   1.89289722e+01   1.12586945e+02
   5.24656885e+03   2.92341828e+00   5.03543968e+01   0.00000000e+00
   1.91755247e+00   4.32099945e+02   2.19993774e+02   1.22246399e+01
   1.71520782e+02   3.39044678e+03   1.09960951e-01   2.07363770e+03
   1.92787048e+02   4.10940186e+02   3.73701245e+03   2.33199829e+02
   4.68585840e+03   5.05233582e+02   1.13695091e+02   6.10604515e+01
   7.07129593e+01   1.14314746e+03   2.43420734e+01   4.32185693e+03
   1.39052081e+00   3.21157188e+01   1.66730042e+01   3.03272583e+03
   2.85620148e+02   5.97805119e+00   6.01675529e+01   0.00000000e+00
   1.45179456e+03   3.06613129e+02   3.70963654e+02   5.52421045e+03
   1.57702255e+01   1.01995491e+02   2.31890747e+03   4.16855859e+03
   2.36060071e+00   2.70617578e+03   1.40257525e+00   1.32822250e+02
   0.00000000e+00   7.47489014e+03   1.20250788e+01   6.04840584e+01]
[  8.32808876e+00   3.89015411e+02   7.09988785e+01   1.84179535e+02
   1.69998154e+02   7.33918518e+02   3.11503735e+01   2.94699921e+02
   7.38890762e+01   6.38493347e+01   9.84711853e+02   1.25933801e+03
   3.50559766e+03   1.42977341e+02   2.67458984e+03   8.18715057e+01
   3.72809839e+00   2.52012619e+02   7.31763794e+02   3.69180695e+02
   8.78709412e+01   1.09734850e+01   2.82962280e+03   7.00904083e+01
   3.89603539e+01   1.75028572e+01   2.79694176e+01   2.94333344e+01
   3.29323242e+03   2.65295029e+01   1.15906019e+01   9.25387421e+01
   4.01515796e+03   5.29035645e+01   7.67375851e+00   1.06306226e+03
   3.81801294e+03   9.45430851e+00   3.84860659e+00   1.40786780e+03
   4.48007812e+03   4.69814240e+02   1.01857460e+00   0.00000000e+00
   4.67911911e+00   5.77713074e+02   1.83465735e+03   1.23212442e+01
   1.42804632e+01   2.48818531e+01   1.27965298e+01   3.77301254e+01
   9.27354736e+02   4.75056061e+02   5.87100037e+02   3.35547534e+03
   1.07541275e+01   8.05348396e+00   1.74063257e+03   3.63579248e+03
   1.35303088e+03   2.09995773e+02   5.52668311e+03   3.88114357e+00
   6.45899630e+00   2.83614960e+02   4.57283134e+01   1.16558815e+02
   4.73808241e+00   7.66428467e+02   1.47792786e+03   3.61701263e+02
   1.92428467e+02   5.29503860e+01   6.49299850e+01   6.19489380e+02
   8.09879379e+01   3.29585571e+02   2.42113379e+03   3.66527438e+00
   1.04813766e+01   1.91292114e+02   1.53481128e+03   2.24023304e+01
   6.40282471e+02   3.19946777e+03   4.63776016e+01   3.28264694e+01
   3.46101367e+03   3.00237091e+02   1.41631454e+02   2.89626862e+02
   0.00000000e+00   2.32174292e+03   1.23306723e+01   1.07369108e+01
   2.47642868e+02   2.12447827e+03   5.34413490e+01   6.01656609e+01
   8.32591534e+00   4.41503792e+01   7.44171600e+01   4.44840469e+01
   1.64763647e+03   0.00000000e+00   1.13133507e+02   4.81871143e+03
   2.93128198e+03   1.53043106e+02   3.25124664e+02   2.59662857e+01
   1.02096368e+03   1.16030115e+03   4.10068115e+02   0.00000000e+00
   1.27564758e+02   5.76584740e+01   1.55734705e+03   3.73829880e+01
   3.49196091e+01   1.98079895e+03   0.00000000e+00   1.17249174e+01
   2.81123905e+01   3.02515930e+02   9.49071121e+01   1.33470764e+02
   3.27015649e+03   2.34686136e-02   1.59076660e+02   1.75418066e+03
   1.38586194e+03   3.37550259e+00   5.55515527e+03   4.89927387e+00
   1.44137001e+01   1.51282471e+02   5.62784920e+01   1.34956303e+01
   2.50483569e+03   0.00000000e+00   4.40327240e+02   7.50995789e+01
   2.19766602e+02   1.93873572e+00   2.23769140e+00   4.00603580e+00
   0.00000000e+00   5.18759117e+01   6.44519627e-01   9.94871765e+02
   2.09270859e+02   2.54983569e+03   1.10364403e+02   6.11406128e+02
   6.39340637e+02   0.00000000e+00   1.37034424e+03   1.63255310e+02
   8.80863586e+02   1.91252393e+03   1.08842027e+00   4.76594147e+02
   2.99569751e+03   9.28750671e+02   1.75282639e+02   2.99716911e+01
   8.43670349e+01   1.20203174e+03   2.74678345e+02   2.75060683e-01
   3.36758850e+02   1.85210609e+00   2.87314892e+01   4.10257912e+00
   0.00000000e+00   3.16366064e+03   2.96620636e+02   8.93188000e+00
   9.17983398e+01   3.44922523e+01   7.51534224e+00   3.84982681e+01
   1.80425842e+03   0.00000000e+00   8.73090439e+01   4.04045725e+00
   1.73429573e+00   4.29153099e+01   1.73267918e+01   5.38406334e+01
   5.34093628e+01   1.69014099e+02   4.04326233e+02   3.46469147e+02
   1.37279556e+02   2.93114414e+01   4.49591446e+01   1.73490772e+01
   9.10887527e+01   2.65392822e+02   8.36083603e+00   3.64766741e+00
   5.88736992e+01   1.73465176e+01   5.79472971e+00   1.17022110e+02
   7.41496506e+01   3.62985992e+01   2.16380957e+03   1.67881485e+02
   5.04224002e-01   1.63390911e+00   4.80992508e+01   1.19739067e+02
   5.09811554e+01   7.32356079e+02   9.27382202e+01   4.49795952e+01
   1.64938370e+02   7.82457458e+02   6.55018463e+01   8.96129639e+02
   3.29983597e+01   3.44430971e+00   1.98882385e+03   1.72329224e+02
   3.20040845e+03   3.61477002e+03   2.67017456e+03   1.43470097e+01
   0.00000000e+00   1.53729691e+02   2.19024338e+02   1.36642834e+03
   1.32277832e+03   2.07233505e+01   2.66153931e+03   4.37749481e+02
   5.52670326e+01   4.02667961e+01   6.32362183e+02   0.00000000e+00
   4.54099670e+02   8.23762085e+02   3.12525116e+02   0.00000000e+00
   5.41811707e+02   4.33639526e+00   0.00000000e+00   3.61375854e+02
   1.50808667e+03   0.00000000e+00   8.73265553e+00   3.96555664e+03
   2.53226614e+00   2.64381592e+02   4.66791954e+01   7.51914368e+01
   2.73232837e+03   0.00000000e+00   4.80128711e+03   3.51460342e+01
   3.79196053e+01   1.64181198e+02   4.45844635e+02   7.73523499e+02
   5.71123505e+01   6.66026611e+02   8.68426819e+01   4.25561371e+02
   7.72697568e-01   0.00000000e+00   2.69645195e+01   4.68392448e+01
   1.72410870e+01   8.74197845e+01   5.32710815e+02   9.30962585e+02
   2.87005377e+00   3.62577486e+00   2.18279785e+03   1.37804949e+00
   2.24476647e+00   1.47797839e+03   1.79662186e+02   5.79976261e-01
   3.13096826e+03   1.55007133e+01   3.70794868e+00   7.57221878e-01
   7.84582031e+02   2.49971878e+02   4.10328516e+03   9.33942184e+01
   1.13151233e+03   2.42565048e+02   2.60699062e+01   3.67764038e+02
   2.69511768e+03   9.88563843e+02   9.71208096e+00   5.09121037e+00
   3.40067749e+03   1.96825391e+03   5.22266797e+03   3.78878510e+02
   2.89176798e+00   4.43885010e+02   2.65094360e+02   1.32407837e+02
   8.23742676e+00   4.10869637e+01   1.09171200e+01   5.56712341e+02
   1.17976111e+03   1.02878777e+02   2.83310760e+02   0.00000000e+00
   3.08461905e+00   2.06949219e+03   2.17592487e+01   2.66535156e+03
   8.94844589e+01   1.55161957e+02   7.34760666e+01   1.70781302e+00
   0.00000000e+00   5.43091675e+02   1.03720164e+00   2.30800972e+01
   3.76205254e+01   7.88925781e+01   3.71970581e+02   1.38901558e+01
   1.02832300e+03   1.61239624e+01   5.50149353e+02   1.84757434e+03
   1.99755798e+03   1.44205383e+03   7.28290039e+02   1.09289861e+00
   1.66137451e+02   2.94224213e+02   1.33084973e+03   8.69587708e+01
   3.99681244e+01   2.22223804e+03   5.90357971e+00   0.00000000e+00
   3.45936914e+03   3.81741867e+01   8.88307617e+02   2.97533298e+00
   2.19340503e+03   4.13139648e+02   5.29528961e+01   8.25592728e+01
   2.72882748e+01   1.55351269e+00   2.18037170e+02   9.40600098e+02
   1.42715369e+03   5.83543682e+00   5.33779335e+01   8.24366989e+01
   8.30761433e+00   3.29001689e+00   5.03311572e+03   3.20299888e+00
   5.10026093e+02   1.50295874e+03   6.78289592e-01   2.25676910e+02
   7.52793701e+02   5.55245898e+03   1.03472977e+02   3.42946320e+02
   4.43781952e+02   1.07475777e+02   6.13691483e+01   4.70590706e+01
   1.23067856e+02   8.79178238e+01   1.76587601e+01   4.28268394e+01
   1.20972717e+03   3.81404266e+01   4.21063721e+03   6.84191360e+01
   5.57167969e+02   2.46415768e+01   2.16166243e-01   4.74375839e+01
   4.54550982e+00   2.11545837e+02   2.20783569e+02   2.26079239e+02
   2.40398853e+03   8.97315598e+01   5.97685013e+01   2.47780103e+03
   2.60653979e+03   2.19951996e+02   4.87316284e+02   8.25919509e-02
   1.16965813e+02   6.10556689e+03   5.24201813e+01   1.08022522e+03
   8.76870651e+01   3.77468014e+00   4.98601389e+00   8.24139833e-01
   4.25902252e+02   3.41481299e+03   1.12849170e+03   2.53370117e+03
   1.25889114e+02   3.30707016e+01   1.86411026e+02   1.45136917e+00
   5.51420250e+01   1.23681993e+01   1.86458008e+02   2.73960645e+03
   6.60287415e+02   9.39660583e+02   5.68616504e+03   1.45807447e+01
   5.89476776e+01   1.76582471e+03   2.30007877e+01   2.93516235e+02
   1.46836499e+03   1.16498985e+01   3.20418976e+02   2.20360748e+02
   1.78162251e+01   2.32132969e+01   8.56685104e+01   1.23177124e+02
   2.59426361e+02   1.54629166e+02   6.77460861e+01   4.90759897e+00
   4.43782692e+01   2.88762951e+01   7.55023360e-01   6.79042053e+02
   5.85044287e+03   1.20106018e+03   1.21697598e+01   5.25284180e+02
   6.47387109e+03   5.45099754e+01   1.52267932e+03   1.36429107e+00
   3.87862427e+02   8.23617783e+01   6.40974274e+01   6.44666076e-01
   1.12024194e+03   8.25288757e+02   1.81411591e+01   4.33454541e+03
   5.55401270e+03   7.25201904e+02   5.04977036e+00   2.76236210e+01
   1.70099678e+01   3.62173340e+02   1.33282518e+01   4.00921844e+02
   2.49658051e+02   4.58308280e-01   1.80409126e+01   2.58863044e+00
   1.58013168e+02   1.09987805e+03   1.17310242e+02   1.18685266e+03
   6.45076218e+01   1.26151371e+00   8.17361355e+00   5.83791992e+03
   5.57444382e+00   7.51210709e+01   6.54568909e+02   1.68587280e+03
   0.00000000e+00   0.00000000e+00   2.43163528e+02   4.63902092e+01
   4.09149027e+00   9.26393066e+02   6.07844788e+02   3.41378540e+03
   1.71969153e+03   2.17207298e+01   2.40529221e+02   2.83211914e+03
   7.05079346e+01   0.00000000e+00   1.49692795e+02   4.12722461e+03
   1.20078438e+02   1.91402405e+02   1.62010590e+02   3.90663574e+03]
[  3.14695618e+02   2.01426640e+01   1.25284786e+01   9.99103355e+00
   4.39839745e+01   1.35545239e+03   4.26650620e+01   3.76978760e+01
   6.48422527e+00   5.90941589e+02   8.26796532e+00   8.45462265e+01
   5.96112976e+02   9.03852844e+02   2.78774567e+02   0.00000000e+00
   1.08595295e+01   2.71637543e+02   1.09727112e+02   2.97686696e-01
   1.33097191e+01   1.67577195e+00   6.98789139e+01   7.24458069e+02
   1.23018408e+00   3.24516487e+00   1.44507957e+00   1.32407608e+01
   8.41485882e+00   1.45472839e+02   2.61810551e+01   1.01830590e+00
   9.42246094e+01   8.52288437e+00   2.17089795e+03   1.17715381e+03
   2.26076298e+01   7.24880188e+02   7.60381174e+00   3.60092583e+01
   1.22727051e+01   4.84840126e+01   2.64720707e+01   6.56159515e+01
   4.38447762e+00   1.17313316e+02   3.26872742e+02   0.00000000e+00
   4.72262421e+01   1.84995613e+01   9.71259644e+02   1.47467434e-01
   1.40583458e+01   5.88296928e+01   1.98357590e-02   7.49687195e+01
   1.13316374e+01   7.87551880e+00   1.76534225e+02   2.74186310e+02
   3.67406440e+00   4.23907700e+01   1.80331631e+01   2.36371899e+01
   2.42134132e+01   7.23710346e+00   5.56536903e+01   1.02905645e+01
   4.53670263e+00   5.73016701e+01   2.90935745e+01   1.22267798e+03
   2.56130009e+01   9.24868750e+03   1.31218030e+03   1.25390806e+01
   1.09402561e+01   8.66544151e+00   1.02515984e+02   9.40375805e+00
   7.09632111e+00   6.51741943e+01   1.66953621e+01   1.45749931e+01
   5.94766617e+01   8.42710257e-01   7.54837097e+02   1.32353296e+01
   6.16003799e+01   1.09120350e+01   7.03977814e+01   3.75970688e+01
   1.03023567e+01   3.38101929e+02   1.81021866e+02   6.71715546e+01
   1.70296230e+01   5.32792244e+01   1.07198944e+02   2.01151562e+01
   1.01150535e-01   3.18680267e+01   6.81076050e+01   1.60833836e+01
   2.24893398e+01   1.00670357e+01   1.21434975e+00   9.47995789e+02
   8.38202477e+00   8.19454789e-02   7.78413269e+02   6.15892744e+00
   9.32201445e-01   7.34139633e+01   0.00000000e+00   3.28801662e-01
   1.20592155e+01   1.65146027e+01   1.57631860e+03   1.76558709e+00
   2.08655075e+02   1.41046600e+01   1.97021255e+01   3.95860434e-01
   1.20284164e+00   1.02410850e+04   1.21229851e+00   5.94038773e+00
   8.87543640e+02   6.33253174e+01   1.66024342e+01   1.15837540e+02
   1.25454597e+02   1.90300655e+01   3.20565967e+03   7.15841961e+00
   5.24950075e+00   2.14902377e+00   1.33954675e+03   4.84677238e+01
   3.55408978e+00   6.24674011e+02   1.40511751e+00   1.00044897e+03
   2.67310066e+01   4.30587196e+01   1.75612965e+01   2.03414368e+02
   5.13631836e+02   2.08478088e+01   2.87260628e+01   2.00502853e+02
   1.30725880e+01   4.52348709e+01   6.50887878e+02   3.15720806e+01
   4.64702225e+01   0.00000000e+00   8.95461845e+00   8.36024780e+02
   4.33940771e+03   1.78776794e+03   1.62979183e+01   7.35058641e+00
   3.10803032e+01   3.17578673e+00   3.41705093e+01   2.66617947e+01
   1.13138561e+01   2.42253799e+01   3.86286621e+01   1.80182254e+00
   2.39136076e+00   5.63591309e+02   4.91963730e+01   4.47884941e+01
   2.18229446e+01   1.36372643e+01   5.92210350e+01   9.18851257e+02
   5.98322876e+02   7.56430893e+01   3.40226013e+02   1.23137703e+02
   6.69525375e+01   8.12221146e+01   1.60018673e+01   1.35302639e+00
   6.79615479e+01   1.19278053e+02   4.76445160e+01   1.71676397e+00
   4.04500049e+03   5.55115433e+01   4.95071322e-01   3.74604492e+01
   2.23799038e+01   3.46032104e+01   2.69896221e+01   8.05169434e+02
   4.66098595e+01   4.14277601e+00   9.17932434e+02   4.43264160e+01
   2.97495422e+01   8.63367748e+00   1.00332202e+03   5.10564947e+00
   8.94973984e+01   2.88364197e+02   6.82722015e+01   5.57915509e-01
   3.41862854e+02   2.05028858e+01   7.19470673e+01   2.09736542e+02
   0.00000000e+00   9.27069778e+01   2.53091260e+03   1.68144501e+02
   0.00000000e+00   6.62411785e+00   2.17148800e+01   1.68276310e+01
   2.23486805e+01   8.27455872e+02   8.53992233e+01   2.59910851e+01
   1.55835161e+01   5.72029305e+01   1.20962982e+01   7.76799988e+02
   6.10081055e+02   1.12521057e+03   0.00000000e+00   0.00000000e+00
   5.56879539e+01   1.50673657e+03   2.61887988e+03   2.03680897e+01
   3.03055038e+01   5.24087830e+01   8.76200333e+01   0.00000000e+00
   1.79482307e+01   1.97224474e+00   8.39084656e+02   3.10278565e-01
   1.56329697e+02   3.84309731e+01   7.88845764e+02   1.16826792e+01
   2.86004524e+01   8.53833191e+02   1.03324316e+03   3.09850740e+00
   3.94479561e+01   4.92631607e+01   2.07358887e+03   7.68770370e+01
   3.75887985e+01   5.50153208e+00   4.56438812e+02   2.20150547e+01
   3.08609543e+01   0.00000000e+00   1.09324173e+02   5.45798531e+01
   7.83496237e+00   3.76036644e+01   1.91857825e+03   3.19326813e+02
   3.86701584e+01   2.26052094e+00   4.63933983e+01   3.56907234e+01
   3.42821075e+02   4.11498909e+01   9.30514145e+00   1.33966887e+00
   5.87918945e+02   1.80181702e+02   4.66606283e+00   8.20155396e+02
   5.91637077e+01   4.77772751e+01   9.06485081e+00   1.74668846e+01
   7.62295456e+01   1.00081367e+02   1.07788391e+03   7.30487289e+01
   9.67462826e+00   2.47966614e+01   4.72097816e+01   2.88434418e+02
   1.41834021e+01   7.38728210e+02   6.06206398e+01   3.73444214e+03
   8.90114212e+01   4.58511314e+01   1.84380713e+03   2.95764862e+02
   1.04345787e+02   2.29249146e+02   1.52102108e+01   4.93998199e+02
   4.67626877e+01   8.33546448e+01   0.00000000e+00   3.09949913e+01
   1.63979263e+01   9.79835052e+01   2.03108923e+03   4.84897385e+01
   1.43167822e+03   2.12540142e-02   8.15219482e+02   3.60110283e+01
   1.06509552e+02   1.79526844e+01   8.53769913e+01   7.45291290e+01
   8.77058258e+01   5.79964142e+01   4.93309116e+00   8.33417740e+01
   1.25968142e+01   2.18245678e+01   4.86339256e-02   2.51027727e+00
   0.00000000e+00   2.38187622e+02   6.98068047e+00   5.00455933e+02
   3.30140424e+00   6.74818573e+01   8.30216675e+01   3.67346954e+02
   1.42996170e+02   9.24745873e-02   1.84743179e+02   1.77400799e+01
   1.20794937e-01   6.64174747e+00   3.90282860e+01   9.72629833e+00
   2.55078888e+00   1.20867777e+01   1.33849350e+02   1.09021711e+01
   5.49186654e-02   1.09917236e+02   1.76324234e+01   4.53585596e+03
   1.30771500e+02   4.93279343e+01   4.88773537e+01   1.27631807e+01
   0.00000000e+00   2.16831436e+02   1.70048645e+02   4.67390289e+01
   8.36183838e+02   2.95046830e+00   5.87695084e+01   1.32009850e+01
   1.61453384e+02   1.39721613e+01   0.00000000e+00   4.37364929e+02
   3.61527367e+01   0.00000000e+00   2.61086655e+01   6.92406416e+00
   1.38667297e+03   4.69454497e-01   3.13567963e+01   1.94381642e+00
   3.57860222e+01   1.68700037e+03   1.30825488e+03   0.00000000e+00
   5.89135376e+02   4.90225220e+01   1.45408983e+01   2.74023080e+00
   4.64100990e+01   0.00000000e+00   1.86028564e+03   9.29667816e+01
   1.66603867e+02   9.06860428e+01   1.12691406e+03   4.40116638e+02
   4.04844360e+02   3.64936447e+01   5.49208336e+01   1.26295129e+03
   2.07001984e+02   1.44837952e+01   6.12383842e+00   3.51785278e+00
   1.50810318e+02   1.21992590e+03   1.72170563e+01   9.05817261e+01
   5.22286224e+01   1.53622604e+02   7.91757446e+02   7.60613831e+02
   6.23349714e+00   5.77126953e+02   4.19890350e+02   0.00000000e+00
   5.64145508e+01   1.12515211e+01   6.02013794e+02   4.06156769e+01
   4.16750549e+02   1.07233620e+01   1.25081352e+02   4.54782534e+00
   6.48400040e+01   8.99928406e+02   1.57353546e+02   4.52468185e+01
   8.29052832e+03   2.47452927e+02   9.19540634e+01   1.11319427e+01
   3.89903374e+01   8.36166687e+02   5.60355225e+01   1.51986951e+03
   8.78335815e+02   1.49772858e+02   3.14180489e+01   2.12612534e+01
   7.64470100e-02   9.24647095e+02   1.44080811e+02   5.56138878e+01
   2.07817287e+01   3.15002174e+01   1.20682383e+00   6.81137466e+01
   7.38991213e+00   2.03546028e+01   2.14775634e+00   1.49505787e+01
   4.42528629e+00   1.28267288e+02   5.77383232e+01   3.25073218e+03
   3.39298592e+01   1.67808374e+03   2.45387741e+02   3.47113914e+01
   9.85691376e+01   7.47242554e+02   3.75352707e+01   8.22815228e+00
   4.79247589e+02   4.58644629e+00   1.48479907e+03   8.36366806e+01
   9.35790348e+00   1.09964142e+01   3.96567726e+01   5.00737267e+01
   8.99016663e+02   1.17250305e+03   1.02998482e+02   1.77706543e+03
   9.45675850e-01   7.55967736e-01   6.53078556e+00   5.63450873e-01
   3.35964165e+01   3.16600609e+01   7.31382019e+02   0.00000000e+00
   6.48468323e+01   1.61108284e+01   4.83957024e+01   1.32494214e+03
   1.56623793e+01   0.00000000e+00   2.63540478e+01   8.48166046e+01
   4.97094002e+01   8.32704773e+02   3.75170959e+02   5.30219299e+02
   7.92577148e+02   3.81565063e+02   6.23985825e+01   3.31078758e+01
   1.23864502e+03   1.97111778e+01   4.18039370e+00   1.37454590e+03
   3.39742966e+01   1.47301422e+02   1.01039619e+01   2.39147095e+02
   1.72645874e+03   6.92054749e+02   8.99338440e+02   3.14783216e-01]
