bicycle
bus
car
motorbike
person
[ 18773232.        4827419.       51829008.       18862342.       57000012.
   2568287.75     22710448.        8463945.       11994233.       10772207.
   6526866.       36004832.       28738112.       13225748.       17461692.
  12122529.       15451181.       10776106.       52391396.       15412911.
   5489155.       22896192.        6026166.       37946620.        7124473.
  16482515.       10435348.       12180824.        6074646.       21270062.
  35424908.       30053648.       60646952.        3517509.       29952294.
   1260031.125    26237692.        8004028.       12347782.        3669165.75
  12467452.       17162582.       41966104.       67488144.       15087053.
  34681320.       15425557.       19525060.        5845098.       65934180.
  32080198.       19451790.       23071282.       21123540.       12630754.
  18605966.       30386926.       20098420.        6066406.        6044377.5
    467813.71875   1996311.625    15077457.        5034049.5    ]
[  3.14186920e+07   1.33304390e+07   3.69992960e+07   1.13288112e+06
   1.07436950e+07   1.61855650e+06   9.79994500e+06   2.64572845e+02
   1.24695170e+07   5.33198562e+05   4.89766880e+07   3.66875120e+07
   6.72761406e+04   4.31826950e+06   3.54460280e+07   1.79024400e+07
   2.10659700e+06   4.66292440e+07   1.01180890e+07   2.31628680e+07
   4.87268188e+05   4.19552760e+07   1.85055062e+06   4.03130480e+07
   1.13021112e+06   5.43380560e+07   6.25636850e+06   3.33651950e+06
   1.25404230e+07   2.71641113e+02   2.70402540e+07   4.87673086e+04
   3.59477850e+06   1.90742660e+07   9.40745800e+06   1.15549750e+07
   4.00380219e+05   9.91759200e+06   2.38577080e+07   1.70002920e+07
   5.96734850e+06   9.82171500e+06   9.97435125e+05   1.18413880e+07
   3.74744320e+07   2.18159580e+07   8.07798562e+05   3.50116560e+07
   2.48377680e+07   8.77892200e+06   4.29626200e+07   2.30260040e+07
   5.13147440e+07   2.44526080e+07   1.40478538e+06   2.28698300e+07
   1.94081880e+07   7.14290400e+07   1.13330240e+07   1.06286340e+07
   3.29975140e+07   6.90159424e+02   2.00636280e+07   5.36194960e+07]
[  3.46694875e+06   1.26032650e+07   6.82933533e+02   7.03666719e+04
   1.98836367e+04   9.15433203e+04   2.22651270e+04   7.66989650e+06
   6.34998594e+04   3.17638625e+06   6.58808750e+06   7.57179312e+05
   9.49442500e+05   2.04463438e+06   5.85724531e+04   1.15209531e+05
   3.18874125e+06   4.26728875e+05   7.77449312e+05   6.69373950e+06
   4.15498150e+06   1.51037217e+04   1.06270400e+07   1.48864450e+07
   1.21727070e+07   0.00000000e+00   3.27656781e+05   5.73867100e+06
   7.16940625e+05   6.31126150e+06   4.07012539e+04   1.45259370e+07
   7.21443938e+05   3.96632275e+06   2.54986000e+06   4.85699100e+06
   3.37793906e+05   2.25109420e+07   6.26566200e+06   7.16016617e+01
   4.69908100e+06   4.77861150e+06   4.37899800e+06   1.59674060e+07
   2.39967800e+06   3.63865500e+05   7.82202300e+06   5.99360781e+04
   3.00200550e+06   9.58416375e+05   2.12231850e+06   1.06857883e+05
   4.63533550e+06   9.84199812e+05   1.90629160e+07   1.35196850e+07
   3.62912375e+06   1.21642422e+04   1.19643766e+05   1.39293562e+05
   4.01545675e+06   1.73096360e+07   1.07195960e+07   3.00967875e+06
   2.18329740e+07   4.34246750e+06   1.47432370e+07   5.88117350e+06
   1.59230703e+05   1.44143262e+06   7.93701800e+06   1.42074820e+07
   2.48257175e+06   2.56622922e+05   0.00000000e+00   3.18501400e+06
   2.40572969e+05   7.22344750e+06   7.90861100e+06   2.91696406e+04
   2.47227754e+04   1.07345390e+07   4.93131900e+06   1.87950610e+03
   3.41817950e+06   9.09694500e+06   6.10102200e+06   5.24465599e+01
   5.41795850e+06   1.07582762e+06   7.40048050e+06   4.23664800e+06
   1.54128875e+05   7.52743300e+06   6.98466188e+05   8.84838600e+06
   2.38116455e+03   4.52783600e+06   4.18639550e+06   7.33480188e+05
   3.29801675e+06   2.06193675e+06   5.34586312e+05   1.15311588e+06
   1.01522705e+04   4.74051375e+05   1.69025109e+05   9.52524625e+05
   5.76305150e+06   3.85540844e+05   1.68120109e+05   9.98582500e+06
   1.74737125e+05   1.19231670e+07   4.56703600e+06   6.58238250e+06
   1.75668800e+06   1.00872481e+06   3.53850750e+06   1.19550838e+06
   3.78254425e+06   7.14636750e+06   7.75675684e+03   9.72978600e+06
   1.45575800e+06   4.49370234e+04   2.53241140e+07   8.11584570e+03]
[  5.64485000e+06   3.95215825e+06   3.45514500e+05   0.00000000e+00
   1.89331289e+04   2.08633088e+06   9.34497312e+05   1.90549650e+06
   1.72678980e+07   6.63654750e+06   1.14883030e+07   9.02352500e+06
   4.27888650e+06   4.49350750e+05   3.73846289e+03   2.66442950e+06
   1.65545675e+06   3.13647050e+06   3.98885500e+06   3.73458398e+04
   9.51642700e+06   3.07390225e+06   3.52745625e+06   2.18055781e+04
   6.54668938e+05   5.16935781e+05   1.25810550e+06   7.53697250e+06
   4.34613633e+04   6.08199750e+06   2.42877441e+04   1.57043680e+07
   5.82492350e+06   9.66768750e+04   1.81680950e+06   3.10690625e+06
   3.71438500e+06   1.39568820e+07   1.50168719e+05   6.53289102e+04
   3.41194875e+06   1.65430625e+04   9.39888672e+04   8.09074688e+05
   1.85881812e+06   1.24344640e+07   9.35056800e+06   5.42293300e+06
   3.15093875e+06   1.61067570e+07   4.28981750e+06   4.95719600e+06
   8.97834200e+06   1.33971862e+06   1.24603430e+05   2.75826500e+05
   3.91643425e+06   1.46805788e+06   7.30086231e+00   4.73659000e+06
   2.94981250e+06   1.17634290e+07   6.65443900e+06   3.37981425e+06
   6.52276312e+05   1.19690100e+07   4.96597344e+05   4.58414700e+06
   5.28266750e+06   1.14592970e+07   3.61737800e+06   1.68027620e+07
   1.06614450e+07   1.00198290e+07   2.18290920e+07   4.20872168e+03
   4.64833900e+06   2.82021800e+06   1.85489360e+07   4.05422625e+06
   3.52234500e+06   6.79952500e+04   8.79291200e+06   4.89140050e+06
   6.73446953e+04   8.71999700e+06   1.13074550e+06   4.78940150e+06
   9.48940547e+04   2.44766100e+06   1.27582562e+05   1.00579670e+07
   1.62194906e+05   1.13249440e+07   2.58971250e+06   3.56791625e+06
   1.54219812e+06   8.89128200e+06   8.92161500e+05   1.36944310e+07
   2.78034719e+05   3.80449969e+05   1.88842060e+07   4.14110596e+03
   3.39714000e+05   1.92451540e+07   4.80878800e+06   9.74170700e+06
   9.12781100e+06   1.16599780e+07   1.50446162e+04   4.25336650e+06
   6.44761000e+05   2.72242860e+07   5.09742600e+06   8.31261750e+05
   1.87984609e+05   4.33337950e+06   6.39138672e+04   1.59188438e+04
   1.86798180e+07   2.43031775e+06   2.78566211e+04   1.06179030e+07
   4.88953050e+06   3.59660175e+06   1.66510700e+07   1.22589640e+07]
[  0.00000000e+00   9.54996777e+03   1.98815375e+06   1.14604277e+04
   0.00000000e+00   3.76381683e+00   1.39100433e+02   6.71329927e+00
   2.62841950e+06   2.08557793e+04   3.74814415e+01   9.58504395e+03
   1.65081272e+01   1.72507781e+05   3.72524062e+04   5.45554321e+02
   4.21236572e+03   7.52627250e+05   5.46652490e+03   7.14512734e+04
   3.21697807e+00   9.02934277e+03   9.39848062e+05   7.21643115e+03
   6.19768994e+03   2.73914520e+02   2.29597400e+06   0.00000000e+00
   3.60532520e+03   3.75616382e+03   8.59069824e+02   1.02417961e+02
   4.56943054e+01   9.02404938e+05   3.86971250e+04   1.95703300e+06
   2.52377775e+06   6.95121875e+03   3.96009961e+03   4.61562305e+03
   6.80221631e+03   8.48843140e+02   2.25556714e+03   5.49480125e+05
   8.91853418e+03   5.51279663e+02   6.28409910e+00   0.00000000e+00
   2.00417547e+05   2.28537266e+04   2.96304570e+04   1.05250412e+02
   2.33639650e+06   7.01818938e+05   2.72078972e+01   1.38415031e+05
   8.76572688e+05   1.51167250e+06   2.97667041e+03   0.00000000e+00
   8.49346250e+04   2.11813984e+04   3.88007594e+05   1.01778062e+05
   3.96291065e+00   3.41450078e+04   2.79523560e+03   1.23255811e+03
   6.95706348e+03   1.42773969e+05   1.26049512e+06   2.34614675e+06
   0.00000000e+00   1.69863848e+04   7.99425354e+02   1.09117012e+02
   9.55898145e+03   3.69160062e+05   5.19760219e+05   9.96814375e+04
   9.74363359e+04   2.29009692e+03   1.05638271e+04   1.10246787e+04
   2.66469825e+06   3.34293450e+06   5.71111500e+05   2.11627075e+06
   8.06307266e+04   1.12370190e+03   1.30243042e+03   8.02406797e+04
   3.32255688e+05   1.18984512e+04   0.00000000e+00   1.15013076e+04
   3.18594263e+03   5.29193125e+05   6.09454053e+03   2.77961719e+04
   3.72031484e+04   3.47328174e+03   1.82060962e+06   1.28732516e+05
   1.21980481e+03   6.35316309e+03   1.03986113e+04   4.57353125e+03
   0.00000000e+00   3.88801836e+04   9.40101562e+05   5.13798672e+04
   0.00000000e+00   5.85030625e+04   6.83453809e+03   5.93768896e+03
   0.00000000e+00   9.52568512e+01   3.64239355e+03   2.70627725e+06
   1.30011455e+04   1.53107557e+01   1.45784492e+04   2.44372266e+03
   4.51392529e+03   1.83986688e+06   9.70182800e+01   0.00000000e+00
   8.52336938e+05   2.74673574e+04   1.24015840e+04   2.08451660e+04
   1.09438486e+04   2.02820138e+06   0.00000000e+00   3.51296606e+03
   3.51415925e+06   1.35049200e+06   1.57450703e+04   1.83949852e+01
   7.63426758e+03   0.00000000e+00   5.82751318e+03   6.86737875e+05
   6.97135986e+02   2.15978375e+06   2.54443066e+03   7.70175232e+02
   8.59900078e+04   1.13540230e+01   4.26416309e+03   6.15017529e+03
   2.24598844e+05   7.92556953e+04   1.12345250e+06   2.94054175e+03
   5.76093555e+03   4.06610062e+05   1.03742650e+06   2.03888109e+05
   3.27830615e+03   1.73164141e+05   1.97820475e+06   2.25403574e+04
   4.17850234e+04   2.82303350e+06   2.18588400e+06   1.73824656e+05
   2.53165566e+04   1.81277162e+06   2.11880400e+06   4.42428418e+03
   1.15334561e+04   6.32703500e+05   9.58206348e+03   1.75866836e+04
   2.56032050e+06   2.42644995e+03   3.03661975e+06   7.06089688e+04
   1.06610088e+06   1.84753172e+05   4.09325688e+05   6.35372705e+03
   8.83984668e+03   1.25414453e+04   1.19994008e+05   2.04420840e+04
   1.63834325e+06   7.98788867e+03   1.15768916e+04   1.60460838e+06
   0.00000000e+00   7.99010625e+05   0.00000000e+00   1.89136300e+06
   1.82964004e+04   5.05761969e+05   2.28491000e+06   1.62555638e+06
   5.81139755e+01   1.91794962e+06   1.32394488e+06   3.52008423e+02
   9.87137266e+04   1.05293970e+03   9.45995026e+01   1.28340791e+04
   7.68929248e+03   8.53788500e+05   4.67495875e+05   2.77894050e+06
   9.74541211e+03   1.73859023e+04   4.58938503e+00   1.87376973e+04
   1.65176245e+03   1.41390438e+06   4.66239180e+04   1.55435767e+03
   2.03885818e+02   2.80543750e+03   8.36644840e+00   9.38308516e+04
   6.99629250e+05   0.00000000e+00   4.82048950e+01   5.79745688e+05
   4.98618774e+01   1.44975788e+06   2.22915234e+04   1.47263818e+03
   1.68012925e+06   9.14731543e+03   1.30131700e+06   2.23235031e+02
   1.31151392e+03   1.25349961e+04   1.24602088e+06   2.75199463e+03
   1.33103138e+06   1.57638088e+06   2.00154590e+03   4.05364893e+03
   6.63538281e+04   5.93283789e+03   1.96998352e+02   6.90587793e+03
   1.12902441e+04   6.28327875e+05   1.20457461e+04   8.28436096e+02
   2.79024902e+03   1.35070694e+02   0.00000000e+00   6.18610750e+05]
[  2.37406000e+06   5.57336426e+03   1.28439903e+01   1.54778549e+02
   1.72314375e+06   1.58780675e+06   2.71460000e+05   1.87989331e+03
   2.15510449e+04   1.01126917e+03   3.61085236e+02   2.22435918e+04
   3.80021240e+03   3.51439727e+04   6.99489502e+03   5.37529150e+03
   1.30744781e+02   2.18978683e+02   1.17384588e+06   9.89029922e+04
   1.11459658e-01   1.30099854e+02   1.03009204e+03   8.97515812e+05
   7.74539828e-01   4.73613574e+03   0.00000000e+00   4.11284469e+05
   2.59876309e+04   0.00000000e+00   5.28052812e+04   2.18318042e+03
   6.05798096e+03   1.00758695e+05   1.51082129e+03   2.57699883e+04
   1.83923496e+04   3.45689758e+02   6.59161560e+02   1.73791003e+00
   9.89840391e+04   7.74907109e+04   2.15269863e+04   2.87299585e+03
   1.51608125e+04   1.06792246e+04   7.05721625e+05   3.48532734e+04
   1.52948203e+05   1.08645166e+03   5.97186816e+03   3.64072388e+03
   3.70717627e+03   1.94906348e+04   4.73199531e+05   9.14854531e+04
   5.50233867e+04   2.54964094e+05   1.99564969e+05   3.24157349e+03
   4.40756201e+03   7.30827891e+04   0.00000000e+00   1.21757355e+02
   0.00000000e+00   1.00332197e+04   2.65633312e+05   1.75018066e+02
   1.14195630e+03   4.18153086e+04   6.44614750e+05   5.37645569e+02
   2.98388496e+04   1.51057959e+04   2.59760918e+04   6.83564766e+04
   2.14501523e+04   1.03985488e+04   8.60931719e+04   6.23221125e+05
   7.33206892e+00   1.55841357e+04   1.34215212e+01   4.50129102e+04
   1.27522363e+03   2.40761074e+04   1.19613843e+03   2.01971992e+04
   1.50101611e+04   1.36188809e+04   8.16350293e+03   7.96130908e+03
   3.78780195e+04   8.96303375e+05   4.61907227e+02   3.91619205e+00
   3.28239625e+05   4.08592072e+01   5.13429541e+03   3.17134609e+04
   3.12821777e+02   2.39268809e+04   9.49131500e+05   3.90557022e+01
   2.58032153e+03   3.49890078e+04   8.78417188e+04   8.29959531e+04
   1.75206953e+04   2.22174325e+06   1.16011391e+02   8.86109375e+05
   1.24327374e+01   5.89911316e+02   1.18990830e+04   2.59522773e+04
   5.02880713e+03   1.70175957e+04   2.87417822e+03   5.40358516e+04
   2.87855811e+03   7.94840576e+02   7.32407520e+03   2.55311672e+05
   2.60286792e+03   1.46172627e+04   0.00000000e+00   2.15329199e+04
   6.88398376e+02   2.47970150e+06   3.01699863e+04   1.28058289e+03
   8.34923828e+03   1.94442212e+06   3.71227173e+02   1.97527363e+04
   2.71344785e+04   1.18573925e+06   7.29023438e+02   1.08965034e+02
   0.00000000e+00   1.00591449e+03   7.43458350e+03   2.26318984e+04
   0.00000000e+00   4.37494476e+02   5.91417480e+02   0.00000000e+00
   0.00000000e+00   8.40651550e+02   2.96456470e+03   7.88381287e+02
   8.60303312e+05   1.80690406e+05   4.39727736e+00   3.34739406e+05
   1.14632800e+03   1.90947361e+01   2.39215938e+04   2.02855312e+06
   6.49932938e+01   6.85355420e+03   1.64162720e+03   0.00000000e+00
   1.88062297e+05   0.00000000e+00   7.70076062e+05   5.56098291e+03
   2.39468453e+05   2.25448050e+06   1.27923002e+01   1.06779547e+01
   1.22733930e+05   1.96436578e+05   7.89697562e+05   4.84474902e+03
   1.39736047e+03   1.56797876e+03   5.53726953e+03   5.12685280e+01
   5.21491650e+03   4.56535059e+03   1.29631607e+02   1.09870664e+04
   0.00000000e+00   3.93698608e+02   3.65579336e+04   1.24250488e+04
   3.83532690e+03   3.40605545e+01   7.44520250e+05   3.13397021e+03
   3.66871826e+02   9.20018457e+03   4.28881133e+04   9.48587695e+03
   5.54083828e+04   2.59353027e+04   3.57002062e+05   4.75479031e+00
   3.20846710e+01   0.00000000e+00   6.41169250e+05   4.59667305e+04
   3.14735078e+04   8.65615997e+01   1.46502627e+04   7.70284875e+05
   1.70892953e+05   9.51205375e+05   0.00000000e+00   3.48214624e+03
   7.31021387e+03   2.69208359e+04   9.05054626e+02   2.59159219e+05
   5.40702750e+05   8.41543701e+02   1.09218066e+04   1.77229114e+03
   4.43250000e+03   1.11102158e+04   6.22763477e+03   1.06288525e+03
   1.05838242e+01   1.70219938e+05   7.22899062e+04   9.57096741e+02
   5.12860962e+02   0.00000000e+00   2.45518017e+00   7.98014795e+03
   1.91734234e+05   6.98383691e+03   1.19261675e+06   7.17195215e+03
   1.46840295e+03   1.43242975e+06   0.00000000e+00   2.82363377e+01
   1.38215378e+02   3.02867469e+05   0.00000000e+00   0.00000000e+00
   5.53592453e+01   5.38917999e+01   1.73179648e+04   6.07591895e+03
   9.59820125e+05   4.35394812e+05   5.55112656e+04   1.00196469e+05
   6.53762988e+03   7.12705250e+05   1.56345098e+04   1.03869688e+04]
[  3.25156094e+05   6.31378477e+04   4.88592377e+02   1.33528870e+03
   3.39704219e+05   2.68309961e+03   2.28745566e+04   1.97526914e+04
   1.50830725e+03   9.66339438e+05   9.34612500e+03   6.96966406e+04
   1.82447168e+04   6.43635400e+03   4.20150781e+03   5.11863342e+02
   4.96991158e+00   6.58529492e+03   3.94745731e+00   1.39800977e+03
   4.97917529e+03   3.29022500e+05   2.31734004e+04   7.64541797e+03
   6.74150452e+02   3.51979150e+03   2.16532935e+03   3.59215438e+05
   1.37247764e+04   3.06166781e+05   1.00223747e+02   1.65092676e+04
   4.68233359e+04   6.39254844e+04   7.46052734e+02   2.43060449e+03
   5.82461438e+05   1.59417738e+06   2.67957935e+03   1.49641162e+06
   1.36854980e+03   2.36258813e+03   4.02745459e+03   4.60341055e+04
   7.36748438e+03   7.98442822e+03   1.08835315e+03   2.01973926e+04
   9.53583398e+03   2.30197632e+03   4.78551094e+04   9.75717438e+05
   5.10940735e+02   1.20978203e+02   8.66914307e+02   7.94783691e+03
   5.00677051e+03   3.46704250e+05   0.00000000e+00   1.49177842e+04
   9.55034424e+02   5.71815625e+04   2.07020117e+03   7.02281348e+03
   1.42513301e+04   1.40710938e+04   1.35207891e+04   3.13645947e+03
   1.47826469e+05   6.54942656e+04   2.27022363e+04   4.04012543e+02
   9.86731719e+04   2.45955977e+04   4.39747344e+05   2.99659121e+04
   2.03505766e+05   2.79363320e+04   2.80249463e+03   9.62283691e+02
   2.19833603e+01   3.03637787e+02   1.22863375e+05   1.25896582e+03
   1.23806609e+05   8.26368713e+01   1.26317039e+05   7.88700684e+02
   4.11252499e+00   1.20662524e+03   6.46788788e+01   2.26557690e+03
   2.46169336e+04   4.81785059e+03   1.27177258e+05   2.38274414e+03
   9.60198746e+01   4.32203500e+05   8.90752312e+05   8.12515000e+04
   1.72362402e+04   3.39480742e+04   1.74822784e+02   1.40663293e+03
   6.55474922e+04   2.07088379e+03   6.94934500e+05   1.53076348e+04
   1.72330566e+02   3.69536230e+03   1.61984473e+04   9.62764844e+03
   5.10959805e+04   5.08661475e+03   7.14406433e+02   5.41074414e+04
   1.96559128e+02   1.27485953e+05   6.31850625e+04   9.32502188e+04
   3.01435871e+01   9.97951812e+05   3.78140820e+04   5.06151281e+05
   1.58723525e+04   1.45126843e+03   1.07896875e+04   5.08927345e+01
   6.06927551e+02   6.27962036e+02   7.08468323e+02   5.53785938e+04
   3.37757031e+04   6.99129541e+03   8.38952103e+01   1.16415215e+04
   1.62637051e+04   1.32249469e+05   7.98392285e+03   1.21635999e+03
   5.28270111e+01   3.52487773e+04   1.96733057e+03   3.73615234e+04
   2.28145410e+04   3.07274316e+03   1.18757305e+04   5.20377731e+00
   6.09194258e+04   5.72386084e+03   1.16992637e+04   1.51050391e+05
   5.42154541e+03   1.35468953e+05   2.64550171e+02   1.99238535e+04
   7.85116641e+04   9.84610413e+02   1.77920719e+05   2.19878830e+02
   1.13917038e+02   8.26124878e+02   5.09274170e+03   1.07274048e+02
   2.79047461e+03   1.15887122e+03   2.73795566e+04   2.50760234e+05
   9.15466064e+02   5.65159922e+04   1.68050785e+01   1.61938379e+03
   6.58129822e+02   2.62421191e+03   3.04501309e+04   5.91172363e+03
   7.60236172e+04   1.08142295e+04   1.06807062e+05   2.42624648e+04
   9.24312012e+02   5.60171719e+04   1.00440527e+04   6.33237158e+03
   1.17802898e+05   1.65749902e+03   1.10594414e+05   1.70056824e+03
   2.66259023e+04   5.83291000e+05   7.90855781e+04   4.03252783e+03
   7.57543884e+02   1.23228539e+05   8.10504246e+00   8.66133041e+01
   4.24403516e+04   7.61652197e+03   2.56021802e+03   9.20559082e+03
   1.62087573e+03   8.59615402e+01   2.06241016e+04   3.36452188e+05
   1.77909672e+05   2.62145782e+02   6.42270459e+03   1.22012969e+04
   3.96819656e+05   8.85336971e+00   3.18574170e+03   9.45764746e+03
   4.81713789e+04   3.35296836e+04   1.02603164e+05   2.32039051e+01
   6.54836523e+03   8.15127148e+03   2.09830383e+02   9.59439453e+04
   5.55712793e+03   7.88932422e+03   6.56425342e+03   8.64654004e+03
   1.53099121e+04   7.57788181e+00   1.69469193e+02   1.68449961e+04
   2.50639111e+03   4.34030234e+04   9.83048242e+03   1.18450320e+05
   1.13554016e+03   4.21229062e+04   1.63883788e+06   5.15005322e+03
   7.45752747e+02   7.51567725e+03   1.35116638e+06   3.78556055e+03
   5.03256885e+03   3.88501617e+02   1.52148499e+03   3.07459534e+02
   2.82750469e+04   3.39435094e+05   5.47169209e+00   6.93098927e+00
   3.36553188e+05   1.86131758e+04   3.20311661e+01   4.88955898e+04
   4.85150928e+03   1.86662256e+03   1.99123364e+03   3.08390918e+03]
[  6.24149231e+02   1.74531113e+04   4.30158438e+04   4.30437734e+04
   7.26188660e+02   9.08039062e+04   3.18248840e+02   2.72503979e+03
   1.46868118e+02   9.16414452e+00   1.12147703e+05   7.46811914e+03
   2.92581104e+03   6.74037598e+03   5.93154199e+03   2.26810287e+02
   1.62187881e+04   3.01283828e+04   5.28518359e+04   2.84668408e+03
   3.00623199e+02   8.03691719e+04   1.11957239e+03   1.04311714e+02
   7.14280078e+04   1.92572930e+04   1.31335047e+05   6.05626270e+03
   7.98181797e+04   2.06050762e+04   9.79120703e+03   1.48588891e+05
   1.59340869e+04   4.53572148e+04   4.95407422e+04   6.77415312e+04
   1.38666078e+05   1.90399939e+03   1.60860245e+02   4.75420234e+04
   3.71332016e+01   1.63901266e+05   5.66084688e+04   4.46170156e+04
   6.98322906e+01   7.44381738e+03   7.39128760e+03   1.84164082e+04
   0.00000000e+00   2.72883906e+04   9.22290781e+04   4.26296021e+02
   0.00000000e+00   2.04466582e+04   1.00891572e+04   1.06498135e+04
   5.94656868e+01   5.48721191e+02   2.27804871e+02   3.30536438e+02
   7.40834900e+02   1.48440094e+05   1.47432529e+04   1.17830188e+03
   2.23895654e+03   1.25541221e+04   7.27761597e+02   3.58203201e+01
   4.83078125e+03   1.34159570e+03   5.12085703e+04   2.27044287e+03
   7.37833125e+04   6.35498596e+02   6.81179905e+00   7.72954224e+02
   7.10498199e+01   9.46579278e-01   1.47019750e+05   7.63256953e+04
   2.29999352e+01   5.94944287e+03   1.24338623e+04   1.05764773e+05
   1.17891321e+03   3.70073533e+00   1.45043228e+02   5.18212830e+02
   1.29163148e+05   7.31980234e+04   1.39786621e+04   6.33636284e+01
   1.21430344e+05   2.15374102e+04   4.25753516e+04   1.27792969e+04
   1.18727725e+04   5.44023094e+01   3.65334219e+04   2.32750566e+04
   5.25544482e+03   4.57200378e+02   1.21073398e+05   2.39653101e+03
   4.41909453e+04   3.58113633e+04   1.98433936e+03   9.60608672e+04
   9.23468438e+04   2.61831006e+03   7.01480811e+03   1.71984833e+02
   1.98784102e+04   8.24664116e+00   2.82500366e+02   2.98429844e+04
   0.00000000e+00   2.33916465e+04   1.12175026e+01   2.94582656e+04
   8.41289856e+02   1.33915094e+05   1.91677129e+04   2.68461108e+03
   5.74436084e+03   6.02169727e+04   1.96901379e+03   1.75298691e+04
   1.22632295e+04   8.34991113e+03   3.76387604e+02   1.69113320e+04
   1.70695371e+04   7.51495068e+03   4.92514375e+04   5.63415604e+01
   5.93036914e+03   1.24655807e+00   4.65930573e+02   3.13674164e+01
   3.39176914e+04   4.63040070e+02   1.25251992e+04   6.07053604e+01
   4.34951416e+03   6.73107764e+03   1.70846106e+03   4.74394824e+03
   8.59205811e+02   1.51597949e+04   1.08270938e+05   5.77288477e+03
   5.54594666e+02   3.15852686e+03   6.51576385e+01   3.11944246e+00
   2.24790848e+02   7.32707458e+02   5.75674805e+02   9.16094609e+04
   1.51115596e+04   5.84571240e+03   3.02873516e+04   4.24747896e+00
   5.11749883e+04   3.77095825e+02   9.34888203e+04   5.12470741e+01
   4.56241875e+04   4.24629648e+04   8.39542358e+02   1.27818623e+04
   7.42394062e+04   1.73933167e+03   6.26866445e+04   7.24595625e+04
   4.52334961e+04   3.60826343e+03   6.44211768e+03   4.28228271e+02
   2.01168516e+04   7.22513733e+02   1.92128496e+04   3.40315820e+04
   5.16371777e+03   2.53035078e+04   7.99035312e+04   1.05381035e+04
   2.94728613e+03   1.16773596e+03   3.48538306e+03   1.52468809e+04
   9.82337695e+03   1.55599516e+05   8.74426953e+04   3.75385508e+04
   1.58392891e+04   3.03792188e+04   2.41098999e+03   2.66303223e+03
   1.47965594e+05   2.70713594e+04   7.32014160e+01   8.61166328e+04
   1.20146469e+05   1.54415421e+02   5.20917148e+04   8.94973672e+04
   2.28891325e+00   6.93134384e+01   2.77144135e+02   5.20180908e+02
   9.67508163e+01   2.63331299e+03   3.42645000e+04   2.56829565e+03
   4.60896094e+03   9.13083789e+03   3.68931836e+04   1.96842871e+04
   3.81947046e+03   6.52044141e+04   0.00000000e+00   5.29752064e+00
   4.78536719e+04   2.54523901e+03   1.56787329e+03   1.61539192e+01
   3.48043701e+02   1.82235315e+03   2.16658218e+02   4.72235374e+01
   5.39784023e+04   7.22280078e+04   7.58501562e+04   1.45899780e+03
   6.47213320e+04   1.48435168e+03   1.51353799e+04   3.87413184e+03
   2.77465469e+04   5.04566172e+04   4.40998242e+03   4.24488281e+04
   5.45259827e+02   1.78543188e+05   5.53185693e+03   2.34787140e+01
   1.95125938e+04   4.56579258e+04   2.77794609e+04   6.37564648e+04
   2.56671997e+03   1.29706227e+05   1.63476846e+04   9.26061641e+04
   1.17359258e+05   9.34437866e+02   1.16361488e+02   7.91525625e+04
   5.26840039e+04   1.31164246e+02   2.69725708e+03   1.51893176e+03
   6.63099527e+00   4.64825195e+03   4.10973785e+02   1.04304148e+05
   6.02444062e+04   6.93991760e+02   8.29987946e+01   5.20115784e+02
   4.33962500e+03   1.00068984e+04   1.32764266e+05   4.54577695e+04
   8.45836163e-01   1.17586918e+01   1.00054734e+05   6.33350293e+03
   0.00000000e+00   1.74552393e+03   3.43594751e+03   1.36114781e+05
   2.38053711e+03   2.83860913e+03   6.62270584e+01   1.25017725e+03
   1.71683044e+02   4.45008545e+03   1.37481152e+04   1.25450371e+04
   5.11247070e+04   3.74394805e+04   3.61462188e+04   1.09466479e+03
   1.86897003e+02   1.26738243e+01   3.61660977e+04   1.10504023e+05
   1.60250412e+02   1.71798962e+03   1.81454805e+04   2.07270031e+01
   2.28785034e+03   6.30783203e+04   2.70013623e+03   1.73100403e+02
   6.41738047e+04   5.26816101e+02   2.33079300e+02   1.16966826e+04
   4.55409821e+02   1.01826099e+03   1.00540156e+05   6.73834766e+04
   6.80946732e+01   4.17017852e+04   7.56969971e+03   4.53837061e+03
   1.68042282e+02   8.29790234e+03   1.12276984e+05   6.28340381e+03
   9.97922734e+04   1.47526719e+05   1.75957062e+05   3.21276250e+04
   5.27383320e+04   9.15155640e+02   4.70615000e+04   7.67745654e+03
   9.42054609e+04   4.51306793e+02   1.69861548e+03   6.47583008e+04
   2.97981506e+02   1.14083867e+04   2.88253149e+03   3.63159219e+04
   7.42047578e+04   9.16358459e+02   5.91227588e+03   3.13234844e+01
   3.99275703e+01   7.95469678e+03   1.38085576e+04   1.54474060e+02
   5.42756250e+03   1.52646130e+03   3.24066406e+04   6.40185471e+01
   7.39768372e+02   6.12923711e+04   6.13124316e+03   1.61931213e+03
   1.52727234e+05   1.32371521e+03   3.40047422e+04   1.30266562e+04
   6.80395000e+04   5.79066797e+04   7.99421158e+01   1.92812027e+02
   2.04376270e+03   1.15327625e+03   1.06845664e+05   1.95032983e+03
   8.54761094e+04   2.12289014e+03   3.93404541e+03   1.47367664e+03
   2.09885742e+04   2.48058701e+02   3.53487148e+04   1.31911699e+04
   1.06907012e+04   3.26139941e+03   3.47029449e+02   1.55251694e+02
   5.22245117e+04   1.14205693e+04   3.52132660e+02   1.20544189e+04
   2.67202344e+03   2.71430811e+03   4.05682520e+03   2.06080293e+04
   2.01715088e+03   2.53664444e+02   1.97042688e+03   2.38172897e+02
   3.64944214e+03   1.68961660e+04   3.59006562e+04   1.01273305e+05
   1.25954704e+01   1.90669479e+02   1.92149915e+03   3.37811249e+02
   1.10953817e+01   4.78587793e+03   2.98657461e+04   1.21900344e+05
   5.82115898e+04   1.24879395e+04   4.65019385e+03   3.14570236e+01
   1.39117752e+02   3.06489825e-01   2.25012559e+04   2.07818750e+04
   1.98635913e+03   4.05855591e+02   3.90669219e+04   2.48014805e+04
   5.42522400e+02   1.16840801e+04   4.02750391e+04   1.22273398e+04
   3.59180835e+03   5.00237744e+03   6.14757129e+03   4.80782422e+04
   6.45698828e+04   1.17520869e+04   2.19801348e+04   1.22057703e+03
   1.00331711e+05   8.10518616e+02   3.39815186e+02   6.21782178e+03
   8.44104297e+04   2.86839551e+04   1.75601211e+04   2.78287207e+03
   1.72834854e+02   2.33237622e+03   2.94425879e+04   5.44322314e+03
   2.46670254e+04   6.88914941e+03   3.28544751e+03   0.00000000e+00
   0.00000000e+00   2.83769414e+04   1.53445938e+02   3.00217017e+03
   2.02416943e+03   5.12412969e+04   9.51027954e+02   1.22765219e+05
   3.59101406e+04   0.00000000e+00   4.26133643e+03   0.00000000e+00
   5.41526855e+02   2.16002305e+04   2.92916145e+01   2.56099951e+03
   6.71628906e+02   1.26632129e+04   9.33714066e+01   4.76752490e+03
   1.51173896e+04   8.88655469e+04   5.02542725e+02   3.15136147e+01
   1.08834241e+03   3.77978564e+03   1.79548035e+01   8.86773010e+02
   7.70428516e+03   6.47996378e+00   1.83177209e+03   1.20909607e+03
   1.57161875e+04   1.33920947e+04   1.56547441e+04   0.00000000e+00
   2.41188034e+02   5.61820312e+02   5.98045859e+04   5.98874609e+03
   7.63785596e+03   5.56031048e-01   2.99076025e+03   0.00000000e+00
   1.53496250e+04   1.00250897e+03   1.28569797e+05   2.07867493e+02
   8.21013770e+03   6.80624634e+02   6.14444971e+03   5.65604590e+03
   5.05470068e+03   1.08301109e+05   1.94317432e+03   2.61949492e+04
   1.23478491e+03   1.69741531e+02   1.31212330e+00   1.82404785e+04
   9.60929016e+02   4.93098203e+04   3.36533813e+03   0.00000000e+00
   3.19037090e+04   7.06911560e+02   7.95408936e+02   1.69411328e+05]
[  7.96739111e+03   8.84154688e+03   1.55826562e+03   2.93601551e+01
   4.38926055e+04   3.18162441e+00   5.03417188e+04   2.30878438e+04
   1.01003922e+05   1.59645798e+02   3.28448578e+02   9.65046582e+03
   5.91896019e+01   7.65611797e+04   8.53400391e+03   1.12689919e+02
   4.43333496e+02   1.35925256e+03   8.16754578e+02   5.78337891e+02
   7.43065186e+03   5.40251416e+03   1.63563672e+03   2.03552750e+02
   1.88970993e+02   9.99765527e+03   2.35608984e+03   3.10159570e+04
   1.65031909e+03   6.70074951e+02   1.20902016e+02   7.92111450e+02
   4.67613190e+02   2.57177281e+00   3.59949799e+02   2.23231644e+02
   1.85176599e+03   4.25499840e+01   2.11614316e+04   4.12311279e+02
   2.73925215e+04   3.12581519e+03   2.43803253e+02   1.75112949e+04
   3.89698413e+03   1.17964526e+03   6.65539307e+03   8.65852539e+02
   1.13299219e+03   5.08642212e+02   5.22737732e+02   2.88782310e+01
   0.00000000e+00   4.18666357e+03   8.01629944e+02   1.49521448e+03
   7.17487158e+03   4.02049133e+02   1.07524521e+02   0.00000000e+00
   0.00000000e+00   1.31289429e+03   7.31023376e+02   8.66309143e+02
   3.39269135e+02   1.98144760e+02   1.33179189e+04   1.28373721e+04
   3.83058828e+04   2.64184631e+02   5.74110985e+01   5.05885312e+04
   1.10633831e+01   1.90539795e+03   4.73170288e+02   9.90741821e+02
   0.00000000e+00   6.81823438e+03   3.86756866e+02   3.09736420e+02
   5.67018005e+02   9.87494375e+04   4.78983438e+04   2.77288730e+04
   7.89355103e+02   5.97436333e+01   8.77052637e+03   9.44454468e+02
   1.60305811e+03   4.59607086e+02   3.84312695e+04   4.92048291e+03
   1.04545032e+03   0.00000000e+00   5.63577930e+03   1.13711510e+02
   1.66212976e+03   2.40135645e+04   5.79708154e+03   5.65259814e+03
   1.36878918e+03   2.54852026e+03   1.65158130e+03   9.66672230e+00
   1.16854073e+02   1.52128894e+03   1.33651963e+04   3.28770370e+01
   7.40170391e+04   1.17376508e+05   4.28636536e+02   2.56953949e+02
   1.57699799e+02   8.64678711e+02   1.06249445e+05   2.83218652e+03
   2.05198700e+02   1.14694275e+03   3.73271141e+01   5.96867432e+02
   7.54559021e+01   4.19795508e+03   5.70643433e+02   1.37544832e+01
   3.21275820e+04   9.25197144e+01   1.58931067e+03   1.14097803e+03
   2.86397719e+00   3.06639141e+04   1.05049767e+02   7.74440247e+02
   8.38668518e+02   1.11764277e+04   3.41537578e+04   1.72415543e+01
   2.34238281e+02   2.69690735e+02   1.80105371e+04   0.00000000e+00
   1.31392197e+02   1.68326981e+02   8.23347363e+03   1.09699608e+02
   3.34053735e+03   1.64054277e+04   3.65755957e+03   6.11715156e+04
   1.31931213e+03   1.89123779e+03   6.22140820e+04   9.12842090e+03
   1.73851094e+04   1.02779199e+03   1.67343155e+02   9.52996797e+04
   4.52564600e+03   1.56876797e+04   2.00990015e+03   6.51800146e+03
   2.96047119e+03   7.11429932e+03   0.00000000e+00   3.70269775e+02
   5.40020898e+04   2.42836816e+03   1.04421055e+05   2.44177055e+00
   7.45496826e+03   2.38412852e+04   2.01750549e+02   1.72277258e+03
   9.97316328e+04   2.40939570e+04   6.64488792e-01   4.60754181e+02
   2.04900757e+03   1.28739492e+04   6.88886108e+02   5.61907959e+02
   9.75121094e+04   1.20313911e+02   8.28832214e+02   0.00000000e+00
   2.44205859e+04   6.41130430e+04   3.84349489e+00   9.26620300e+02
   5.36701279e+01   7.22109844e+04   4.08094177e+02   1.31064911e+02
   1.92135067e+01   4.46871953e+04   4.71618652e+03   9.63016016e+03
   2.79123917e+01   1.38708613e+04   1.27685852e+03   5.55213906e+04
   2.33444102e+04   1.21340195e+02   2.36010408e+00   1.54823639e+02
   1.44021133e+04   5.21545837e+02   1.18570305e+02   3.62366211e+03
   2.31981705e+02   5.09824365e+03   1.23132568e+03   3.46820068e+02
   4.56736572e+03   1.14438994e+04   4.51066211e+04   7.30227500e+04
   5.18128594e+04   2.92437775e+02   3.46773407e+02   3.55539883e+04
   1.24743633e+04   7.38764648e+01   5.65238818e+03   8.11579971e+01
   8.74779004e+03   5.45260239e+00   9.57820605e+03   4.88920195e+04
   1.41227063e+03   5.54555615e+03   8.66161094e+04   2.13420715e+02
   2.32594757e+02   5.59294141e+03   6.46882915e+00   9.08443984e+04
   9.24801797e+04   2.79934326e+03   2.52816200e+01   4.88722687e+01
   5.30264111e+03   1.15112537e+03   1.50072845e+02   3.11961499e+03
   8.48636523e+03   4.37596631e+03   0.00000000e+00   7.49331484e+04
   5.31275139e+01   2.20330185e+02   1.32929419e+03   1.88963890e+01
   6.92610107e+03   1.75617313e+01   2.70885315e+01   1.00914642e+02
   3.46804230e+02   2.44629492e+03   3.77286133e+03   6.71577441e+03
   1.16086548e+03   3.82477905e+03   5.20327209e+02   8.74894226e+02
   6.04368652e+02   1.30196982e+04   9.48439331e+01   2.39678301e+04
   7.79113623e+03   6.48620117e+03   2.26117722e+02   7.69721191e+02
   4.42452332e+02   5.91392708e+00   6.93634081e+00   1.40702114e+01
   2.11861777e+04   0.00000000e+00   2.08513843e+03   9.77645996e+03
   3.75269312e+03   2.89994232e+02   2.83194160e+04   0.00000000e+00
   1.67481415e+02   1.64093320e+04   1.59749460e+01   1.47147705e+04
   3.69678741e+02   2.46532764e+03   1.40604935e+02   3.64386792e+03
   9.48289609e+04   1.06392920e+04   4.34240186e+03   9.22025098e+03
   5.03539180e+04   1.70039697e+03   5.92437866e+02   1.19377161e+03
   0.00000000e+00   3.67828345e+03   2.98391406e+04   0.00000000e+00
   1.89926379e+03   2.49325859e+04   9.33435059e+02   9.13969766e+04
   1.43799118e+02   4.90777588e+02   8.66321793e+01   4.47353906e+03
   3.14877891e+04   3.95974350e+01   1.88173889e+03   2.27385521e+01
   5.76620938e+04   3.96079674e+01   2.38966248e+02   1.05886238e+02
   1.22545154e+03   1.63311406e+04   2.00743594e+04   2.03112930e+04
   8.06856641e+04   1.72949753e+01   3.88331445e+03   1.32957295e+04
   7.69061584e+02   7.94610643e+00   1.04170836e+05   4.05162305e+04
   1.76968338e+02   1.69834985e+03   1.05368701e+04   3.06754932e+03
   0.00000000e+00   8.35064746e+03   2.64595001e+02   2.92008362e+02
   2.07741348e+04   6.92656152e+03   2.76840015e+03   4.29402070e+04
   9.48582764e+01   2.25662622e+03   1.25061859e+02   1.68619707e+04
   5.55468984e+04   1.38843399e+02   8.75633774e+01   2.23931763e+03
   4.05525330e+02   4.37637061e+03   1.23064539e+05   5.53266797e+04
   1.21061987e+03   2.43103928e+02   4.07884326e+03   1.31724655e+02
   3.88855542e+03   1.38240808e+03   1.74199414e+00   1.35188431e+02
   1.95540977e+04   2.73266445e+04   1.95881323e+03   2.67044844e+04
   2.76751190e+02   3.59670820e+04   2.38653874e+00   2.05179238e+04
   1.30749438e+03   1.02294867e+05   4.49776550e+02   2.18750684e+03
   1.44908768e+02   2.03537720e+02   2.87378833e+03   2.47482168e+04
   1.59451494e+04   1.03031523e+04   1.33296799e+02   1.93980850e+02
   1.43590161e+03   3.52048203e+04   4.15347383e+04   3.76827368e+03
   8.06044297e+04   3.34074048e+03   7.11727381e-01   7.85328197e+00
   4.10966211e+03   4.97880566e+03   2.44272241e+03   7.66915918e+03
   8.85416211e+03   7.93370485e+00   3.80037140e+02   3.31933301e+03
   5.19331482e+02   3.85211328e+03   3.06132910e+04   2.36908828e+04
   9.85537695e+03   0.00000000e+00   1.02932383e+05   6.36749329e+02
   3.25351514e+03   4.09504929e+01   3.81781348e+03   5.14319458e+02
   6.41098340e+03   1.70227539e+04   1.11018562e+02   0.00000000e+00
   8.39699249e+01   9.74717346e+02   6.93977539e+03   2.88229584e+02
   2.13472119e+03   1.06699005e+02   2.58559888e+03   3.68037622e+03
   3.69916333e+03   3.54205703e+04   1.87388260e+02   9.53123510e-01
   3.25973022e+03   8.47087936e+01   2.05032739e+03   5.30462031e+04
   1.04556201e+03   1.77392044e+02   4.18119751e+02   2.16780103e+03
   2.02303198e+03   9.38043030e+02   4.84276094e+04   5.62161865e+03
   1.87532773e+04   7.74870483e+02   3.14556909e+03   2.32617456e+03
   1.59919205e+01   3.46268402e+02   2.45016602e+03   7.79727783e+02
   4.15367462e+02   2.25453476e+02   0.00000000e+00   2.30559631e+02
   2.36075783e+00   0.00000000e+00   1.19729189e+04   0.00000000e+00
   0.00000000e+00   7.62160767e+02   2.46837282e+00   2.92585327e+02
   1.05022852e+04   9.41409668e+02   6.79665771e+03   1.14617639e+03
   1.01320117e+05   4.77167695e+04   3.46052490e+02   2.40272656e+03
   2.71550110e+02   7.08102148e+03   2.70674121e+04   1.19822296e+02
   4.25232330e+02   3.83760109e+01   1.53098120e+03   5.80393896e+03
   3.25434424e+03   2.40348938e+02   2.45400098e+03   0.00000000e+00
   6.61072510e+03   1.40056943e+04   3.36271289e+03   6.73041992e+01
   3.57833588e+02   5.46923035e+02   4.63389883e+04   1.16510868e+00
   3.60792938e+02   1.02638107e+02   1.13544367e+05   5.30354883e+03
   4.54168427e+02   2.22358154e+02   7.15119314e+00   9.23978027e+03
   5.97966431e+02   1.27361771e+02   2.90880005e+03   3.24248242e+03
   8.55525940e+02   2.05934180e+03   2.00653629e+01   4.10219238e+02
   1.52311169e+03   1.22107117e+05   2.04377499e+01   1.27729346e+03
   0.00000000e+00   2.29019375e+04   8.03128369e+03   5.77731445e+03]
[  3.69440735e+02   9.79840918e+03   2.46392250e+01   1.87868896e+03
   5.92961731e+02   2.16097246e+04   1.03326134e+02   1.50852031e+04
   7.84482812e+03   5.56499102e+04   4.85710663e+02   7.15682449e+01
   8.92542285e+03   4.12381758e+04   4.07218335e+03   4.82339172e+02
   1.20374927e+03   2.01995569e+03   7.01326250e+04   8.88440491e+02
   3.11269379e+00   2.98178345e+03   1.95314163e+02   1.73504932e+03
   8.06562793e+03   1.66953247e+02   1.18419990e+04   3.55259369e+02
   4.98733307e+02   1.80657825e+03   1.66727405e+03   1.68780457e+03
   3.16736328e+02   0.00000000e+00   8.24019141e+03   5.51361427e+01
   4.69336639e+02   9.79089375e+04   7.28695035e-01   4.39618848e+03
   1.27600244e+04   1.53419514e+01   3.10561104e+01   3.12188202e+02
   6.94576123e+03   2.75022888e+02   6.17202051e+03   1.73534551e+04
   2.26386581e+02   5.48315887e+01   9.18039062e+02   4.15023242e+03
   9.27930984e+01   1.14404326e+04   1.95823125e+04   4.93619570e+04
   5.18636658e+02   1.29986816e+04   8.05591297e+00   2.23983081e+03
   3.47541553e+03   1.38707080e+03   1.17620483e+03   6.36642761e+02
   2.98901611e+03   5.44962158e+02   1.10104034e+02   2.65886169e+02
   1.32333511e+02   9.23094082e+00   7.98484009e+02   2.41464316e+04
   4.53752695e+04   1.80604385e+02   3.28061797e+04   9.45178528e+01
   1.00469925e+02   3.11134766e+02   4.58869354e+02   1.76610234e+04
   6.05957458e+02   3.31206328e+04   2.18678535e+04   5.65278174e+03
   7.53083984e+04   7.02523727e+01   2.15236646e+03   2.03408496e+04
   1.98399570e+04   3.73431914e+04   1.66492920e+01   3.34344678e+03
   4.02448700e+02   8.41226270e+03   1.11583948e+03   5.80017090e+03
   6.38604297e+03   6.34272242e+00   1.60593838e+04   6.18716125e+02
   1.82658424e+01   1.25504663e+03   1.51532166e+02   6.18063818e+03
   5.88706374e-01   1.11620798e+01   2.23564282e+03   4.95556484e+04
   4.24095106e+00   3.09410332e+04   4.70479431e+02   6.79574766e+04
   2.67439160e+03   4.43986588e+01   4.07644892e+00   3.38159546e+02
   3.68802185e+02   2.39151270e+04   8.40046631e+02   3.12218075e+01
   8.46881866e+00   6.23241272e+02   1.80998965e+04   2.74905968e+01
   4.16059174e+02   1.17836123e+04   3.45783142e+02   4.83565750e+01
   3.80743958e+02   1.87517242e+02   2.01940488e+04   8.98608459e+02
   1.65535141e+02   1.35399463e+03   7.04104431e+02   6.46309521e+03
   5.66429570e+04   0.00000000e+00   4.60235405e+01   3.80252609e+01
   5.04593432e-01   1.43245499e+02   4.09265900e+02   2.37897751e+02
   1.30610138e+02   2.27389209e+03   3.56284546e+03   0.00000000e+00
   1.82374466e+02   4.21293945e+04   7.79313049e+01   2.59079224e+02
   6.61412354e+02   1.84108533e+03   5.53766235e+02   3.12563066e+04
   1.17739820e+01   4.43704376e+02   3.31451233e+02   1.70527148e+04
   2.61800385e+02   1.49423248e+02   3.26649506e+02   4.58000832e+01
   5.32691641e+04   8.65269756e+00   8.52836914e+01   6.99272900e+03
   7.61498242e+03   1.87504512e+04   0.00000000e+00   7.74656372e+01
   1.02021992e+04   2.44739648e+03   4.48817978e+01   7.48472070e+03
   5.30942930e+04   5.64316284e+02   5.11944141e+04   2.05662378e+03
   4.17412031e+04   3.13759043e+04   5.21293793e+01   1.12280547e+04
   1.26333350e+03   0.00000000e+00   1.34126648e+03   2.71423218e+03
   1.22747269e+01   6.45602478e+02   1.97591156e+02   2.81457855e+02
   2.31695410e+03   1.16634277e+04   2.14693628e+03   2.18720293e+04
   2.04139160e+03   5.03346863e+02   3.52264709e+02   3.52416772e+03
   1.86181995e+03   1.32446301e+03   2.26971606e+03   1.48263228e+00
   2.56901318e+03   1.17525108e+02   3.24627686e+03   2.11657959e+03
   8.64533887e+03   7.69812891e+04   1.52213135e+02   8.33295410e+02
   7.77694824e+03   3.07384839e+03   1.52016953e+02   1.31531309e+04
   7.72611016e+04   1.56675446e+02   1.08196487e+02   1.99661865e+03
   1.49778652e+04   2.91817413e+02   1.62280960e+01   1.13614697e+03
   4.63195801e+02   1.40904831e+02   1.03304733e+02   1.07823898e+02
   5.10880768e+02   1.31322876e+02   1.34028463e+01   2.19721069e+02
   6.32444458e+02   1.30324356e+02   3.18690605e+01   1.96386070e+01
   9.01251526e+01   6.19355652e+02   1.85879724e+03   2.50681396e+02
   2.51029949e+01   1.01277199e+02   1.58659534e+03   6.39417578e+04
   5.06473555e+04   8.21969629e+03   2.37249924e+02   9.28186890e+02
   5.41769562e+01   3.09961304e+02   1.55069336e+02   2.07994049e+02
   1.39319141e+04   5.43756897e+02   0.00000000e+00   2.96868256e+02
   2.43496533e+03   2.92034130e+01   8.46826538e+02   5.09842339e+01
   7.79041626e+02   7.31737000e+02   5.16185226e+01   3.85302811e+01
   5.59285117e+04   1.71327527e+03   4.29512188e+04   5.42813232e+02
   2.51534692e+03   7.66471243e+00   1.22029343e+02   1.08125830e+03
   6.82737045e+01   3.93484192e+01   5.61852344e+04   6.86196045e+02
   1.87135938e+03   6.56341309e+02   9.25162988e+03   1.33050254e+04
   2.87024811e+02   1.07976822e+02   6.40479858e+02   7.70583359e+04
   2.43550513e+03   2.11588330e+03   5.70184033e+03   5.36153198e+02
   6.86090759e+02   2.39462402e+04   2.21641187e+03   3.22523535e+03
   1.93738945e+04   1.41918494e+03   2.33867340e+02   1.50702515e+03
   4.51130566e+03   1.05709314e+03   5.56259180e+03   1.20596159e+00
   2.60633290e-01   4.88323578e+02   1.51115352e+04   3.78034363e+01
   2.03982617e+04   6.62034141e+04   1.64960901e+03   2.75916187e+03
   5.04623291e+03   9.69615430e+03   2.15930986e+00   5.96118115e+03
   0.00000000e+00   3.07207690e+03   5.57083691e+03   1.61083838e+04
   3.51201080e+02   4.64525781e+03   5.17942543e+01   1.69749043e+04
   9.14996875e+03   2.06331309e+04   2.01199414e+03   3.96325977e+04
   1.29551605e+02   4.22791748e+02   4.85210889e+03   2.19756989e+02
   1.04578833e+03   1.16134544e+02   1.20616543e+04   6.55335010e+03
   0.00000000e+00   1.08987744e+03   1.95287735e+02   2.61969580e+03
   4.27811920e+02   7.88274170e+03   3.07347095e+03   1.58709238e+04
   4.42022070e+04   1.67417371e+03   4.62045105e+02   2.16754166e+02
   7.18113184e+00   4.33565521e+02   3.81499961e+04   2.10643164e+03
   7.51779980e+03   4.78872607e+03   3.79324390e+03   8.14926875e+04
   1.67814972e+02   1.80936121e+03   1.53996643e+03   1.72776932e+02
   1.48076289e+04   2.00045837e+03   2.58981758e+04   6.92431355e+00
   6.74467812e+04   4.43224152e+02   4.75787031e+04   7.28810242e+02
   9.69416895e+03   3.72998199e+02   2.11992874e+02   8.17105371e+03
   5.51437256e+02   2.21199243e+03   4.08758789e+02   3.81157446e+03
   1.77046249e+02   1.01563301e+04   2.10131760e+02   1.37094547e+05
   1.83171855e+04   1.87096863e+03   4.51211572e+03   1.22700757e+03
   3.61521835e+01   1.40151297e+05   5.55543213e+03   4.61987915e+02
   7.95044800e+02   1.07842803e+04   2.02814102e+02   1.13717546e+01
   2.26619775e+03   8.95128174e+02   8.39990078e+04   3.54911230e+03
   2.64237061e+03   5.21885859e+04   9.24171875e+04   4.15487213e+01
   3.30760536e+01   7.15459424e+03   6.05770264e+03   1.30282432e+04
   5.57676025e+02   2.98084004e+04   1.05290015e+03   2.33427051e+03
   1.20610952e+01   2.28279941e+04   5.00001411e+01   3.64171753e+03
   7.90325073e+02   1.56323975e+03   1.94759570e+03   1.51574209e+04
   2.29598711e+04   5.89436951e+02   1.12026306e+03   0.00000000e+00
   2.04725012e+03   2.71538666e+02   0.00000000e+00   1.25802917e+02
   2.20238327e+02   3.62633477e+04   7.43802295e+03   1.14415920e+00
   3.73649658e+02   7.46409668e+03   7.97132690e+02   6.20428314e+01
   3.98648169e+03   9.78870703e+03   6.05774766e+04   4.07782318e+02
   7.99201416e+03   4.43432953e+02   5.80903625e+01   6.47805908e+02
   9.08332901e+01   1.46072447e+00   2.02537402e+04   9.79267693e+00
   9.42212524e+01   1.54779816e+02   7.16640701e+01   3.51774430e+00
   3.69637985e+01   2.13227344e+04   7.03465271e+02   3.47024261e+02
   2.57212573e+03   2.80144746e+04   1.78873245e+02   1.86935852e+03
   1.21541489e+02   1.47803672e+05   3.56799883e+04   1.82858906e+01
   1.65469788e+03   6.00560059e+03   2.61155156e+04   1.15040723e+04
   1.23495840e+04   9.40574219e+03   1.42876377e+04   2.98798413e+03
   9.01755273e+03   3.29863721e+03   3.62995056e+02   4.39960449e+02
   4.45963501e+02   5.30781746e+01   1.94125820e+04   1.52822588e+04
   1.73731660e+04   2.34345840e+04   8.42288940e+02   1.12320671e+02
   8.37500854e+02   1.24183655e+03   3.66747772e+02   3.59367930e+04
   6.33982471e+03   2.52653091e+02   2.59764434e+04   9.61658936e+01
   0.00000000e+00   0.00000000e+00   3.90672388e+03   5.23805115e+02
   1.53983704e+03   9.64223633e+03   5.62580742e+04   2.28806387e+04
   1.50670361e+04   1.46427100e+03   1.36022522e+02   5.63273987e+02
   1.13455469e+03   8.79715042e+01   1.97182825e+03   6.34638770e+03
   3.09955469e+04   1.71901641e+04   4.65623245e+01   1.61204333e+03
   1.46717783e+04   1.30772295e+04   2.21177856e+02   9.26048374e+00
   3.27482697e+02   4.45118570e+00   1.00305191e+02   2.34196660e+04]
[  3.24375183e+02   1.00086002e+01   2.75856495e+00   4.59461523e+03
   1.79925018e+02   2.97124786e+01   3.74050713e+00   6.12965155e+00
   1.49313690e+02   7.35526733e+01   1.45460968e+01   5.22890991e+02
   2.95895386e+01   1.78621002e+02   5.66574144e+00   2.06951952e+00
   2.54314876e+00   3.20502960e+02   0.00000000e+00   0.00000000e+00
   2.22977676e+02   1.19529316e+04   4.91539355e+03   2.16170731e+02
   2.08217430e+01   0.00000000e+00   0.00000000e+00   1.60456006e+03
   1.80635040e+02   1.04709534e+03   8.44382129e+03   2.93274628e+02
   1.66096387e+03   1.03594879e+02   7.81857920e+00   1.24236877e+03
   7.36567402e+00   1.40043076e+04   1.60108130e+03   1.50587634e+03
   6.36197412e+03   9.18446922e+00   3.11057056e+03   6.80466125e+02
   6.69947968e+01   7.72274780e+00   2.55569873e+03   4.24653482e+00
   2.00666447e+01   1.41605568e+01   2.18821697e+01   1.35915833e+03
   0.00000000e+00   6.38718643e+01   1.88169632e+02   1.23998833e+02
   4.92367578e+03   4.67243134e+02   7.82445073e-02   2.79953918e+02
   2.44018631e+02   1.05034857e+01   3.76294279e+00   6.18881653e+02
   5.44633446e+01   4.48037988e+03   7.74266005e+00   0.00000000e+00
   2.27088791e+02   1.93564380e+03   1.19957085e+02   4.44758759e+01
   8.21078777e+00   6.53209351e+02   8.98684502e-01   1.12902234e+03
   1.00774832e+01   6.34953674e+02   0.00000000e+00   3.69948463e+01
   0.00000000e+00   1.77514954e+02   3.16113831e+02   1.44279980e+03
   2.40475731e+01   4.70486565e+01   9.75336850e-01   5.86478138e+00
   1.13789688e+04   2.51483200e+02   1.23047256e+04   1.09800407e+02
   1.57040986e+04   3.61438110e+02   5.12266457e-01   4.02058411e+02
   1.52044775e+04   3.35233659e-01   3.01404712e+03   7.53034134e+01
   6.86817932e+02   1.07851400e+01   3.28943443e+01   0.00000000e+00
   8.19474792e+02   1.17392566e+03   0.00000000e+00   2.44292221e+02
   1.04838886e+01   6.17863119e-01   6.52641630e+00   1.02181374e+02
   1.75055176e+03   3.04363672e+03   3.85461922e+01   8.98691773e-01
   1.83487708e+03   4.84455811e+02   7.68086929e+01   1.45198975e+02
   0.00000000e+00   1.38932178e+03   5.20585962e-02   3.39472890e+00
   1.29543304e+01   4.89592409e+00   7.73763371e+00   9.03032601e-01
   4.59348068e+01   7.32693848e+02   3.56627411e+02   1.26591040e+03
   6.17540061e-01   7.66917343e+01   2.04122253e+02   4.50008202e+01
   1.30316328e+04   1.15740768e+02   1.61580414e+02   4.50768555e+02
   2.99621021e+03   1.92739372e+01   3.02879200e+01   3.56882739e+03
   3.35869026e+01   7.33862877e-01   1.84698524e+01   8.57388735e-01
   2.57084732e+01   5.87801323e+01   2.02400541e+00   9.56044388e+00
   1.13476044e+02   3.88127995e+00   3.82679319e+00   2.01627707e+00
   9.53289490e+02   6.70151091e+00   8.49088383e+00   3.68817359e-01
   2.53822281e+02   1.11261047e+02   1.58635117e+04   7.50824097e+02
   8.36929504e+02   9.19231543e+03   0.00000000e+00   3.12689160e+03
   5.52133240e+02   5.51890771e+03   3.42822361e+00   4.55137207e+03
   3.83811302e+01   5.02201294e+02   4.50582886e+00   8.15129936e-01
   4.45207901e+01   3.51398516e+00   2.41128769e+02   0.00000000e+00
   3.90052376e+01   3.56777075e+03   0.00000000e+00   1.43701709e+03
   2.73218597e+02   1.10098311e+04   1.70110188e+01   1.49037380e+01
   7.21753027e+03   3.71429260e+02   1.68858528e+01   3.57978401e+01
   1.68178027e+03   2.49597321e+02   5.00155151e+02   3.13602875e+02
   9.66331673e+00   1.22383032e+03   1.51792212e+03   3.58695654e+03
   3.71545448e+01   1.55224717e+04   7.24719703e-01   3.03353348e+01
   9.08931122e+01   2.47765465e+01   1.67793628e+03   2.48190625e+03
   0.00000000e+00   3.63202710e+03   5.44916064e+03   1.17464758e+03
   0.00000000e+00   1.88618004e-01   1.41768997e+02   2.47578760e+03
   1.60131454e+02   7.18071079e+00   0.00000000e+00   1.01485199e+02
   1.49839615e+02   2.43902283e+02   9.66049805e+02   1.76906526e+00
   6.47230859e+03   7.69069727e+03   0.00000000e+00   1.45333357e+01
   0.00000000e+00   8.44948303e+02   5.99623337e+01   3.82686188e+02
   3.70309601e+01   1.24659070e+03   4.00905688e+03   9.30042343e+01
   1.92349968e+01   1.03610752e+04   0.00000000e+00   5.71523010e+02
   2.26732969e+00   1.19292549e+04   1.60801392e+01   1.23749889e-01
   0.00000000e+00   4.21492889e+02   9.46020508e+03   0.00000000e+00
   8.71879339e-01   3.46140862e+01   5.00935400e+03   3.57825661e+01
   2.89830933e+01   4.38673592e+01   2.38790607e+00   9.31115906e+02
   1.59766931e+03   9.42249966e+00   3.77597660e-01   9.41092480e+03
   4.25206032e+01   4.66197662e+01   0.00000000e+00   0.00000000e+00
   9.12274182e-01   1.28758669e+00   0.00000000e+00   1.41024377e+03
   6.66384705e+02   1.32252792e+02   8.94877720e+00   7.74364258e+02
   2.27670174e+01   1.31416367e+04   1.94400818e+03   5.33261347e+00
   3.85287769e+03   3.37646255e+01   8.03080215e+01   2.21656055e+01
   1.97496147e+01   9.08704102e+02   1.08328809e+04   1.55589645e+02
   1.01060629e+00   1.39696594e+02   1.82153882e+03   8.04245377e+01
   0.00000000e+00   4.49633560e+01   1.37064972e+02   2.09777051e+03
   8.42810913e+02   5.14437744e+02   0.00000000e+00   0.00000000e+00
   7.31971664e+01   3.08302307e+02   7.68362665e+00   1.08835745e+01
   6.57227844e+02   2.90607574e+02   8.48452344e+03   0.00000000e+00
   4.20411194e+02   0.00000000e+00   2.19223419e+02   0.00000000e+00
   1.13739580e+04   0.00000000e+00   1.65270566e+04   2.88746643e+01
   3.41331520e+01   0.00000000e+00   5.21174145e+00   6.17016602e+03
   5.60634717e+03   2.75775659e+03   2.06408127e+02   4.16387520e+01
   2.33900171e+03   2.91664219e+01   5.86367846e-01   1.26322678e+02
   6.96981079e+02   0.00000000e+00   2.27563515e+01   2.01110031e+02
   1.83453461e+02   2.87724819e+01   4.04100494e+01   7.02995215e+03
   7.42923431e+01   1.04661072e+03   2.17505081e+02   2.80250244e+03
   1.06216455e+03   1.46692395e+03   5.71640186e+03   9.06779022e+01
   1.53957336e+03   1.65720673e+01   8.80179214e+01   5.26540613e+00
   2.52007910e+03   3.95602942e-01   3.53483228e+03   1.27714783e+02
   3.04688629e+02   1.05531982e+02   8.59975052e+01   0.00000000e+00
   5.00135889e+03   6.01621780e+01   4.13401499e-02   1.54049561e+02
   4.67757178e+03   7.46441895e+03   8.93280176e+03   3.47998009e+01
   2.01823483e+01   0.00000000e+00   3.56049004e+01   2.51577988e+02
   5.49416260e+02   3.73464622e+01   0.00000000e+00   3.34111145e+02
   1.27295883e+02   0.00000000e+00   6.19924583e+01   2.28324390e+03
   2.85129595e+00   2.20780792e+02   8.57421570e+01   1.09993546e+02
   3.86861968e+00   9.45960808e+00   2.28899932e+00   2.13899826e+02
   4.15581398e+01   1.58476943e+04   7.45359421e-01   1.20991982e+04
   8.75486572e+02   1.43964160e+03   1.64123547e+03   1.55445967e+01
   2.36268335e+03   6.73928162e+02   9.06062927e+02   6.94027710e+01
   7.67915573e+01   0.00000000e+00   1.04034760e+02   7.49840775e+01
   0.00000000e+00   9.86598969e+00   1.39772629e+02   7.37513428e+01
   1.74262299e+02   2.03738452e+03   1.21925752e+04   4.21892786e+00
   1.20709312e+02   3.16934814e+01   4.24244934e+02   9.80222225e+00
   2.91334400e+01   1.27455596e+04   1.40128307e+01   1.03937311e+01
   2.39713135e+01   4.02807098e+02   3.28979224e+03   1.14763046e+02
   4.18880127e+03   3.16344185e+01   0.00000000e+00   0.00000000e+00
   2.06577656e+04   1.11570801e+03   5.08403587e+01   6.91992188e+00
   5.20360901e+02   2.82999481e+02   0.00000000e+00   1.21029110e+01
   3.16133475e+00   4.44088806e+02   2.75085132e+03   3.43230667e+01
   7.55583267e+01   1.77870935e+03   8.65106262e+02   3.38056984e+01
   3.21832733e+01   7.26331116e+02   1.28542305e+04   5.72445450e+01
   3.98539276e+01   5.06628609e+01   6.59224987e+00   2.31363312e+02
   2.14774113e+01   9.18266773e-01   9.97704102e+03   7.23599707e+03
   1.52172119e+04   9.81345463e+00   2.37168381e+02   7.90255661e+01
   2.31783984e+03   3.05030942e+00   1.02652502e+03   1.32727692e+02
   1.47414062e+02   1.47713828e+04   1.43636337e+02   1.68046680e+03
   0.00000000e+00   8.58366089e+02   3.91250076e+01   8.41805420e+01
   1.01346582e+04   1.85581245e+01   8.95215607e+01   0.00000000e+00
   7.63146520e-01   4.42632324e+02   2.89557709e+02   8.39545059e+00
   1.81016968e+02   4.69341943e+03   7.56347477e-02   2.88898193e+03
   3.49671265e+02   2.27907913e+02   4.50124658e+03   8.40230255e+01
   5.67696680e+03   1.65737091e+02   2.69492859e+02   7.21482773e+01
   3.89856758e+01   1.87283167e+03   2.64869976e+01   4.32324658e+03
   1.06482010e+01   4.59429026e+00   1.31060829e+01   5.07240576e+03
   8.23376389e+01   2.08645558e+00   4.48557587e+01   0.00000000e+00
   4.69330518e+03   4.71395142e+02   5.37441162e+02   5.21778223e+03
   1.61003830e+02   1.09366463e+02   9.26032593e+02   2.91957104e+03
   4.69356298e+00   7.59443799e+03   5.05212069e+00   8.62522049e+01
   0.00000000e+00   1.10441943e+04   1.67946320e+01   2.25601562e+02]
[  8.48899765e+01   5.82251221e+02   4.51518288e+01   3.73926910e+02
   9.03421402e+01   1.16528113e+03   9.61368561e+01   7.78080215e+01
   2.79461536e+01   2.68858356e+01   1.12715369e+03   5.87454529e+02
   3.07918555e+03   2.25448639e+02   3.05734180e+03   4.15702698e+02
   2.42609191e+00   1.80631577e+02   1.39003784e+03   2.15360489e+02
   1.45187881e+02   1.28084183e+01   5.26581836e+03   2.77807098e+02
   1.40889633e+02   6.11810379e+01   1.22361122e+02   2.17639408e+01
   6.82145264e+03   2.14799461e+01   1.41549320e+01   2.95629749e+01
   3.16583691e+03   7.41592712e+01   4.56279068e+01   7.32747131e+02
   7.44899805e+03   1.72224598e+01   1.93787956e+00   1.24734668e+03
   4.86146387e+03   5.39619568e+02   8.14668238e-01   3.62061143e-01
   3.25203204e+00   3.83647491e+02   3.27149634e+03   5.41453705e+01
   3.84716301e+01   9.04882431e+01   8.98539886e+01   9.18015289e+01
   1.42000793e+03   4.72175842e+02   5.82086731e+02   5.71340918e+03
   9.72119331e+00   3.10596294e+01   2.06328687e+03   3.45732227e+03
   3.84865356e+03   3.31601654e+02   5.54156543e+03   4.04524708e+00
   1.78229594e+00   4.88263031e+02   9.42304382e+01   3.55300354e+02
   1.68284588e+01   7.14429199e+02   1.28170142e+03   1.54508606e+03
   3.88138794e+02   6.99335327e+01   4.97289124e+01   1.97736523e+03
   1.07130737e+02   3.80973999e+02   4.10057324e+03   3.92499638e+00
   3.94916391e+00   9.96706924e+01   2.30853369e+03   2.29155293e+01
   1.96547375e+03   5.11288770e+03   1.63908005e+02   7.35995712e+01
   3.82255786e+03   3.49334045e+02   3.40794647e+02   2.16044891e+02
   0.00000000e+00   2.25803857e+03   5.08374710e+01   3.92519646e+01
   4.10929657e+02   5.04777393e+03   6.67182770e+01   7.48651505e+01
   4.47381544e+00   6.09210825e+00   5.27635612e+01   7.70874119e+00
   1.51834375e+03   0.00000000e+00   8.72270355e+01   6.07157617e+03
   5.49344385e+03   1.56899582e+02   7.62394226e+02   9.53724442e+01
   2.30361816e+03   9.63851990e+02   3.73124237e+02   6.60304427e-01
   2.50630093e+01   4.05792007e+01   2.33227197e+03   8.64898605e+01
   7.26641235e+01   2.25163354e+03   3.68040323e+00   4.46990814e+01
   2.90193481e+01   7.51678894e+02   4.95931702e+01   4.10330566e+02
   7.39457617e+03   3.21011209e+00   2.66981506e+02   2.77835059e+03
   7.96495239e+02   4.75103722e+01   1.01119258e+04   5.20715857e+00
   7.43544102e+00   2.77660095e+02   3.77319527e+01   1.15233380e-02
   6.36642822e+03   0.00000000e+00   7.34588440e+02   2.18601303e+02
   2.39702255e+02   1.47216702e+01   0.00000000e+00   6.81833935e+00
   0.00000000e+00   3.00010014e+01   2.16079497e+00   4.24756866e+02
   2.07258408e+02   2.43954370e+03   2.21868774e+02   1.71788708e+03
   1.48880725e+03   1.04351234e+01   7.79267700e+02   4.90915192e+02
   7.08991760e+02   3.51782568e+03   1.08896408e+01   4.79164001e+02
   5.37404932e+03   6.14198730e+02   4.58155945e+02   1.61490822e+01
   2.03882599e+01   2.04119336e+03   8.96501282e+02   1.67072809e+00
   3.60539001e+02   2.42958140e+00   3.83627205e+01   1.90813196e+00
   2.02121043e+00   3.83455859e+03   1.96034790e+02   2.89711380e+01
   1.37320679e+02   1.42579451e+01   2.55702496e+00   1.05809647e+02
   4.23918604e+03   2.06331611e+00   2.26331192e+02   5.18317366e+00
   0.00000000e+00   2.17986832e+01   8.02316284e+00   1.39772537e+02
   3.92002220e+01   2.42781387e+02   3.71747345e+02   3.35954163e+02
   7.88499908e+01   4.67714691e+01   1.95887966e+01   3.34594231e+01
   8.53444290e+01   1.51799728e+02   3.48821735e+00   3.10578370e+00
   4.14851685e+01   2.47000732e+01   2.57117748e+00   3.33318848e+02
   1.20564098e+01   9.27123833e+00   1.68962146e+03   1.66564896e+02
   7.37505481e-02   0.00000000e+00   7.23090515e+01   8.89239655e+01
   7.34886026e+00   7.99827698e+02   1.66194000e+02   1.35550156e+02
   6.14546753e+02   1.11005981e+03   2.13080307e+02   2.10795703e+03
   5.50351257e+01   2.50730457e+01   2.45804785e+03   4.09733696e+01
   2.20125415e+03   2.83486353e+03   2.20463794e+03   1.52338425e+02
   0.00000000e+00   1.09751335e+02   3.33961365e+02   7.86093750e+02
   1.66079553e+03   1.40786381e+01   2.57332275e+03   7.66285767e+02
   1.38781047e+00   8.67473526e+01   4.73018127e+02   0.00000000e+00
   6.17448303e+02   1.01295709e+03   7.83478760e+02   0.00000000e+00
   3.46892883e+02   1.67447710e+00   3.29234552e+00   5.53445007e+02
   1.95998523e+03   2.14336440e-01   1.16630144e+01   1.00032969e+04
   4.17491388e+00   3.25342010e+02   5.14656982e+02   8.76640472e+01
   5.27404980e+03   1.45586938e-01   6.70143262e+03   2.66094475e+01
   4.82651591e-01   1.06907738e+02   4.17789886e+02   8.46157166e+02
   5.57801056e+01   5.48566406e+02   1.16575451e+01   6.55640015e+02
   0.00000000e+00   1.43435013e+00   4.78308754e+01   1.75040619e+02
   1.01824051e+02   5.27391624e+01   1.20471436e+03   4.24207581e+02
   7.57025242e+00   1.12225327e+02   7.31228857e+03   5.77824326e+01
   2.33177567e+00   3.69933594e+03   2.66248505e+02   2.17743182e+00
   3.67571436e+03   5.31258049e+01   3.40015602e+01   0.00000000e+00
   2.77016602e+02   1.93699097e+02   4.63329443e+03   8.96480408e+01
   2.08624683e+03   1.56210068e+02   6.55353928e+01   5.37391846e+02
   2.57648706e+03   1.12153857e+03   4.37471390e+00   1.82159972e+00
   4.28700000e+03   4.99339062e+03   8.50019531e+03   3.14639404e+02
   1.34548199e+00   2.73789917e+02   3.07351196e+02   4.60197945e+01
   1.85035694e+00   1.54577255e+02   8.46733704e+01   6.42960388e+02
   9.04651611e+02   1.61583984e+02   3.69425629e+02   3.76346421e+00
   2.45192066e-01   1.03044006e+03   4.20206261e+01   5.35127930e+03
   3.34985046e+01   1.34075287e+02   1.10905334e+02   1.40565932e+00
   6.31850433e+00   1.45981308e+02   8.56611919e+00   5.09888496e+01
   1.19637291e+02   1.81522095e+02   3.77403412e+02   5.41943359e+01
   2.50324326e+02   2.22342667e+02   1.65376862e+02   2.41663354e+03
   9.20016907e+02   1.21202966e+03   3.31946338e+03   9.27599335e+00
   1.06890930e+02   1.02262958e+03   2.49106787e+03   6.67411041e+01
   1.47820282e+02   3.28346387e+03   5.06315088e+00   0.00000000e+00
   5.76164111e+03   1.25932045e+02   1.21406580e+03   9.43928540e-01
   1.54651770e+03   3.39541199e+02   1.53380371e+02   3.15886326e+01
   6.56817703e+01   3.31299162e+00   1.67091522e+02   1.12175500e+03
   1.29667493e+03   4.71595478e+00   1.22928162e+02   5.03438416e+01
   1.27416107e+02   1.56463552e+00   5.39588574e+03   7.82217312e+00
   2.99776276e+02   2.51742310e+03   3.03896129e-01   7.00316284e+02
   2.07405566e+03   1.06985840e+04   1.88444962e+02   2.77667358e+02
   9.89832581e+02   3.26872368e+01   9.72487640e+01   4.85022211e+00
   2.14648132e+02   1.57310196e+02   1.25021027e+02   2.17801315e+02
   1.81233826e+03   4.59463463e+01   5.30908496e+03   6.97747269e+01
   5.36752258e+02   5.20538979e+01   5.29988706e-01   1.17714180e+02
   6.41883516e+00   6.28962341e+02   8.66779404e+01   2.07891296e+02
   5.41290039e+03   1.46560287e+02   1.33523239e+02   5.52587549e+03
   4.72904590e+03   2.36198608e+02   7.95407532e+02   5.60553670e-01
   5.38043556e+01   8.87915234e+03   1.53400314e+02   1.45180164e+03
   2.34104172e+02   4.01641607e+00   1.83111343e+01   0.00000000e+00
   6.50074280e+02   2.88909473e+03   1.53912817e+03   1.70068848e+03
   1.70083328e+02   5.66250229e+01   4.52364471e+02   9.48926620e-03
   1.24007645e+02   8.90492153e+00   1.80301941e+02   2.80033374e+03
   1.08984485e+03   4.37036896e+02   1.17776895e+04   1.15828476e+01
   1.67451187e+02   2.85474634e+03   1.01007393e+02   1.18753242e+02
   3.13121704e+03   4.10659027e+01   1.73897659e+02   4.27223450e+02
   3.12019100e+01   1.08399830e+01   2.56008244e+01   1.52163330e+02
   3.27143097e+02   1.41585556e+02   9.69400330e+01   5.65724783e-02
   5.67256241e+01   1.62857494e+01   1.33027411e+00   1.79356250e+03
   9.88722656e+03   1.95527722e+03   8.86335831e+01   5.95440918e+02
   8.43228125e+03   4.20071106e+02   1.14775574e+03   1.22799883e+01
   5.40058777e+02   7.30293808e+01   3.66062126e+01   1.13572037e+00
   1.64645569e+03   1.59419409e+03   8.12788239e+01   9.33523145e+03
   8.13802539e+03   6.93540649e+02   3.29010463e+00   6.74118881e+01
   1.87829554e+00   3.54258423e+02   3.66875648e+01   9.82704163e+02
   7.80776062e+01   5.67963243e-01   1.07842321e+01   1.35948110e+00
   1.59523880e+02   1.57035620e+03   8.42695923e+01   1.04945911e+03
   9.74510880e+01   1.28258886e+01   3.32700500e+01   6.38227344e+03
   1.27264524e+00   5.15584030e+01   6.11588135e+02   1.09457544e+03
   0.00000000e+00   0.00000000e+00   5.13759277e+02   4.65092850e+01
   4.86122093e+01   1.36073071e+03   1.02948376e+03   3.49972900e+03
   1.31010620e+03   3.23777275e+01   5.54182983e+02   6.41804590e+03
   9.81119843e+01   0.00000000e+00   5.88119751e+02   3.84168774e+03
   3.54177551e+01   1.09231750e+03   9.05780792e+01   3.92070923e+03]
[  7.04502808e+02   4.19547653e+01   3.29018164e+00   1.26390553e+01
   3.69196930e+01   1.47429016e+03   5.44984665e+01   5.68414345e+01
   7.18160534e+00   7.17254211e+02   1.41482887e+01   9.62416687e+01
   4.46448456e+02   2.99218994e+03   1.42356537e+02   0.00000000e+00
   3.11818676e+01   8.79153381e+02   8.99925537e+01   2.03657556e+00
   3.35384827e+01   0.00000000e+00   1.09168648e+02   1.67909070e+03
   5.49308777e-01   7.92862511e+00   1.76736701e+00   6.87420368e+00
   5.34140816e+01   4.87208443e+01   3.51940193e+01   6.33180797e-01
   1.13105591e+02   3.28118553e+01   1.83489502e+03   2.43109912e+03
   4.91989422e+00   3.15880176e+03   3.33246803e+01   1.35218750e+02
   5.12069321e+00   3.94601021e+01   7.61712027e+00   3.61179848e+01
   3.51443243e+00   9.58668518e+01   5.67116882e+02   3.53856459e-02
   6.53086395e+01   2.91351452e+01   9.66322205e+02   0.00000000e+00
   1.35996552e+01   2.16083679e+02   0.00000000e+00   1.34042273e+01
   1.36707869e+01   8.60275555e+00   1.39291489e+02   9.16675415e+01
   1.31091385e+01   7.19160919e+01   5.78344650e+01   2.89485264e+01
   1.56586361e+01   1.05799780e+01   1.08150398e+02   1.54690351e+01
   2.19191780e+01   3.18698139e+01   3.42434072e+00   1.23575732e+03
   3.08968849e+01   1.44135801e+04   1.32256616e+03   3.95322275e+00
   1.14073257e+01   8.18034744e+00   3.94323387e+01   7.53755999e+00
   1.59906406e+01   5.50854530e+01   1.80087891e+01   2.03142147e+01
   7.13383636e+01   0.00000000e+00   1.44463062e+03   4.08532829e+01
   1.10135132e+02   2.06070538e+01   2.18598614e+01   4.46116295e+01
   2.03788528e+01   6.83507935e+02   2.23007706e+02   2.04570179e+01
   2.72535267e+01   9.95216751e+01   5.54452515e+01   7.24462662e+01
   9.98454213e-01   7.35792999e+01   5.04005470e+01   5.79128456e+01
   1.70468941e+01   1.47042145e+02   1.59349668e+00   2.97588867e+03
   4.27496567e+01   6.88773170e-02   3.34133484e+02   1.36518278e+01
   1.12799206e+01   1.41630844e+02   0.00000000e+00   7.02116847e-01
   7.25989580e+00   6.97649841e+01   4.27923779e+03   6.02083540e+00
   1.95899658e+02   1.70104027e+01   5.11839333e+01   6.59139061e+00
   2.16864824e+00   1.63760273e+04   5.43680906e+00   5.36200333e+01
   9.23702148e+02   1.32078201e+02   2.09931602e+01   2.22446503e+02
   1.26322487e+02   1.96800976e+01   2.07780469e+03   1.53346481e+01
   2.06908321e+00   6.34991932e+00   3.34582837e+03   1.95303135e+01
   7.59527206e+00   1.38182690e+03   1.03336229e+01   7.00844849e+02
   1.08517294e+01   1.23767128e+02   5.68592501e+00   1.90078232e+02
   2.71129181e+02   2.95602202e+00   6.06022873e+01   5.64110901e+02
   1.10655994e+01   5.86721230e+01   1.04642871e+03   9.81129761e+01
   2.94733429e+01   0.00000000e+00   3.02372952e+01   1.62861719e+03
   4.94336084e+03   5.14333105e+03   1.44290533e+01   2.26172428e+01
   7.43020020e+01   1.86776619e+01   4.02377777e+01   1.98677158e+01
   1.37980127e+01   1.02885532e+01   1.72299545e+02   0.00000000e+00
   6.32723904e+00   8.64446350e+02   3.47233620e+01   6.46376419e+01
   3.07042961e+01   6.44817162e+00   8.21921005e+01   1.67187219e+03
   5.72431335e+02   7.45247889e+00   1.15044812e+03   4.31338837e+02
   4.24948349e+01   1.03415970e+02   1.77617300e+00   2.02252197e+00
   5.71546249e+01   1.04516777e+02   8.09889450e+01   1.14068565e+01
   3.93950684e+03   3.73786926e+01   5.40761411e-01   3.68070602e+01
   1.75174160e+01   7.88873825e+01   9.08717804e+01   1.75927979e+03
   5.51569786e+01   1.05326166e+01   9.35775146e+02   1.84876423e+01
   6.08157587e+00   7.99202204e+00   2.18591626e+03   6.34289026e+00
   3.30561409e+01   2.14859665e+02   9.20020523e+01   5.59114885e+00
   4.27837311e+02   1.15534012e+02   9.63069000e+01   3.26195404e+02
   0.00000000e+00   1.15642838e+02   1.41157239e+03   3.63256531e+02
   9.16269958e-01   1.19588194e+01   5.50090224e-02   1.71788502e+01
   9.52344360e+01   1.00647583e+03   9.50207825e+01   6.55245285e+01
   1.91336460e+01   5.64987183e+01   2.41123257e+01   1.72643323e+03
   4.97685699e+02   2.38724023e+03   0.00000000e+00   0.00000000e+00
   1.27619690e+02   3.15443799e+03   2.74860938e+03   2.23376675e+01
   1.30738586e+02   9.05591965e+01   6.04837303e+01   0.00000000e+00
   1.49842587e+01   0.00000000e+00   2.32659888e+03   9.66103017e-01
   5.11849022e+01   3.05018730e+01   8.62896484e+02   6.04112854e+01
   9.72070312e+00   8.33927307e+02   5.50772705e+02   2.30568027e+01
   8.92454758e+01   5.18059158e+01   1.56616956e+03   1.09243614e+02
   1.47698212e+02   1.77930775e+01   4.41606232e+02   5.10609474e+01
   1.82524490e+01   0.00000000e+00   1.86754166e+02   7.91833735e+00
   1.22138109e+01   3.63301201e+01   3.48527246e+03   4.58128021e+02
   4.31906929e+01   4.17787457e+00   1.46077652e+02   1.04174347e+02
   3.82571838e+02   1.22487774e+01   4.00554810e+01   4.02362061e+00
   1.00543945e+03   2.47261444e+02   5.98934402e+01   1.65370886e+03
   7.38336639e+01   4.51234818e+01   1.46490736e+01   4.58841972e+01
   1.00143562e+02   5.53740044e+01   3.30692065e+03   5.59179573e+01
   1.98549156e+01   4.29953232e+01   4.13285980e+01   1.73342865e+02
   2.48523731e+01   1.39926160e+03   1.63470116e+01   5.01856104e+03
   3.35834198e+02   4.33479309e+01   2.21226147e+03   3.27775818e+02
   2.04087601e+02   1.88230377e+02   2.02710724e+01   2.33575363e+02
   6.40104752e+01   1.03188438e+02   0.00000000e+00   3.33723526e+01
   2.36339722e+01   3.33984146e+01   2.02201208e+03   4.67102165e+01
   2.40743726e+03   2.93884724e-02   1.18625903e+03   4.90156441e+01
   6.12004822e+02   1.83619919e+01   3.82396698e+01   2.99610565e+02
   1.34090149e+02   1.39183502e+02   2.25823326e+01   8.15763168e+01
   8.02447796e+00   3.47352486e+01   0.00000000e+00   1.19435434e+01
   0.00000000e+00   1.82711914e+02   3.19292831e+01   4.57189880e+02
   1.53839982e+00   7.75817490e+01   2.11447067e+01   3.20274170e+02
   3.07195721e+01   2.06595031e-03   1.43966919e+02   3.34860954e+01
   0.00000000e+00   2.13522840e+00   1.38218094e+02   4.60820770e+00
   3.25898886e+00   2.93257694e+01   4.64442139e+01   1.25661400e+02
   0.00000000e+00   2.03280197e+02   2.99714241e+01   4.48048535e+03
   5.67537766e+01   1.48456528e+02   1.39085297e+02   1.75463428e+01
   4.03590012e+00   1.31081924e+02   4.00793724e+01   9.32520142e+01
   1.07978528e+03   7.62306309e+00   3.51165428e+01   1.33098400e+00
   5.71271896e+01   1.80353432e+01   0.00000000e+00   5.17898987e+02
   2.01147232e+01   0.00000000e+00   3.42098465e+01   1.56761618e+01
   3.55076660e+03   1.00906467e+01   7.45839453e+00   1.36696682e+01
   2.22801514e+01   3.40590210e+03   1.65070837e+03   0.00000000e+00
   2.70397583e+02   3.92798958e+01   3.02146473e+01   1.36070216e+00
   4.03872185e+01   0.00000000e+00   1.52015564e+03   3.50161858e+01
   1.48221512e+02   1.08271324e+02   2.89729785e+03   6.22607117e+02
   1.11957886e+03   4.72468948e+01   3.04667454e+01   2.35465649e+03
   5.00867500e+01   1.06341724e+01   1.90732689e+01   1.60264969e-01
   1.96551224e+02   1.51094080e+03   4.84724426e+01   4.45600777e+01
   3.84283981e+01   1.27862900e+02   8.57482117e+02   9.17421326e+02
   1.02863159e+01   1.19545801e+03   5.03868500e+02   0.00000000e+00
   5.66229591e+01   1.36515989e+01   2.24773535e+03   6.85791473e+01
   3.03663055e+02   1.39877787e+01   1.38410172e+02   7.48690319e+00
   4.87578926e+01   3.28315430e+03   1.19185822e+02   1.21207405e+02
   1.37552158e+04   1.96238602e+02   8.37554855e+01   1.33455486e+01
   1.22783981e+02   1.01332935e+03   5.65254745e+01   1.94046484e+03
   1.51875732e+03   9.14944153e+01   4.85444603e+01   8.51382294e+01
   1.01950312e+01   1.23131982e+03   4.46416748e+02   8.01461411e+01
   7.79330139e+01   3.14166431e+01   0.00000000e+00   6.43697968e+01
   4.35484123e+00   8.31185627e+00   1.27551584e+01   1.38882036e+01
   6.55521202e+00   1.81799408e+02   6.97164307e+01   3.32670728e+03
   3.87747574e+01   5.97880566e+03   2.13967514e+02   9.36299133e+01
   7.80988235e+01   2.55310867e+02   1.75418411e+02   3.69967613e+01
   1.03351221e+03   2.59893799e+00   2.11896338e+03   2.62304138e+02
   1.08390131e+01   1.66667366e+01   6.65933914e+01   1.78494232e+02
   1.22265979e+03   2.75326099e+03   4.43880730e+01   8.90452637e+02
   6.39529943e+00   6.57394648e-01   4.35059595e+00   1.67843080e+00
   6.27950020e+01   1.37624023e+02   2.89642383e+03   0.00000000e+00
   8.15730057e+01   1.30044689e+01   1.06914421e+02   2.87491602e+03
   5.18489885e+00   0.00000000e+00   2.60715809e+01   7.16916962e+01
   6.58131218e+00   2.51823193e+03   8.75972107e+02   1.83181909e+03
   2.63530640e+03   1.10727486e+02   6.66229095e+01   1.54682226e+01
   2.04169348e+03   1.53325815e+01   1.16125059e+01   2.19496582e+03
   8.45669479e+01   2.31743912e+02   6.85982180e+00   3.90490906e+02
   2.80120801e+03   6.55965271e+02   2.75104443e+03   6.68409634e+00]
