bicycle
bus
car
motorbike
person
[ 24656054.       5107431.      18781292.      22843784.      20925774.
   2023659.875   10170869.       3936168.25     2239455.75    10352361.
    967560.5625  14849131.      19926180.       5175699.      21960530.
  15012266.      21787992.      16162246.      17317536.       5476832.5
   6650693.5     23190354.       1573995.25    16813848.       9428625.
  18441032.      10621491.      13302478.       2886260.25     8475660.
  13220864.      35101292.      23336776.       2380730.75    36933396.
    518031.      13566960.       3589863.75    15751524.       1529977.75
  13081972.      21381814.      52296196.      25123466.      20969078.
  12705073.      17259954.      24212018.       3545864.5     30825828.
  39187428.       9474175.       9245719.       8696494.       4852545.
   5930609.5      9329680.      17174030.        699168.8125   2356763.75
    449811.0625    610199.0625   3394029.75     4807850.    ]
[  3.13299600e+07   4.70082050e+06   3.38292200e+07   5.07860219e+05
   4.44735800e+06   3.89416781e+05   8.41217300e+06   1.39069836e+03
   1.49180440e+07   1.22782898e+05   3.02276760e+07   1.63206940e+07
   1.36894756e+04   2.65778975e+06   1.58583690e+07   5.70951850e+06
   1.06326538e+06   3.62047160e+07   1.10662010e+07   1.27073940e+07
   1.88319812e+05   1.85082740e+07   7.87800438e+05   1.46728180e+07
   6.22164688e+05   2.25078740e+07   4.75878900e+06   1.44756725e+06
   1.86287662e+06   1.75727002e+03   3.45306520e+07   1.45805801e+04
   2.87200225e+06   1.89005040e+07   1.09526580e+07   6.66168850e+06
   1.23683305e+05   1.17299680e+07   3.19403540e+07   2.15068840e+07
   9.93288000e+06   5.38717900e+06   1.00262331e+06   3.97386800e+06
   3.19498540e+07   2.68321040e+07   4.85165125e+05   3.95632080e+07
   2.00582220e+07   7.00186750e+06   1.70742900e+07   2.86526180e+07
   3.70773200e+07   2.61520840e+07   4.56783250e+05   2.60435780e+07
   5.81467200e+06   5.89762680e+07   5.93451550e+06   2.52825750e+06
   3.98226280e+07   7.74109680e+02   6.79362000e+06   4.01362680e+07]
[  4.45846850e+06   1.08802210e+07   2.46597076e+02   7.01556875e+04
   2.00605391e+04   4.14040312e+04   2.31433418e+04   3.58883900e+06
   1.00373750e+04   1.66873188e+06   7.87691500e+06   9.12732031e+04
   8.26760812e+05   2.13560525e+06   4.08929414e+04   6.14628867e+04
   3.19104075e+06   3.21402781e+05   4.70843719e+05   1.91948938e+06
   2.77599325e+06   2.50139355e+04   9.37715500e+06   1.14347300e+07
   1.16598860e+07   0.00000000e+00   2.01692469e+05   2.06093050e+06
   1.71970575e+06   7.14930650e+06   6.60441895e+03   5.57761800e+06
   6.44039188e+05   4.32748600e+06   2.28913275e+06   4.77467800e+06
   1.83773688e+05   1.51100190e+07   3.79698175e+06   5.63683105e+02
   5.94816950e+06   1.39916700e+06   5.63993450e+06   1.41583710e+07
   1.29059312e+06   2.98658375e+05   8.93885200e+06   2.37908926e+04
   3.16739225e+06   7.03650000e+05   2.73520250e+06   6.48976875e+04
   4.07183900e+06   1.98350188e+06   1.28102400e+07   1.16620920e+07
   1.52712125e+06   1.53891055e+04   2.20709219e+04   4.03071602e+04
   1.78936300e+06   1.43633400e+07   9.98943800e+06   4.55037250e+06
   1.70694540e+07   2.59309325e+06   1.26643070e+07   7.73539450e+06
   5.98651875e+04   1.20923150e+06   7.81213500e+06   9.73140700e+06
   2.06592850e+06   4.85836156e+05   0.00000000e+00   2.81805550e+06
   1.12422242e+05   5.77207650e+06   3.70021300e+06   1.93927402e+04
   1.10864307e+04   4.79998750e+06   2.28307975e+06   9.62660522e+02
   4.23348900e+06   3.69618900e+06   2.61541025e+06   2.86514163e+00
   6.67898700e+06   1.45840075e+06   5.49627500e+06   1.34654688e+06
   4.42751328e+04   3.77405225e+06   7.16155375e+05   4.18137675e+06
   2.80819122e+02   2.31518925e+06   2.39580125e+06   8.05119000e+05
   3.97738200e+06   1.14100288e+06   4.85419812e+05   1.33029388e+06
   9.15431055e+03   3.34077219e+05   1.95082406e+05   9.49431312e+05
   3.09926525e+06   2.82017562e+05   4.17507266e+04   8.67103100e+06
   8.99592734e+04   4.54734400e+06   5.07548750e+06   8.02800300e+06
   1.03690828e+05   9.47178688e+05   3.69937125e+06   9.06860312e+05
   9.65102250e+05   3.42797650e+06   3.44534375e+03   4.00640300e+06
   2.29154875e+06   1.38954209e+04   1.91008360e+07   4.82964893e+03]
[  3.95568975e+06   2.12965725e+06   4.84986992e+04   0.00000000e+00
   9.30108789e+03   1.91674750e+06   9.68788812e+05   2.01961838e+06
   1.24086700e+07   6.15966100e+06   4.77680550e+06   4.55991800e+06
   1.79920450e+06   2.03315688e+05   4.24442719e+02   2.84931650e+06
   5.23415125e+05   3.57100550e+06   2.26181900e+06   6.06009473e+03
   9.47016100e+06   3.17628000e+06   1.23441350e+06   4.59161279e+03
   4.71099922e+04   4.57302344e+05   1.97814025e+06   7.36369850e+06
   3.19658320e+04   6.81963950e+06   1.16238682e+04   1.20850170e+07
   3.92567775e+06   2.60983320e+04   6.31564188e+05   1.98041362e+06
   9.52220125e+05   8.71844800e+06   8.51639219e+04   1.81368906e+04
   1.15262088e+06   8.42587012e+03   1.60604365e+04   5.89232000e+05
   9.07301000e+05   9.59986000e+06   3.86878750e+06   5.31910700e+06
   3.26934925e+06   1.52835100e+07   1.55574088e+06   5.11041600e+06
   3.39419800e+06   1.24624375e+06   8.68285234e+04   1.25875383e+05
   4.83038550e+06   1.10178962e+06   0.00000000e+00   1.53239000e+06
   3.26598900e+06   5.10317050e+06   6.69770250e+06   4.16621250e+06
   6.78751625e+05   8.85616900e+06   5.19827844e+05   4.97641700e+06
   3.20222950e+06   4.78246950e+06   1.87403362e+06   1.15525280e+07
   1.20685960e+07   3.99655025e+06   1.84121000e+07   6.25126648e+01
   4.71093300e+06   5.32289125e+05   1.43126020e+07   1.36145838e+06
   1.39943762e+06   2.62477285e+04   8.25444650e+06   3.20807425e+06
   3.21029766e+04   5.91371750e+06   1.09202888e+06   1.64987612e+06
   6.07937422e+04   1.89013738e+06   7.75256484e+04   4.66138900e+06
   5.40836953e+04   8.95952000e+06   1.33998650e+06   2.87647000e+06
   8.98593312e+05   5.70567550e+06   1.21012850e+06   9.05764700e+06
   1.41850922e+05   3.59146500e+05   1.33127320e+07   2.58745459e+03
   2.03018953e+05   1.44227260e+07   3.17867000e+06   4.87385100e+06
   9.33496000e+06   5.02929600e+06   1.58791797e+04   4.89857600e+06
   5.14749250e+05   2.04814060e+07   1.71946925e+06   8.43919750e+05
   8.29021484e+04   4.55830000e+06   3.58158984e+04   5.54459570e+03
   1.35635010e+07   3.31128700e+06   1.01176777e+04   7.94874850e+06
   6.21074750e+06   1.98783388e+06   9.76328600e+06   7.41438600e+06]
[  0.00000000e+00   2.37585034e+03   1.42424375e+06   1.16291484e+04
   0.00000000e+00   2.74494505e+00   3.28001556e+01   3.26457520e+01
   2.51305100e+06   8.33529590e+03   2.52136536e+02   2.86768701e+03
   2.33623924e+01   9.22889062e+04   1.98773242e+04   5.40749121e+03
   6.84610413e+02   1.64455391e+05   5.71977930e+03   5.36093711e+04
   1.39393883e+01   7.40805957e+03   3.56162781e+05   6.85173535e+03
   1.96318835e+03   8.60640320e+02   1.75198112e+06   0.00000000e+00
   2.17503271e+03   3.87498096e+03   1.02612495e+02   1.83835052e+02
   5.27926178e+01   9.31562125e+05   4.00097891e+04   1.28530688e+06
   2.12242525e+06   3.56259375e+03   3.48048047e+03   1.44771985e+03
   8.40306152e+02   3.91557104e+03   2.88866235e+03   2.40036859e+05
   5.57785449e+03   8.84693726e+02   4.89640846e+01   2.58850694e+00
   1.43928859e+05   1.36601602e+04   5.28819219e+04   4.52662354e+02
   1.60183662e+06   2.18850844e+05   3.70391502e+01   1.30516234e+05
   5.23383312e+05   7.73033062e+05   1.58489221e+03   5.20100136e+01
   8.58524922e+04   1.79992773e+04   5.36094609e+04   5.68720547e+04
   1.56358385e+01   2.14747559e+04   1.00806854e+03   1.33076575e+03
   8.26498926e+03   8.20695547e+04   8.43449250e+05   1.57725425e+06
   0.00000000e+00   9.17838965e+03   1.68021454e+02   1.72909546e+02
   6.11764062e+03   3.14374562e+05   6.97210062e+05   8.13268203e+04
   4.41181094e+04   1.96454858e+03   7.44863477e+03   9.19994238e+03
   1.35396562e+06   2.32033050e+06   6.83312062e+05   1.31150025e+06
   1.52894188e+05   8.11034851e+02   1.79539319e+03   8.95849375e+04
   3.32963906e+05   1.26586943e+04   0.00000000e+00   1.20701055e+04
   2.53404492e+03   1.52799672e+05   7.68595520e+02   1.16374844e+04
   3.12629395e+04   7.62680615e+03   1.68602250e+06   8.41707500e+04
   4.79144922e+03   7.23726025e+03   1.58719229e+04   2.23699854e+03
   1.22761650e+02   2.44439277e+04   8.89476875e+05   2.68292012e+04
   0.00000000e+00   6.13139727e+04   1.70166211e+03   4.11551025e+03
   0.00000000e+00   4.28704132e+02   2.40028076e+03   1.70436300e+06
   1.62215312e+04   2.30684066e+00   2.81635059e+04   1.01145923e+03
   5.68989453e+03   1.12881962e+06   8.55877762e+01   0.00000000e+00
   1.02958756e+06   1.52669082e+04   8.09926855e+03   7.50070752e+03
   4.21606396e+03   9.73005688e+05   0.00000000e+00   6.13338440e+02
   2.88023000e+06   7.53477375e+05   2.03933145e+04   0.00000000e+00
   2.34364673e+03   2.63283958e+01   6.13057080e+03   2.79730656e+05
   5.15935669e+02   1.75238700e+06   2.01861597e+03   2.90919873e+03
   4.00892500e+04   2.33253326e+01   4.40976123e+03   2.95413867e+03
   1.55260109e+05   1.28173953e+05   6.11999375e+05   1.38430920e+03
   2.47320093e+03   1.34039844e+05   1.19475462e+06   2.16691734e+05
   2.14577133e+02   1.36456594e+05   1.01871256e+06   6.92017578e+03
   2.27743145e+04   2.04386712e+06   1.09613262e+06   7.88086641e+04
   3.36547109e+04   1.18570138e+06   1.59234588e+06   1.13312520e+04
   7.56759668e+03   4.82209562e+05   1.80697729e+03   1.38951592e+04
   1.67710500e+06   2.01436365e+03   1.85082500e+06   3.41917812e+04
   5.24091594e+05   1.07519719e+05   6.81948938e+05   8.22827051e+03
   4.25215674e+03   1.29832881e+04   4.20616836e+04   6.47875781e+03
   7.80608438e+05   8.09972705e+03   4.28583545e+03   1.83996212e+06
   1.83969940e+02   5.37828688e+05   0.00000000e+00   1.75170412e+06
   8.26936621e+03   5.61459562e+05   1.74505850e+06   8.79488750e+05
   6.62135983e+00   1.90770800e+06   1.39840300e+06   2.36616039e+01
   1.01448852e+05   1.77916763e+02   5.81500854e+01   6.83918994e+03
   4.96807812e+03   1.00894538e+06   1.87255031e+05   1.81041662e+06
   1.42131191e+04   1.05831641e+04   2.70113239e+01   1.48006406e+04
   2.48917847e+03   7.46641500e+05   4.29509062e+04   1.79461304e+02
   6.82984619e+01   4.96414703e+02   2.47324249e+02   7.03243516e+04
   4.75192156e+05   0.00000000e+00   2.46848682e+03   4.75814781e+05
   4.81514969e+01   8.54236500e+05   1.31843301e+04   1.04245537e+02
   1.41998775e+06   1.55229668e+04   4.54113625e+05   9.71255646e+01
   4.14950829e+01   1.45791201e+04   6.06347250e+05   5.52425732e+03
   7.51693188e+05   1.14862925e+06   1.98487854e+03   2.86968896e+03
   6.82061250e+04   5.29352197e+03   4.87988403e+02   2.68084863e+03
   1.63854492e+04   1.52208297e+05   1.43684629e+04   1.76290436e+02
   9.60807910e+03   1.93057327e+01   1.50388074e+03   2.76226656e+05]
[  1.64558238e+06   9.18543152e+02   4.13861008e+01   9.65096985e+02
   1.04158331e+06   1.22535800e+06   2.75769250e+05   4.82317902e+02
   1.14432188e+04   6.18589783e+02   9.13354797e+02   1.28524180e+04
   6.54798584e+03   3.66461641e+04   3.96789844e+03   4.97927246e+03
   1.43630310e+02   8.86545410e+01   6.84469188e+05   1.06211898e+05
   0.00000000e+00   8.26041489e+01   2.53055206e+02   4.20068562e+05
   1.30772686e+00   8.24946411e+02   0.00000000e+00   9.42140000e+04
   1.50572666e+04   6.70240784e+02   2.65179121e+04   1.89860626e+02
   3.44263452e+03   8.97905234e+04   1.35458594e+03   1.35126191e+04
   1.27218467e+04   2.16620166e+03   1.34085999e+03   0.00000000e+00
   1.72321219e+05   5.06820117e+04   1.44675195e+04   4.06738770e+03
   6.69986084e+03   5.90399170e+03   3.21292438e+05   2.46587852e+04
   1.19323641e+05   6.67299072e+02   2.51360474e+03   1.47154858e+03
   7.75912109e+03   9.20174902e+03   2.58206859e+05   6.25290547e+04
   2.19140840e+04   1.99064891e+05   9.24866094e+04   6.01614868e+02
   2.40173413e+03   4.52258633e+04   3.71181221e+01   8.37044144e+01
   3.60462755e-01   7.21138135e+03   3.69524312e+05   2.89557465e+02
   4.24631592e+02   3.38342812e+04   6.67162812e+05   2.49301086e+02
   3.14125000e+04   1.15821211e+04   2.99558320e+04   4.20476523e+04
   8.12364844e+03   7.10033203e+03   8.18354844e+04   3.39638375e+05
   5.16128922e+00   7.64105957e+03   1.11720419e+00   4.07863633e+04
   7.71227905e+02   2.79866270e+04   1.01633661e+03   1.05597988e+04
   4.87958008e+03   1.14346816e+04   5.63179883e+03   3.11381836e+03
   1.36483330e+04   4.47266812e+05   8.35918655e+01   0.00000000e+00
   1.19987680e+05   1.33171234e+02   4.14621484e+03   3.64948945e+04
   1.45634949e+02   1.93650801e+04   9.79180875e+05   1.19494041e+02
   1.72294678e+03   2.95119277e+04   5.11300195e+04   8.56626328e+04
   1.01635195e+04   1.59820600e+06   1.71158295e+01   5.33079125e+05
   3.09157028e+01   6.37829834e+02   9.67866211e+03   2.47002148e+04
   7.56871289e+03   1.73624570e+04   2.63272241e+03   4.20595352e+04
   4.37815186e+03   2.62855865e+02   6.90645166e+03   9.31396250e+04
   1.71425720e+03   1.17532275e+04   1.70904052e+00   1.33266416e+04
   1.38866260e+03   1.98456538e+06   5.69499805e+03   3.77278613e+03
   5.72129102e+03   1.34757712e+06   3.60981171e+02   1.54730732e+04
   1.84393672e+04   8.10509688e+05   1.36168701e+03   8.50604706e+01
   3.25802922e+00   7.50832458e+02   6.53774512e+03   8.50883828e+04
   0.00000000e+00   6.38424866e+02   4.57616699e+02   0.00000000e+00
   0.00000000e+00   3.84723663e+02   1.67586121e+03   1.91139453e+03
   5.22244938e+05   6.48922539e+04   3.01386841e+02   2.22199562e+05
   7.09288452e+02   5.65875130e+01   2.12178945e+04   1.49297488e+06
   6.75749207e+01   3.18906567e+03   6.59999878e+02   6.35846806e+00
   1.60507438e+05   0.00000000e+00   4.28279969e+05   3.08484888e+03
   2.63953750e+05   1.63743338e+06   1.11920404e+01   0.00000000e+00
   7.61577969e+04   3.31176969e+05   3.75392375e+05   2.90847681e+03
   5.94843506e+03   1.91207202e+03   6.63001562e+03   1.07249489e+02
   8.14732422e+03   3.88277490e+03   1.92363667e+00   7.90205322e+03
   3.94319963e+00   6.61644470e+02   1.52188008e+04   7.65888672e+03
   4.04317334e+03   6.16276503e+00   8.21458812e+05   2.09920435e+03
   1.04884529e+02   6.49890576e+03   3.39290312e+04   3.35981421e+03
   3.89534531e+04   2.52225352e+04   2.06815500e+05   3.13823166e+01
   2.25364380e+01   0.00000000e+00   2.32379234e+05   4.14650820e+04
   2.06765352e+04   1.61005203e+02   1.21594512e+04   5.54595188e+05
   9.13136484e+04   1.20356100e+06   0.00000000e+00   5.26755371e+03
   6.16924512e+03   1.59918145e+04   2.62703101e+03   3.92425094e+05
   2.59620906e+05   1.70728357e+03   7.30520996e+03   1.93478564e+03
   3.37990552e+03   3.82525952e+03   5.26064014e+03   9.69973145e+02
   1.10846539e+01   1.49592125e+05   3.49616523e+04   1.38189490e+03
   4.79793518e+02   2.62965584e+00   3.75846558e+01   1.28562148e+04
   2.68577906e+05   4.89865527e+03   1.02482744e+06   4.97441455e+03
   1.75996826e+03   1.29264562e+06   0.00000000e+00   0.00000000e+00
   5.14373230e+02   6.42817656e+04   0.00000000e+00   0.00000000e+00
   1.78817963e+02   8.62620850e+01   1.37814258e+04   8.25882324e+02
   4.01480438e+05   1.20771461e+05   9.04922266e+04   6.85110234e+04
   2.67294531e+04   3.48768812e+05   1.89985371e+04   2.05944395e+04]
[  2.51359719e+05   3.61412891e+04   5.86012512e+02   1.16814087e+03
   3.26802688e+05   3.40612793e+03   1.54813594e+04   3.61731953e+04
   1.22031421e+03   8.06161688e+05   7.94782227e+03   4.22394219e+04
   1.88653086e+04   4.88830811e+03   2.62384399e+03   9.84626160e+02
   1.34622450e+01   2.97597339e+03   2.66736221e+00   7.65936218e+02
   2.09957495e+03   1.99122750e+05   2.24900293e+04   3.51009937e+03
   3.16336212e+02   4.70522900e+03   1.70937390e+03   2.17539266e+05
   9.88129785e+03   1.18514711e+05   1.79001740e+02   8.68726465e+03
   3.13470781e+04   3.28276484e+04   4.31296783e+02   2.64177832e+03
   5.11501594e+05   1.25364538e+06   1.75599377e+03   9.35661062e+05
   7.90894348e+02   8.11794006e+02   1.30888904e+03   4.84471250e+04
   2.59837109e+03   6.92801514e+03   1.60966760e+03   1.08893516e+04
   5.65455420e+03   3.19092139e+03   2.41152754e+04   7.90003375e+05
   5.73490143e+01   6.42473373e+01   4.71410797e+02   5.46234326e+03
   3.57719995e+03   1.93548516e+05   0.00000000e+00   1.09890557e+04
   1.30923401e+03   6.38516914e+04   1.53735486e+03   1.54135559e+03
   1.36349863e+04   1.22379365e+04   8.66353320e+03   4.35222021e+03
   2.34400688e+05   6.47008203e+04   3.03182793e+04   5.29808472e+02
   3.52002070e+04   1.42872422e+04   2.05612891e+05   2.61955957e+04
   1.00231188e+05   2.20713711e+04   5.25734229e+03   7.83259460e+02
   1.32646723e+01   1.44527416e+01   7.67155000e+04   5.03662476e+02
   5.99593281e+04   1.15046959e+02   1.19361688e+05   5.03397125e+02
   7.09372950e+00   5.93675354e+02   2.40474640e+02   2.71243604e+03
   2.02816250e+04   3.51638623e+03   6.46799492e+04   4.18018945e+03
   1.76658478e+02   2.17233797e+05   6.31414250e+05   1.29826266e+05
   8.10044824e+03   1.55980352e+04   2.58927979e+02   2.83758392e+02
   6.25551484e+04   1.71187378e+03   2.97743969e+05   9.99724414e+03
   1.26684029e+02   5.27282568e+03   1.44373291e+04   8.20918848e+03
   2.59302363e+04   1.85620752e+03   3.29769165e+02   4.12542930e+04
   3.35477997e+02   8.02580000e+04   4.53737227e+04   6.35270703e+04
   5.90270805e+00   7.36406562e+05   2.39918418e+04   2.32124281e+05
   6.00324268e+03   1.76366626e+03   1.06602061e+04   1.17984285e+01
   5.18671814e+02   7.81580566e+02   6.22420105e+02   2.64270098e+04
   2.56759668e+04   2.94381567e+03   1.59446213e+02   9.66459668e+03
   7.86142578e+03   9.36163359e+04   6.93132227e+03   1.06733215e+03
   2.86452365e+00   2.06277148e+04   1.93606995e+03   2.69314258e+04
   2.98442930e+04   2.94333374e+03   6.80015430e+03   4.70546532e+01
   5.62381523e+04   6.28837793e+03   5.00221289e+03   9.60567656e+04
   7.22193750e+03   1.52212750e+05   2.76397675e+02   1.65335742e+04
   6.78605859e+04   2.73407043e+02   1.00935039e+05   5.95546417e+01
   8.50739319e+02   3.81949707e+02   6.74094043e+03   2.20256378e+02
   1.67798840e+03   8.43585571e+02   2.55995117e+04   2.52137453e+05
   9.42005249e+02   2.91032520e+04   7.10229187e+01   8.14269958e+02
   5.23008301e+02   1.71219177e+03   1.19465859e+04   9.42317090e+03
   4.62632930e+04   4.51077734e+03   7.25014141e+04   1.13260400e+04
   1.98063562e+03   3.30226914e+04   8.91972266e+03   5.20704248e+03
   5.03456992e+04   1.26085986e+03   1.37614422e+05   1.66356055e+03
   8.88182656e+04   5.12323406e+05   4.59714766e+04   1.64326819e+03
   9.12620667e+02   6.70022578e+04   4.59159756e+00   1.43558823e+02
   2.20117344e+04   3.75376562e+03   6.55836328e+03   5.27933447e+03
   1.85226318e+03   2.28690376e+01   1.66495391e+04   2.55232406e+05
   8.02579531e+04   3.85874023e+02   3.59353906e+03   8.62386328e+03
   2.38651875e+05   4.06946748e-01   3.10459167e+02   1.04199990e+04
   2.64857598e+04   1.75881523e+04   5.93343164e+04   1.08457100e+02
   5.90634473e+03   4.93741602e+03   2.63347836e+01   4.88643789e+04
   1.12425723e+04   6.27110889e+03   1.26297129e+04   1.38486270e+04
   4.86602295e+03   2.67508411e+01   8.07707062e+01   9.34124805e+03
   4.63363861e+02   2.42309707e+04   1.06059736e+04   7.64217656e+04
   4.70414246e+02   2.77306621e+04   1.08538912e+06   3.54014429e+03
   1.08282385e+03   3.64554370e+03   7.18287000e+05   1.55592908e+03
   6.17356592e+03   1.67036865e+02   1.57169958e+03   3.52885590e+02
   1.70437734e+04   3.23295000e+05   5.33254395e+01   2.52601757e+01
   2.12893609e+05   2.24836445e+04   9.99462306e-02   4.37307305e+04
   4.33297705e+03   1.58679272e+03   1.82193445e+03   3.89734717e+03]
[  3.57615448e+02   1.89158477e+04   1.57776787e+04   1.61463584e+04
   3.80060181e+02   7.42432578e+04   1.34900055e+01   2.66833130e+03
   4.21482239e+01   7.26702261e+00   5.77259297e+04   5.95995312e+03
   3.19651147e+03   3.93595166e+03   5.22088379e+03   9.22381439e+01
   1.06767148e+04   1.57160264e+04   3.13691035e+04   2.64905225e+03
   6.94488449e+01   7.14865625e+04   1.31488135e+03   5.09414597e+01
   3.47350781e+04   1.25795107e+04   9.54156719e+04   9.21283398e+03
   6.26077188e+04   6.35058057e+03   6.84395215e+03   1.01916492e+05
   1.72500703e+04   2.34541582e+04   2.88513477e+04   7.50509219e+04
   8.15906641e+04   1.29943457e+03   2.54484741e+02   3.20460410e+04
   5.07228127e+01   1.04455164e+05   3.25566855e+04   3.53610586e+04
   2.59514465e+02   8.01981201e+03   5.61091309e+03   2.54208535e+04
   0.00000000e+00   3.19297695e+04   7.78808984e+04   7.49489624e+02
   4.12881672e-02   1.34436914e+04   6.88577637e+03   1.29258398e+04
   7.37597809e+01   4.57760620e+02   6.02985596e+02   3.36223663e+02
   3.03645874e+02   1.18051359e+05   1.71602109e+04   1.23098743e+03
   7.78439209e+02   7.36482568e+03   3.41433319e+02   1.32176788e+02
   7.05026953e+03   1.50180798e+03   2.31148242e+04   2.38619751e+03
   3.46660078e+04   1.09933948e+03   1.38563900e+01   9.12456909e+02
   3.42214203e+02   8.92516136e+00   7.81238203e+04   4.39881289e+04
   6.70119905e+00   3.63563037e+03   3.09878784e+03   5.83796758e+04
   1.63876282e+03   0.00000000e+00   4.34341240e+01   7.81009216e+02
   9.35817969e+04   4.00649453e+04   1.38607031e+04   4.93743591e+01
   9.93454219e+04   6.71493213e+03   2.02313008e+04   4.49157031e+03
   2.11190762e+04   2.64716949e+01   2.61926973e+04   1.34905186e+04
   9.69403320e+03   3.24909729e+02   9.23177422e+04   4.34872119e+03
   3.81919688e+04   2.47122285e+04   1.23066101e+03   4.97563047e+04
   5.91681094e+04   1.87762354e+03   7.10237207e+03   1.96264618e+02
   3.15668633e+04   5.57062340e+00   2.33803589e+02   2.11360547e+04
   0.00000000e+00   1.40243486e+04   2.11401062e+01   2.90166172e+04
   7.72468628e+02   6.20341016e+04   1.70877500e+04   1.47447168e+03
   6.93264453e+03   2.81812637e+04   1.52822241e+03   2.71918047e+04
   1.67805020e+04   5.36893359e+03   1.28975494e+02   8.84800488e+03
   1.26691465e+04   5.14906641e+03   2.64282070e+04   8.35316086e+00
   4.85555713e+03   4.06806040e+00   1.02057953e+03   7.14367523e+01
   1.79580254e+04   8.60049988e+02   5.56480713e+03   0.00000000e+00
   4.91095215e+03   6.63757507e+02   1.18643384e+03   5.86922803e+03
   4.44314606e+02   1.64557910e+04   6.14003047e+04   3.65718164e+03
   3.09580383e+02   1.47660193e+03   1.28270569e+02   0.00000000e+00
   7.82165833e+01   5.15522766e+02   6.14042542e+02   7.79039297e+04
   1.81629199e+04   3.26948462e+03   1.52260459e+04   7.16931760e-01
   4.79320586e+04   1.39213879e+03   6.45912617e+04   5.66049423e+01
   1.53257637e+04   2.23220332e+04   2.84316376e+02   7.80033496e+03
   4.10286406e+04   1.20614600e+03   2.80279043e+04   3.32278750e+04
   3.39385898e+04   6.02540625e+03   1.31755811e+04   1.07778862e+02
   3.60414766e+04   2.59001495e+02   1.14133047e+04   2.19182695e+04
   3.31782471e+03   2.04163184e+04   4.33516641e+04   5.26535205e+03
   2.13387158e+03   1.36769824e+03   4.57423291e+03   1.70689316e+04
   7.72160596e+03   1.01404281e+05   7.19456875e+04   3.66036758e+04
   7.12653467e+03   1.87129766e+04   5.62742676e+02   1.81563135e+03
   1.01571336e+05   1.64762344e+04   7.00191269e+01   6.35359141e+04
   7.40443281e+04   1.29085083e+02   2.55757109e+04   5.64072344e+04
   1.47683632e+00   2.50144787e+01   3.88628174e+02   8.46135803e+02
   2.82803040e+02   2.97526611e+03   3.00553359e+04   2.18030713e+03
   3.76096558e+03   9.05826953e+03   2.28930859e+04   1.60300684e+04
   2.57046631e+03   6.32643242e+04   3.36426467e-01   1.82797775e+01
   3.73913945e+04   3.04214819e+03   8.46369568e+02   3.42961788e+00
   5.54048279e+02   3.64485303e+03   1.87467590e+02   6.39330006e+00
   6.05768164e+04   4.51505938e+04   4.16444688e+04   1.44520691e+03
   4.48100234e+04   1.50686328e+03   8.07274512e+03   7.56756787e+03
   1.32594844e+04   2.68468926e+04   4.43216992e+03   3.10645918e+04
   4.60216644e+02   9.66789141e+04   5.84052979e+03   5.84614716e+01
   1.75067109e+04   3.00873301e+04   3.48936055e+04   3.14258438e+04
   2.64524561e+03   8.78313047e+04   1.02763398e+04   6.30395352e+04
   7.55930000e+04   6.58164429e+02   6.92568512e+01   6.35667422e+04
   4.83516836e+04   5.00128937e+01   2.58842847e+03   1.43192236e+03
   6.04221439e+00   8.55659766e+03   6.20706909e+02   6.26967344e+04
   2.96396289e+04   7.52902893e+02   2.36120510e+01   9.03143188e+02
   8.23802637e+03   7.50589404e+03   8.37481328e+04   2.93037676e+04
   0.00000000e+00   2.55130444e+01   8.93415781e+04   7.55169092e+03
   1.10765228e+01   1.19482910e+03   1.45000391e+03   8.41324141e+04
   2.32156128e+03   1.63511108e+03   4.17801952e+00   8.62081482e+02
   7.50199585e+02   5.28314990e+03   1.05864648e+04   4.51740039e+03
   3.55062227e+04   2.02455078e+04   4.47065781e+04   1.20207593e+03
   1.06861258e+01   4.96889448e+00   1.71235293e+04   8.22088203e+04
   7.55367851e+00   1.78524805e+03   1.01434395e+04   2.17702312e+01
   7.39902100e+02   4.54777852e+04   2.80411353e+03   2.62529846e+02
   5.98781172e+04   2.55309616e+02   1.29052216e+02   4.99806934e+03
   2.89788391e+02   7.42912231e+02   5.54126016e+04   5.87464492e+04
   2.30898914e+01   2.24104258e+04   3.44598340e+03   5.19828076e+03
   2.96796204e+02   4.02330713e+03   7.32001328e+04   4.73641260e+03
   7.37764062e+04   1.00251797e+05   1.11853914e+05   1.70577910e+04
   3.29047109e+04   9.16145386e+02   2.05728965e+04   3.26944141e+03
   5.71869102e+04   2.95956726e+02   1.16962524e+03   5.67693477e+04
   6.94464874e+01   4.49623389e+03   1.94721118e+03   1.96834277e+04
   4.93080195e+04   1.46777539e+03   5.16158105e+03   9.39112854e+01
   3.55833244e+01   5.23709326e+03   1.62000215e+04   2.03928726e+02
   1.14820049e+04   1.12857849e+03   1.44683564e+04   1.48843964e+02
   3.64644989e+02   4.76653828e+04   4.98154297e+03   1.44212341e+03
   9.09651953e+04   5.37743835e+02   2.44706875e+04   1.00298105e+04
   3.82447461e+04   6.63136094e+04   1.82819046e+02   1.54568115e+02
   1.50973584e+03   1.73406177e+03   7.02976406e+04   3.81077637e+03
   3.70372656e+04   4.44443359e+03   4.95626367e+03   2.28451831e+03
   2.09916406e+04   1.86248734e+02   8.01805566e+03   7.95366016e+03
   1.52473848e+04   4.59807471e+03   1.63120819e+02   1.43956238e+02
   2.84420879e+04   7.81196094e+03   1.47132416e+02   1.15438281e+04
   2.64920776e+03   4.39168408e+03   4.32653613e+03   1.47381455e+04
   1.25177319e+03   6.12040710e+01   2.06145410e+03   4.94252197e+02
   4.45216113e+03   1.49357627e+04   2.28934023e+04   8.97982266e+04
   5.62496109e+01   1.53990250e+02   9.42155396e+02   6.98071213e+01
   1.82270794e+01   3.18980005e+03   1.26972109e+04   7.71780703e+04
   2.23774629e+04   8.66124316e+03   4.44609131e+03   3.42503700e+01
   5.05899286e+00   6.06839142e+01   6.80241504e+03   1.60955771e+04
   6.55558691e+03   6.15113098e+02   3.98723594e+04   2.22469922e+04
   1.26466968e+03   1.34396211e+04   2.41361602e+04   9.63109766e+03
   2.53551538e+03   2.56719385e+03   4.26428027e+03   4.40806602e+04
   5.54440547e+04   1.08929463e+04   3.09034121e+04   2.38605493e+03
   7.13298125e+04   1.10186426e+03   2.14339981e+02   5.13757910e+03
   5.98555352e+04   3.18263418e+04   7.81935840e+03   5.42849268e+03
   2.89567841e+02   1.98471448e+03   1.93378691e+04   3.60351270e+03
   1.39820879e+04   8.57770801e+03   1.13262732e+03   0.00000000e+00
   0.00000000e+00   2.88550039e+04   1.37363892e+02   3.93986987e+03
   2.40168457e+03   5.08027734e+04   1.32570093e+03   6.28517305e+04
   2.74224082e+04   0.00000000e+00   3.49148755e+03   0.00000000e+00
   5.93777100e+02   2.66750703e+04   1.62860680e+01   2.09744434e+03
   2.71420654e+02   8.20304297e+03   1.91338928e+02   5.80743115e+03
   7.59331006e+03   6.97467969e+04   1.16766838e+02   2.02538300e+01
   3.52357422e+02   2.25620190e+03   1.12848225e+01   5.60467468e+02
   8.62144629e+03   1.28236450e+02   1.09171362e+03   1.63995178e+03
   2.79241328e+04   8.67217578e+03   2.26546738e+04   0.00000000e+00
   1.94994034e+02   1.40112402e+03   3.80907461e+04   1.71912732e+03
   6.12257764e+03   2.44067516e+01   2.18972192e+03   0.00000000e+00
   1.20688232e+04   3.03314972e+02   1.12509750e+05   3.76701965e+02
   4.67077246e+03   1.51766895e+03   8.03199414e+03   4.49966797e+03
   4.02312793e+03   8.27089766e+04   1.64909180e+03   4.26323438e+04
   1.25596814e+03   1.26300858e+02   5.26199436e+00   1.85747852e+04
   7.34267151e+02   5.91906914e+04   2.12817090e+03   2.61270452e+00
   3.74459688e+04   2.82432983e+02   1.37522278e+03   1.15826070e+05]
[  7.65646973e+03   9.45153516e+03   1.23443494e+03   2.82926488e+00
   3.45033555e+04   3.93053859e-01   3.47797383e+04   1.74492324e+04
   7.90307969e+04   8.61339111e+01   3.24420074e+02   1.88122988e+04
   4.53194275e+01   6.88251562e+04   3.95381226e+03   4.38859797e+00
   2.41143408e+03   2.22543604e+03   6.29938354e+02   1.54742456e+03
   4.82843555e+03   5.63250488e+03   1.36819446e+03   7.65958710e+01
   1.13672432e+02   9.47152832e+03   1.59023804e+03   1.70047168e+04
   6.44392578e+02   3.97670959e+02   1.35930359e+02   6.81474792e+02
   9.78621277e+02   1.21348716e-01   7.19423828e+02   6.29011719e+02
   1.52603772e+03   1.48085136e+01   2.47243633e+04   2.68971039e+02
   1.93583516e+04   1.64704956e+03   1.29356384e+02   2.76590371e+04
   4.53830371e+03   6.13429138e+02   2.92967554e+03   5.70636719e+02
   9.06111938e+02   2.57834991e+02   2.85455176e+03   2.13507805e+01
   4.14720803e-01   4.82339600e+03   8.83905212e+02   2.80949536e+03
   6.98795508e+03   2.61592316e+02   2.51233627e+02   0.00000000e+00
   0.00000000e+00   1.01662067e+03   6.86900391e+02   5.26308350e+02
   2.06614685e+02   1.54757980e+02   1.20471367e+04   9.09459473e+03
   4.16692188e+04   2.67169342e+02   2.37500763e+02   2.51521973e+04
   3.78771782e+01   9.06231738e+03   3.21420563e+02   5.58624329e+02
   0.00000000e+00   6.05162891e+03   1.73083572e+02   3.34633331e+02
   6.80036316e+02   7.85290156e+04   4.17308047e+04   1.56372881e+04
   8.71794250e+02   9.49438095e+01   6.00650098e+03   1.16884497e+03
   1.14600146e+03   2.16062714e+02   1.80744824e+04   4.46493848e+03
   8.97341675e+02   0.00000000e+00   3.26522949e+03   2.85707512e+01
   1.05642493e+03   1.50022334e+04   3.68317676e+03   4.02677563e+03
   3.28656128e+03   4.20256445e+03   8.35015625e+02   8.90329361e+00
   2.28965332e+02   1.73146399e+03   2.36559961e+04   1.75073853e+01
   3.27890977e+04   7.85868594e+04   8.05341309e+02   1.54003510e+02
   3.41646423e+02   9.56615784e+02   6.99666250e+04   1.82292407e+03
   1.58900558e+02   1.05899988e+03   2.99896526e+01   2.89649261e+02
   8.66248779e+01   2.32370239e+03   4.86188110e+02   1.99378147e+01
   2.83584141e+04   7.94519272e+01   3.91458936e+03   7.70138916e+02
   5.29920340e+00   1.66700898e+04   6.29450035e+01   2.25324570e+02
   1.18632764e+03   9.42696484e+03   1.68036719e+04   2.53400803e+01
   3.73520264e+02   2.60493134e+02   2.01283340e+04   2.34873533e-01
   1.16356018e+02   1.05050148e+02   2.71470264e+03   1.25679291e+02
   4.07478516e+03   7.07777881e+03   9.33143127e+02   3.61838789e+04
   1.19073499e+03   3.19989258e+03   5.72872344e+04   5.00604150e+03
   1.49825557e+04   1.03468555e+03   1.15888145e+02   5.90529102e+04
   4.25658936e+03   1.87505156e+04   1.33171924e+03   4.08713647e+03
   2.40075757e+03   5.04256494e+03   4.19901162e-01   1.85785370e+02
   2.89812578e+04   1.74905811e+03   6.31481367e+04   3.79725862e+00
   4.03426978e+03   1.13436338e+04   6.62966675e+02   1.40287256e+03
   5.87832930e+04   1.24823945e+04   8.04446936e-01   7.71756592e+01
   1.82755017e+03   6.06486133e+03   5.82140930e+02   3.84534698e+02
   7.28780703e+04   2.65370087e+02   7.06576355e+02   0.00000000e+00
   1.86980684e+04   3.86087070e+04   8.42803955e-01   7.95457581e+02
   1.56936905e+02   6.00859883e+04   1.45073730e+03   7.15573502e+01
   1.67722759e+01   5.82347266e+04   5.78263721e+03   4.51478564e+03
   2.26680012e+01   1.37734658e+04   2.18469574e+02   3.09022891e+04
   1.24252051e+04   1.92449890e+02   0.00000000e+00   1.06400833e+02
   1.54530537e+04   4.93527313e+02   3.66657333e+01   3.73694141e+03
   1.42645462e+02   3.47696973e+03   1.82371155e+03   1.06091248e+03
   3.12950952e+03   9.69170703e+03   4.29597773e+04   5.89748242e+04
   2.84221133e+04   1.07796585e+02   2.41834717e+02   3.93079180e+04
   4.99854785e+03   5.56293182e+01   3.94865918e+03   2.70786621e+02
   8.09829932e+03   2.41857529e+01   5.65441357e+03   3.88309180e+04
   1.19429932e+03   3.18550415e+03   4.69510078e+04   4.17686462e+02
   2.66998566e+02   1.86910034e+03   5.70523262e-01   6.96348359e+04
   6.72124219e+04   2.56334277e+03   3.09996319e+01   3.97941475e+01
   2.57061328e+03   8.11520691e+02   9.16029434e+01   2.21077441e+03
   8.27315820e+03   4.61921436e+03   0.00000000e+00   5.23967461e+04
   3.90455017e+01   1.53422241e+02   2.05727148e+03   3.48511887e+01
   6.84569580e+03   1.63906269e+01   2.22574673e+01   2.37746181e+01
   3.82207947e+02   1.36337500e+03   6.56699463e+03   3.99768848e+03
   2.45307690e+03   1.90123669e+03   7.50729126e+02   9.93896484e+02
   9.58080811e+02   8.19864746e+03   6.91195602e+01   1.76757852e+04
   4.20439062e+03   6.42358984e+03   3.39508362e+02   7.10726135e+02
   9.99761353e+01   2.79802917e+02   7.87177277e+01   3.97049022e+00
   1.73126758e+04   0.00000000e+00   1.96021411e+03   1.64659023e+04
   6.91938721e+03   1.35384872e+02   1.86724062e+04   0.00000000e+00
   8.70547028e+01   1.27296357e+04   2.11612720e+01   2.55241270e+04
   3.74570709e+02   1.27995996e+03   1.74723938e+02   3.32102075e+03
   6.29010273e+04   1.00719932e+04   2.53189038e+03   7.36004199e+03
   3.86096211e+04   1.53545654e+03   3.69278755e+01   1.05136719e+03
   7.71120834e+00   1.60978552e+03   2.90896484e+04   6.40713930e+00
   2.40636475e+03   1.27197471e+04   2.61203613e+03   5.43867773e+04
   2.81442047e+02   9.95748596e+01   1.97943085e+02   2.95541211e+03
   3.10727363e+04   1.68564091e+01   5.97288025e+02   5.90599442e+01
   5.11885977e+04   1.36794071e+01   2.21749054e+02   1.54721939e+02
   9.81687927e+02   1.76568027e+04   9.66207910e+03   2.67891660e+04
   6.32493594e+04   3.80483154e+02   2.52456665e+03   1.03670488e+04
   2.05681152e+02   7.30553246e+00   6.37753438e+04   2.44491875e+04
   3.70387268e+01   1.18163098e+03   1.24982822e+04   2.88299390e+03
   0.00000000e+00   1.11356279e+04   2.55947083e+02   9.33159332e+01
   1.45568525e+04   2.53896631e+03   1.11593518e+03   3.90760898e+04
   3.17319336e+01   1.94719373e+03   2.85280273e+02   1.90788477e+04
   3.96124141e+04   3.37657562e+02   2.06061440e+01   2.99729443e+03
   4.59474213e+02   4.98587354e+03   8.17479141e+04   2.97201992e+04
   4.80572998e+02   1.51811951e+02   9.10433496e+03   4.29735489e+01
   1.41707800e+03   1.15287744e+03   2.22521172e+01   2.71857513e+02
   1.50244531e+04   2.91456992e+04   8.68551575e+02   1.95977988e+04
   3.36596954e+02   3.61971094e+04   5.79852676e+00   9.19601855e+03
   1.39122668e+03   7.65475000e+04   5.12010681e+02   1.62339575e+03
   2.95776062e+02   2.00212265e+02   2.36999609e+03   1.50503408e+04
   5.28336328e+03   8.17275098e+03   2.84256516e+01   1.49824753e+02
   5.89022705e+02   3.39990977e+04   2.35567207e+04   3.85766846e+03
   6.04902031e+04   1.80172632e+03   1.11617911e+00   1.15738668e+01
   2.47736694e+03   7.13338525e+03   1.85629382e+03   4.63514795e+03
   7.60468701e+03   7.52734995e+00   3.39121796e+02   9.88895264e+02
   1.29356354e+02   3.81769653e+03   1.63742363e+04   1.33456094e+04
   7.88301221e+03   0.00000000e+00   7.26612969e+04   6.50809082e+02
   2.55560107e+03   4.74770393e+01   7.90885352e+03   3.63173584e+02
   3.60030127e+03   1.27782217e+04   5.13611183e+01   1.44579816e+00
   3.59643974e+01   2.88895752e+03   4.05457764e+03   2.97698761e+02
   8.14652954e+02   1.37354202e+02   7.36025513e+02   2.37901318e+03
   1.72164539e+03   3.53874805e+04   5.80769768e+01   6.95308971e+00
   2.39851416e+03   8.01216507e+01   2.58163110e+03   3.13142207e+04
   1.23517896e+03   2.06732712e+02   4.62932739e+02   7.36386902e+02
   2.22918311e+03   6.78342346e+02   3.80268281e+04   2.16491992e+03
   1.57526143e+04   3.42622864e+02   2.40346704e+03   2.10735938e+03
   1.49792471e+01   3.48892242e+02   4.09433960e+03   4.80402252e+02
   7.99476685e+02   5.47455444e+01   0.00000000e+00   4.54696625e+02
   3.35595936e-01   0.00000000e+00   1.00322041e+04   0.00000000e+00
   7.80762553e-01   1.34816858e+03   3.51185918e-01   3.82118073e+02
   7.86854053e+03   6.78875427e+02   5.25444580e+03   4.65895142e+02
   7.01058281e+04   2.46410801e+04   1.12037605e+02   2.89555396e+03
   8.29285156e+02   1.13270850e+04   2.26390000e+04   2.04831680e+02
   2.13039093e+02   3.01385612e+01   6.43484192e+02   6.34968262e+03
   1.21935681e+03   5.21245544e+02   2.14377344e+03   0.00000000e+00
   8.79703516e+03   8.10385840e+03   1.39215906e+03   2.62073994e+01
   2.48040771e+02   8.14865723e+02   3.76346211e+04   6.76770401e+00
   8.64396057e+02   2.04692993e+02   8.76751250e+04   4.49807617e+03
   3.16480774e+02   2.16375092e+02   2.25555553e+01   5.36775146e+03
   2.79353424e+02   2.33003922e+01   2.24403027e+03   5.21374121e+03
   9.81259155e+02   2.40565015e+03   1.49224091e+01   3.38574005e+02
   9.23031921e+02   8.21688359e+04   2.45102329e+01   8.89104919e+02
   0.00000000e+00   1.42224297e+04   1.05211719e+04   4.37441943e+03]
[  1.38103165e+02   9.13288477e+03   1.41091324e+02   1.39503650e+03
   4.86348450e+02   1.54467031e+04   8.71600037e+01   8.11648682e+03
   4.98897510e+03   3.57184102e+04   2.15733307e+02   6.37501907e+01
   6.43430811e+03   2.90346602e+04   2.17514185e+03   1.75108643e+02
   2.29293726e+03   2.14090283e+03   5.56146328e+04   9.70501831e+02
   1.72514570e+00   3.77430298e+03   1.18594482e+02   1.33347998e+03
   1.46896992e+04   1.21030090e+02   5.92240918e+03   1.19379227e+02
   4.14402954e+02   1.15175659e+03   1.18379810e+03   2.41088232e+03
   3.33853180e+02   0.00000000e+00   2.32609644e+03   8.33223038e+01
   4.38514008e+02   7.31913828e+04   0.00000000e+00   6.06477979e+03
   9.76920703e+03   1.52885323e+01   2.56910181e+00   5.65701233e+02
   4.64650781e+03   8.54795532e+01   4.21018799e+03   9.90199414e+03
   2.70790710e+02   4.31797333e+01   5.80995789e+02   2.32586499e+03
   6.13946571e+01   1.37283818e+04   1.33356494e+04   4.22590039e+04
   2.18773071e+02   8.64813477e+03   2.41679268e+01   2.65498047e+03
   3.22286572e+03   7.77741028e+02   1.42704822e+03   3.54978821e+02
   3.47280200e+03   4.51406799e+02   8.60971375e+01   1.43565231e+02
   1.02148285e+02   1.11442566e+01   7.03963928e+02   1.49663447e+04
   3.86464609e+04   9.42039261e+01   2.56461406e+04   4.55174751e+01
   7.90904236e+01   3.26417480e+02   3.96835571e+02   1.26548721e+04
   5.51193726e+02   2.72173574e+04   1.41851602e+04   7.68892334e+03
   5.70868320e+04   1.16600220e+02   2.32436548e+03   1.10972402e+04
   1.15406914e+04   3.02763281e+04   1.92721291e+01   2.10094165e+03
   1.15400421e+02   5.05611865e+03   8.06389099e+02   3.66945752e+03
   6.02678223e+03   1.96729374e+00   1.38871729e+04   7.95388733e+02
   1.54919348e+01   2.42365234e+03   6.00208893e+01   5.51300781e+03
   7.83753300e+00   5.40105867e+00   1.14015295e+03   3.45544531e+04
   5.81861782e+00   2.13971055e+04   4.93547241e+02   4.20676680e+04
   1.25560815e+03   5.09691887e+01   8.24288845e+00   2.09793732e+02
   4.40005829e+02   1.55091025e+04   5.24454956e+02   5.09250975e+00
   5.57762241e+00   8.28381958e+02   6.00965723e+03   2.19295578e+02
   3.85202362e+02   8.18572217e+03   2.81618622e+02   2.98384819e+01
   3.07474731e+02   2.88640106e+02   1.49722256e+04   6.65346497e+02
   1.03523705e+02   1.22633386e+03   3.96566589e+02   4.08563379e+03
   4.83670781e+04   0.00000000e+00   1.02473480e+02   2.44387436e+01
   7.33673751e-01   1.71397125e+02   5.09210419e+02   1.82208450e+02
   9.46777496e+01   9.31257202e+02   2.44572339e+03   0.00000000e+00
   1.21093445e+02   3.77521914e+04   1.05573448e+02   3.45740356e+02
   5.40410156e+02   5.18293750e+03   3.86980682e+02   1.69881309e+04
   1.54316463e+01   5.35759583e+02   2.13564102e+02   8.54874414e+03
   7.98211975e+01   9.17119019e+02   4.53418915e+02   9.77541122e+01
   4.17214297e+04   3.74593468e+01   2.83225037e+02   2.17830859e+03
   6.91837793e+03   8.69566797e+03   2.70356512e+00   2.86609211e+01
   7.87674512e+03   9.66736511e+02   2.04337158e+01   1.87592932e+03
   4.59171328e+04   5.69734009e+02   3.38094414e+04   1.76163013e+03
   2.40576426e+04   1.76403027e+04   2.91596222e+01   4.76899023e+03
   9.60856140e+02   0.00000000e+00   1.28909082e+03   3.07273706e+03
   4.84188309e+01   2.40801376e+02   1.20436111e+02   1.92206833e+02
   1.77240173e+03   4.87856348e+03   1.33742053e+03   1.23604551e+04
   1.57482947e+03   4.81505981e+02   2.09786896e+02   2.18611011e+03
   2.23261377e+03   8.01373047e+02   1.38984424e+03   0.00000000e+00
   2.86335474e+03   9.64681702e+01   3.15646338e+03   1.48617358e+03
   5.07435303e+03   6.09316211e+04   2.05589417e+02   6.25570801e+02
   4.81197070e+03   4.62857178e+03   1.03579163e+02   1.21979736e+04
   6.10359648e+04   1.55385712e+02   3.78942375e+01   3.98148291e+03
   1.09304629e+04   1.24095428e+02   5.79150867e+00   1.69788354e+03
   4.31258392e+02   8.65775223e+01   2.93385193e+02   9.19926682e+01
   6.15184570e+02   1.17553223e+02   8.78109837e+00   1.25010185e+02
   8.22180420e+02   4.49589691e+01   1.25670586e+01   1.14363441e+01
   2.04458145e+02   3.42292877e+02   1.81181091e+03   8.65338326e+00
   2.12437267e+01   3.82087364e+01   1.13636047e+03   3.43668359e+04
   3.52199688e+04   5.53246533e+03   2.81230896e+02   5.77935364e+02
   6.24747391e+01   2.88856354e+02   5.60329712e+02   1.10356453e+02
   8.01395459e+03   6.80232971e+02   0.00000000e+00   1.58596664e+02
   1.26178125e+03   1.17244158e+01   7.74212708e+02   2.46870575e+01
   2.38265015e+02   4.04185028e+02   2.18392929e+02   2.26974983e+01
   3.92666367e+04   9.78292786e+02   2.84262461e+04   5.55939148e+02
   1.92067566e+03   4.25973415e+00   7.91080017e+01   1.18879736e+03
   5.56791420e+01   2.90793400e+01   3.18992109e+04   7.21117188e+02
   8.87030029e+02   7.74935852e+02   5.66503613e+03   1.01826885e+04
   2.52098068e+02   1.35910049e+02   2.80031281e+02   6.54156484e+04
   3.12278809e+03   3.08007495e+03   1.03783271e+04   4.99704895e+02
   3.58135468e+02   1.16104873e+04   2.24120532e+03   1.71397534e+03
   1.15483301e+04   1.51937805e+03   9.67375793e+01   1.19384570e+03
   5.00565332e+03   3.37038391e+02   4.78093652e+03   6.01600266e+00
   1.71117866e+00   2.92553345e+02   1.17765762e+04   7.30708160e+01
   1.43012578e+04   5.59869453e+04   1.29854993e+03   9.85756897e+02
   5.04589258e+03   6.84054004e+03   3.62378025e+00   3.51043970e+03
   1.34327602e+00   2.54881128e+03   2.46078882e+03   1.31172549e+04
   6.58944458e+02   3.13730542e+03   4.19731178e+01   1.01706191e+04
   3.27040259e+03   3.20922246e+04   1.16248132e+03   2.70957812e+04
   2.02573746e+02   8.99620728e+02   2.93207471e+03   2.51289093e+02
   9.53024414e+02   1.57108017e+02   5.48902734e+03   4.16582080e+03
   1.06450140e+00   1.30908887e+03   1.50473770e+02   2.65735815e+03
   1.08830849e+02   4.36443994e+03   2.25601514e+03   1.95810117e+04
   2.38794531e+04   1.19207507e+03   1.47553802e+02   8.77100449e+01
   2.82296371e+01   4.78831696e+02   1.56704561e+04   1.04856177e+03
   4.98180811e+03   6.99278125e+03   2.10340039e+03   5.33906133e+04
   7.24524918e+01   1.83243335e+03   1.06703662e+03   2.08104614e+02
   1.61407988e+04   1.89924133e+03   1.61933193e+04   6.12655163e+00
   5.39924883e+04   3.19135010e+02   3.00609297e+04   3.75470276e+02
   5.23709521e+03   2.91991943e+02   1.12668442e+02   7.01787646e+03
   5.05204285e+02   1.28184460e+03   2.30161987e+02   2.21393457e+03
   9.89008255e+01   8.91444824e+03   1.81688446e+02   9.69233828e+04
   1.03197139e+04   1.22737708e+03   5.09550244e+03   8.87420654e+02
   6.27298470e+01   1.12523336e+05   3.15037646e+03   2.91615936e+02
   5.49185425e+02   7.03089014e+03   3.12567596e+02   1.14996748e+01
   1.25325696e+03   8.47577454e+02   5.79419766e+04   3.01217358e+03
   1.49684021e+03   3.89067188e+04   5.64843281e+04   1.27300377e+02
   1.14220161e+02   4.76265820e+03   3.74332397e+03   8.79409766e+03
   2.93180298e+02   1.27346895e+04   1.24813599e+03   1.66010120e+03
   9.03290844e+00   1.23790449e+04   4.01030388e+01   1.27748181e+03
   8.47553528e+02   1.47896448e+03   1.02212640e+03   9.49459668e+03
   1.34198438e+04   4.16830048e+02   1.15611182e+03   7.84027290e+00
   1.43382202e+03   2.41543747e+02   1.05990398e+00   1.14011475e+02
   1.30678040e+02   1.89908281e+04   5.33193213e+03   1.56097345e+01
   5.63461731e+02   4.13436816e+03   7.28256897e+02   1.20146973e+02
   3.13000269e+03   7.56037646e+03   4.51351367e+04   3.92543579e+02
   1.09710518e+04   5.98128418e+02   9.93003693e+01   2.49644806e+02
   1.54077835e+02   3.19582844e+01   2.05700098e+04   9.81739902e+00
   1.37749985e+02   8.99487534e+01   8.58359299e+01   4.35991764e+00
   1.21769724e+01   1.48463721e+04   6.73664978e+02   1.09475601e+02
   1.11670398e+03   1.62165547e+04   1.46250900e+02   1.25525928e+03
   4.04561882e+01   1.16837992e+05   3.02026289e+04   7.35140305e+01
   1.53769116e+03   9.05824707e+03   1.20192988e+04   1.09894160e+04
   7.93277441e+03   9.76708398e+03   9.07805859e+03   9.11991150e+02
   9.99431934e+03   1.31455347e+03   4.04021301e+02   2.33655060e+02
   1.06592224e+03   6.10809364e+01   9.13946387e+03   9.77191699e+03
   1.31738516e+04   1.48406240e+04   4.53910156e+02   2.45087662e+02
   7.67002197e+02   1.28967261e+03   9.26503052e+02   1.70506621e+04
   3.90605981e+03   1.62774887e+02   2.08759473e+04   1.27000389e+02
   0.00000000e+00   0.00000000e+00   3.05418213e+03   1.98067642e+02
   1.18028149e+03   5.97563379e+03   4.08303516e+04   1.69518477e+04
   1.28450459e+04   1.15269019e+03   2.22280029e+02   4.20375366e+02
   8.52697571e+02   4.35340538e+01   1.44222156e+03   2.63280444e+03
   2.06929062e+04   2.13706680e+04   1.76964588e+01   1.20637354e+03
   1.21341709e+04   1.96684219e+04   2.81725128e+02   2.18063488e+01
   4.22107117e+02   7.33798170e+00   3.73332596e+01   1.84194395e+04]
[  2.32112274e+02   2.83366251e+00   2.39086732e-01   5.17845166e+03
   8.55093842e+01   9.80197048e+00   2.42708755e+00   2.14425147e-01
   8.45776672e+01   1.58897095e+02   2.27046795e+01   2.60481445e+02
   1.83328209e+01   4.78189850e+01   1.44243698e+01   4.05767113e-01
   0.00000000e+00   2.66720825e+02   0.00000000e+00   0.00000000e+00
   1.76501938e+02   1.20820732e+04   4.74910205e+03   1.55868515e+02
   1.54204407e+01   0.00000000e+00   0.00000000e+00   7.74876648e+02
   2.38125824e+02   7.03070129e+02   5.36083057e+03   6.66143311e+02
   1.27849695e+03   8.33143234e+01   4.82041264e+00   5.19846436e+02
   1.21557369e+01   1.00590254e+04   1.05197974e+03   1.07323206e+03
   5.43694727e+03   2.56806698e+01   1.30424451e+03   1.33530859e+03
   6.55020475e+00   1.25512922e+00   2.18441284e+03   1.89411998e-01
   2.78174191e+01   1.34772148e+01   2.53507309e+01   1.00140009e+03
   0.00000000e+00   8.32243576e+01   1.04123390e+02   4.86887131e+01
   3.93579517e+03   3.60003998e+02   0.00000000e+00   1.40758789e+02
   2.41132874e+02   1.67089424e+01   1.10394049e+00   5.79551025e+02
   5.23109856e+01   2.32509668e+03   2.21594677e+01   0.00000000e+00
   2.70166748e+02   1.32687292e+03   7.35558243e+01   1.63665848e+01
   2.33578739e+01   2.82027496e+02   2.63934088e+00   1.52420142e+03
   5.26752281e+00   8.78106201e+02   1.75281858e+00   8.82422867e+01
   0.00000000e+00   8.40530548e+01   1.61592682e+02   1.00220612e+03
   4.64754639e+01   1.23448238e+01   4.39201260e+00   8.93336678e+00
   9.66939941e+03   2.76072693e+02   9.42108594e+03   6.90484695e+01
   1.11665107e+04   3.78265930e+02   0.00000000e+00   4.24919678e+02
   9.39185254e+03   1.73845410e+00   1.39836804e+03   3.34760284e+01
   7.90021606e+02   1.63431263e+01   1.47764359e+01   1.34491241e-02
   8.25420715e+02   1.05486963e+03   0.00000000e+00   2.21116776e+02
   6.65485573e+00   0.00000000e+00   8.50065613e+00   1.70571243e+02
   1.91050330e+03   4.25276465e+03   3.45559807e+01   1.19051328e-02
   1.35005566e+03   2.48578964e+02   1.59900112e+01   1.20962715e+02
   0.00000000e+00   5.92518555e+02   0.00000000e+00   6.06735849e+00
   2.41565251e+00   1.74275553e+00   1.37491465e+01   6.80226803e-01
   6.62772751e+01   6.46510681e+02   3.19744995e+02   4.91255432e+02
   0.00000000e+00   3.50683975e+01   4.48142181e+02   6.23619995e+01
   7.37753906e+03   7.34587097e+01   1.63234848e+02   3.32274536e+02
   2.27930640e+03   5.25092964e+01   2.84034786e+01   1.99862842e+03
   1.02453012e+01   1.73001528e+00   4.93665695e+01   4.55436993e+00
   5.22259045e+00   1.74228346e+00   1.59936756e-01   5.11851768e+01
   8.46300201e+01   2.76056719e+00   8.51585388e+01   3.48974490e+00
   1.22169226e+03   1.72873058e+01   6.31537390e+00   2.83774490e+01
   1.93851196e+02   3.20275726e+01   1.08660186e+04   5.88259949e+02
   1.00110980e+03   7.12160156e+03   0.00000000e+00   2.09320508e+03
   5.54700745e+02   3.82961743e+03   3.98166013e+00   2.56495190e+03
   1.00914097e+01   5.23504517e+02   1.15186033e+01   1.23947783e+01
   2.91390762e+01   7.28432655e-01   1.17478539e+02   0.00000000e+00
   1.24258337e+01   2.97829590e+03   0.00000000e+00   1.49760864e+03
   2.15572128e+02   7.03373828e+03   4.10394096e+00   2.57936344e+01
   5.09909082e+03   9.54094772e+01   3.22835426e+01   7.33874512e+00
   1.40885535e+03   3.91753845e+02   3.89566376e+02   3.60046539e+02
   2.56833858e+01   1.86574670e+03   2.27332886e+03   4.15383887e+03
   3.78830757e+01   1.13350918e+04   4.01795912e+00   3.48233376e+01
   4.03423462e+01   2.16962051e+01   1.18065137e+03   1.21878979e+03
   0.00000000e+00   2.03780969e+03   4.25863623e+03   7.85024048e+02
   0.00000000e+00   3.93017292e-01   1.24046295e+02   2.00178491e+03
   1.99063293e+02   4.83063126e+00   5.74260044e+00   2.44822235e+01
   4.87475090e+01   1.69037567e+02   3.53585663e+02   8.15689981e-01
   4.52584619e+03   6.12770215e+03   0.00000000e+00   9.51229036e-01
   1.12621605e+00   4.51148102e+02   4.95563164e+01   3.39470642e+02
   1.45589844e+02   1.07702478e+03   2.04926221e+03   9.02393112e+01
   4.91298218e+01   6.07619678e+03   1.51748508e-01   6.19908691e+02
   0.00000000e+00   1.01915840e+04   3.64576836e+01   0.00000000e+00
   0.00000000e+00   2.74869110e+02   6.51884277e+03   0.00000000e+00
   5.24849631e-02   3.81526985e+01   6.12971924e+03   1.17141438e+01
   1.77949677e+01   4.18987846e+01   1.92115765e+01   9.48508606e+02
   9.67148376e+02   3.53213406e+00   1.44618237e+00   6.27783887e+03
   3.63655014e+01   8.21348190e+01   0.00000000e+00   0.00000000e+00
   7.12584496e-01   0.00000000e+00   1.38166857e+00   1.64304395e+03
   1.42153650e+03   1.63298416e+01   2.09420133e+00   1.48106030e+03
   4.96057081e+00   1.05370840e+04   3.54392700e+03   2.03564777e+01
   2.10825464e+03   1.37171736e+01   4.49448929e+01   1.06820421e+01
   4.72244453e+00   5.22465942e+02   9.36906152e+03   2.22667526e+02
   4.34120703e+00   1.17562683e+02   8.41766052e+02   6.39822388e+01
   8.18303466e-01   2.12795639e+00   1.11727783e+02   1.83570032e+03
   1.18280945e+03   3.84395294e+02   0.00000000e+00   0.00000000e+00
   7.42480850e+01   1.83677505e+02   1.34262905e+01   2.43330193e+00
   2.93984161e+02   4.99572876e+02   7.07674316e+03   0.00000000e+00
   2.87195587e+02   9.09524202e-01   1.05615623e+02   0.00000000e+00
   9.32122656e+03   0.00000000e+00   9.98702539e+03   7.90667486e+00
   2.57845726e+01   0.00000000e+00   7.19427228e-01   5.16368018e+03
   3.53046143e+03   2.62367358e+03   6.00036499e+02   2.55128212e+01
   1.08899048e+03   1.60842209e+01   1.74375057e+00   1.51359497e+02
   6.83792236e+02   0.00000000e+00   8.91911125e+00   5.08596230e+01
   1.87369812e+02   1.01901464e+01   2.73423481e+01   3.20793896e+03
   5.27686348e+01   6.08908142e+02   2.50771652e+02   2.07924487e+03
   9.27781250e+02   2.00489709e+03   3.92114258e+03   6.89682999e+01
   1.46217566e+03   0.00000000e+00   1.00536827e+02   2.88359451e+00
   2.09962695e+03   6.56713009e-01   2.84556445e+03   8.03723679e+01
   8.28093079e+02   4.57286415e+01   6.12574348e+01   0.00000000e+00
   4.06504736e+03   6.31279678e+01   0.00000000e+00   1.12943085e+02
   4.75560596e+03   5.60935547e+03   5.80950439e+03   2.83443451e+00
   3.08145676e+01   5.64234138e-01   5.04587936e+01   1.89192749e+02
   4.04382385e+02   4.70354729e+01   0.00000000e+00   2.30414322e+02
   7.38997726e+01   0.00000000e+00   8.22650909e+01   3.36806201e+03
   1.89188881e+01   1.86682495e+02   6.30495033e+01   7.19704666e+01
   2.52175975e+00   9.26535189e-01   0.00000000e+00   1.62251785e+02
   4.58628922e+01   1.17053145e+04   2.85804596e+01   7.45466650e+03
   3.42620636e+02   2.33942334e+03   1.14243713e+03   4.88080864e+01
   1.65871228e+03   3.94008118e+02   5.21927856e+02   2.33224087e+01
   1.14164562e+01   0.00000000e+00   9.28999176e+01   4.35293236e+01
   0.00000000e+00   1.51328783e+01   2.41053223e+02   1.66608139e+02
   1.61811676e+02   1.35750354e+03   6.58054932e+03   3.36942825e+01
   1.61176865e+02   4.33368721e+01   2.05516495e+02   1.17423058e+01
   1.46044064e+01   8.56139941e+03   2.39392300e+01   1.19054670e+01
   4.77779293e+00   3.82813171e+02   2.97523730e+03   1.58328476e+02
   4.62071582e+03   5.70240936e+01   4.68219519e-02   1.21626759e+00
   1.48058633e+04   6.83034241e+02   2.11856594e+01   9.80799019e-01
   4.99672729e+02   1.22424080e+02   0.00000000e+00   3.08048611e+01
   6.63541174e+00   4.58576324e+02   2.27402783e+03   5.67566757e+01
   8.92236786e+01   1.80598743e+03   8.75440857e+02   2.36367321e+01
   3.05691319e+01   5.47343750e+02   1.00190781e+04   5.27675819e+01
   3.55403442e+01   2.01223755e+00   3.91865654e+01   2.68223083e+02
   3.54608841e+01   3.13850617e+00   8.15721533e+03   5.87788184e+03
   1.02107539e+04   2.00762653e+00   1.62422684e+02   1.40400284e+02
   2.39417773e+03   1.30515492e+00   8.49047791e+02   2.22364883e+02
   3.33424301e+01   1.00622715e+04   4.62283249e+01   1.91442822e+03
   0.00000000e+00   4.50271606e+02   3.85510521e+01   8.53724442e+01
   6.02097949e+03   2.02468300e+01   6.53625793e+01   0.00000000e+00
   8.95639420e-01   3.30383148e+02   2.37046143e+02   1.15635414e+01
   1.18421158e+02   4.25789453e+03   1.17025137e+00   1.48014258e+03
   2.00104904e+02   2.79539368e+02   4.87769629e+03   1.45623657e+02
   4.95555029e+03   3.93044189e+02   1.67620499e+02   2.20023518e+01
   4.34838295e+01   1.06948450e+03   4.51695557e+01   5.43917236e+03
   1.98936710e+01   8.59643078e+00   1.14122734e+01   4.36880273e+03
   9.85660934e+01   3.59096289e+00   4.92454987e+01   0.00000000e+00
   2.43339404e+03   3.79581970e+02   5.70706848e+02   4.47191895e+03
   5.26530800e+01   1.04291077e+02   1.29385559e+03   2.93894531e+03
   1.43520212e+00   3.99711035e+03   3.46443868e+00   2.85061615e+02
   0.00000000e+00   8.28802930e+03   0.00000000e+00   1.00623108e+02]
[  2.20444527e+01   5.38320435e+02   6.90763168e+01   2.74293884e+02
   1.29438309e+02   1.15302759e+03   3.77916451e+01   1.41281372e+02
   2.76355934e+01   1.83061504e+01   9.80679382e+02   1.18410400e+03
   2.86467310e+03   1.77599380e+02   2.35593896e+03   1.31907883e+02
   1.34088075e+00   1.75505753e+02   8.50622009e+02   3.97059052e+02
   8.80913696e+01   1.49430761e+01   3.75426514e+03   1.57318436e+02
   1.43746277e+02   3.48018684e+01   5.92393951e+01   8.40638351e+00
   3.96668530e+03   2.53971329e+01   2.96267271e+00   3.99922295e+01
   3.10162988e+03   4.31668968e+01   4.92703772e+00   1.03361987e+03
   4.31776270e+03   2.44545975e+01   5.90049863e-01   1.29277148e+03
   4.84966748e+03   3.91722321e+02   6.95026278e-01   4.08569008e-01
   3.73406935e+00   4.64280487e+02   2.62971021e+03   1.41361732e+01
   1.74801521e+01   6.96584778e+01   3.46791534e+01   8.49368362e+01
   1.48496045e+03   4.20818054e+02   4.91637848e+02   3.59373145e+03
   9.78009033e+00   1.77179146e+01   1.71851233e+03   3.58157397e+03
   1.90684424e+03   2.12075684e+02   5.56667480e+03   3.29334021e+00
   1.52246952e+00   3.02310455e+02   5.19641228e+01   1.00580360e+02
   1.93989906e+01   1.08194629e+03   1.51898486e+03   6.90228210e+02
   3.36999908e+02   3.55502663e+01   7.41981430e+01   1.06554993e+03
   8.30650482e+01   5.59159485e+02   3.23457886e+03   2.78721476e+00
   6.20111656e+00   7.56344452e+01   1.97953442e+03   1.55136833e+01
   1.15654956e+03   4.19058154e+03   1.47118912e+02   7.71641922e+01
   3.65783203e+03   3.29418030e+02   2.20672485e+02   2.39809906e+02
   0.00000000e+00   1.96248071e+03   1.20074673e+01   1.84067364e+01
   2.35976791e+02   3.26882935e+03   4.56472549e+01   5.73591766e+01
   2.55150318e+01   5.70984602e+00   4.46352959e+01   7.46963453e+00
   1.72568738e+03   0.00000000e+00   1.33558777e+02   5.25815186e+03
   4.15712842e+03   9.38756714e+01   5.93130554e+02   1.82586098e+01
   1.67296423e+03   1.06891052e+03   3.08554718e+02   3.23537141e-02
   4.95956383e+01   5.66263103e+00   1.71051685e+03   6.16405411e+01
   4.06679192e+01   2.06367065e+03   2.41020370e+00   3.62430687e+01
   3.57553864e+01   4.51621277e+02   3.77214546e+01   2.97303375e+02
   4.76326709e+03   0.00000000e+00   1.30200287e+02   2.28162842e+03
   1.02716370e+03   1.56610746e+01   7.58004102e+03   4.43592691e+00
   2.44640112e+00   5.97531776e+01   1.83284969e+01   7.40635777e+00
   3.89336914e+03   0.00000000e+00   6.07260925e+02   1.09942390e+02
   1.74730072e+02   6.88848066e+00   0.00000000e+00   8.03413486e+00
   4.15437728e-01   1.16502518e+02   5.00991404e-01   7.71625061e+02
   2.20549835e+02   2.80377808e+03   2.22732254e+02   7.97544373e+02
   9.10858032e+02   3.82100105e+00   8.00334106e+02   2.70228912e+02
   9.38165649e+02   2.91678345e+03   1.54402494e+00   4.73851715e+02
   3.86496387e+03   5.01724518e+02   3.51947784e+02   1.40990801e+01
   8.44817638e+00   1.41934119e+03   5.31330383e+02   1.08970568e-01
   2.09446091e+02   0.00000000e+00   5.92919006e+01   1.38087106e+00
   4.13706601e-02   3.09992041e+03   5.73726013e+02   6.56062222e+00
   8.06490860e+01   2.36558056e+01   1.66460276e-01   8.04336472e+01
   2.99531958e+03   1.38740885e+00   7.76496964e+01   1.78252935e+00
   0.00000000e+00   1.67117863e+01   8.23163605e+00   2.38211346e+01
   3.93108368e+01   1.76846680e+02   2.97851044e+02   4.57547516e+02
   9.81631470e+01   2.48786831e+01   1.18451729e+01   1.01289186e+01
   1.10119429e+01   1.12830780e+02   1.25762975e+00   1.54483533e+00
   4.40878105e+01   2.14440670e+01   2.91671925e+01   2.82529083e+02
   1.70188217e+01   3.86479607e+01   2.10013965e+03   3.04517914e+02
   1.65178216e+00   0.00000000e+00   1.03621056e+02   8.91878128e+01
   3.79612770e+01   8.19375061e+02   1.82273315e+02   8.94718552e+01
   3.11005737e+02   9.40530396e+02   8.20920334e+01   1.32347729e+03
   2.07059669e+01   1.18632698e+01   2.12094556e+03   1.93479370e+02
   2.24937842e+03   3.48338306e+03   1.98629492e+03   7.62106018e+01
   0.00000000e+00   1.09109482e+02   2.23937485e+02   1.23361023e+03
   1.68617261e+03   7.01340437e+00   1.89465015e+03   5.48798584e+02
   8.91185284e+00   4.46853714e+01   4.40348907e+02   0.00000000e+00
   5.30452576e+02   6.81214050e+02   5.49136475e+02   0.00000000e+00
   2.62441864e+02   4.26372528e+00   5.36804318e-01   4.52864136e+02
   2.26595557e+03   0.00000000e+00   1.01127424e+01   5.96048486e+03
   1.03758931e+00   2.60465393e+02   1.56688568e+02   5.16825485e+01
   3.24620117e+03   4.18087065e-01   5.01071729e+03   5.50762711e+01
   2.45251465e+00   9.68943481e+01   4.27770233e+02   8.78226013e+02
   5.39637222e+01   4.47568298e+02   3.00871029e+01   5.83395447e+02
   0.00000000e+00   0.00000000e+00   4.65149269e+01   1.10418922e+02
   4.11840134e+01   9.60596848e+01   7.20132568e+02   5.75936951e+02
   1.02512493e+01   1.57047653e+01   4.00298340e+03   2.44957905e+01
   0.00000000e+00   2.76745386e+03   1.55466431e+02   2.65392244e-01
   3.35280908e+03   4.33519402e+01   1.15835514e+01   4.61081564e-01
   5.86227661e+02   2.61336823e+02   4.12441699e+03   8.96974716e+01
   1.59300806e+03   2.41881943e+02   3.30631409e+01   3.19875397e+02
   2.91330884e+03   8.54956665e+02   6.08108568e+00   2.56078911e+00
   3.48945435e+03   2.91504443e+03   6.49586084e+03   2.67845337e+02
   1.94603896e+00   2.12181274e+02   2.78488342e+02   1.80213196e+02
   8.11426401e-01   9.68657227e+01   1.56788578e+01   7.13559509e+02
   7.88348755e+02   9.37090073e+01   3.08889282e+02   9.56661627e-02
   5.42693186e+00   1.68652979e+03   7.56342888e+00   3.79974658e+03
   5.85857811e+01   1.26002090e+02   8.63333282e+01   4.96268868e-01
   2.99155474e+00   3.40827698e+02   5.22106647e-01   1.43632040e+01
   7.87708054e+01   9.84294510e+01   4.40883636e+02   3.11083908e+01
   7.81957581e+02   7.04850464e+01   5.31030457e+02   2.04580493e+03
   1.47572534e+03   1.06075818e+03   2.00300610e+03   1.91778469e+00
   1.54418228e+02   5.60357544e+02   1.39860901e+03   5.71885452e+01
   9.28732910e+01   2.65545630e+03   1.02133570e+01   0.00000000e+00
   3.78212915e+03   6.47015915e+01   1.27325635e+03   9.38623786e-01
   1.84200134e+03   3.41527283e+02   8.04087753e+01   4.79788322e+01
   3.84224701e+01   1.77480531e+00   1.36420685e+02   1.10613757e+03
   1.28817639e+03   3.74172640e+00   1.01886673e+02   3.53610458e+01
   4.31885338e+01   4.20299721e+00   5.20421143e+03   2.22496092e-01
   3.46749420e+02   2.00543958e+03   0.00000000e+00   3.52607391e+02
   1.43903723e+03   7.47831836e+03   1.14718407e+02   4.25603119e+02
   7.01171448e+02   2.76479015e+01   6.68995361e+01   1.71368446e+01
   2.40576553e+02   8.68833389e+01   3.37214127e+01   4.60461960e+01
   1.47358630e+03   4.02695580e+01   4.52590967e+03   7.50962296e+01
   6.54892151e+02   2.99224510e+01   1.87631655e+00   9.27303925e+01
   5.02214956e+00   4.62270447e+02   1.81050385e+02   1.69568161e+02
   2.99831982e+03   1.04642838e+02   5.71419182e+01   3.65409180e+03
   2.89618286e+03   1.91375687e+02   5.09640106e+02   3.51057768e-01
   8.02013626e+01   6.79144141e+03   1.46264648e+02   1.30529492e+03
   1.52406998e+02   1.79116023e+00   2.09302101e+01   0.00000000e+00
   5.78600464e+02   2.95992505e+03   1.24427930e+03   1.76197632e+03
   9.94972382e+01   4.30690041e+01   2.35782623e+02   0.00000000e+00
   8.92914505e+01   6.46764994e+00   1.57059494e+02   2.42614209e+03
   7.74129639e+02   6.18013733e+02   7.86925488e+03   2.91481209e+01
   7.47053680e+01   2.06971484e+03   4.51072807e+01   1.29514084e+02
   1.75705786e+03   9.47390842e+00   1.72990662e+02   2.53020798e+02
   3.01922436e+01   8.66263962e+00   6.53551559e+01   1.52609650e+02
   1.92571915e+02   8.90733032e+01   7.50312119e+01   6.33925080e-01
   2.04293671e+01   2.34985123e+01   0.00000000e+00   1.09593469e+03
   7.07234912e+03   1.49959900e+03   2.63064613e+01   4.23108612e+02
   7.61909082e+03   1.32135391e+02   1.32567212e+03   8.85430336e+00
   4.48411102e+02   7.40236511e+01   4.17463074e+01   1.08391714e+00
   1.04892676e+03   1.31332422e+03   6.13221245e+01   6.63344141e+03
   5.41635156e+03   4.85114166e+02   3.64964128e-01   4.36617508e+01
   7.58097506e+00   5.16773376e+02   5.26256905e+01   5.99596313e+02
   6.30756760e+01   1.07199955e+00   5.87813377e+00   2.75249624e+00
   1.14155853e+02   1.05206763e+03   8.85437088e+01   8.49285461e+02
   7.12483673e+01   2.75619149e+00   1.28037930e+01   6.94872559e+03
   4.36435270e+00   3.66945000e+01   3.96303467e+02   1.50803857e+03
   0.00000000e+00   0.00000000e+00   3.62269928e+02   4.23273964e+01
   2.14189701e+01   8.78258545e+02   6.66594055e+02   3.11540576e+03
   7.15771362e+02   6.26599922e+01   2.70357056e+02   4.42124072e+03
   7.51458588e+01   0.00000000e+00   1.69903442e+02   3.70198706e+03
   3.64521637e+01   5.92918396e+02   1.12436867e+02   3.59416309e+03]
[  5.18280396e+02   1.32070732e+01   3.72949147e+00   5.63258076e+00
   3.60364761e+01   1.29135242e+03   7.64240646e+01   4.45911751e+01
   2.18157339e+00   5.61747498e+02   6.81775045e+00   8.59977036e+01
   4.50739838e+02   1.45823950e+03   2.49596054e+02   0.00000000e+00
   2.38228455e+01   6.18566528e+02   7.39644470e+01   9.17543507e+00
   3.74223213e+01   2.18261510e-01   6.54453812e+01   1.21868665e+03
   2.82855451e-01   6.18718386e+00   3.72109443e-01   1.22716255e+01
   1.12055798e+01   7.79842148e+01   2.37295055e+01   4.94830370e-01
   9.93565598e+01   3.56180072e+00   1.79777917e+03   1.61610840e+03
   1.13828211e+01   1.59535034e+03   2.52014027e+01   7.54949112e+01
   1.61245441e+01   4.80953369e+01   1.83613720e+01   2.20241337e+01
   4.95330620e+00   6.78056107e+01   3.53172211e+02   8.99596214e-01
   7.68237305e+01   4.49331055e+01   1.03950195e+03   0.00000000e+00
   2.10257721e+01   9.96855316e+01   0.00000000e+00   1.29640217e+01
   1.81152070e+00   6.64542484e+00   1.69905975e+02   1.37671707e+02
   8.91089249e+00   5.51818504e+01   5.58937035e+01   2.97342072e+01
   8.02748966e+00   1.04908829e+01   6.93213806e+01   1.72601490e+01
   6.18672180e+00   2.28304863e+01   2.37727356e+01   1.11075220e+03
   1.78798313e+01   1.10855371e+04   1.14212793e+03   5.70774317e+00
   1.08115177e+01   5.46109390e+00   3.61679649e+01   8.11273861e+00
   1.90295353e+01   2.95487556e+01   8.56218529e+00   2.53786259e+01
   4.59386177e+01   8.28852236e-01   1.17633276e+03   1.96872959e+01
   1.28370880e+02   5.34267139e+00   4.41978073e+01   4.36794090e+01
   1.29493608e+01   3.67508484e+02   1.62171829e+02   3.60930290e+01
   3.59328461e+01   1.09501785e+02   3.61257706e+01   5.51886978e+01
   1.36769831e-01   4.88567734e+01   3.72864227e+01   2.83661366e+01
   2.66049194e+01   2.79071789e+01   7.98395813e-01   2.10586011e+03
   1.79389782e+01   3.66455388e+00   5.32334534e+02   1.12915125e+01
   6.59288454e+00   8.91602097e+01   0.00000000e+00   6.15981817e-01
   3.57986331e+00   1.92000351e+01   2.53225781e+03   1.19899678e+00
   2.46200073e+02   9.25675011e+00   2.59290695e+01   4.10403681e+00
   7.87075639e-01   1.24772354e+04   8.58321041e-02   2.43535500e+01
   8.48323425e+02   1.44423218e+02   1.76450424e+01   1.77319931e+02
   8.61606445e+01   9.12035465e+00   2.79241626e+03   2.74254894e+00
   2.57854533e+00   8.70761967e+00   1.87260254e+03   4.01833420e+01
   1.85047770e+00   9.17477356e+02   4.71524858e+00   8.28502991e+02
   2.59220886e+01   7.48346939e+01   1.15692663e+01   1.61259949e+02
   5.64923340e+02   6.24589491e+00   2.38007565e+01   3.69387115e+02
   8.93805313e+00   4.84953690e+01   7.54410706e+02   5.84971924e+01
   3.34997673e+01   0.00000000e+00   1.54208918e+01   1.43126770e+03
   4.15394727e+03   3.38882788e+03   1.22646151e+01   7.43289804e+00
   5.07634048e+01   1.96185863e+00   2.35840054e+01   3.14811382e+01
   6.03046942e+00   9.86192608e+00   7.06389542e+01   1.08654723e-01
   1.70712221e+00   6.76012207e+02   2.16756516e+01   1.14148285e+02
   2.56605263e+01   1.73426151e+00   7.14965744e+01   1.23110498e+03
   7.62584412e+02   5.31636887e+01   6.69166809e+02   1.93095078e+02
   5.23868561e+01   8.39855576e+01   8.69058251e-01   0.00000000e+00
   5.12002373e+01   8.17656021e+01   4.84241219e+01   3.26737761e+00
   3.82698535e+03   2.33829250e+01   2.78182030e-01   1.02633200e+01
   2.81000576e+01   4.51804695e+01   5.02572403e+01   1.08534937e+03
   4.29232445e+01   4.28128690e-01   8.05875183e+02   2.39610958e+01
   1.22206345e+01   3.32473159e+00   1.55080090e+03   3.53651810e+00
   3.03645248e+01   1.53082199e+02   6.31916199e+01   1.32312465e+00
   3.39095276e+02   5.06773453e+01   7.79172287e+01   2.51768951e+02
   0.00000000e+00   1.37219238e+02   2.01566345e+03   2.38121078e+02
   0.00000000e+00   1.35177383e+01   1.43328846e+00   1.32443848e+01
   3.54161835e+01   1.00457007e+03   1.22115562e+02   2.83891487e+01
   2.66763630e+01   3.40653343e+01   1.87684269e+01   1.20553809e+03
   6.72774536e+02   1.50557227e+03   0.00000000e+00   0.00000000e+00
   8.11068420e+01   2.16211548e+03   2.28372754e+03   9.93137741e+00
   7.73608551e+01   4.05683708e+01   4.65880547e+01   0.00000000e+00
   3.06172390e+01   0.00000000e+00   1.15360364e+03   0.00000000e+00
   7.00719376e+01   2.29688168e+01   7.24354309e+02   2.41570129e+01
   7.53025770e+00   7.83488892e+02   7.89545593e+02   5.75513601e+00
   3.25746231e+01   3.25714760e+01   1.35401111e+03   7.37764359e+01
   3.49191971e+01   1.35993519e+01   5.50421570e+02   3.77520752e+01
   1.36665335e+01   0.00000000e+00   1.04574089e+02   4.09465065e+01
   9.98626709e-01   2.62241764e+01   2.34372900e+03   4.44248199e+02
   2.04893837e+01   1.52775497e+01   6.34128113e+01   3.91422310e+01
   3.18147614e+02   9.20675850e+00   3.64221382e+01   6.45149136e+00
   6.73028748e+02   2.64541290e+02   2.02808895e+01   1.19489331e+03
   2.93908768e+01   8.64520359e+00   1.05791712e+01   3.84181786e+01
   8.70931854e+01   5.31393127e+01   2.10940796e+03   1.98164196e+01
   4.79459238e+00   4.86293373e+01   4.48239861e+01   3.09740204e+02
   1.34153786e+01   1.02887939e+03   2.86158333e+01   4.32036328e+03
   2.49962723e+02   2.45736980e+01   1.56402393e+03   3.68740448e+02
   1.17189583e+02   1.17067810e+02   2.28415241e+01   2.15361252e+02
   4.93359680e+01   6.52037735e+01   1.07069349e+00   1.31254158e+01
   1.32162294e+01   4.88465118e+01   1.71061316e+03   3.67128716e+01
   1.53047266e+03   0.00000000e+00   1.15527112e+03   3.57634506e+01
   2.66611450e+02   1.87842350e+01   5.57670822e+01   1.56691483e+02
   1.25893005e+02   3.85162048e+01   2.55419254e+01   8.62966537e+01
   9.03507805e+00   2.04696026e+01   4.14554787e+00   8.10914803e+00
   0.00000000e+00   2.24242920e+02   1.63826981e+01   6.31325439e+02
   1.09512806e+00   6.86782303e+01   3.87000885e+01   3.02305023e+02
   4.85676498e+01   0.00000000e+00   5.80053825e+01   1.67859287e+01
   0.00000000e+00   2.71798658e+00   4.79333382e+01   1.81390324e+01
   4.01745701e+00   2.58147984e+01   8.65210953e+01   4.24718056e+01
   0.00000000e+00   1.72405502e+02   4.58250046e+01   4.41042041e+03
   9.26543198e+01   8.47824554e+01   3.90940094e+01   1.00208092e+01
   5.12680471e-01   2.08444901e+02   6.67493134e+01   1.15479408e+02
   1.00609302e+03   6.65901041e+00   3.47416649e+01   3.42368841e+00
   9.30533829e+01   1.01067781e+01   0.00000000e+00   5.64501953e+02
   3.02254162e+01   0.00000000e+00   2.89285984e+01   3.05226612e+00
   1.89841272e+03   7.53773510e-01   2.12195797e+01   9.39825726e+00
   1.81603584e+01   2.19847778e+03   1.13736011e+03   0.00000000e+00
   5.01077362e+02   5.19689865e+01   2.08719978e+01   9.61308122e-01
   2.60073433e+01   0.00000000e+00   1.51099524e+03   9.19857483e+01
   2.21692627e+02   6.37239532e+01   1.63949658e+03   4.25528931e+02
   5.28342102e+02   2.27077179e+01   2.95539341e+01   1.85513098e+03
   1.02887886e+02   2.59225883e+01   7.09837675e+00   3.12494445e+00
   1.22067612e+02   1.14269849e+03   1.72287712e+01   2.67806473e+01
   3.68774986e+01   9.38010712e+01   9.43213135e+02   5.60094727e+02
   1.28328934e+01   8.31803711e+02   4.65761963e+02   0.00000000e+00
   6.31576691e+01   1.45362473e+01   1.38782056e+03   3.55444641e+01
   3.36184814e+02   9.87858486e+00   1.26023361e+02   3.84435534e+00
   4.53940239e+01   1.71811609e+03   1.56276398e+02   6.39009705e+01
   1.02677822e+04   1.32683395e+02   5.65243835e+01   2.33311481e+01
   9.57908478e+01   8.59675537e+02   8.27505951e+01   1.58603992e+03
   1.05719653e+03   7.01693573e+01   2.51132946e+01   5.38430290e+01
   2.13381672e+00   1.22557471e+03   1.72081757e+02   7.52655640e+01
   3.87955017e+01   2.61071396e+01   1.64407015e-01   5.50104866e+01
   6.66899681e+00   1.77400494e+00   7.19331026e+00   7.03961134e+00
   8.18043351e-02   1.42348862e+02   2.93252316e+01   2.90087891e+03
   2.77136135e+01   3.30815649e+03   1.44633484e+02   3.04590816e+01
   4.38759079e+01   3.84177643e+02   5.11468048e+01   1.32535429e+01
   6.82249146e+02   3.43028069e+00   1.43748853e+03   1.91213486e+02
   5.64110899e+00   7.26638222e+00   4.89551811e+01   9.05658646e+01
   9.23903687e+02   1.65804895e+03   5.64470253e+01   1.16436658e+03
   4.49425578e-01   9.41868782e-01   3.19189525e+00   1.61690509e+00
   6.65117264e+01   8.96633148e+01   1.56936072e+03   1.12841356e+00
   8.23391113e+01   3.52976441e+00   4.09109230e+01   2.19797046e+03
   1.45584667e+00   5.07840872e-01   2.04751492e+01   6.15840874e+01
   2.13252907e+01   1.60528088e+03   4.80022644e+02   9.03068420e+02
   1.11006555e+03   1.62970566e+02   4.11479225e+01   2.36245022e+01
   1.46958386e+03   9.32326221e+00   4.00562096e+00   1.62688892e+03
   6.58659668e+01   1.85293167e+02   1.58114262e+01   3.73866608e+02
   1.98239832e+03   7.36301819e+02   1.53282764e+03   4.69925451e+00]
