bicycle
car
motorbike
person
[ 14435368.     16195393.     24801700.     23004196.     27728862.
  13061864.      6976022.      2484388.75   14693306.     14018690.
  10596926.     13560968.      4574863.5     4467682.     11613898.
  12752141.      9961621.      5350419.5    30342448.      6392109.
   8377001.     15494250.      4051554.75   11633500.      2476397.
  20526210.     13944932.     12810761.      2086102.25    8229714.5
  14776585.     17177126.     24619246.      1289684.5    32154756.
   4705671.      6381628.      3025459.75   16414251.      2737375.
  17853738.      7191047.     40129092.     29805760.     19993568.
  15944990.     12287376.      9959880.      2053301.125  18897110.
  38973940.      5000220.5     8679635.      7740770.      5043656.5
  11763077.     17809316.      2934756.75   13807754.      5765361.
  11021384.      3736724.     13706174.      2049223.125]
[  3.06886760e+07   7.75333400e+06   1.62315050e+07   1.22668609e+05
   9.80710900e+06   3.72268375e+06   1.47446980e+07   1.17009170e+04
   1.26149400e+07   5.26666250e+06   2.28452100e+07   2.00081320e+07
   2.16209941e+04   5.25217125e+05   1.26569910e+07   9.69014400e+06
   6.25377250e+06   3.05521800e+07   2.72246640e+07   3.59159100e+06
   1.11987703e+05   3.38801840e+07   3.89377094e+05   2.14834180e+07
   2.50284859e+05   2.05039960e+07   6.59993850e+06   6.87591188e+05
   1.27545320e+07   1.67598613e+04   1.39507360e+07   6.36280430e+04
   6.96430188e+05   1.73266480e+07   1.74367940e+07   1.62315675e+06
   1.90448656e+05   5.70365850e+06   1.85368880e+07   2.23743400e+07
   3.22341850e+06   1.36494938e+06   8.35832400e+06   7.86317050e+06
   4.05498720e+07   2.24746040e+07   7.10781719e+04   2.81179960e+07
   1.35985070e+07   1.05633050e+06   1.47449200e+07   1.95034660e+07
   3.58498000e+07   1.54567400e+07   8.88106562e+05   2.01755540e+07
   1.13595010e+07   4.02216320e+07   2.02367700e+06   1.09105750e+07
   2.47479760e+07   1.15319824e+04   1.16772450e+07   3.90481240e+07]
[  2.42045775e+06   7.48440500e+06   8.56973672e+04   1.28311922e+05
   7.20814219e+04   9.21948828e+03   2.38045531e+05   2.34887350e+06
   1.61625127e+04   1.19792125e+06   7.14135450e+06   5.88837750e+05
   2.21824000e+06   2.40515150e+06   3.21283594e+04   7.20563281e+04
   2.53955350e+06   2.16976750e+05   6.30083562e+05   5.14458100e+06
   3.76141312e+05   5.80004736e+03   8.49304900e+06   1.02321570e+07
   5.35180100e+06   0.00000000e+00   1.21444775e+06   2.60725050e+06
   3.10302156e+05   5.74369150e+06   1.96087090e+04   7.01856500e+06
   1.89461812e+06   3.16983400e+06   3.63025725e+06   4.09130900e+06
   1.42744762e+06   1.28820490e+07   1.06101862e+06   1.47947939e+04
   4.79951050e+06   4.48266750e+06   2.43980550e+06   9.22484000e+06
   3.87813075e+06   2.70053812e+05   1.04539610e+07   3.26837227e+04
   9.09996875e+05   4.38331812e+05   9.91837500e+05   3.59585625e+04
   3.60815025e+06   7.70548000e+05   1.12086600e+07   6.95153600e+06
   7.04587812e+05   2.54589512e+04   7.72074219e+04   2.94028281e+05
   1.08897850e+06   1.08004630e+07   7.96290500e+06   4.18529400e+06
   1.44179300e+07   1.45724138e+06   1.08448750e+07   5.42559500e+06
   2.30965875e+05   2.33328125e+06   5.71456400e+06   7.67252150e+06
   9.59221000e+05   7.31548047e+04   0.00000000e+00   1.51936600e+06
   8.69278828e+04   6.08351900e+06   4.03657375e+06   6.05750250e+05
   1.93582148e+04   3.71989100e+06   2.62234525e+06   6.62210547e+03
   4.98928350e+06   4.35523100e+06   3.49767150e+06   6.77131592e+03
   5.41493350e+06   6.76981188e+05   6.56632700e+06   3.51300350e+06
   1.14047838e+06   3.78470650e+06   3.42192250e+05   6.26989450e+06
   2.54089990e+03   1.72347550e+06   4.65356219e+05   4.87032188e+04
   4.10509650e+06   1.95052797e+05   7.20663438e+05   2.06208788e+06
   5.12860986e+03   1.42673212e+06   2.98401250e+04   6.09476688e+05
   2.50271475e+06   2.40505906e+05   6.01369102e+04   6.21461650e+06
   6.80179938e+05   4.73991650e+06   5.87761300e+06   4.81027850e+06
   1.94791288e+06   7.21313250e+05   3.46382450e+06   2.26137925e+06
   2.67828300e+06   4.90416000e+06   3.14039750e+05   5.38761500e+06
   9.27498500e+05   9.29803613e+03   1.63256740e+07   7.08126221e+02]
[  2.58288350e+06   1.51890438e+06   1.80841328e+05   0.00000000e+00
   3.84215352e+04   3.35980350e+06   7.15267438e+05   8.32438125e+05
   1.04903220e+07   4.01432900e+06   7.79455900e+06   5.06613450e+06
   2.04661638e+06   8.45788125e+05   4.14268115e+03   1.47748000e+06
   2.81965650e+06   2.37601800e+06   1.27319062e+06   6.24052441e+03
   6.39474550e+06   3.88559050e+06   1.00924925e+06   3.20109824e+04
   9.75909750e+05   5.74448750e+05   8.77003625e+05   6.22139600e+06
   1.29331805e+05   4.35184100e+06   2.29520918e+04   1.21591940e+07
   3.59840100e+06   6.66887688e+05   9.97448000e+05   3.24404275e+06
   2.58839350e+06   9.60039400e+06   2.19883094e+05   2.64320195e+04
   9.46367250e+05   4.75449297e+04   6.89248486e+03   2.13643062e+05
   1.03939900e+06   5.51395700e+06   4.76577950e+06   6.25745950e+06
   1.90213038e+06   1.32529640e+07   1.77483138e+06   3.78214425e+06
   4.16547150e+06   2.57899525e+06   7.69494688e+05   1.16982477e+05
   6.03263250e+06   1.63774188e+05   6.14018677e+02   3.53730475e+06
   3.32777550e+06   4.47141100e+06   6.69349650e+06   3.31053325e+06
   1.53019031e+05   8.15380950e+06   6.45021484e+04   5.39501850e+06
   3.62603400e+06   6.18552200e+06   9.43142750e+05   1.00268170e+07
   8.25973700e+06   3.98928750e+06   1.33825390e+07   1.66560425e+03
   3.56063250e+06   1.94504112e+06   1.43236150e+07   2.83740200e+06
   2.72909800e+06   2.23311562e+04   8.68750300e+06   2.67185200e+06
   1.23431781e+05   4.46808900e+06   2.19910312e+05   2.55071250e+06
   4.28179297e+04   1.17019912e+06   2.35738086e+04   6.08911600e+06
   2.28464812e+05   8.23041300e+06   5.24620812e+05   3.90356450e+06
   1.25060180e+05   4.64349100e+06   5.63492938e+05   1.07947230e+07
   7.78429766e+04   7.80518438e+04   1.04889380e+07   7.28983154e+03
   3.69643867e+04   1.18107630e+07   2.60997625e+06   4.01130525e+06
   8.82496700e+06   4.55988000e+06   2.29467651e+03   4.27492800e+06
   1.42153625e+05   1.94606300e+07   3.75481950e+06   1.38007338e+06
   9.96602500e+05   3.37992050e+06   1.99587559e+04   7.25813203e+04
   1.00380260e+07   1.49525475e+06   9.20849219e+03   4.49995300e+06
   3.16744300e+06   9.57826875e+05   8.60542900e+06   4.65152000e+06]
[  0.00000000e+00   6.28202002e+03   8.74870938e+05   9.97196387e+03
   1.28068506e+03   1.96611670e+03   1.34131396e+03   6.89261780e+01
   2.28601350e+06   7.54170752e+03   1.13241675e+03   5.53934521e+03
   5.97194338e+00   2.99139902e+04   2.07480938e+04   3.19411016e+04
   4.49724258e+04   7.47242438e+05   2.21039795e+03   1.45427703e+05
   3.68514221e+02   1.69689219e+04   3.25107188e+05   1.07302422e+04
   1.84746230e+04   5.78786682e+02   1.64646388e+06   0.00000000e+00
   8.00253369e+03   1.22415227e+05   2.86033997e+02   8.27030396e+02
   1.75096583e+00   4.06932500e+05   3.57682461e+04   1.20676700e+06
   1.59769562e+06   7.92164111e+03   2.44425659e+02   4.80933838e+03
   5.19837061e+03   1.01101013e+03   1.51158716e+03   2.66493125e+05
   3.94861719e+03   2.02576736e+02   6.48464661e+01   7.89817810e+02
   4.32007852e+04   3.33114805e+04   3.85845625e+04   6.23217957e+02
   1.20445288e+06   2.49389312e+05   1.05335114e+02   3.89252773e+04
   5.01149688e+05   7.56584375e+05   1.32590344e+03   5.18111839e+01
   1.97520578e+05   2.58210020e+04   4.28419500e+05   1.42707562e+05
   2.01002941e+01   3.44986377e+03   2.59125513e+03   2.17762524e+03
   2.74419800e+03   7.74489453e+04   9.45281812e+05   1.43486138e+06
   3.26191864e+01   2.84320078e+04   9.62422562e+01   1.63182983e+02
   2.02567090e+04   3.60509406e+05   5.39494250e+05   3.88230375e+05
   2.09288938e+05   1.46317859e+03   1.07409795e+04   1.01220186e+04
   1.33465012e+06   2.15907950e+06   2.64398125e+05   1.55353200e+06
   1.23406680e+05   5.08449936e+01   1.77041174e+03   3.51757852e+04
   5.49312688e+05   7.70047217e+03   0.00000000e+00   2.87488062e+03
   1.16237148e+04   1.06831838e+06   1.31617310e+03   3.04101055e+04
   1.08898506e+04   9.33384453e+04   1.12976738e+06   1.51994609e+05
   8.04641357e+03   1.87415801e+04   2.53591431e+03   4.54511566e+02
   4.23489441e+02   3.63992625e+05   6.14318562e+05   3.05584004e+04
   3.43751025e+00   1.66075996e+04   2.37727578e+04   5.38777686e+03
   2.26938009e+00   2.98377637e+04   9.20901672e+02   1.95621625e+06
   3.29955195e+04   1.70779018e+01   1.08560049e+04   4.41370270e+02
   5.96778857e+03   5.69168750e+05   3.98116974e+02   7.78106570e-01
   5.84604875e+05   7.85869189e+03   6.92584277e+03   7.76715137e+03
   1.00336758e+04   9.24173250e+05   8.81725464e+02   4.14562305e+03
   2.59978700e+06   3.12642188e+05   3.54476836e+04   8.00409794e-01
   1.01018164e+04   2.26097729e+03   1.58071904e+04   6.30099250e+05
   3.72941650e+03   1.64870238e+06   4.79781104e+03   8.54046509e+02
   1.98689875e+05   5.28777588e+02   2.52322534e+03   3.08287769e+03
   2.68986504e+04   1.15741508e+05   5.00619781e+05   8.54801270e+03
   6.93380371e+03   2.09234500e+05   5.62492188e+05   5.41089188e+05
   2.98729956e+03   8.84870547e+04   6.44243375e+05   3.65725928e+03
   1.64235656e+05   2.52907225e+06   1.06818412e+06   3.02125938e+05
   3.55097406e+05   1.35622088e+06   1.25643288e+06   1.36892593e+02
   7.96856104e+03   3.81959906e+05   1.17303193e+04   8.81198438e+03
   1.10916200e+06   1.43122881e+04   1.47027388e+06   9.86284922e+04
   4.29812562e+05   6.19717109e+04   3.62827750e+05   2.18268984e+04
   1.67843164e+04   6.44605225e+03   5.35442891e+04   2.48787754e+04
   4.77508594e+05   6.90494482e+03   7.88130811e+03   1.69511262e+06
   7.29135180e+00   8.84357562e+05   1.26815915e+00   1.88793888e+06
   3.08105591e+03   5.38470125e+05   1.38945188e+06   7.00427312e+05
   6.85886292e+02   1.26671788e+06   2.05520888e+06   6.23794189e+02
   6.17122695e+04   6.86742020e+01   2.66457251e+03   4.32578320e+03
   1.97046484e+03   5.85766812e+05   5.87736938e+05   7.98009750e+05
   3.18376465e+03   2.53842422e+04   2.89435978e+01   1.79046758e+04
   2.11715161e+03   1.12324912e+06   5.01723789e+04   3.00858081e+03
   9.33003723e+02   3.23480762e+03   1.11819861e+03   2.19933469e+05
   7.65656688e+05   0.00000000e+00   4.07808685e+02   7.19722734e+04
   2.16345337e+02   8.52403188e+05   6.03012578e+04   8.18657913e+01
   4.59359781e+05   1.96244800e+03   7.19731750e+05   1.79994617e+03
   1.56225049e+03   1.18249977e+05   5.57878062e+05   7.63392456e+02
   3.22745031e+05   1.15955638e+06   4.30702295e+03   1.45927795e+02
   5.16169531e+04   1.66546758e+04   3.32868652e+03   3.60216968e+03
   1.67332480e+04   3.21682562e+05   8.08902295e+03   1.47233716e+03
   2.41461182e+03   1.10105942e+02   5.47317383e+03   3.71717531e+05]
[  1.00810325e+06   6.67537354e+03   2.05542969e+03   2.04543567e+03
   1.53750162e+06   1.14291462e+06   2.51516156e+05   2.08336868e+02
   2.77475938e+04   1.20713452e+03   1.30569666e+03   1.23135664e+04
   2.01922339e+03   1.61370713e+04   4.78691699e+03   6.29054443e+03
   7.47722387e+00   2.05118973e+02   1.00219081e+06   5.77574102e+04
   3.42858171e+00   5.44378174e+02   3.20241943e+02   2.77933719e+05
   6.46400833e+01   3.07506592e+03   0.00000000e+00   2.75867594e+05
   1.19900127e+04   2.27539425e+01   9.14262812e+04   7.29643652e+03
   9.78550195e+03   1.43434609e+05   7.78746143e+03   1.35919656e+05
   6.09970361e+03   6.39963440e+02   6.86336328e+03   0.00000000e+00
   2.43123266e+05   1.63599121e+04   2.68917822e+03   2.40168945e+03
   7.03692480e+03   6.06936475e+03   3.29950062e+05   4.15641367e+04
   8.84217500e+04   1.52723865e+03   1.11124414e+04   1.23181458e+03
   5.28951050e+02   5.97147412e+03   2.94991625e+05   3.99343125e+05
   5.67104648e+04   1.13330883e+05   2.70538574e+04   5.10078705e+02
   3.28927637e+03   3.75361289e+04   1.24667015e+01   5.45769806e+01
   3.92825276e-01   3.23336387e+04   1.34694891e+05   1.52068680e+02
   2.85168457e+02   1.49377412e+04   7.45635062e+05   2.35143555e+02
   3.59140898e+04   4.88575684e+03   4.87296992e+04   6.02143281e+04
   6.17795586e+04   6.11153613e+03   5.40753008e+04   3.24415844e+05
   4.64884453e+01   1.53427754e+04   2.52438879e+00   3.04790781e+04
   2.01911426e+03   3.61412578e+04   3.68470764e+02   1.20772471e+04
   8.07928076e+03   2.04668477e+04   1.18416787e+04   3.45276831e+03
   2.26467266e+04   3.05985156e+05   9.18106140e+02   3.51250610e+01
   1.44275250e+05   5.36896847e-02   1.19659756e+04   3.28028156e+05
   1.48956531e+03   4.81345156e+04   5.02158219e+05   8.98895493e+01
   1.08734924e+03   6.92275391e+04   5.33392891e+04   3.59889648e+04
   4.30078047e+04   1.11805612e+06   2.02303210e+03   7.99984625e+05
   9.15243225e+01   1.57591248e+03   1.01038654e+03   6.70399316e+03
   1.10413110e+03   6.80818750e+03   4.15335312e+04   1.58193219e+05
   1.62686846e+04   2.42503906e+02   5.39696533e+03   2.85556750e+05
   4.11352148e+03   4.74824860e+02   0.00000000e+00   1.65734688e+04
   1.51099686e+02   1.46404325e+06   2.80811445e+04   9.20208252e+02
   2.50667700e+03   1.15876162e+06   1.36743506e+03   7.49120654e+03
   1.35944062e+04   5.08585125e+05   2.55072949e+03   2.31360874e+01
   8.27076187e+01   1.08137488e+03   1.25380186e+04   2.74114297e+04
   3.63112116e+00   3.11512866e+03   1.11480603e+03   0.00000000e+00
   0.00000000e+00   5.82950500e+02   1.76841248e+02   1.24728945e+04
   5.85108625e+05   7.69587188e+04   7.23699707e+02   2.07474859e+05
   6.41929138e+02   2.15303879e+01   4.27328281e+04   1.08680312e+06
   2.84905103e+03   4.48700879e+03   8.30363086e+03   1.18806543e+01
   5.03046375e+05   0.00000000e+00   1.38107172e+05   1.49963171e+03
   4.52451031e+05   1.40490050e+06   2.54194626e+02   2.41051178e+01
   1.49068486e+04   2.87561312e+05   4.44481438e+05   1.32575928e+03
   3.91748584e+03   1.82151416e+03   7.27194629e+03   3.97688942e+01
   4.34678613e+03   6.67619043e+03   7.93736694e+02   1.46626885e+04
   1.11554682e+00   6.27262634e+02   6.67985703e+04   6.39054248e+03
   2.20638770e+03   2.82534912e+02   4.98806906e+05   1.14335559e+03
   1.41780136e+02   8.02242285e+03   4.37731328e+04   1.50998511e+03
   2.46758145e+04   3.05047637e+04   4.65961750e+05   1.94631592e+02
   2.41379948e+01   0.00000000e+00   5.30575625e+05   3.45293633e+04
   3.04151074e+04   8.85612717e+01   1.15783105e+04   7.25078500e+05
   6.21788047e+04   1.45317438e+06   7.45425177e+00   2.41087793e+03
   7.73306836e+03   2.99143398e+04   1.50839587e+03   2.34756172e+05
   1.38167391e+05   2.07235332e+04   7.99928076e+03   7.59024854e+03
   4.02633276e+03   5.66668799e+03   1.86239893e+03   8.48485291e+02
   5.88676167e+00   7.43045781e+04   7.03964219e+04   2.38306836e+04
   1.13306494e+03   0.00000000e+00   2.15797729e+02   9.35015430e+03
   2.52015734e+05   1.88371118e+03   8.29189250e+05   6.08858203e+03
   7.63443604e+03   6.31977875e+05   0.00000000e+00   3.01156769e+01
   2.78756738e+03   2.32228000e+05   7.66849661e+00   0.00000000e+00
   7.50231628e+02   1.46038818e+02   6.17253516e+03   1.59273242e+03
   3.93146438e+05   2.21466562e+05   8.84749414e+03   1.86623945e+04
   1.89725742e+04   5.04230688e+05   6.26100684e+03   6.23438945e+04]
[  9.14763203e+04   2.19932305e+04   9.04763184e+02   4.71637268e+02
   2.55936766e+05   4.84325049e+03   8.45728047e+04   3.61791064e+03
   1.05578979e+03   8.10682375e+05   3.96309805e+04   2.50644668e+04
   5.98255420e+03   7.82630920e+02   3.93278101e+03   1.25640234e+03
   3.72356110e+01   1.35956433e+03   1.74533249e+02   1.06116125e+03
   1.79330020e+04   1.01878133e+05   2.52957285e+04   8.67551367e+03
   1.10173669e+03   2.48886953e+04   8.26034277e+03   9.10088594e+04
   1.90595449e+04   4.35345562e+05   1.17386963e+02   2.17754258e+04
   7.11715547e+04   7.30619688e+04   1.25827075e+03   1.33755234e+04
   3.91120531e+05   1.00992981e+06   1.05875098e+03   1.10977162e+06
   9.79586639e+01   2.56084180e+03   1.01311006e+04   1.40411344e+05
   2.84226250e+04   1.79973477e+04   2.26933911e+03   7.32670166e+03
   3.85698203e+04   4.10260938e+03   3.36608828e+04   7.37184938e+05
   3.13574493e+02   1.38025391e+00   1.08824841e+03   3.29601685e+03
   7.68304004e+03   1.06716508e+05   3.31237644e-01   1.03711318e+04
   4.29295557e+03   7.30373359e+04   2.38919507e+03   6.51459863e+03
   6.70549707e+03   2.07352773e+04   5.49346143e+03   2.30052578e+04
   1.93375766e+05   4.64361445e+04   1.20561570e+05   1.11519248e+04
   6.20391523e+04   8.02554297e+03   2.17766266e+05   1.20202836e+05
   8.63698516e+04   3.93403242e+04   2.40636133e+04   1.72288599e+03
   8.10574097e+02   2.43224335e+02   5.62601523e+04   5.74704773e+02
   3.52027070e+04   8.03582230e+01   4.14171641e+04   2.76235443e+02
   4.50485649e+01   1.98886047e+03   3.50320770e+02   7.01717102e+02
   1.25310967e+04   4.28597809e+02   7.86019844e+04   6.77502808e+02
   2.22126816e+02   1.79139750e+05   5.23107031e+05   1.67947906e+05
   1.49906156e+05   8.12723516e+04   8.88300903e+02   1.23498181e+03
   7.44073672e+04   3.35274219e+03   3.59936188e+05   2.27214199e+04
   8.30479065e+02   3.54045801e+03   5.24540312e+04   3.05584961e+03
   2.46023340e+04   1.80273132e+03   1.76311365e+03   1.06730766e+05
   1.35243242e+04   7.15974141e+04   1.63770453e+05   7.91908359e+04
   1.12961792e+02   5.40130500e+05   6.15847891e+04   1.03555938e+05
   1.30656922e+05   1.95725977e+03   1.56396348e+04   1.57036638e+01
   4.05007599e+02   2.09403076e+02   3.17210083e+03   2.48963633e+04
   8.90073535e+03   2.40809961e+03   2.26917129e+04   5.22303809e+03
   1.55735605e+04   1.29369703e+05   3.43298047e+04   1.00745667e+03
   7.29734135e+00   3.60576250e+04   3.38726074e+02   4.87041406e+04
   8.44843750e+03   6.26811250e+04   4.77307188e+04   4.80324211e+01
   2.14742969e+05   7.76802783e+03   5.60305273e+03   3.77535078e+04
   3.09156097e+02   2.56787656e+05   1.48688705e+02   5.14583350e+03
   1.10766172e+05   6.74517725e+03   2.20933703e+05   3.50624237e+02
   1.57402649e+03   3.66461090e+02   4.15850859e+04   7.23466846e+03
   2.39711865e+03   5.54941455e+03   2.15412344e+04   1.20947805e+05
   9.38381897e+02   1.43485898e+04   5.14067627e+02   4.57194482e+03
   3.20261523e+03   2.83797705e+03   4.37311680e+04   6.64525977e+03
   2.68397402e+04   1.61883191e+03   1.67897891e+05   2.40042812e+04
   1.50997083e+03   2.30233906e+04   9.14114766e+04   4.56524570e+04
   6.04263086e+04   3.51264984e+02   1.38365656e+05   4.04192505e+02
   9.44826758e+03   4.39975656e+05   3.22019688e+04   3.27213452e+03
   5.14976074e+02   4.14486250e+04   4.16178055e+01   2.20062964e+03
   3.03108711e+04   7.71154932e+03   6.47701953e+04   8.57326562e+04
   8.61536230e+03   1.95233398e+02   4.04293711e+04   1.29184586e+05
   1.05859336e+05   3.85295074e+02   1.54402168e+04   1.81414785e+04
   7.74506953e+04   4.08481359e+00   8.50675879e+03   6.39956152e+03
   2.27660195e+04   1.05837754e+04   6.99552656e+04   3.40877571e+01
   5.76385693e+03   2.88489414e+04   5.03207550e+02   1.57204844e+05
   3.78265547e+04   3.66721973e+03   6.60337207e+03   2.89659395e+04
   4.16683477e+04   1.43882298e+00   2.05241165e+01   1.47023174e+04
   1.35997888e+03   2.68534551e+04   1.70179258e+04   2.19542207e+04
   8.07666748e+02   3.38402578e+04   8.59867750e+05   3.38919609e+04
   1.56646265e+03   4.16514355e+03   7.09079438e+05   1.48883655e+03
   1.88861548e+03   1.11714066e+02   1.39730579e+03   4.69256927e+02
   1.81189609e+04   4.33339969e+05   1.77657120e+02   8.05372772e+01
   9.77465625e+04   2.29574238e+04   0.00000000e+00   5.37966836e+04
   5.68196533e+03   7.15317810e+02   3.62071899e+02   2.93100723e+04]
[  9.04391785e+02   9.07692676e+03   1.39777168e+04   3.47967227e+04
   5.34889832e+02   7.14399531e+04   2.91266205e+02   8.48742249e+02
   1.44307755e+02   1.89616531e+02   4.22641250e+04   7.35926514e+03
   4.74091455e+03   9.02412207e+03   5.66852832e+03   2.48819244e+02
   9.14972461e+03   2.27597090e+04   4.28241836e+04   5.30494092e+03
   9.25021118e+02   8.25510938e+04   4.18083838e+03   4.73874298e+02
   4.39436562e+04   1.50020342e+04   6.57636328e+04   3.41432300e+03
   6.82592734e+04   1.33600303e+04   9.09454688e+03   1.08830992e+05
   1.17611982e+04   1.46966396e+04   2.28394570e+04   1.06172828e+05
   4.32863438e+04   2.49456055e+03   2.60358124e+02   2.10600078e+04
   4.95850258e+01   6.11846445e+04   3.48707695e+04   4.29018672e+04
   7.98391418e+02   2.59050879e+03   1.23429326e+04   1.94039941e+04
   5.32765388e+00   2.95106289e+04   7.23680469e+04   9.40370911e+02
   3.01305103e+00   2.80162637e+04   9.03686914e+03   1.14481543e+04
   7.09333862e+02   7.42465234e+03   1.87725723e+02   6.86385864e+02
   4.31775488e+03   1.04661531e+05   1.85561270e+04   2.21179590e+03
   6.10070459e+03   1.33077344e+04   7.02066772e+02   1.76695206e+02
   2.11511738e+04   1.75522034e+03   3.55339453e+04   2.63197241e+03
   6.71210859e+04   2.37173218e+03   2.00870228e+00   6.50495422e+02
   1.11368201e+03   2.47618618e+01   6.51429609e+04   3.08948711e+04
   7.74180450e+01   6.43492334e+03   2.64404258e+04   7.89095078e+04
   1.13349834e+04   1.58273344e+01   1.83534558e+03   2.59864819e+03
   7.46485078e+04   5.42095039e+04   5.69496533e+03   2.50912369e+02
   8.51979219e+04   1.00123887e+04   7.15297031e+04   1.29239893e+04
   3.82167656e+04   3.21343109e+02   3.77101719e+04   3.60330000e+04
   2.09627656e+04   3.16981415e+02   1.03383500e+05   5.58221875e+03
   1.78474258e+04   1.89823066e+04   1.30792334e+03   7.60366484e+04
   4.89135156e+04   8.12262268e+02   1.57666729e+04   7.32354614e+02
   6.44602344e+03   3.00619926e+01   6.71607300e+02   3.76339570e+04
   0.00000000e+00   3.96563672e+04   5.98586182e+02   1.42663057e+04
   9.36532410e+02   4.67660742e+04   3.14633691e+04   2.04908325e+03
   6.55030859e+03   5.32328320e+04   3.15465479e+03   1.66291738e+04
   2.24030645e+04   5.38993457e+03   8.34163025e+02   4.99891992e+03
   1.88791953e+04   3.33805078e+04   2.36842832e+04   1.08585388e+02
   1.21697891e+04   0.00000000e+00   1.74527344e+02   7.92029953e+00
   2.30574023e+04   2.93196716e+02   1.48052139e+04   1.25555360e+00
   2.63371777e+03   2.73857300e+03   1.01823627e+03   1.25002578e+04
   1.72867950e+02   8.76821875e+03   7.02818672e+04   5.67407031e+03
   1.62802734e+03   2.19908105e+03   1.19053780e+02   2.57218671e+00
   1.38956497e+02   6.59679871e+02   4.35807312e+02   8.25227812e+04
   9.01979590e+03   1.84241846e+03   9.35066602e+03   1.84033142e+02
   4.09650664e+04   8.74142090e+03   6.51115156e+04   6.06681885e+02
   4.64905664e+04   7.06165547e+04   3.89877319e+02   4.51491992e+03
   1.54069033e+04   1.87231702e+03   4.34521562e+04   3.23611250e+04
   2.78359863e+04   7.84742969e+03   8.68184668e+03   1.09850525e+03
   3.30805820e+04   2.69435254e+03   2.70451309e+04   2.02419961e+04
   9.27851855e+03   5.65430547e+04   6.87430312e+04   5.59564502e+03
   1.19941602e+03   3.75385400e+03   3.23433374e+03   1.46201572e+04
   1.31160879e+04   1.20071867e+05   8.14951328e+04   6.12575039e+04
   2.26672734e+04   9.96891016e+03   9.64554199e+03   7.75458313e+02
   6.65199844e+04   9.92858203e+03   8.11359192e+02   6.76312656e+04
   6.26561094e+04   3.55788086e+02   2.96171406e+04   3.48246758e+04
   3.11173325e+01   2.77025795e+01   2.12946387e+03   4.18982971e+02
   1.66442200e+02   5.27274353e+02   2.30469023e+04   5.56791455e+03
   6.16406934e+03   1.54055527e+04   2.99371055e+04   2.03239961e+04
   1.21752266e+04   5.17696953e+04   1.19267570e+02   2.60926037e+01
   2.19315469e+04   1.11101099e+03   5.65097534e+02   3.44888186e+00
   1.91233521e+02   7.45851367e+03   1.30414169e+02   1.73474121e+02
   4.30971836e+04   1.80247812e+04   4.68617500e+04   5.88259277e+03
   5.27447227e+04   1.39805920e+03   1.09886133e+04   3.23617422e+04
   1.07462861e+04   2.37584297e+04   4.58333447e+03   3.62010547e+04
   3.25513397e+02   7.18723750e+04   8.61251270e+03   1.66422787e+01
   1.50203857e+04   1.93870703e+04   1.39274795e+04   6.80118438e+04
   1.19623584e+04   7.71436016e+04   3.40216133e+04   2.15052207e+04
   8.34298359e+04   5.58157715e+02   3.29297821e+02   7.01252578e+04
   5.11524570e+04   4.18606033e+01   1.37748145e+04   1.99312952e+03
   9.33777084e+01   2.26115039e+04   1.67394421e+03   9.59150000e+04
   3.19228770e+04   8.58240906e+02   9.03685093e+00   1.38929407e+03
   2.96407544e+03   1.51450940e+03   8.45936953e+04   2.85898887e+04
   0.00000000e+00   7.38918533e+01   6.18399531e+04   6.78619727e+03
   1.66377850e+01   1.66287952e+03   1.45244893e+04   6.73945000e+04
   1.31613428e+03   3.31005933e+03   7.39849930e+01   9.57786743e+02
   2.97576489e+03   1.96378770e+04   9.40380957e+03   7.05923145e+03
   4.25686172e+04   2.78777871e+04   2.29979824e+04   4.45556494e+03
   6.64996414e+01   5.24967407e+02   9.77941895e+03   5.16562148e+04
   7.11638428e+02   1.55296008e+03   1.29577676e+04   1.64521408e+02
   1.07769299e+03   2.35129121e+04   3.85362939e+03   4.86334625e+02
   5.08951797e+04   3.06362488e+02   9.43032684e+01   8.86030273e+03
   1.28346680e+02   1.23699768e+03   6.36076680e+04   3.83485156e+04
   1.42137085e+02   4.67366719e+04   1.29857471e+04   3.06128882e+03
   1.16410742e+03   1.52765801e+04   9.33198438e+04   1.55591064e+03
   8.39154375e+04   7.44299297e+04   8.51217578e+04   2.48138281e+04
   1.12567197e+04   4.45631042e+02   4.31714531e+04   7.23596582e+03
   4.64859727e+04   3.94965601e+03   1.97048843e+02   3.59566914e+04
   2.30168365e+02   1.42729170e+04   2.72002246e+03   1.80381699e+04
   7.18698672e+04   4.92497559e+03   1.38166182e+04   1.43043091e+03
   7.12477951e+01   1.36103896e+04   1.65451719e+04   2.61269727e+03
   5.06850439e+03   5.70916138e+02   3.80013359e+04   2.92098572e+02
   4.24065674e+02   3.42048555e+04   8.91875195e+03   1.04365979e+03
   5.98687461e+04   6.78632324e+02   4.20137891e+04   1.16893984e+04
   3.41115586e+04   3.06674160e+04   3.42824280e+02   1.44478882e+02
   3.46274756e+03   7.02029297e+02   8.96033828e+04   4.43057959e+03
   3.17512578e+04   1.53584824e+04   8.61666211e+03   3.25066528e+03
   1.60123447e+04   4.34122607e+03   3.81142109e+04   6.66637109e+03
   8.23212219e+02   6.61351416e+03   3.28666992e+02   2.54767944e+02
   3.16053867e+04   9.32370508e+03   5.81058655e+02   4.23681289e+04
   1.63335176e+04   4.87618066e+03   1.44580444e+03   1.39377637e+04
   6.99549622e+02   1.32503067e+02   8.80521777e+03   2.59786890e+03
   4.32164551e+03   1.58803477e+04   1.98683516e+04   6.07438320e+04
   4.47500146e+03   1.83611108e+03   2.07596411e+03   7.88183899e+02
   8.10148621e+01   1.58851592e+04   3.48086172e+04   4.81597422e+04
   1.85115898e+04   1.42825303e+04   6.46842822e+03   1.17331848e+02
   1.81000576e+01   3.14216442e+01   1.66974512e+04   1.83048125e+04
   6.14260352e+03   2.59671722e+02   2.40851875e+04   2.84142559e+04
   2.03147876e+03   2.04025938e+04   2.62692930e+04   4.09852783e+03
   4.62822461e+03   7.73054346e+03   2.11427075e+03   5.35749844e+04
   6.97499844e+04   1.11366553e+04   2.87308047e+04   1.78541626e+03
   6.97004531e+04   1.85334546e+03   1.40334851e+03   6.21435400e+03
   3.41564844e+04   4.10449297e+04   1.32795488e+04   1.68107861e+03
   1.70486560e+03   1.09002087e+03   2.58966621e+04   5.72269287e+03
   1.59178848e+04   6.38849561e+03   7.48044922e+03   3.52893257e+01
   0.00000000e+00   6.65050000e+04   5.68855209e+01   1.66874570e+04
   2.01664709e+03   5.99940781e+04   4.27502588e+03   8.59650938e+04
   2.49243008e+04   0.00000000e+00   3.52998975e+03   0.00000000e+00
   8.91438538e+02   1.12900156e+04   1.14679504e+02   1.37548413e+03
   5.72349915e+02   1.05832939e+04   3.31096893e+02   5.62715723e+03
   2.43837871e+04   5.90485352e+04   9.45431030e+02   1.93064499e+01
   5.15018127e+02   6.13530713e+03   1.80122471e+01   4.38752979e+03
   8.34295996e+03   3.35274261e+02   2.55844238e+03   4.32542676e+03
   6.50717969e+03   7.31893408e+03   5.24404375e+04   0.00000000e+00
   4.75788452e+02   1.18788975e+04   4.00869414e+04   2.05029688e+04
   3.75724688e+04   4.73138245e+02   1.48617236e+03   6.01689529e+00
   1.91251582e+04   9.07359070e+02   1.02926859e+05   1.16073462e+03
   1.10361064e+04   1.07871514e+04   2.13313672e+03   2.30137500e+03
   1.89500647e+03   9.31401172e+04   1.28809094e+03   2.24959746e+04
   5.26663330e+03   9.71367722e+01   5.32632160e+00   1.00332412e+04
   8.04091943e+03   7.80842109e+04   1.98002258e+03   1.65662861e+01
   3.63393125e+04   8.58801575e+02   3.78551727e+02   1.11143125e+05]
[  3.91943994e+03   9.68833594e+03   2.46657983e+03   7.15689011e+01
   4.56215000e+04   8.79502335e+01   5.47600703e+04   2.84183535e+04
   6.56298828e+04   5.73140320e+02   6.46674316e+02   4.36289062e+03
   5.93110619e+01   5.76948438e+04   5.62479443e+03   3.85243645e+01
   8.27995508e+03   3.70013184e+03   2.42412573e+03   4.84201514e+03
   4.87038281e+03   1.29181387e+04   1.74238843e+03   1.06517159e+02
   2.66029236e+02   2.29698789e+04   2.44176050e+03   2.04098594e+04
   1.26389685e+03   3.91599792e+02   1.36372421e+02   9.81146698e+01
   2.51267578e+03   4.71857452e+00   5.06802338e+02   1.33555762e+03
   4.17484814e+03   1.99938183e+01   1.24446689e+04   4.52616089e+02
   1.15445566e+04   7.13251953e+03   4.34185371e+01   3.18425781e+04
   1.12597783e+04   5.37583069e+02   3.32452002e+03   7.48594055e+02
   6.78075989e+02   1.31106836e+03   5.00932739e+02   1.96092594e+00
   5.86527705e-01   1.23376963e+04   2.66828369e+03   1.38922864e+03
   1.60105195e+04   6.86861084e+02   1.02509338e+03   2.71453342e+01
   3.09926057e+00   5.18104736e+02   8.56173035e+02   8.34757385e+02
   4.48318512e+02   4.94075348e+02   3.46200977e+03   5.19604102e+03
   6.66756953e+04   7.73083801e+02   1.91284885e+01   3.24349238e+04
   4.32719612e+01   1.57589856e+03   2.28823413e+03   6.30108398e+02
   0.00000000e+00   4.94154932e+03   3.11811279e+02   2.21764343e+02
   2.67486060e+03   8.13426172e+04   5.01981094e+04   1.10442344e+04
   2.42550952e+03   2.51574459e+01   1.46630381e+04   1.64138318e+03
   7.99569824e+02   1.88092969e+03   1.89750898e+04   9.71005469e+03
   4.57499170e+03   0.00000000e+00   2.51560449e+03   3.67280731e+01
   1.46314377e+02   1.14844268e+04   7.54260010e+03   6.08464160e+03
   5.01148651e+02   2.74026221e+03   1.89330139e+03   1.01981096e+01
   6.08744568e+02   2.57330640e+03   7.60650293e+03   3.82958565e+01
   3.84231758e+04   6.32289336e+04   6.56672314e+03   2.95302271e+03
   4.67035034e+02   5.66100293e+03   4.12871992e+04   1.82615161e+03
   7.50171814e+02   8.47488281e+02   1.36694962e+02   5.69393005e+02
   5.07901001e+02   1.14408750e+04   3.68274219e+03   3.62625237e+01
   3.10568066e+04   5.18010742e+02   2.35194946e+03   5.32514709e+02
   4.65823555e+01   2.60232539e+04   4.82584724e+01   3.67853943e+02
   4.83846826e+03   2.29438398e+04   6.68030176e+03   3.39634056e+01
   4.87018860e+02   1.96568558e+02   2.27891562e+04   0.00000000e+00
   1.70075867e+02   7.08831665e+02   7.50991211e+03   5.26470795e+01
   7.09397900e+03   2.02760962e+03   3.07052026e+03   3.16677051e+04
   5.79661621e+02   1.16078137e+03   7.18848203e+04   1.16583069e+03
   2.90626602e+04   7.18430359e+02   6.55941544e+01   4.30001641e+04
   1.52973457e+04   2.90257891e+04   3.37111133e+03   6.78400391e+03
   5.45444678e+03   1.63934326e+03   0.00000000e+00   2.50989700e+02
   3.13681562e+04   6.57918335e+02   6.12959336e+04   4.94943314e+01
   2.56828638e+03   1.50270488e+04   9.70234497e+02   4.41702197e+03
   4.47220586e+04   1.22551416e+04   5.00521698e+01   6.48354492e+02
   1.68745276e+03   6.14241943e+03   8.57798340e+02   9.22100647e+02
   6.63537734e+04   4.41774506e+02   1.91792029e+03   0.00000000e+00
   1.24340420e+04   5.77170078e+04   1.35828555e+00   1.71346069e+03
   2.03684372e+02   3.92668008e+04   2.91534546e+02   8.21928589e+02
   5.55270157e+01   5.02725938e+04   8.01814160e+03   3.19270898e+03
   3.68496155e+02   1.92401836e+04   5.42298340e+02   5.09924414e+04
   2.69791953e+04   2.77863068e+02   2.80601768e+01   3.61340790e+02
   9.13532031e+03   3.65953156e+02   1.34695129e+02   6.38905078e+03
   3.01567287e+01   2.34369946e+03   3.09306665e+03   4.37533478e+02
   7.61256787e+03   6.85717285e+03   2.42740742e+04   7.25174844e+04
   1.52181299e+04   1.26072014e+02   1.12797195e+02   4.06843008e+04
   1.84063281e+03   6.68707581e+01   3.34846680e+03   1.26305557e+02
   3.07416553e+03   2.78561890e+02   4.08804175e+03   3.56026328e+04
   2.68546729e+03   2.87063135e+03   5.82093945e+04   3.47493500e+02
   2.21484695e+02   9.32965332e+03   2.20349789e+01   7.60339609e+04
   5.31139766e+04   7.01157178e+03   1.37871323e+02   3.35517487e+02
   1.60637280e+03   4.50699414e+03   2.66719238e+03   4.74667529e+03
   4.25644092e+03   6.65982666e+03   4.10812199e-02   6.04971172e+04
   2.13851109e+01   1.83880493e+02   9.22148438e+02   4.29458237e+00
   1.83661289e+04   1.75249908e+02   3.12004070e+01   3.42159424e+02
   5.49155579e+02   2.25995825e+03   3.10411816e+03   1.24490020e+04
   4.07509741e+03   5.93042969e+02   1.07195435e+03   9.03311646e+02
   1.51819836e+03   2.23813965e+04   1.37119226e+03   3.34015625e+04
   3.48219580e+03   6.41086182e+03   1.08173706e+03   6.11733704e+02
   2.12450879e+03   2.99081360e+02   1.56726389e+01   1.09352898e+02
   8.24384082e+03   0.00000000e+00   1.57630908e+03   6.52437012e+03
   2.42177930e+03   3.91992828e+02   1.62617451e+04   0.00000000e+00
   1.20259613e+02   1.26527705e+04   9.68051434e+00   4.37306445e+04
   5.49313660e+02   7.45602966e+02   8.88622131e+01   4.72770947e+03
   5.71827070e+04   1.75273203e+04   6.58483057e+03   6.44819043e+03
   4.23861914e+04   5.98952759e+02   5.15421326e+02   8.87919556e+02
   2.71384544e+01   1.25486096e+03   2.99630215e+04   1.24595480e+01
   1.15428564e+04   1.34366318e+04   1.89219519e+03   6.03103047e+04
   2.12596756e+02   1.48816467e+02   6.67311783e+01   2.78764551e+03
   1.19717227e+04   1.70340088e+02   5.73832153e+02   3.79421417e+02
   6.86223906e+04   1.03433533e+02   4.52768822e+01   3.05480408e+02
   8.53327734e+03   7.68216455e+03   1.06151367e+04   1.54886963e+04
   5.48680312e+04   1.29526147e+03   2.63844946e+03   2.68267598e+04
   4.36153687e+02   4.65743904e+01   6.29124492e+04   1.84350898e+04
   1.41647034e+02   1.79570471e+03   1.91985977e+04   1.29402930e+03
   3.79962349e+00   3.83840649e+03   1.05822424e+03   3.41421906e+02
   1.68473477e+04   1.98212378e+03   3.80080566e+03   2.66877676e+04
   1.07463852e+02   3.75307202e+03   4.47754761e+02   2.34276875e+04
   4.21724219e+04   5.13404785e+02   1.74367285e+03   1.49502207e+04
   1.60573157e+03   2.13845273e+04   6.72285156e+04   2.43876055e+04
   1.00440112e+03   8.74411499e+02   4.21591455e+03   4.14127693e+01
   3.29225659e+03   8.06769348e+02   1.54682093e+01   1.15503845e+02
   1.19625361e+04   2.64963516e+04   3.53321930e+02   1.36483613e+04
   4.32848938e+02   5.26241641e+04   8.39626408e+00   2.79078271e+03
   4.25955957e+03   6.91722969e+04   1.46214929e+03   3.45584302e+03
   4.36927368e+02   1.28632324e+03   1.99120496e+03   1.80331016e+04
   7.24480859e+03   2.83092432e+03   5.11935043e+01   1.79842944e+03
   2.35323700e+02   3.29140547e+04   3.42248086e+04   7.56402295e+03
   7.96621641e+04   1.60584375e+03   9.46582890e+00   6.48797836e+01
   5.23141895e+03   1.69357832e+04   1.82699548e+03   1.03767891e+04
   3.10368628e+03   4.06807995e+00   2.99200439e+02   2.81203796e+02
   1.08649078e+02   7.51589990e+03   2.24470430e+04   1.54064062e+04
   4.24336035e+03   7.40940237e+00   4.79165898e+04   6.47170227e+02
   9.27414551e+03   5.92288284e+01   7.47078418e+03   1.72908081e+02
   9.07308008e+03   1.02561455e+04   1.68502121e+01   2.35382462e+00
   3.66621185e+02   1.35227039e+03   7.09482568e+03   1.13953102e+02
   1.46235083e+03   2.78856421e+03   1.35698315e+03   5.26035205e+03
   2.51676147e+03   3.44288359e+04   2.59271759e+02   2.19053078e+01
   8.45270215e+03   8.71119003e+01   4.03503345e+03   4.10395508e+04
   5.33579297e+03   6.34936951e+02   4.25537659e+02   4.49809766e+03
   1.53488611e+03   5.97698364e+02   6.91655625e+04   6.33425391e+03
   7.22533984e+03   8.01095703e+02   2.48896069e+03   2.31284937e+03
   1.01524597e+02   7.13968445e+02   5.09267529e+03   8.07936584e+02
   2.48625977e+02   6.78735474e+02   0.00000000e+00   3.96343933e+02
   1.97774086e+01   0.00000000e+00   1.58762539e+04   9.64567947e+00
   8.04312944e-01   7.98841064e+02   0.00000000e+00   7.69612183e+02
   4.11167969e+03   1.46446191e+03   8.63623145e+03   3.83376160e+02
   8.13403359e+04   3.04674219e+04   5.58787659e+02   2.45079419e+03
   8.63784790e+02   2.38095605e+04   5.95662969e+04   3.27704620e+02
   1.80523468e+02   2.73729477e+01   1.95721533e+03   1.16644561e+04
   3.50768066e+03   6.83155670e+01   3.45937775e+02   1.52229671e+01
   1.94211680e+04   5.03936572e+03   6.26898560e+02   4.12091278e+02
   5.84934387e+02   8.74820618e+02   4.84882422e+04   1.46407738e+01
   4.71044971e+03   1.13078339e+02   7.71491719e+04   9.07265918e+03
   5.16490662e+02   5.24184143e+02   2.53577399e+00   9.80735938e+03
   1.69661462e+03   8.00441666e+01   2.44759003e+02   7.63543115e+03
   6.48460156e+03   1.25111152e+04   2.33380173e+02   4.07898285e+02
   5.25291504e+02   7.82401328e+04   1.90248276e+02   6.78562561e+02
   0.00000000e+00   1.16831113e+04   1.97723574e+04   3.81236987e+03]
[  3.29211731e+02   1.22440957e+04   5.44809265e+02   1.85404065e+03
   1.69739771e+03   2.44190742e+04   2.87018616e+02   8.53315625e+03
   4.07319385e+03   3.30157852e+04   1.08027063e+03   1.00509399e+02
   6.92070850e+03   3.57577656e+04   2.91243677e+03   4.76450256e+02
   2.68305933e+03   7.52358447e+03   7.59492344e+04   4.33929901e+02
   1.06427670e+01   5.57202002e+03   1.09308975e+02   2.25187036e+03
   1.26806143e+04   7.45196609e+01   1.49585635e+04   1.07275597e+02
   1.42138147e+03   3.44100928e+03   2.92246582e+03   7.32953711e+03
   4.06604907e+03   1.45680523e+00   1.92798132e+03   1.22807930e+02
   9.57757812e+02   6.16536836e+04   3.02916241e+00   1.10495176e+04
   7.51614307e+03   3.31857452e+02   4.02731991e+00   4.17934296e+02
   9.71341504e+03   2.26944138e+02   5.89277881e+03   7.06503906e+03
   1.10271326e+03   6.61283493e+01   1.17298962e+03   5.34064148e+02
   4.52021393e+02   1.61659971e+04   1.86878926e+04   2.21650293e+04
   4.44466278e+02   1.37850537e+04   9.34107819e+01   3.09812402e+03
   2.06301587e+03   1.07160559e+03   4.89889893e+02   2.39363213e+01
   2.98012036e+03   3.51786987e+02   2.54502960e+02   7.92265472e+01
   3.71327332e+02   2.72806816e+01   1.00632306e+03   9.56735449e+03
   3.07555488e+04   1.40665985e+02   2.56837754e+04   1.46057999e+02
   2.62906311e+02   4.79438995e+02   3.12782446e+03   1.61912939e+04
   2.58157617e+03   2.85238711e+04   1.77552695e+04   2.17685508e+04
   6.16448984e+04   1.11833221e+02   1.03928894e+03   7.75632227e+03
   4.76888281e+03   2.26237812e+04   1.52192154e+01   2.28573486e+03
   1.55233688e+02   1.32707900e+04   1.05986646e+03   1.25939727e+04
   9.18955469e+03   4.04218525e-01   1.22592246e+04   1.54826331e+03
   3.98339920e+01   3.80162695e+03   6.15624390e+01   3.63435229e+03
   2.46056137e+01   3.72375832e+01   1.14294153e+03   3.45981211e+04
   1.21195831e+01   1.56330088e+04   4.69868530e+02   5.16199805e+04
   7.91612061e+03   7.83280457e+02   1.34021416e+01   4.18774353e+02
   9.72716614e+02   3.27520312e+04   5.37674194e+02   2.33022556e+01
   1.58460417e+01   4.63610718e+02   3.02910352e+03   9.07124268e+02
   7.23342041e+02   1.21280674e+04   3.18630890e+02   1.01526451e+02
   1.33691431e+03   5.16804382e+02   1.41225029e+04   6.29051270e+02
   1.12953735e+02   1.62982056e+03   1.10006604e+03   1.05598037e+04
   3.18649453e+04   1.02049274e+01   4.89023628e+01   8.34748993e+01
   9.91141200e-01   1.40144699e+02   3.16956207e+02   3.34737091e+02
   1.68814316e+02   4.15263867e+03   1.34587402e+03   1.23600334e-01
   6.38739380e+02   5.61792969e+04   1.44584488e+02   1.13740833e+03
   4.12869171e+02   5.43612842e+03   8.11778198e+02   1.48652227e+04
   7.25433502e+01   9.20185181e+02   4.67339508e+02   4.83129541e+03
   2.15638168e+02   2.77896088e+02   1.55024390e+03   4.82889481e+01
   4.21844531e+04   9.26999512e+01   1.55265884e+02   3.08900391e+03
   9.04229297e+03   1.55734893e+04   5.92420244e+00   2.51808640e+02
   5.00249414e+03   4.81345825e+02   2.59064388e+01   8.05588806e+02
   4.75743789e+04   6.92808716e+02   3.17881582e+04   2.92211646e+03
   3.86416055e+04   2.87560820e+04   3.25382195e+01   1.60310681e+03
   1.05222729e+03   9.36078668e-01   1.37547129e+04   4.98241504e+03
   5.87262039e+01   2.86112732e+02   1.15508743e+02   5.45964172e+02
   5.05081592e+03   3.11920557e+03   9.37248779e+02   1.06010332e+04
   1.69042310e+03   1.23814343e+03   8.32723541e+01   2.05701685e+03
   6.35582666e+03   1.26871777e+03   1.29542322e+03   1.44672513e+00
   4.34135400e+03   3.24027222e+02   2.08916064e+03   5.98207458e+02
   6.52613281e+03   6.00477891e+04   5.19899963e+02   7.05004700e+02
   2.98342944e+03   1.69494751e+03   6.96972275e+01   5.90549023e+03
   5.52055781e+04   1.82421539e+02   1.37886383e+02   1.03908076e+04
   1.44685449e+04   5.32349854e+02   1.90934677e+02   1.59017786e+03
   2.78945618e+02   6.16408043e+01   4.27760223e+02   4.57350960e+01
   1.62034583e+03   1.63565201e+02   4.94778412e+02   1.67694916e+02
   2.89692505e+03   3.93779640e+01   1.56907148e+01   4.66122208e+01
   1.10804761e+03   2.26592972e+02   3.55861865e+03   4.44552803e+01
   6.23777046e+01   5.04263115e+01   8.54525635e+02   3.13075547e+04
   1.70614863e+04   6.41984717e+03   4.54415527e+02   2.62415576e+03
   2.95168400e+01   3.51795685e+02   3.79515747e+02   2.07098358e+02
   7.13112939e+03   2.27481909e+03   1.60089760e+01   2.58326111e+02
   3.82008105e+03   5.84414816e+00   1.07150330e+03   3.39408035e+01
   4.83739655e+02   1.38019788e+03   9.66749878e+02   5.00952415e+01
   3.88999805e+04   1.25521240e+03   5.22090078e+04   2.80226587e+03
   5.81037598e+03   1.12519867e+02   3.01168575e+01   7.72344543e+02
   2.81346436e+02   3.46759186e+01   3.41862266e+04   6.16029419e+02
   7.74961609e+02   4.23046753e+02   5.17792383e+03   2.12076367e+04
   1.79467224e+02   1.89577866e+02   8.05509155e+02   6.55963750e+04
   1.81127429e+03   3.00582593e+03   1.47158604e+04   1.53392288e+02
   7.83049927e+02   4.11639844e+03   5.23444580e+03   4.49867969e+03
   4.68866357e+03   3.81828687e+03   4.92040291e+01   8.80769287e+02
   8.46208691e+03   7.36506836e+02   9.45297363e+03   1.80263901e+01
   3.17754631e+01   2.59620825e+03   1.95936113e+04   1.12801422e+02
   7.34167822e+03   5.08553242e+04   4.55795288e+02   2.17343799e+03
   5.09375830e+03   2.68058496e+03   7.80007935e+00   2.97823389e+03
   3.25303221e+00   1.03478125e+04   1.95642664e+03   1.71476348e+04
   5.35932373e+02   8.09595947e+03   3.20128601e+02   1.43107002e+04
   2.58687036e+03   3.53697305e+04   3.41245264e+03   1.92197148e+04
   1.45743652e+03   1.19335254e+03   1.06378430e+03   6.76306519e+02
   1.06970129e+03   4.84925720e+02   6.62466504e+03   4.20179297e+03
   1.11809683e+00   1.64508606e+03   3.03046204e+02   2.42776147e+03
   2.12999687e+01   8.17517041e+03   1.65942285e+03   3.63110781e+04
   3.65484961e+04   1.81921130e+03   9.23762894e+01   2.23871216e+02
   3.06109409e+01   1.62195175e+02   1.29563398e+04   1.22933887e+03
   9.67572266e+03   1.10505850e+04   3.95001196e+03   4.31987266e+04
   2.82732849e+02   2.46936475e+03   8.19626587e+02   7.53911133e+02
   1.52301455e+04   1.78631921e+03   1.70618398e+04   3.00005188e+01
   6.89278359e+04   4.08146149e+02   2.69726172e+04   1.18929260e+03
   7.32604736e+03   1.29953583e+02   7.48173523e+01   9.51871387e+03
   2.33776260e+02   4.82095020e+03   4.00772278e+02   1.17262317e+03
   3.27710480e+02   1.12296436e+04   7.11180115e+02   7.96460312e+04
   7.99673389e+03   1.15564636e+03   3.55274048e+03   1.12986963e+03
   2.32628860e+02   1.20169719e+05   2.82171802e+03   3.52775757e+02
   3.16565491e+02   7.35730176e+03   1.61587219e+02   2.12232609e+01
   1.85450146e+03   1.16046582e+03   4.23663086e+04   4.22138037e+03
   1.84943311e+03   4.67103633e+04   5.02990117e+04   7.06790466e+02
   2.89638428e+02   7.12386914e+03   2.50183398e+03   9.93346875e+03
   3.51698875e+01   1.72528047e+04   2.82273291e+03   3.21122192e+03
   4.60445366e+01   2.42318398e+04   1.14773758e+02   1.42430981e+03
   2.83072534e+03   3.18777002e+03   4.89965332e+02   1.70169531e+04
   1.05131182e+04   9.95322693e+02   1.33210498e+03   1.58828220e+01
   3.81133057e+03   2.33035010e+03   0.00000000e+00   3.39843628e+02
   1.65160309e+02   1.92103672e+04   4.51462158e+03   1.69297729e+02
   1.34871863e+03   1.34258604e+04   2.06434497e+03   1.78798767e+02
   1.47318567e+03   5.88800586e+03   4.01658867e+04   5.79873810e+01
   1.37833145e+04   1.49595312e+03   7.40327301e+01   5.00681396e+02
   3.31257477e+02   7.70148134e+00   2.03319629e+04   7.42064362e+01
   2.21069885e+02   2.39377884e+02   2.73988190e+02   6.83197498e-01
   2.92775059e+01   1.68694453e+04   5.37778992e+02   3.76867615e+02
   4.33913513e+02   1.96154434e+04   5.76473267e+02   8.68109985e+02
   5.08565826e+01   1.23328523e+05   4.39029062e+04   5.64863739e+01
   2.58644165e+03   7.83262451e+03   1.60765049e+04   7.90251221e+03
   1.85049102e+04   6.78278809e+03   9.94704004e+03   9.22981323e+02
   9.86466797e+03   4.57921240e+03   5.73782104e+02   1.25597054e+02
   5.40583862e+02   1.15502462e+01   2.90172583e+03   1.77990020e+04
   7.67283496e+03   1.35867627e+04   1.21737622e+03   6.89687576e+01
   4.64162598e+02   1.26982678e+03   8.78726868e+02   1.64261621e+04
   4.50949414e+03   1.84724533e+02   8.42463379e+03   1.07481277e+02
   2.16443653e+01   1.28517306e+00   5.27666553e+03   4.15233948e+02
   1.02793103e+03   6.66488184e+03   4.79792305e+04   3.12630332e+04
   1.28847627e+04   1.22850708e+03   1.31027625e+03   1.40020410e+03
   1.76330396e+03   8.08319397e+01   3.04744580e+03   1.74565076e+03
   1.47661826e+04   4.02338008e+04   1.20293512e+01   9.38954590e+02
   1.51909629e+04   1.96668047e+04   1.64772827e+02   1.97944546e+01
   1.32082092e+03   5.28680878e+01   2.63153877e+01   7.12103076e+03]
[  1.38872269e+02   5.23831844e+00   0.00000000e+00   4.72202832e+03
   1.40337280e+02   3.78652573e+01   2.06517553e+00   6.89999247e+00
   3.23131958e+02   2.01113892e+02   4.83554230e+01   2.86008850e+02
   1.74387226e+01   1.43394852e+02   2.73344650e+01   1.94643104e+00
   0.00000000e+00   7.15483932e+01   0.00000000e+00   0.00000000e+00
   2.25919632e+02   1.52848340e+04   2.89306714e+03   3.77601379e+02
   1.58355865e+01   0.00000000e+00   0.00000000e+00   4.85385590e+02
   1.03386139e+02   8.33390381e+02   2.16465869e+03   5.20301170e+01
   7.17058472e+02   1.22293961e+02   4.95811272e+00   1.44739343e+03
   1.43539139e+02   9.66058887e+03   1.01581378e+03   1.29563330e+03
   6.36917969e+03   4.35366364e+01   8.65778015e+02   1.35719702e+03
   3.30112839e+00   2.24207377e+00   3.55623267e+03   2.21015034e+01
   2.56588364e+01   7.85509567e+01   3.84090385e+01   9.83342407e+02
   8.56265604e-01   2.67935181e+02   1.15267105e+02   2.48525238e+01
   3.97691528e+03   6.08921631e+02   9.43091631e-01   9.93353500e+01
   2.66373657e+02   1.36142776e+02   6.63745627e-02   5.75861328e+02
   2.88264160e+02   1.48437524e+03   3.40140419e+01   4.44411397e-01
   4.36232513e+02   6.86176697e+02   3.55591736e+02   1.83051224e+01
   8.61972733e+01   5.24991226e+01   2.66198635e+00   3.72241394e+02
   1.02293110e+01   1.12662769e+03   1.07462301e+01   8.77834930e+01
   0.00000000e+00   4.71450119e+01   4.21752380e+02   2.59529834e+03
   2.87851334e+01   4.37334099e+01   7.33771443e-01   1.99391282e+00
   8.74870410e+03   1.42936050e+02   9.30054785e+03   1.22382774e+02
   1.45392510e+04   7.21433105e+02   0.00000000e+00   5.30942688e+02
   9.28492969e+03   7.50641108e+00   1.69824939e+03   5.58418846e+01
   2.56778052e+03   6.43093948e+01   1.86033039e+01   9.21601653e-01
   3.15946094e+03   1.44653394e+03   0.00000000e+00   3.42267723e+01
   6.02022591e+01   0.00000000e+00   1.33744583e+01   1.27856575e+02
   3.60561670e+03   3.74395166e+03   5.01196060e+01   2.05384701e-01
   2.47843872e+03   4.46958344e+02   2.86733437e+01   2.58147945e+01
   0.00000000e+00   1.79939743e+02   3.66348219e+00   3.11334777e+00
   7.37820530e+00   5.18437147e+00   2.61595879e+01   1.23150563e+00
   5.04021683e+01   2.72824927e+03   2.00039307e+03   4.96305237e+02
   1.35558277e-01   1.87509460e+01   1.73677444e+02   1.03110428e+02
   9.20076172e+03   2.42619110e+02   1.10949318e+02   8.16690903e+01
   3.17223633e+03   1.97630325e+02   9.75243607e+01   3.77696313e+03
   1.01783285e+01   1.05024934e+00   4.86349144e+01   0.00000000e+00
   2.19770360e+00   1.50731173e+01   0.00000000e+00   3.02419415e+01
   1.84658463e+02   9.03003597e+00   2.74713564e+00   1.13077869e+01
   8.72257324e+02   2.21619396e+01   9.75998840e+01   3.64829292e+01
   2.34123962e+02   9.63700562e+01   1.28415938e+04   7.14471863e+02
   1.12095654e+03   1.01687510e+04   0.00000000e+00   3.44430420e+03
   6.00603088e+02   6.13483496e+03   1.84491026e+00   2.84038184e+03
   3.75422287e+01   4.53745758e+02   3.02924514e+00   1.10994473e+01
   1.17543343e+02   1.66012936e+01   7.48923874e+01   0.00000000e+00
   2.36299744e+01   2.40688159e+03   0.00000000e+00   2.16965381e+03
   1.05674660e+02   7.81732764e+03   7.79277420e+01   5.01352167e+00
   6.12396680e+03   7.24788055e+01   4.03822212e+01   8.09347916e+00
   4.10293030e+02   8.18709488e+01   5.25215088e+02   2.23795746e+02
   6.93533707e+01   2.33755103e+03   2.50266089e+03   3.61057690e+03
   2.52235546e+01   1.04674727e+04   4.74843712e+01   3.38346062e+01
   2.85362110e+01   5.34884567e+01   2.32950391e+03   1.77454468e+03
   0.00000000e+00   2.27865771e+03   2.91109814e+03   1.21524524e+03
   0.00000000e+00   0.00000000e+00   1.22892258e+02   1.75318396e+03
   2.28037384e+02   1.49386139e+01   1.48217468e+02   3.15848755e+02
   2.04672050e+01   1.65895676e+02   9.62761765e+01   5.95552826e+00
   4.49613574e+03   7.25135156e+03   0.00000000e+00   3.22694359e+01
   2.70267391e+00   7.23158020e+02   2.90386124e+01   3.93530914e+02
   1.36255844e+02   7.29460388e+02   1.77075305e+03   1.42917084e+02
   9.93133621e+01   1.03800068e+04   3.61607218e+00   1.49705066e+03
   0.00000000e+00   1.42725430e+04   3.15663452e+02   1.07054734e+00
   0.00000000e+00   2.48599487e+02   7.16499072e+03   6.93808869e-02
   1.49383262e-01   8.68837237e-01   5.26528760e+03   3.77206095e-02
   1.33804646e+01   7.18591919e+01   7.94292831e+01   9.50767456e+02
   5.57393311e+02   1.93682594e+01   6.66172552e+00   1.04724902e+04
   2.27891312e+01   2.19234650e+02   0.00000000e+00   0.00000000e+00
   0.00000000e+00   0.00000000e+00   8.85105133e+00   7.73140869e+02
   7.40088501e+02   1.22832508e+01   2.77753663e+00   1.09082935e+03
   2.21450377e+00   1.33638789e+04   4.81374902e+03   5.28011169e+01
   5.08762305e+03   2.49371643e+01   7.47437286e+01   6.95014858e+00
   9.23098278e+00   1.69434433e+02   1.26483848e+04   4.38328156e+02
   4.44885445e+01   2.02829422e+02   1.18980737e+03   7.18999481e+01
   0.00000000e+00   7.33098173e+00   4.52463799e+01   1.73536902e+03
   2.57409131e+03   4.89970032e+02   0.00000000e+00   0.00000000e+00
   2.73297821e+02   2.51528427e+02   2.62292862e+00   6.98944664e+00
   5.31055115e+02   5.96356689e+02   1.27774824e+04   7.13504970e-01
   4.64070618e+02   1.23780817e-01   9.86443329e+01   0.00000000e+00
   9.71990332e+03   0.00000000e+00   9.83071875e+03   2.15904617e+01
   2.46735935e+01   0.00000000e+00   0.00000000e+00   5.85245654e+03
   3.05400171e+03   3.19956250e+03   3.30567291e+02   3.20756416e+01
   2.47547925e+03   3.31900826e+01   3.89677763e+00   5.87480507e+01
   4.75297165e+01   0.00000000e+00   1.62697697e+01   1.27914619e+01
   1.54864838e+02   7.37209930e+01   4.09497719e+01   2.68874707e+03
   7.93905869e+01   5.27143433e+02   1.97624542e+02   3.17296094e+03
   1.38980273e+03   8.87789429e+02   6.76320020e+03   2.94407410e+02
   1.83082031e+03   1.08673990e+00   1.26694359e+02   6.64764345e-01
   4.36898096e+03   2.11470413e+00   4.79212646e+03   1.44293304e+02
   6.77228149e+02   3.46494217e+01   3.35569534e+01   0.00000000e+00
   2.68490674e+03   9.47943115e+00   1.42052650e-01   6.19122238e+01
   5.22056494e+03   4.49844971e+03   3.84330005e+03   1.04075480e+00
   9.03965149e+01   1.37994468e+00   4.44030838e+01   1.23870628e+02
   1.16338440e+02   2.88061447e+01   0.00000000e+00   3.12466644e+02
   2.95633942e+02   0.00000000e+00   2.17712143e+02   4.33659277e+03
   6.34571686e+01   1.31801041e+02   1.74928532e+01   1.86781342e+02
   8.18914223e+00   3.32300878e+00   6.48751831e+00   1.72196640e+02
   5.24073219e+01   1.35846777e+04   7.47679663e+00   4.25852979e+03
   7.52846130e+02   8.59535828e+02   1.15489441e+03   3.57822571e+01
   3.23700903e+03   2.01393356e+02   8.21984192e+02   2.16134911e+01
   1.86086380e+02   0.00000000e+00   1.37861374e+02   1.16981688e+01
   0.00000000e+00   2.57802248e+00   1.38015594e+02   1.07036217e+02
   1.70506714e+02   1.45368604e+03   5.77726611e+03   9.81547737e+00
   3.95064964e+01   1.40564575e+01   2.43579605e+02   3.39476252e+00
   2.61668072e+01   7.08975977e+03   6.02596970e+01   9.45809479e+01
   3.11831684e+01   5.04840027e+02   3.34517920e+03   2.14568115e+02
   3.69585840e+03   1.48924026e+02   8.02723885e+00   3.69470787e+00
   1.89838809e+04   5.74784668e+02   1.26076027e+02   1.40538187e+01
   8.47144714e+02   1.71498154e+02   2.74058032e+00   1.56561041e+01
   1.65551834e+01   1.21707422e+03   6.30605469e+03   7.49612808e+01
   1.95912857e+02   1.08103308e+03   1.06488818e+03   5.22161026e+01
   2.97950535e+01   1.45250330e+03   1.02278682e+04   4.06300049e+01
   1.64214182e+00   1.64219666e+01   2.29228851e+02   2.23000153e+02
   1.03881645e+02   1.27616298e+00   6.48364502e+03   4.05457910e+03
   6.33516504e+03   0.00000000e+00   3.97381165e+02   1.39417877e+02
   1.77798242e+03   6.59171200e+00   3.87071045e+02   6.29929626e+02
   3.12439156e+00   7.28963672e+03   7.56655350e+01   2.36830664e+03
   0.00000000e+00   3.50527283e+02   5.78578033e+01   4.18269104e+02
   7.01599756e+03   2.75616150e+01   4.03944702e+01   3.39028430e+00
   4.73315525e+00   6.93959534e+02   1.88512756e+02   4.38000336e+01
   1.91714737e+02   3.63104053e+03   0.00000000e+00   1.59995520e+03
   3.36669678e+02   5.11769958e+02   4.68109473e+03   3.32121765e+02
   3.55067969e+03   6.43322632e+02   4.62295288e+02   9.01669846e+01
   6.69958038e+01   1.54346765e+03   1.03045776e+02   6.48247559e+03
   4.41869831e+00   5.53190613e+00   2.98177223e+01   4.42302197e+03
   7.10848511e+02   2.21549797e+01   4.50920830e+01   0.00000000e+00
   2.02177173e+03   3.69198303e+02   9.22389465e+02   6.01397119e+03
   1.53082047e+02   3.85890350e+01   1.51725989e+03   2.60879834e+03
   2.47451961e-01   4.09437378e+03   1.20707769e+01   5.42665588e+02
   0.00000000e+00   1.10127715e+04   1.02785330e+01   2.84008148e+02]
[  1.19574327e+01   4.04170685e+02   6.87488251e+01   2.76715302e+02
   7.70716629e+01   3.51670837e+02   5.22332726e+01   4.28741119e+02
   4.08359947e+01   6.91495056e+01   1.31506824e+03   4.81253052e+02
   1.57544678e+03   2.62433075e+02   2.24861206e+03   2.10136810e+02
   4.32633352e+00   3.32926910e+02   3.31171021e+02   2.57981812e+02
   1.28407318e+02   1.75794086e+01   2.37721948e+03   4.65623207e+01
   5.90039062e+01   3.12510109e+01   1.94851913e+01   4.68621521e+01
   5.14470801e+03   4.97979164e+00   3.93045950e+00   4.89731674e+01
   5.22904980e+03   1.06167389e+02   1.69442902e+01   3.18950897e+02
   5.47199365e+03   2.31885457e+00   2.44839732e-02   2.51370801e+03
   5.35240527e+03   4.31590118e+02   2.29567051e+00   2.89751863e+00
   1.24013186e+00   3.97020233e+02   3.13533252e+03   3.53093071e+01
   1.41742268e+01   7.23942947e+01   2.41460457e+01   1.08386986e+02
   4.63960724e+02   6.48451782e+02   3.78830780e+02   2.48162646e+03
   3.02475224e+01   1.34775524e+01   2.10905225e+03   5.25679980e+03
   6.39557312e+02   1.95587265e+02   6.24658789e+03   3.75139260e+00
   2.36916399e+00   1.83619720e+02   1.14399061e+01   1.21918915e+02
   2.77957106e+00   2.47222305e+02   1.25894531e+03   9.93016907e+02
   4.87424561e+02   2.51033440e+01   6.87496033e+01   6.45278015e+02
   4.54467087e+01   5.45390686e+02   2.45239990e+03   9.25252819e+00
   3.58636284e+00   5.01209381e+02   3.20304907e+03   5.17898026e+01
   9.07515625e+02   6.17405615e+03   4.66196327e+01   4.31826477e+01
   2.77520508e+03   1.51750061e+02   1.86121902e+02   6.54202515e+02
   0.00000000e+00   3.06985645e+03   5.03284597e+00   1.38983011e+01
   3.59859161e+02   3.21027930e+03   1.18022293e+02   3.98134232e+01
   9.36312485e+00   6.11247864e+01   2.05375122e+02   1.12979784e+01
   1.38912878e+03   0.00000000e+00   7.33172913e+01   4.08155469e+03
   3.33376855e+03   6.99178314e+01   3.73684937e+02   1.14289942e+01
   1.56024658e+03   8.45812622e+02   4.21444489e+02   0.00000000e+00
   3.26494179e+01   2.40084496e+01   1.45489380e+03   2.57707329e+01
   3.98989525e+01   1.92350354e+03   0.00000000e+00   2.91950130e+01
   2.74351215e+01   3.31952942e+02   1.64901718e+02   1.31886108e+02
   4.46692041e+03   3.38765645e+00   3.73594543e+02   2.35867065e+03
   1.57254248e+03   1.20287180e+01   1.08190781e+04   6.70604765e-01
   9.59307194e+00   2.47648102e+02   1.18222221e+02   4.34884453e+00
   3.30384473e+03   0.00000000e+00   6.37762024e+02   7.14347839e+01
   2.47303741e+02   7.06378984e+00   3.62817216e+00   5.93362474e+00
   1.42001182e-01   3.64555931e+01   3.42039037e+00   1.71815231e+02
   3.31577667e+02   3.28463110e+03   1.24001938e+02   8.20654297e+02
   7.82631470e+02   6.91446114e+00   1.83647485e+03   3.29935944e+02
   1.83241626e+03   3.93088477e+03   4.13254678e-01   2.73389648e+02
   3.25411890e+03   1.38409216e+03   4.73479706e+02   8.45621414e+01
   6.06345940e+01   1.51054041e+03   4.95783783e+02   4.09613192e-01
   3.09076263e+02   3.74061346e+00   4.98117218e+01   1.52306080e+00
   2.18339473e-01   3.53711279e+03   8.75876923e+01   1.04903488e+01
   1.21058884e+02   2.67852669e+01   1.39851065e+01   3.15653591e+01
   4.09122583e+03   6.27812862e-01   3.99525337e+01   0.00000000e+00
   1.98933768e+00   4.33584175e+01   1.84751282e+01   1.97470123e+02
   4.12832298e+01   1.57678757e+02   4.48654999e+02   7.04490051e+01
   3.85598450e+02   2.77322979e+01   4.92270050e+01   6.37455521e+01
   5.28902969e+01   2.55994507e+02   2.97067404e-01   2.85648131e+00
   3.02531490e+01   1.24875231e+01   9.89087462e-01   2.36706757e+02
   3.82446213e+01   1.65704746e+01   1.11768677e+03   4.40050140e+02
   1.10589111e+00   4.05492216e-01   1.77596329e+02   8.22520752e+01
   1.16146866e+02   1.39758020e+03   2.67009613e+02   8.69719925e+01
   2.75334137e+02   1.16077808e+03   9.48851013e+01   8.32023376e+02
   7.34705505e+01   4.33416462e+00   1.81932043e+03   1.20573669e+02
   3.42859912e+03   5.25287402e+03   3.69873022e+03   5.89087029e+01
   0.00000000e+00   1.10061600e+02   3.47454071e+02   1.86457593e+03
   1.27690137e+03   3.51433983e+01   2.21527515e+03   1.39673721e+02
   3.89181061e+01   7.32357635e+01   7.56737244e+02   3.00538182e-01
   3.94278320e+02   5.03361359e+02   3.71279572e+02   1.09171021e+00
   5.37545654e+02   3.41580105e+00   0.00000000e+00   3.37739319e+02
   1.46489526e+03   2.85857558e-01   3.02337608e+01   4.99794531e+03
   1.07059216e+00   1.94773697e+02   1.47830734e+01   2.01402264e+01
   3.11287134e+03   2.27909848e-01   7.27160352e+03   7.96407623e+01
   4.14515114e+01   7.90318222e+01   3.78552887e+02   1.25639050e+03
   6.98449783e+01   7.13200867e+02   1.07843140e+02   4.05215942e+02
   1.08417988e+00   6.62661195e-01   4.59878654e+01   5.44589577e+01
   1.77835083e+01   8.13876724e+01   8.53249756e+02   9.78937317e+02
   1.14381351e+01   8.03888226e+00   1.87891699e+03   4.54684496e+00
   2.55339742e+00   1.92900818e+03   2.72539185e+02   3.00869203e+00
   5.20249561e+03   6.05966568e+01   8.42123795e+00   3.64229262e-01
   4.58980652e+02   1.03784631e+03   3.64174048e+03   2.93839111e+01
   2.96448169e+03   1.69946609e+02   6.16229591e+01   6.37300903e+02
   2.70076099e+03   8.03892883e+02   2.70996261e+00   5.28190184e+00
   5.77374951e+03   2.35319556e+03   8.30290723e+03   5.89663635e+02
   2.56409526e-01   4.77533936e+02   1.20807190e+02   2.61226101e+01
   1.44189262e+00   7.62700958e+01   1.74395485e+01   1.11975159e+03
   1.52778638e+03   7.60868683e+01   6.96599915e+02   0.00000000e+00
   1.25424347e+01   2.67388110e+03   2.48195477e+01   3.76716772e+03
   9.45887299e+01   2.53547714e+02   9.70922012e+01   1.01174198e-01
   1.14279118e+01   6.41956406e+01   6.43895054e+00   9.62797546e+00
   4.46305885e+01   2.24640064e+01   2.14310776e+02   1.77287464e+01
   3.49136444e+02   1.14825340e+02   1.59539749e+02   2.61905762e+03
   2.14341748e+03   1.02746765e+03   1.33749805e+03   3.13651299e+00
   3.70696564e+02   9.03771667e+02   9.31547974e+02   9.73100357e+01
   1.11134956e+02   2.78692041e+03   1.17493057e+01   0.00000000e+00
   4.72891895e+03   8.43777161e+01   7.50048157e+02   2.10792294e+01
   1.94499878e+03   6.92370544e+02   1.22061638e+02   2.07201797e+02
   4.27153702e+01   5.93825912e+00   1.05778656e+02   2.12574609e+03
   1.48157385e+03   9.23626232e+00   2.39880199e+01   4.79908524e+01
   2.45076904e+01   1.11854734e+01   3.00196680e+03   4.72896099e-01
   7.36366516e+02   2.71442700e+03   0.00000000e+00   2.37860153e+02
   7.69447388e+02   6.01168457e+03   1.20280823e+02   1.46507538e+02
   3.54842133e+02   6.90153580e+01   9.65435944e+01   3.70803986e+01
   2.17563385e+02   8.74079666e+01   1.61432290e+00   1.42349701e+02
   2.25515332e+03   2.29470921e+01   5.67797998e+03   1.66269043e+02
   5.20580017e+02   1.60021515e+01   0.00000000e+00   8.69865189e+01
   1.90777910e+00   1.54910446e+02   1.61369461e+02   3.02449860e+02
   2.04388245e+03   1.69542343e+02   4.83034019e+01   2.99504785e+03
   2.89257788e+03   1.39598022e+02   5.02184540e+02   2.54980892e-01
   2.03734772e+02   8.60080957e+03   7.28057556e+01   3.54511475e+02
   1.85125565e+02   4.15049028e+00   1.66359329e+01   0.00000000e+00
   9.52312561e+02   3.22359180e+03   1.03666370e+03   1.86982080e+03
   7.56219254e+01   1.07894592e+01   5.59989868e+02   1.37621367e+00
   6.41884995e+01   3.48149338e+01   5.74543571e+01   2.42508301e+03
   4.21125641e+02   6.50882141e+02   7.24987598e+03   8.98838425e+00
   9.11390381e+01   2.27587061e+03   6.29750977e+01   1.82064087e+02
   1.57278052e+03   1.86974869e+01   3.82998657e+02   1.49878738e+02
   1.53416233e+01   4.68450317e+01   7.33307800e+01   1.28614807e+02
   2.07569008e+01   2.32516159e+02   1.44226898e+02   7.32425928e+00
   2.46955948e+01   3.53387794e+01   1.73430622e+00   1.08063184e+03
   9.98985938e+03   1.34864978e+03   4.11125946e+01   6.87367126e+02
   8.18252002e+03   1.17252174e+02   2.18579346e+03   1.73400383e+01
   8.76537415e+02   1.63679291e+02   2.91578121e+01   8.08508337e-01
   1.37893054e+03   3.95618744e+02   7.55879898e+01   4.01460059e+03
   8.50370898e+03   9.57691223e+02   3.67414331e+00   4.94154701e+01
   2.61909332e+01   3.44904175e+02   4.66483402e+00   9.65430725e+02
   1.20757950e+02   2.51889825e+00   3.30123978e+01   3.76830578e+00
   1.16964836e+02   6.10214966e+02   2.26031921e+02   8.78576599e+02
   5.50478401e+01   1.12445664e+00   2.95237274e+01   7.43920117e+03
   1.31811399e+01   7.18335876e+01   3.79118500e+02   8.27049805e+02
   2.79904366e+00   2.07465187e-01   1.02982925e+02   1.51272903e+02
   1.15402308e+01   7.85368164e+02   1.39751343e+03   4.27804980e+03
   1.89851013e+03   5.44149094e+01   2.57073029e+02   2.43690454e+03
   4.92254601e+01   0.00000000e+00   2.96368523e+01   4.96701465e+03
   1.22483551e+02   8.39884186e+01   9.09667969e+01   2.69473828e+03]
[  5.30384827e+02   3.14228764e+01   1.21560001e+00   8.11998081e+00
   2.19761028e+01   1.44771191e+03   4.06191711e+01   9.92753315e+00
   6.22335005e+00   4.01904968e+02   6.09522018e+01   1.31105385e+01
   9.85889465e+02   1.01458325e+03   1.49037354e+02   0.00000000e+00
   6.81632462e+01   6.26340210e+02   9.52968674e+01   3.48274040e+00
   1.66652718e+01   6.10237360e-01   2.42987041e+01   1.57242639e+03
   2.69085050e+00   4.91637564e+00   4.34914172e-01   2.34947929e+01
   1.24425726e+01   3.71243500e+02   2.36346912e+01   1.17362487e+00
   1.15538284e+02   8.36225891e+00   2.41115039e+03   2.26069995e+03
   3.49120808e+00   1.35294641e+03   1.16356668e+01   7.70750427e+01
   1.05827360e+01   3.16886063e+01   1.14459789e+00   5.46030350e+01
   1.53486862e+01   1.30952179e+02   8.38572754e+02   1.17922783e-01
   1.18952614e+02   3.00133476e+01   8.25276978e+02   6.56863675e-02
   4.60312157e+01   1.63866596e+01   0.00000000e+00   1.77372208e+01
   6.22301912e+00   3.20805893e+01   7.36265488e+01   1.19513420e+02
   1.85167370e+01   3.90420761e+01   1.01186514e+01   1.41662064e+01
   2.71234684e+01   1.91439705e+01   8.11652451e+01   8.50032616e+00
   8.25729656e+00   6.32395020e+01   2.53538017e+01   2.03874524e+03
   5.37346458e+01   1.08317842e+04   1.54940210e+03   4.88984299e+01
   1.80210381e+01   2.27322578e+01   8.06982803e+01   1.67308178e+01
   8.46331882e+00   4.24576035e+01   8.74933243e+00   1.74256935e+01
   1.96640625e+01   9.25740078e-02   1.64881506e+03   2.90613031e+00
   1.05492630e+02   1.81741562e+01   6.24904823e+01   1.58322783e+01
   8.46968460e+00   1.86909836e+02   1.02204285e+02   4.24802628e+01
   3.30233841e+01   7.96974792e+01   1.33542999e+02   6.93727188e+01
   7.89194256e-02   1.43000383e+01   4.55192146e+01   3.04761944e+01
   1.14202709e+01   1.86662269e+00   4.03406954e+00   2.88657837e+03
   2.12405510e+01   9.91564766e-02   1.80976776e+02   1.13093252e+01
   1.32969847e+01   4.34548454e+01   0.00000000e+00   2.08528548e-01
   1.39767771e+01   8.29252701e+01   2.04259546e+03   1.33248711e+00
   2.04090881e+02   4.72415352e+01   3.85282874e+00   4.06836224e+00
   1.29698172e-01   1.43247871e+04   4.09804440e+00   2.22018700e+01
   8.15891174e+02   4.70259361e+01   1.77320747e+01   1.40750488e+02
   3.89200897e+02   1.51971922e+01   2.70786108e+03   1.07600746e+01
   6.80253327e-01   9.55241966e+00   1.34488171e+03   7.04699020e+01
   1.36153812e+01   1.44057288e+03   1.25285864e+00   8.85016174e+02
   1.42883673e+01   7.12012787e+01   2.32097197e+00   1.32348511e+02
   5.18809021e+02   7.12799301e+01   2.23289127e+01   8.32279358e+02
   9.07700825e+00   7.52016449e+01   7.38117615e+02   2.87018661e+01
   2.74225807e+01   0.00000000e+00   7.36853695e+00   1.21338794e+03
   4.91904150e+03   4.05121777e+03   3.87309861e+00   1.43033934e+01
   2.25405693e+01   9.93806744e+00   2.97825184e+01   5.14675865e+01
   6.31260586e+00   5.08949776e+01   7.05888214e+01   1.95002091e+00
   1.95429301e+00   1.31970325e+03   1.23788996e+01   2.27220306e+01
   5.08886957e+00   6.33866787e+00   5.36293030e+01   8.03100220e+02
   2.08007721e+02   3.11035004e+01   6.52570679e+02   1.33237900e+02
   1.25717125e+02   9.10876465e+01   6.45630717e-01   5.53425312e-01
   1.09509232e+02   1.03299591e+02   8.95189819e+01   3.87496948e+00
   6.30947656e+03   1.13580811e+02   1.61151218e+00   3.51312637e+01
   2.14796543e+01   3.03035812e+01   4.66093903e+01   2.18600195e+03
   1.27783794e+01   1.34393990e+00   1.60735278e+03   7.78631821e+01
   2.40520549e+00   1.89735985e+01   1.99814331e+03   3.09912796e+01
   9.94443054e+01   2.69030151e+02   1.47051987e+02   4.72620010e+00
   3.32975616e+02   7.09335470e+00   1.06513481e+02   1.57950409e+02
   0.00000000e+00   1.10399940e+02   2.35575586e+03   6.37913086e+02
   0.00000000e+00   9.42163658e+00   1.28791246e+01   1.72738895e+01
   5.17266960e+01   1.04714661e+03   7.65745468e+01   6.14443092e+01
   3.04637343e-01   4.07788429e+01   1.10359068e+01   1.55959436e+03
   6.83761536e+02   5.27068115e+02   0.00000000e+00   7.85789847e-01
   8.26861801e+01   3.57352197e+03   1.83700818e+03   1.29902124e+01
   1.01135464e+01   6.09258690e+01   3.86163177e+01   0.00000000e+00
   6.80561495e+00   2.37517163e-01   9.60252563e+02   0.00000000e+00
   3.57634247e+02   2.97573128e+01   1.51636804e+03   2.82297859e+01
   4.02193146e+01   1.55771484e+03   7.07380615e+02   8.54952717e+00
   4.38587990e+01   3.53924561e+01   1.21490723e+03   7.02288971e+01
   1.01938095e+02   2.11844845e+01   8.00047791e+02   2.63676510e+01
   5.16232605e+01   5.23247242e-01   2.47486908e+02   8.62972736e+00
   1.21154499e+00   4.69514198e+01   1.87625256e+03   1.01364276e+03
   2.32479992e+01   1.43232727e+00   1.13286819e+02   2.75042496e+01
   2.78412384e+02   6.37428818e+01   1.86689568e+01   4.56866360e+00
   9.17966614e+02   8.80048447e+01   1.83181286e+01   2.33526562e+03
   5.69423981e+01   2.54794006e+01   2.76475573e+00   4.74986916e+01
   1.88217865e+02   4.41863403e+01   8.69380432e+02   3.38961716e+01
   1.65641327e+01   4.65195541e+01   3.66463203e+01   1.36584930e+02
   1.41073103e+01   1.17053833e+03   1.08402119e+01   5.33049805e+03
   2.34392044e+02   1.29642277e+01   1.84813647e+03   4.44271027e+02
   3.37728058e+02   9.74884491e+01   1.20385809e+01   5.94840454e+02
   4.19418564e+01   4.91657791e+01   6.60222650e-01   4.38465767e+01
   1.72692890e+01   9.17813339e+01   1.40639331e+03   2.75185070e+01
   2.09430835e+03   1.14106607e+00   1.18682043e+03   1.05216427e+01
   2.13785187e+02   5.00398598e+01   1.09999458e+02   3.13836426e+02
   5.29722023e+01   1.93462486e+01   1.41132808e+00   7.76863327e+01
   2.02509537e+01   4.46868706e+01   8.48974168e-01   1.14626827e+01
   0.00000000e+00   2.44818253e+02   6.26675129e+00   5.96450500e+02
   3.34723902e+00   1.52166153e+02   6.01550484e+01   5.18460144e+02
   2.87112541e+01   0.00000000e+00   1.37175049e+02   1.13051138e+01
   5.99551154e-03   1.83984623e+01   3.80545959e+01   4.72984810e+01
   1.47111998e+01   2.82848034e+01   2.11727829e+01   2.68262720e+00
   7.16245949e-01   6.80962143e+01   2.89245777e+01   5.41632178e+03
   5.14340973e+01   7.09335327e+01   4.61851616e+01   1.80436459e+01
   2.50301695e+00   1.79317200e+02   3.56559563e+01   1.12046425e+02
   1.19339392e+03   7.08378649e+00   2.09603386e+01   7.06575632e+00
   1.68825348e+02   2.07695312e+01   1.97243348e-01   2.32537781e+02
   3.84640923e+01   0.00000000e+00   2.41610413e+01   1.76642990e+01
   2.36380518e+03   3.18906856e+00   3.86475110e+00   9.96241474e+00
   3.88427544e+01   3.22381714e+03   8.67069153e+02   0.00000000e+00
   2.61047394e+02   6.20406456e+01   1.05008316e+01   1.27636015e+00
   1.73810463e+01   0.00000000e+00   1.96561292e+03   6.01173935e+01
   7.57292175e+01   5.65078087e+01   1.23859119e+03   7.89359314e+02
   2.59383411e+01   3.69313660e+01   1.54573196e+02   1.19684961e+03
   4.36755257e+01   1.08931747e+02   9.45391846e+00   4.08589840e+00
   1.02588326e+02   1.42271423e+03   4.81146278e+01   7.11324234e+01
   4.76117210e+01   1.28263336e+02   7.87832642e+02   1.17798962e+03
   4.52803802e+00   9.92346924e+02   5.49405396e+02   1.47443980e-01
   3.51876793e+01   1.62687433e+00   1.39809436e+03   7.39189100e+00
   9.00343140e+02   1.29013090e+01   4.05913544e+01   8.77082884e-01
   3.51708755e+01   6.89905640e+02   8.73592606e+01   2.49856625e+01
   1.07260762e+04   3.37682007e+02   9.55888138e+01   4.02842474e+00
   8.09743500e+01   1.39923425e+03   3.64566040e+01   1.87915369e+03
   1.46362341e+03   1.15251137e+02   5.02515984e+01   5.04572334e+01
   1.35724878e+00   6.80344238e+02   8.18530121e+01   5.78947601e+01
   2.72119560e+01   4.34978256e+01   1.41346622e+00   9.86591721e+01
   2.49807491e+01   2.00995502e+01   8.58441353e+00   3.84327164e+01
   1.33881164e+00   1.84236786e+02   2.74148369e+01   2.56410840e+03
   3.78987694e+01   2.77318652e+03   1.53728180e+02   6.30000734e+00
   8.90716095e+01   7.82844360e+02   4.69607830e+00   2.53567696e+01
   1.35259192e+03   4.08756638e+00   1.03298865e+03   2.62083954e+02
   1.22597945e+00   2.91779423e+01   1.99747223e+02   8.19455566e+01
   6.74559998e+02   2.38634497e+03   6.18686104e+01   1.71037683e+03
   7.53517270e-01   0.00000000e+00   8.83696556e+00   5.73129892e-01
   2.52231693e+01   9.14733315e+00   1.45506567e+03   0.00000000e+00
   1.57729584e+02   2.31410942e+01   4.16839409e+01   2.78187085e+03
   4.39312410e+00   0.00000000e+00   6.37612076e+01   8.78475723e+01
   3.41717644e+01   8.60811279e+02   6.24385742e+02   1.41927234e+03
   7.16204163e+02   3.29399139e+02   8.59224777e+01   2.00903587e+01
   3.28112305e+03   1.45683851e+01   2.96899581e+00   9.32142151e+02
   1.05455923e+01   1.62606552e+02   2.07513618e+01   8.60142288e+01
   3.83827972e+02   4.70677063e+02   1.40590613e+03   1.74653387e+00]
