bicycle
bus
car
motorbike
person
[ 19209026.       2103673.75    22642490.      15892429.      23907066.
   1746634.875   10118262.       3775580.75     4700232.5      6530477.
   3225625.      15811517.      17066630.       7682012.      17208054.
  11227798.      18471610.      14744880.      22491428.       7745253.
   4825726.5     14762274.       3721667.25    19096810.       8708819.
  12333467.       6978944.5      9010380.       4140736.5      9877544.
  16383154.      25603520.      28939200.       3159888.75    26523778.
    972327.1875  14287738.       4374462.      11354787.       1252243.
   7894207.5     17244280.      38206100.      30456716.      15449538.
  15791241.      12771043.      19449846.       3180410.25    30032138.
  27019288.       8790800.      10551430.       9230204.       7768769.
   7550966.5     13594610.      14523671.       2731203.5      1310721.
    915038.875    1563916.       6858243.5      2909386.    ]
[  2.45869340e+07   6.48308400e+06   3.09288620e+07   2.83985875e+05
   3.91572650e+06   1.23746000e+06   5.89586750e+06   3.61675903e+03
   9.89952100e+06   1.29479388e+06   2.55873560e+07   2.06582060e+07
   3.27574492e+04   3.09581450e+06   1.65532780e+07   7.31290750e+06
   1.24076400e+06   3.15598640e+07   8.13474750e+06   1.14477660e+07
   4.25897125e+05   1.78109840e+07   1.47251250e+06   1.80003480e+07
   6.67905562e+05   2.39433800e+07   2.55428725e+06   1.28266938e+06
   5.20393950e+06   4.23806201e+03   2.86867880e+07   1.56582227e+04
   2.95284850e+06   1.47458400e+07   6.73075000e+06   6.27984900e+06
   4.05181594e+05   8.74811800e+06   2.45367960e+07   1.52819860e+07
   1.06875920e+07   5.99286250e+06   1.34333125e+05   5.16107800e+06
   2.56945760e+07   1.98613580e+07   3.26426969e+05   3.40369800e+07
   1.84442000e+07   5.75639950e+06   1.98696080e+07   2.03399020e+07
   3.28823840e+07   1.99813480e+07   9.45430688e+05   1.78102480e+07
   7.75826650e+06   4.86416560e+07   5.30570350e+06   5.30421000e+06
   2.95605160e+07   3.61293726e+03   8.83169700e+06   3.55938000e+07]
[  3.36738775e+06   9.43658400e+06   1.20915146e+04   1.05195703e+05
   1.51892783e+04   5.98483203e+04   3.21610293e+04   3.70906600e+06
   3.84868750e+04   1.69899388e+06   5.13845700e+06   2.87486875e+05
   9.61603750e+05   1.36272850e+06   2.28479961e+04   1.43918500e+05
   2.37148325e+06   2.70355562e+05   3.98864531e+05   2.79735500e+06
   1.92133075e+06   1.75440762e+04   8.04668900e+06   9.58960100e+06
   9.80706000e+06   0.00000000e+00   1.91784531e+05   2.40451225e+06
   1.68978788e+06   5.29414450e+06   2.53300723e+04   6.81789100e+06
   2.08847375e+05   3.06454150e+06   1.24259238e+06   3.80678475e+06
   1.55230625e+05   1.40211220e+07   3.31445325e+06   4.39654736e+03
   5.16189050e+06   2.04560850e+06   4.58341100e+06   1.20103240e+07
   7.55006000e+05   1.96342453e+05   7.86948550e+06   4.58201250e+04
   2.88723500e+06   5.20656844e+05   2.48789675e+06   7.53990391e+04
   2.90377825e+06   1.78579888e+06   1.22208660e+07   9.75389900e+06
   1.57177075e+06   3.65909922e+04   6.96838281e+04   1.74761297e+05
   2.04890912e+06   1.26820840e+07   7.93848400e+06   3.27779050e+06
   1.44399850e+07   2.30045975e+06   1.04023230e+07   5.92455900e+06
   1.92491422e+05   7.04697625e+05   6.66506900e+06   8.79879600e+06
   1.81459400e+06   2.36688656e+05   0.00000000e+00   3.38391650e+06
   4.54804375e+04   4.16747375e+06   3.49949850e+06   6.72528750e+04
   8.88982227e+03   4.38137050e+06   2.50911325e+06   2.63233789e+03
   2.56967150e+06   4.67953850e+06   3.07297950e+06   2.25326953e+03
   4.75507550e+06   1.23907975e+06   4.87334400e+06   2.57383225e+06
   1.85452156e+05   3.84646425e+06   8.88384375e+05   4.43846650e+06
   6.77165723e+03   2.76474900e+06   1.96011150e+06   6.28839500e+05
   2.80986600e+06   1.13910225e+06   7.55242188e+04   1.09218638e+06
   3.37485254e+03   1.00998641e+05   1.76771516e+05   6.04521562e+05
   2.80739750e+06   1.45513844e+05   1.06949000e+05   6.49043800e+06
   1.96272125e+05   5.26881100e+06   4.31014650e+06   6.24757700e+06
   5.04964219e+05   7.62790438e+05   2.58232450e+06   2.96596562e+05
   1.46408238e+06   3.21227525e+06   1.92731758e+04   4.76839500e+06
   2.23989100e+06   2.41194141e+04   1.71342600e+07   2.81620190e+03]
[  3.84374250e+06   2.07919512e+06   1.14442000e+05   0.00000000e+00
   1.01522539e+04   2.01424425e+06   1.08707000e+06   1.68370550e+06
   1.17525100e+07   5.22266600e+06   5.41738900e+06   5.23548650e+06
   1.77557988e+06   2.12064625e+05   3.53381885e+03   2.02930288e+06
   7.54452750e+05   3.26826450e+06   2.54383275e+06   1.66928301e+04
   7.64576000e+06   2.20144400e+06   1.54406800e+06   1.78638223e+04
   1.91555578e+05   2.21262625e+05   1.67741338e+06   5.07357550e+06
   6.59065234e+04   5.61924250e+06   2.44053164e+04   1.08053160e+07
   3.26398800e+06   8.01222344e+04   9.88336625e+05   1.53024875e+06
   1.69818238e+06   8.44601100e+06   1.56833375e+05   4.21750547e+04
   1.26626212e+06   3.28046484e+04   3.96025430e+04   6.38973625e+05
   6.82621562e+05   8.18800750e+06   4.39446100e+06   4.01149300e+06
   3.07813100e+06   1.20926690e+07   1.87873950e+06   4.65066450e+06
   3.83748350e+06   5.81040000e+05   8.76473047e+04   1.88276656e+05
   3.65453825e+06   9.95448000e+05   1.18308495e+02   1.86864162e+06
   2.82922825e+06   4.92908550e+06   5.44857650e+06   3.58995150e+06
   5.95100812e+05   8.53742600e+06   4.58412156e+05   3.43445725e+06
   2.47913225e+06   5.44651500e+06   2.26611700e+06   1.10075880e+07
   9.08962500e+06   4.33416200e+06   1.59384970e+07   1.00467914e+03
   3.73204925e+06   9.41701812e+05   1.20215670e+07   1.95445225e+06
   1.95449950e+06   3.36066680e+04   6.78337300e+06   2.53237225e+06
   9.60072949e+03   6.00966150e+06   1.26928175e+06   2.07851038e+06
   4.24472070e+04   1.49104650e+06   6.57767969e+04   4.49152450e+06
   1.46559781e+05   8.01677800e+06   1.38849475e+06   2.21054450e+06
   8.42293875e+05   5.61535150e+06   1.22751588e+06   8.91792100e+06
   1.36323516e+05   4.18711938e+05   1.27803030e+07   6.30153625e+02
   2.15186734e+05   1.20372510e+07   2.76293600e+06   5.40516300e+06
   7.85123050e+06   5.06847650e+06   8.84874316e+03   3.98762075e+06
   5.53709250e+05   1.76879240e+07   2.76416725e+06   5.97740250e+05
   1.19981578e+05   3.64644300e+06   3.01861250e+04   2.13048867e+04
   1.18171880e+07   2.74515125e+06   2.74658750e+04   7.11191200e+06
   5.05589350e+06   2.11769600e+06   1.02252310e+07   7.08738150e+06]
[  0.00000000e+00   8.58018652e+03   1.19143088e+06   6.17211035e+03
   8.14347076e+00   3.28724213e+02   3.99614716e+02   1.79074955e+01
   2.10353775e+06   2.22271641e+04   1.34063126e+02   6.95577490e+03
   1.68055420e+01   8.36614219e+04   5.11568789e+04   6.79839111e+02
   7.83106738e+03   3.31311094e+05   9.66244531e+03   2.89428105e+04
   1.09339130e+00   4.12869971e+03   3.53129781e+05   8.40732812e+03
   5.29502588e+03   1.11612476e+03   1.61153488e+06   0.00000000e+00
   7.23532031e+03   6.53935699e+01   8.80703831e+00   1.33515533e+02
   0.00000000e+00   7.31818875e+05   3.48000352e+04   1.22462775e+06
   1.80262800e+06   4.36084082e+03   9.52739563e+02   5.51389465e+02
   1.91362732e+03   1.15658142e+03   6.74920850e+03   2.98817219e+05
   9.04884180e+03   1.40554321e+03   8.29658699e+00   1.70254797e-01
   1.62212188e+05   1.61828818e+04   1.33952451e+04   1.14652496e+02
   1.48073725e+06   2.35074625e+05   3.75547104e+01   1.16961797e+05
   5.26301625e+05   7.58012688e+05   7.92628784e+02   7.83912516e+00
   3.91878125e+04   2.59855488e+04   1.32817109e+05   5.93430742e+04
   5.37570763e+00   2.20066387e+04   1.08252588e+03   7.31187256e+02
   2.64689111e+03   9.29442500e+04   9.35923375e+05   1.67814450e+06
   0.00000000e+00   1.52208574e+04   1.02537327e+01   8.17114075e+02
   6.43941455e+03   2.63815094e+05   5.28600562e+05   1.00929180e+04
   5.95774258e+04   1.06373425e+03   1.16651719e+04   2.22007275e+03
   1.42669138e+06   2.14025575e+06   5.93073188e+05   1.01763712e+06
   7.71653750e+04   5.05600372e+02   3.20447363e+03   6.35961406e+04
   3.23099875e+05   1.18808076e+04   0.00000000e+00   7.33826465e+03
   3.24114087e+03   2.08251594e+05   3.48432642e+03   2.21986074e+04
   3.19251230e+04   8.85549255e+02   1.58346725e+06   8.32389922e+04
   1.01103058e+03   2.35339233e+03   9.13793848e+03   1.90663501e+03
   7.42947054e+00   5.31889492e+04   8.46520562e+05   1.80622910e+04
   0.00000000e+00   3.00715938e+04   3.01880688e+03   3.23770117e+03
   2.21191242e-01   1.50877539e+03   5.58323486e+02   1.78388750e+06
   1.47398652e+04   0.00000000e+00   1.38308779e+04   2.00053247e+03
   2.05799170e+03   9.95743688e+05   2.64579132e+02   0.00000000e+00
   8.36620812e+05   1.97987500e+04   1.19039189e+04   5.48144727e+03
   8.97746289e+03   1.13642400e+06   6.61553097e+00   1.90913660e+03
   2.57364575e+06   7.96430750e+05   5.34262061e+03   0.00000000e+00
   9.62684375e+03   2.80952168e+01   4.41875293e+03   4.66478750e+05
   6.12329651e+02   1.43292538e+06   2.62192285e+03   1.33930078e+03
   5.77923398e+04   0.00000000e+00   7.37421484e+03   3.02788867e+03
   1.69545203e+05   1.22028781e+05   7.58716812e+05   7.42453979e+02
   4.31892969e+03   1.83522484e+05   1.06550838e+06   9.23157656e+04
   1.55679306e+02   1.69913875e+05   9.16754375e+05   1.51905068e+04
   1.22076748e+04   1.98470862e+06   9.97528562e+05   6.05157812e+04
   1.42681152e+04   1.10029388e+06   1.34702588e+06   5.25508691e+03
   4.16263721e+03   3.25599594e+05   1.16496816e+04   7.06336963e+03
   1.47630425e+06   1.37951843e+03   2.03978825e+06   3.17609492e+04
   4.50361719e+05   1.14803195e+05   4.41019688e+05   6.70941553e+03
   3.59850488e+03   2.68762646e+03   6.37025391e+04   1.82556777e+04
   7.93935938e+05   6.38102051e+03   3.53862500e+03   1.64894175e+06
   0.00000000e+00   4.59948062e+05   8.17573261e+00   1.46490875e+06
   1.09909834e+04   3.78542594e+05   1.73161875e+06   7.50512875e+05
   2.14779388e+02   1.47997962e+06   8.01344250e+05   4.21314087e+02
   7.14110000e+04   8.61928528e+02   8.21649780e+02   8.79694141e+03
   1.65460413e+03   7.38200938e+05   3.32358031e+05   1.76804875e+06
   7.30395752e+03   2.21168418e+04   1.40632324e+01   9.19126074e+03
   6.81969360e+02   7.17808812e+05   3.25968535e+04   0.00000000e+00
   1.47058823e+02   8.51361267e+02   4.96376831e+02   6.87153047e+04
   4.58504500e+05   0.00000000e+00   2.11929202e-01   3.52770906e+05
   1.32671860e+02   5.77290438e+05   1.03518555e+04   5.00068054e+02
   1.26524362e+06   1.08716533e+04   7.31279062e+05   1.06897163e+02
   1.57563416e+02   1.21786914e+04   7.42669750e+05   2.19340112e+03
   7.52723875e+05   8.47121500e+05   3.78344482e+02   1.12180835e+03
   4.84427188e+04   5.94703271e+03   1.47073730e+02   4.37327002e+03
   1.53554180e+04   1.74679734e+05   1.57716611e+04   5.16446960e+02
   1.94746826e+03   7.78026810e+01   1.30897998e+03   3.62551312e+05]
[  1.84509512e+06   3.55537061e+03   3.89522644e+02   2.80780090e+02
   8.91344562e+05   1.31303138e+06   2.32942266e+05   7.84842163e+02
   5.52691699e+03   7.50699646e+02   1.97534399e+03   9.90886621e+03
   4.81240936e+02   2.78867129e+04   4.31383057e+03   3.99897070e+03
   5.45022812e+01   1.56930579e+03   7.88709625e+05   8.84341484e+04
   1.98472357e+00   1.87199585e+02   3.08496185e+02   3.39609562e+05
   6.35475845e+01   1.37666382e+03   0.00000000e+00   1.46382219e+05
   2.59881934e+04   2.37899033e+02   3.79643672e+04   5.92090918e+03
   2.54410962e+03   9.35960938e+04   2.77905566e+03   1.30264121e+04
   1.49203516e+04   3.51652771e+02   2.88434644e+03   0.00000000e+00
   9.74029531e+04   4.76862578e+04   1.64168086e+04   3.87959888e+03
   5.46097705e+03   5.54280469e+03   2.78727688e+05   4.35940859e+04
   1.01296406e+05   1.11062354e+03   8.96560840e+03   3.41829810e+03
   3.80773804e+03   1.09929170e+04   1.85810797e+05   5.81848281e+04
   4.97346758e+04   2.46351000e+05   5.84844453e+04   1.66444739e+03
   4.62908350e+03   5.57859102e+04   0.00000000e+00   9.31085129e+01
   1.30132377e+00   1.78328066e+04   2.54508484e+05   2.66682739e+02
   5.62816162e+02   3.38305156e+04   6.88390125e+05   8.42781189e+02
   2.80534219e+04   8.58885254e+03   1.63537783e+04   4.17338477e+04
   3.10721445e+04   1.47554980e+04   1.06406430e+05   4.04888594e+05
   5.48498249e+00   4.61387158e+03   6.00725794e+00   5.28180195e+04
   3.87541534e+02   1.81593848e+04   8.12511902e+02   1.47326318e+04
   8.53140820e+03   1.04467900e+04   1.60879883e+04   8.58565039e+03
   4.70674727e+04   4.24262250e+05   6.38868103e+02   0.00000000e+00
   1.13543156e+05   1.02935190e+01   9.75911914e+03   7.17169922e+03
   6.81164795e+02   5.12365967e+03   9.43601500e+05   5.90022949e+02
   1.19971948e+03   2.33138145e+04   6.00081719e+04   6.80194062e+04
   1.76211191e+04   1.47891950e+06   4.06857414e+01   5.48216000e+05
   8.61757469e+00   3.54965088e+02   1.21959248e+04   4.39366680e+04
   4.11031201e+03   8.86919727e+03   7.24438330e+03   2.97759648e+04
   3.68254883e+03   1.27182983e+03   7.69111670e+03   1.46788578e+05
   1.55439575e+03   5.77268799e+03   2.74052525e+00   1.24332051e+04
   7.46165039e+02   1.62208312e+06   1.33048232e+04   2.32507837e+03
   3.98943848e+03   1.20357700e+06   4.53277832e+02   2.42034941e+04
   3.74838281e+04   8.04833500e+05   1.02356006e+03   1.42405457e+02
   2.02021241e+00   1.02751648e+03   3.46958960e+03   9.67102031e+04
   9.80212033e-01   8.43105042e+02   7.36489807e+02   0.00000000e+00
   0.00000000e+00   3.90538971e+02   2.60312817e+03   2.03172632e+03
   5.96359375e+05   1.09416078e+05   3.18961430e+00   1.78990922e+05
   9.05570496e+02   1.13042519e+02   1.54966201e+04   1.15231212e+06
   2.96896210e+02   6.38876074e+03   2.91598541e+02   7.71080208e+00
   7.27565859e+04   0.00000000e+00   4.25272438e+05   5.69501709e+03
   1.27321609e+05   1.43203312e+06   2.05075287e+02   7.21151114e+00
   9.93458691e+03   3.00499594e+05   5.33148312e+05   2.22486621e+03
   8.67455957e+03   1.77900891e+03   8.11179688e+03   1.33095992e+00
   1.58944746e+04   5.86782568e+03   2.19086475e+01   1.28243438e+04
   6.79824524e+01   9.13592346e+02   3.66713281e+04   8.09924268e+03
   1.77637964e+03   7.70325470e+01   6.95697000e+05   4.56624805e+03
   9.13486099e+01   1.15661611e+04   2.99724414e+04   4.33311914e+03
   7.55945312e+04   1.70242305e+04   2.47098953e+05   0.00000000e+00
   1.33488831e+02   0.00000000e+00   3.30139375e+05   2.35177520e+04
   8.12762744e+03   6.97444000e+01   9.42128809e+03   7.92279188e+05
   1.06865969e+05   9.33536500e+05   5.71993408e+01   1.72431860e+03
   5.52645264e+03   2.41210371e+04   2.36136011e+03   2.75802500e+05
   2.91567312e+05   1.35433765e+03   1.22829141e+04   2.16219189e+03
   7.62568066e+03   1.21620293e+04   8.90875549e+02   2.85738599e+03
   6.76080322e+00   6.30624336e+04   6.94613359e+04   6.13238159e+02
   7.40480774e+02   0.00000000e+00   1.22088499e+01   1.53628047e+04
   1.42249797e+05   4.45533252e+03   9.66879750e+05   7.95858008e+03
   2.69355688e+03   1.14516800e+06   1.63071461e+01   5.23385239e+00
   1.66619339e+02   9.09697891e+04   0.00000000e+00   0.00000000e+00
   3.19531738e+02   3.43816452e+01   1.35727227e+04   4.00344385e+03
   4.19554500e+05   7.96119844e+04   5.20288281e+04   9.37989922e+04
   1.56662734e+04   4.47390969e+05   2.38543789e+04   4.07472422e+04]
[  2.66886469e+05   4.85160625e+04   4.90435669e+02   9.10617676e+02
   3.92760844e+05   2.75463550e+03   2.20335918e+04   2.99903984e+04
   1.02513757e+03   6.26930250e+05   4.64852100e+03   6.82939062e+04
   1.35721221e+04   1.62791040e+03   2.24446973e+03   5.40951233e+02
   9.13423347e+00   7.28157227e+03   2.77938824e+01   8.55722778e+02
   9.89254297e+03   1.10485609e+05   1.23498828e+04   1.17300576e+04
   3.26243683e+02   2.57943628e+03   5.77478320e+03   1.53418875e+05
   1.29115635e+04   1.34935734e+05   1.17204414e+02   1.12237617e+04
   2.46310762e+04   3.43127031e+04   2.59670288e+03   2.58949585e+03
   3.28061938e+05   1.19359950e+06   1.60432874e+03   9.50930688e+05
   7.07377563e+02   2.09113037e+03   4.25335602e+02   4.17795508e+04
   6.03273193e+03   1.07865576e+04   9.09671570e+02   3.80314453e+04
   2.14704551e+04   8.28295471e+02   5.99323633e+04   8.44305750e+05
   1.39763992e+02   9.39496517e+00   5.44095947e+02   3.40356665e+03
   1.97780530e+03   1.43590953e+05   2.67889309e+00   9.29109473e+03
   1.05640100e+03   2.57975312e+04   1.50079358e+03   8.00643750e+03
   1.31720635e+04   2.58782617e+04   9.78717480e+03   2.94967188e+03
   1.35003219e+05   5.04622422e+04   1.12804170e+04   3.55656952e+02
   9.91029688e+04   1.26337461e+04   3.05848906e+05   7.06967812e+04
   2.14816219e+05   2.51967246e+04   1.28076587e+03   6.37715454e+02
   8.84382629e+01   2.09540615e+01   6.45184414e+04   3.45299957e+02
   7.49430000e+04   2.38441753e+01   1.49738734e+05   4.37676880e+02
   0.00000000e+00   5.46134766e+02   3.04099243e+02   1.99509656e+03
   1.70668438e+04   2.28526196e+03   1.22380539e+05   6.15451660e+03
   4.00991730e+02   2.34789438e+05   4.40623719e+05   9.30914609e+04
   2.79732949e+04   2.22182637e+04   7.08093018e+02   1.14279993e+03
   2.98239277e+04   2.18949097e+03   2.78804625e+05   1.32358809e+04
   2.49648712e+02   4.22171240e+03   8.16362793e+03   6.62068896e+03
   1.91816836e+04   5.86118555e+03   7.31898193e+02   5.11582812e+04
   1.31680267e+02   6.92057656e+04   1.81166211e+04   4.90964688e+04
   6.63368607e+00   6.70733000e+05   2.51924922e+04   2.59581219e+05
   1.20783652e+04   9.33986938e+02   1.08525605e+04   3.43062515e+01
   7.58405029e+02   6.35109375e+02   1.23700085e+03   2.59250996e+04
   1.33240801e+04   4.31700049e+03   1.07377246e+03   1.24790889e+04
   4.25808789e+03   4.57510352e+04   4.59178906e+03   1.27652539e+03
   6.39773865e+01   1.94970371e+04   1.45870190e+03   5.03541211e+04
   2.43362559e+04   2.33566602e+03   8.44666699e+03   1.44270954e+01
   4.48023320e+04   5.16277881e+03   1.18379336e+04   1.07279352e+05
   2.26406714e+03   2.01005234e+05   3.21073181e+02   1.23317148e+04
   4.38216055e+04   7.53584412e+02   1.32450750e+05   4.38223816e+02
   1.24417137e+02   4.77934204e+02   1.19475000e+03   1.76860657e+02
   2.08354443e+03   1.41884375e+03   4.92934375e+04   2.79312500e+05
   1.04936987e+03   3.88016445e+04   3.92904549e+01   2.22162549e+03
   6.83679321e+02   3.07797705e+03   1.06010615e+04   8.40437109e+03
   7.17839141e+04   5.53071729e+03   5.69042188e+04   2.59446152e+04
   2.65847748e+02   6.08112930e+04   2.52949048e+03   4.15033203e+03
   5.78065820e+04   1.22846436e+03   1.64840016e+05   1.29594604e+03
   8.14595859e+04   5.36957875e+05   4.66807500e+04   1.63048596e+03
   4.04237823e+02   7.85345703e+04   1.03013184e+02   4.71064331e+02
   2.55866992e+04   6.56238818e+03   4.08151196e+03   1.57861768e+04
   1.29996191e+03   2.29736862e+02   2.50620195e+04   2.92599719e+05
   7.43921094e+04   6.26306091e+02   9.62272852e+03   7.53614258e+03
   2.54399484e+05   4.65940267e-01   6.38883484e+02   4.86748975e+03
   2.54780215e+04   2.54455332e+04   9.03269141e+04   1.09495306e+00
   1.02334541e+04   1.34341357e+04   9.94953766e+01   7.95135781e+04
   2.98467456e+03   3.82852930e+03   5.32042920e+03   5.85847803e+03
   1.14671562e+04   7.23412991e+00   6.48519440e+01   9.82668750e+03
   1.94509546e+03   3.48916328e+04   1.56095117e+04   5.01870156e+04
   9.00219177e+02   2.68649414e+04   9.86499812e+05   3.12569702e+03
   1.90249121e+03   2.53060107e+03   7.60286938e+05   5.85516895e+03
   3.71677051e+03   2.45061188e+02   1.59110413e+03   1.18929883e+03
   4.95556445e+04   3.34886562e+05   1.37521400e+01   2.49965692e+00
   2.06895984e+05   1.24929561e+04   6.68081741e+01   5.19665469e+04
   5.00342627e+03   2.93358032e+03   8.50125793e+02   1.30902844e+03]
[  3.08645935e+02   1.31081992e+04   2.71926035e+04   1.42472285e+04
   2.15138281e+03   5.46171133e+04   2.94617615e+02   1.93987207e+03
   9.70348816e+01   1.86024609e+01   6.07625273e+04   6.75085986e+03
   1.41754773e+03   3.47028784e+03   4.93725732e+03   5.17209595e+02
   1.23940068e+04   1.43753340e+04   1.63714639e+04   3.29603687e+03
   4.39489365e+01   7.82523359e+04   2.28958057e+03   4.15710724e+02
   4.71359023e+04   1.37674980e+04   7.29181406e+04   5.98236426e+03
   4.70000859e+04   5.71508691e+03   7.51473584e+03   9.67601094e+04
   1.34704688e+04   3.04076172e+04   3.21094922e+04   5.51016211e+04
   6.35900234e+04   2.46446753e+03   5.96473808e+01   2.71989297e+04
   9.71240997e+01   9.05483906e+04   4.12790859e+04   2.45536934e+04
   1.10624115e+02   1.00253652e+04   4.84644531e+03   1.95095449e+04
   0.00000000e+00   2.55527832e+04   8.79610156e+04   8.80434448e+02
   6.09301329e+00   1.38083398e+04   1.28309785e+04   1.54998994e+04
   0.00000000e+00   3.77037262e+02   4.64615356e+02   1.63643689e+03
   1.28564795e+03   1.03488469e+05   1.38161016e+04   9.83238647e+02
   4.09656689e+03   5.34979102e+03   1.42138452e+03   9.18529434e+01
   6.77313721e+03   1.05105212e+03   1.62327129e+04   2.12548608e+03
   3.78574609e+04   5.42163025e+02   2.43010116e+00   3.24079376e+02
   6.37107010e+01   2.37491703e+00   9.10966172e+04   4.79626484e+04
   5.31747246e+01   5.11010693e+03   5.82635742e+03   6.67303047e+04
   4.53868591e+02   0.00000000e+00   1.16666794e+02   3.27651917e+02
   7.22318359e+04   4.83602070e+04   9.24994727e+03   8.43538857e+00
   7.57740625e+04   1.14733271e+04   1.82567891e+04   1.55069668e+04
   1.01389512e+04   1.42279892e+02   2.00621719e+04   1.75386660e+04
   2.21801636e+03   1.78335037e+02   8.01822578e+04   2.35229102e+03
   2.68549922e+04   3.91101602e+04   1.27166858e+03   6.22723516e+04
   3.88519844e+04   2.68921436e+03   1.10156504e+04   1.64431030e+02
   3.04687051e+04   1.04462837e+02   1.00825977e+03   1.50687754e+04
   2.49389362e+00   1.88280293e+04   1.57520103e+01   3.17587422e+04
   1.03561011e+03   8.15299922e+04   1.35514834e+04   2.59248584e+03
   5.21075244e+03   2.25737246e+04   3.02373633e+03   2.24611836e+04
   1.84134512e+04   4.91497461e+03   4.19335297e+02   1.33669062e+04
   1.33699102e+04   1.46842324e+04   2.17135039e+04   1.96318226e+01
   5.45400000e+03   3.85930991e+00   1.01631952e+03   5.19395676e+01
   2.90424062e+04   1.30097473e+03   1.16722598e+04   2.02704010e+01
   3.59431421e+03   3.61809662e+02   2.18762354e+03   7.97976270e+03
   4.05615051e+02   2.05207832e+04   4.95450742e+04   6.12388965e+03
   2.27120163e+02   1.46927063e+03   5.57414055e+01   2.15845156e+00
   3.67190216e+02   1.67166443e+03   8.72611084e+02   5.79647188e+04
   1.17418701e+04   5.99788867e+03   1.95376582e+04   5.01228714e+00
   4.79761055e+04   2.87721375e+02   6.22476445e+04   5.87577271e+02
   3.06939512e+04   2.96926387e+04   1.02935889e+03   9.61062988e+03
   3.37450234e+04   8.11980347e+02   5.57268867e+04   3.47380508e+04
   3.73265078e+04   1.44138989e+03   1.31644766e+04   3.58218475e+02
   3.59715312e+04   4.11086807e+01   1.13374053e+04   2.48575781e+04
   2.37474341e+03   2.35513867e+04   4.00892852e+04   1.23016377e+04
   3.18696606e+03   6.60560669e+02   1.89150952e+03   1.94290176e+04
   8.31480273e+03   1.02622273e+05   8.25522266e+04   3.24124082e+04
   6.66717480e+03   2.77846621e+04   1.46655896e+03   4.11751172e+03
   9.16734297e+04   1.17122061e+04   2.88244152e+01   7.15044062e+04
   8.78088359e+04   9.62924500e+01   3.22817422e+04   3.79255352e+04
   3.75995522e+01   2.62982502e+01   4.21803650e+02   5.88905029e+02
   2.68413971e+02   1.17848108e+03   4.48856445e+04   2.05443066e+03
   3.44322144e+03   1.14326094e+04   2.49803633e+04   1.55677793e+04
   7.04183643e+03   7.18176484e+04   3.56653709e+01   3.41303849e+00
   3.13676055e+04   3.49816333e+03   1.33208630e+03   3.39665532e+00
   7.55821228e+02   1.16416455e+03   1.74109650e+02   3.31911545e+01
   4.88215625e+04   4.10665703e+04   6.26658984e+04   1.23036609e+03
   3.78831719e+04   1.93085352e+03   9.00622168e+03   2.94681348e+03
   1.10605977e+04   3.04455000e+04   8.65195508e+03   4.69185742e+04
   1.29141357e+03   1.01027141e+05   7.16443164e+03   1.42608376e+01
   5.04002832e+03   2.09403086e+04   3.04400586e+04   4.96438789e+04
   3.15009106e+03   1.16122438e+05   1.52398711e+04   6.21582812e+04
   5.47185156e+04   8.84385864e+02   3.33529167e+01   5.50331211e+04
   4.86251172e+04   3.49551888e+01   2.37464868e+03   3.11123901e+03
   1.47682686e+01   8.85378906e+03   4.61094452e+02   6.79971406e+04
   3.56724297e+04   3.29662506e+02   5.89960747e+01   5.38330627e+02
   1.36077129e+04   8.71346973e+03   8.54350625e+04   2.57126777e+04
   0.00000000e+00   4.42994728e+01   7.70159219e+04   1.25133516e+04
   6.56054640e+00   2.16144678e+03   3.19460864e+03   9.12661328e+04
   1.90527014e+03   2.69963794e+03   1.90059268e+00   1.17156531e+03
   1.36642847e+03   3.08114331e+03   1.15395547e+04   6.77598047e+03
   5.73175547e+04   2.81560938e+04   3.71322109e+04   2.15286606e+02
   3.57036400e+00   7.64066315e+00   2.76010645e+04   5.63146367e+04
   0.00000000e+00   1.13493933e+03   1.96631816e+04   1.64207336e+02
   1.32077856e+03   5.42617578e+04   2.26611963e+03   3.57642334e+02
   6.36729453e+04   5.33581116e+02   5.09728851e+01   7.12306299e+03
   2.21645355e+02   1.56935620e+03   5.53718984e+04   7.02539688e+04
   1.36598797e+01   2.42791699e+04   5.47097607e+03   5.21770459e+03
   4.87122383e+01   4.04317456e+03   6.33818789e+04   5.08751953e+03
   6.27485117e+04   8.66394688e+04   1.21643266e+05   3.87977734e+04
   2.52185039e+04   7.83109436e+02   2.22908711e+04   1.04290645e+04
   6.57829141e+04   1.41109085e+02   1.08799487e+03   3.85356797e+04
   2.44227333e+01   2.26072988e+04   3.11708496e+03   1.81353711e+04
   5.02787305e+04   2.04605933e+03   5.14780127e+03   1.40170547e+02
   1.58797729e+02   7.62599756e+03   2.56430625e+04   4.49028778e+02
   6.00077588e+03   1.04106262e+03   9.06788184e+03   4.34516205e+02
   9.25292542e+02   4.12972148e+04   3.65215601e+03   2.61210791e+03
   9.90783594e+04   1.97112183e+03   3.01869648e+04   2.14120527e+04
   4.54946055e+04   4.96420117e+04   1.19147453e+02   1.28969531e+03
   3.93405322e+03   1.22182812e+03   6.33904727e+04   5.86979443e+03
   4.32443320e+04   2.52171997e+03   2.18937109e+03   2.98207056e+03
   2.40174688e+04   1.00166809e+03   2.03800859e+04   3.21502319e+03
   6.07486963e+03   3.41629224e+03   6.74801819e+02   7.29147797e+01
   2.71487734e+04   1.13773242e+04   5.25199852e+01   1.03127988e+04
   9.86871216e+02   3.77829565e+03   3.53216479e+03   7.00455811e+03
   1.70821362e+03   3.21927612e+02   2.59027808e+03   8.18869400e+01
   6.57476465e+03   8.90685645e+03   2.24722676e+04   8.72947734e+04
   4.39980560e+02   8.54277954e+02   3.87755798e+02   3.54201355e+02
   1.57453903e+02   2.68459277e+03   1.39160078e+04   5.87008828e+04
   2.88455391e+04   5.38278955e+03   4.29946533e+03   8.85693283e+01
   3.48566246e+00   1.73216324e+01   6.96316895e+03   1.00888184e+04
   5.55762549e+03   5.34617065e+02   3.18866367e+04   1.38800645e+04
   9.38080017e+02   1.40813027e+04   2.59468926e+04   1.55699512e+04
   3.52321753e+03   6.86574023e+03   4.42299707e+03   5.11851719e+04
   7.01090703e+04   8.61182520e+03   3.37867539e+04   1.23144055e+03
   8.22466562e+04   1.54902869e+03   4.08060883e+02   5.58423535e+03
   6.40170977e+04   3.03302812e+04   1.07380967e+04   4.60475537e+03
   1.35604767e+02   8.21989624e+02   1.41755371e+04   3.60492383e+03
   1.05560225e+04   5.23371240e+03   6.44179980e+03   0.00000000e+00
   0.00000000e+00   1.94973867e+04   1.03946861e+02   9.66964600e+02
   3.47779932e+03   5.69671562e+04   6.02006409e+02   7.68888125e+04
   1.07045166e+04   0.00000000e+00   4.44546680e+03   4.87323570e+01
   1.23914099e+03   1.91557539e+04   2.39438171e+01   2.46104102e+03
   4.05104279e+02   7.50382031e+03   1.50596161e+02   6.00662109e+03
   1.25007930e+04   6.85640859e+04   1.46986987e+03   3.44811058e+00
   2.04587817e+03   3.08707324e+03   1.54317522e+01   3.11959015e+02
   1.01640439e+04   1.51967056e+02   1.57529016e+03   1.84024878e+03
   2.46220430e+04   5.44555859e+03   1.36431582e+04   0.00000000e+00
   2.42761749e+02   4.48161041e+02   4.33194609e+04   2.05995068e+03
   1.30228418e+04   4.31397200e+00   2.22428979e+03   0.00000000e+00
   1.33365225e+04   4.16870056e+02   9.06220234e+04   3.21460541e+02
   7.48520996e+03   2.06406128e+02   6.27525830e+03   5.96976709e+03
   4.65083984e+03   7.21448984e+04   3.24008850e+02   3.93169961e+04
   2.85132544e+03   3.01519958e+02   5.45681305e+01   1.82647773e+04
   1.43134961e+03   4.65987266e+04   2.64350293e+03   0.00000000e+00
   2.93710020e+04   3.78100342e+02   5.72677307e+02   1.20941570e+05]
[  4.93933203e+03   6.89438574e+03   5.49348816e+02   2.83184528e+00
   2.36479629e+04   0.00000000e+00   2.33432344e+04   2.49119551e+04
   5.87354297e+04   9.60211487e+01   1.99777863e+02   1.39004014e+04
   8.73491287e+01   5.75212148e+04   8.28764551e+03   7.55659790e+01
   4.27773987e+02   2.75986646e+03   5.45119568e+02   1.13593005e+03
   4.06472046e+03   2.89671484e+03   2.11034937e+03   1.56244736e+02
   2.65389893e+02   8.15211133e+03   1.25462939e+03   1.64820254e+04
   2.40537988e+03   3.06601837e+02   1.16315475e+02   6.67865845e+02
   9.46511230e+02   0.00000000e+00   6.05618591e+02   4.22905060e+02
   1.25277954e+03   1.52032614e+01   1.81744766e+04   2.31320847e+02
   1.66975703e+04   2.17150293e+03   8.89172287e+01   2.92363867e+04
   2.91906812e+03   8.19382385e+02   4.86273975e+03   2.37062759e+02
   7.32019653e+02   7.18942078e+02   2.11886255e+03   2.96509399e+01
   0.00000000e+00   3.01696631e+03   6.26427612e+02   1.28137256e+03
   7.18356641e+03   5.42694336e+02   1.68127441e+01   1.32185364e+00
   0.00000000e+00   6.28537170e+02   1.45522034e+02   3.77922180e+02
   2.72728363e+02   1.13696861e+02   8.43755664e+03   4.16270264e+03
   4.03962422e+04   1.46889099e+02   1.02963448e+02   2.49694922e+04
   6.09788656e+00   4.89252637e+03   8.65248718e+02   1.76296375e+03
   0.00000000e+00   6.11462354e+03   6.78498718e+02   2.42737320e+02
   1.11629224e+03   7.19153203e+04   3.35036641e+04   1.62190830e+04
   1.01115436e+03   1.07480064e+02   1.09996328e+04   1.15503601e+03
   9.37610229e+02   5.11997589e+02   1.70009766e+04   3.65930786e+03
   1.71951367e+03   0.00000000e+00   6.91399756e+03   3.46562271e+01
   9.93579224e+02   1.76309297e+04   6.49668896e+03   8.67534473e+03
   2.91225146e+03   4.69399902e+03   1.20108911e+03   3.07415700e+00
   1.37967987e+02   1.67882996e+03   1.68497695e+04   5.24698792e+01
   3.78952227e+04   6.88497109e+04   3.70578125e+02   1.07977585e+02
   1.69634888e+02   1.03739685e+03   7.27414766e+04   1.41130945e+03
   8.37158691e+02   1.51312097e+03   3.70595474e+01   1.11052222e+03
   8.22118530e+01   3.73036914e+03   4.52434998e+02   9.58091640e+00
   3.19073223e+04   2.95668365e+02   2.66123145e+03   2.89268005e+02
   1.84400558e+01   1.44550635e+04   3.91802177e+01   3.15228119e+02
   4.08206512e+02   8.04044287e+03   2.23464961e+04   3.63327675e+01
   2.10494858e+02   5.30980713e+02   1.37809092e+04   0.00000000e+00
   2.78101349e+02   1.01470329e+02   9.46407715e+03   1.27236053e+02
   3.31936157e+03   6.81025732e+03   4.80292334e+03   3.29626797e+04
   1.15521985e+03   2.68368726e+03   5.61811055e+04   7.11286670e+03
   1.36901709e+04   9.54445496e+02   7.99273834e+01   6.20603516e+04
   5.13557324e+03   1.76788945e+04   1.58258557e+03   3.78515479e+03
   3.26137207e+03   5.99473438e+03   2.52239853e-01   3.85079315e+02
   3.59770547e+04   3.58101611e+03   7.21391953e+04   3.55964508e+01
   6.92475244e+03   1.43849170e+04   4.80253906e+02   2.95152832e+03
   4.91406602e+04   1.10991035e+04   2.05515242e+00   4.77890717e+02
   1.16065979e+03   2.57967896e+03   1.04380688e+03   6.77158020e+02
   5.98138945e+04   1.04399866e+03   4.56919952e+02   0.00000000e+00
   1.10680420e+04   4.12772383e+04   2.36870193e+00   8.68942078e+02
   2.52860565e+02   4.80793281e+04   1.18182202e+03   2.23767334e+02
   2.52746201e+01   4.09900000e+04   5.63099316e+03   5.82508398e+03
   1.73805332e+01   1.99446582e+04   7.58256165e+02   4.16695039e+04
   1.20985547e+04   3.78564697e+02   0.00000000e+00   9.60971222e+01
   1.66194746e+04   2.28188538e+02   8.31276932e+01   2.53671338e+03
   1.47676605e+02   8.83993848e+03   1.75892383e+03   3.85876984e+02
   4.58711572e+03   1.08688857e+04   3.26553281e+04   4.99829688e+04
   1.66714102e+04   1.49188812e+02   9.77137070e+01   2.41223066e+04
   6.56677295e+03   1.07120598e+02   2.77250806e+03   7.57587509e+01
   4.70573584e+03   6.49041605e+00   9.27225781e+03   3.89153789e+04
   1.80489478e+03   4.24642090e+03   4.33559062e+04   1.27778992e+03
   3.81513252e+01   5.31843164e+03   1.46453064e+02   7.57546406e+04
   6.85355234e+04   2.47202026e+03   3.40656624e+01   3.79571304e+01
   5.55417041e+03   8.28176208e+02   1.36054352e+02   2.10256763e+03
   9.31660840e+03   6.12320312e+03   0.00000000e+00   3.75504922e+04
   1.40119125e+02   4.91183777e+01   8.85959900e+02   6.40613937e+01
   9.55766211e+03   1.35682175e+02   9.84038639e+00   5.03165283e+02
   1.96820541e+02   1.01758801e+03   4.17430518e+03   9.38662695e+03
   1.67707104e+03   3.34616113e+03   1.67416724e+03   5.76116333e+02
   1.12268884e+03   8.55071484e+03   1.48978622e+02   1.92574160e+04
   6.10992529e+03   5.47477783e+03   1.35523346e+02   5.73997864e+02
   8.45780396e+02   4.51038980e+00   2.11281133e+00   0.00000000e+00
   1.19761201e+04   0.00000000e+00   2.14982349e+03   1.41780645e+04
   6.39226904e+03   2.86169769e+02   2.01594805e+04   0.00000000e+00
   8.49538040e+01   4.48589014e+03   2.25811310e+01   2.22244082e+04
   5.20561279e+02   1.24645630e+03   2.21344437e+02   3.77785645e+03
   7.34924844e+04   8.57732910e+03   3.19704712e+03   8.01150732e+03
   3.13092734e+04   2.25905005e+03   1.61488922e+02   1.70533594e+03
   0.00000000e+00   3.78133447e+03   2.96671445e+04   3.83072346e-01
   1.89654614e+03   1.47703682e+04   2.02299158e+03   7.87009844e+04
   7.64974899e+01   6.09160645e+02   1.05606178e+02   3.36880737e+03
   2.68178984e+04   6.05535507e+01   2.49393213e+03   1.24816574e+02
   5.54514688e+04   2.02191544e+00   2.18483932e+02   2.67264832e+02
   2.04027319e+03   1.05411016e+04   1.10428184e+04   2.23574004e+04
   6.63484453e+04   4.55012695e+02   2.06297437e+03   1.03838789e+04
   8.85290955e+02   4.95527763e+01   5.76359531e+04   1.45976592e+04
   6.74150391e+01   3.71385107e+03   1.17974570e+04   1.88992603e+03
   0.00000000e+00   9.92732812e+03   9.27317352e+01   2.59952637e+02
   1.95622695e+04   9.83321973e+03   1.39449841e+03   3.72809023e+04
   1.24099007e+01   1.50676807e+03   5.46319458e+02   2.11436270e+04
   5.18209102e+04   3.76295868e+02   6.83456497e+01   1.29421985e+03
   6.01308044e+02   1.89279688e+03   8.16154688e+04   3.98999805e+04
   1.61930420e+03   5.10604675e+02   9.38943945e+03   3.33154793e+01
   2.16350391e+03   1.35225806e+03   0.00000000e+00   4.28441406e+02
   1.40116631e+04   3.48676758e+04   7.42840027e+02   1.38559873e+04
   2.18642563e+02   3.26796816e+04   1.59903193e+01   5.73575342e+03
   2.68643774e+03   8.42364531e+04   7.30394409e+02   1.30959424e+03
   3.52290344e+02   7.08114197e+02   3.19014697e+03   1.14556582e+04
   1.04950498e+04   9.10970020e+03   5.01511612e+01   2.29574966e+02
   3.90810608e+02   2.15564375e+04   3.10306719e+04   5.63594434e+03
   6.43133594e+04   4.42281250e+03   6.94608831e+00   1.79269161e+01
   5.32502539e+03   7.92032324e+03   2.38188550e+03   6.12426611e+03
   4.82454102e+03   1.50643892e+01   4.40887756e+02   1.25946973e+03
   3.77587830e+02   5.13104199e+03   1.83293398e+04   1.08763320e+04
   4.91863330e+03   0.00000000e+00   6.98383125e+04   8.73586853e+02
   2.95573926e+03   4.97158318e+01   1.92782837e+03   6.42739685e+02
   4.92759961e+03   7.10210254e+03   7.09538422e+01   2.47954547e-01
   1.90941452e+02   2.47582275e+03   6.42522314e+03   1.48767288e+02
   1.09384326e+03   1.18512444e+02   7.88443481e+02   3.00313110e+03
   1.07164954e+03   3.26448496e+04   2.04098862e+02   1.12865996e+00
   1.90619897e+03   3.63778229e+02   2.27980347e+03   2.98081562e+04
   1.10476575e+03   3.73574371e+02   1.08660193e+03   5.05698828e+03
   1.51129578e+03   9.67651306e+02   3.53652344e+04   4.60249268e+03
   1.41498896e+04   6.66246277e+02   2.91845532e+03   4.27387988e+03
   2.63016911e+01   6.02756592e+02   4.08747461e+03   5.34318115e+02
   2.82622803e+02   4.30334015e+02   0.00000000e+00   8.68083130e+02
   8.07743931e+00   0.00000000e+00   1.55299355e+04   0.00000000e+00
   4.97388691e-01   1.41180518e+03   0.00000000e+00   5.42135071e+02
   4.38396680e+03   1.61073621e+03   5.90170850e+03   1.29471167e+03
   6.23931445e+04   2.39102773e+04   3.72400238e+02   3.90045435e+03
   4.04920929e+02   1.94999863e+04   1.66220820e+04   5.53866653e+01
   5.80429443e+02   9.91288223e+01   1.13897229e+03   1.20536543e+04
   2.30021387e+03   1.30663528e+02   1.81339233e+03   0.00000000e+00
   8.24213867e+03   9.29396680e+03   2.29982642e+03   2.56714386e+02
   2.67098236e+02   3.53234924e+02   4.58509453e+04   0.00000000e+00
   3.13167358e+02   2.37951412e+01   9.67527812e+04   4.14646777e+03
   5.22983643e+02   4.18986664e+02   3.68735838e+00   5.38462695e+03
   8.97468109e+01   1.47635895e+02   1.32879260e+03   3.09149487e+03
   7.70602966e+02   1.63926978e+03   5.90782547e+01   4.08582367e+02
   1.39937134e+03   8.67349688e+04   1.11673729e+02   1.01072711e+03
   0.00000000e+00   1.47906367e+04   5.70077002e+03   4.29781396e+03]
[  2.41678284e+02   9.08399805e+03   1.09146889e+02   2.08547241e+03
   8.64973572e+02   1.93058125e+04   1.33273361e+02   1.51641553e+04
   6.74222119e+03   3.94256562e+04   9.61602234e+02   1.14501511e+02
   5.51341553e+03   2.86815000e+04   4.53738428e+03   7.50334900e+02
   2.22760156e+03   1.54074121e+03   4.78667852e+04   6.87690063e+02
   1.41519618e+00   3.69521924e+03   5.22184753e+02   1.20128357e+03
   1.19366436e+04   7.27947693e+01   9.19248828e+03   8.79430847e+01
   4.93837311e+02   2.84344067e+03   2.14296240e+03   2.30554663e+03
   8.90426575e+02   0.00000000e+00   5.70858887e+03   1.21890450e+02
   3.25597870e+02   6.81249844e+04   0.00000000e+00   5.92450000e+03
   6.75902197e+03   6.80169754e+01   1.67308664e+00   4.16377380e+02
   8.85676172e+03   2.94399109e+02   6.39499854e+03   1.56253740e+04
   4.41609619e+02   1.94582024e+01   4.76364624e+02   5.82027039e+02
   1.54358749e+02   1.66175430e+04   9.10826660e+03   3.43685078e+04
   5.23550110e+02   5.16219043e+03   2.00993690e+01   2.18441260e+03
   3.56591040e+03   1.38648132e+03   1.22344238e+03   1.89278381e+02
   3.55493457e+03   1.10698096e+03   1.36709641e+02   1.37303986e+02
   1.80201843e+02   3.31102562e+01   1.07822351e+03   1.66173848e+04
   2.51369512e+04   1.62153290e+02   1.73673730e+04   4.70304947e+01
   1.44155975e+02   2.29303085e+02   2.43485962e+02   1.31967539e+04
   5.98899292e+02   3.84655312e+04   1.66864531e+04   7.38588574e+03
   5.74617461e+04   1.16782173e+02   4.29720215e+03   1.16941055e+04
   1.29557969e+04   3.10502793e+04   2.61362743e+00   1.87950342e+03
   3.26600006e+02   7.52649854e+03   1.15835107e+03   6.50692822e+03
   1.05872842e+04   1.03434391e+01   1.20696680e+04   9.20094910e+02
   8.82106628e+01   3.18274976e+03   8.08955536e+01   5.14440137e+03
   3.29875350e+00   1.17584190e+01   2.07765527e+03   2.41534609e+04
   4.93626475e-01   2.28151172e+04   4.88840851e+02   4.28190273e+04
   3.44343555e+03   4.30487442e+01   2.06622143e+01   3.43948700e+02
   7.92675903e+02   1.83672168e+04   1.12169055e+03   1.80966660e+02
   6.73078746e-02   6.21847412e+02   9.03834082e+03   2.03734146e+02
   2.84371887e+02   1.02202480e+04   3.92983765e+02   2.56761665e+01
   1.26351526e+03   8.22215347e+01   1.63133164e+04   1.13090198e+03
   1.96396072e+02   1.76407239e+03   9.44664917e+02   7.87539307e+03
   3.63403203e+04   0.00000000e+00   5.92806387e+00   1.71332458e+02
   0.00000000e+00   7.21088333e+01   9.39870056e+02   1.93205597e+02
   7.03755722e+01   2.86250903e+03   3.90111865e+03   9.32291090e-01
   3.27449707e+02   3.75233711e+04   9.02140350e+01   1.43320908e+02
   1.23509033e+03   4.50171777e+03   3.22684448e+02   1.91562246e+04
   5.51777496e+01   1.99050980e+02   9.45291214e+01   1.12277402e+04
   5.10271729e+02   1.55128052e+03   5.38454651e+02   8.79029846e+01
   4.23067383e+04   1.39343710e+01   1.29926926e+02   1.19532812e+03
   7.53917725e+03   1.23276006e+04   0.00000000e+00   2.13869629e+01
   6.60974072e+03   1.11190283e+03   7.44953766e+01   3.84386987e+03
   3.96579297e+04   4.16967865e+02   3.68172070e+04   2.25098682e+03
   2.51376328e+04   2.36539375e+04   1.24804258e+01   4.22436035e+03
   1.18884009e+03   5.58868587e-01   2.37630298e+03   2.53698682e+03
   4.81043968e+01   3.58149078e+02   1.92525620e+02   5.61995117e+02
   3.09787817e+03   7.36214014e+03   1.03682471e+03   1.53094180e+04
   1.51129785e+03   6.57510071e+02   3.68817505e+02   3.41622949e+03
   3.21501050e+03   8.83905029e+02   1.20786206e+03   1.21393585e+00
   3.12430005e+03   9.89486694e+01   3.89945728e+03   3.39926025e+03
   5.86610449e+03   5.07976641e+04   3.05728638e+02   1.19899609e+03
   6.92762158e+03   2.93331470e+03   1.02352837e+02   1.14256807e+04
   6.34873438e+04   1.22593964e+02   7.22632065e+01   3.41296484e+03
   1.45603418e+04   1.32462585e+02   3.53958626e+01   1.23289539e+03
   2.61020538e+02   3.42034798e+01   5.64857788e+01   1.08816750e+02
   4.44442993e+02   2.29520813e+02   7.20025444e+00   2.27010971e+02
   1.04831738e+03   3.67221451e+01   3.03439140e-01   1.01775551e+02
   1.67666962e+02   2.96515808e+02   8.54847046e+02   1.99645782e+02
   9.98791027e+00   4.57368774e+01   1.23614941e+03   3.22943242e+04
   3.28136875e+04   8.07164062e+03   1.10804230e+02   1.27507336e+03
   1.70538559e+01   9.09706497e+01   4.40001862e+02   1.94665848e+02
   9.42246777e+03   1.07670410e+03   1.33581352e+00   9.29640732e+01
   2.78777563e+03   8.01871567e+01   8.26028381e+02   1.28532562e+01
   5.81854248e+02   1.31715710e+03   3.02612732e+02   2.08968334e+01
   3.16417969e+04   1.79475562e+03   2.42632305e+04   6.20263550e+02
   2.50405762e+03   8.38536084e-01   1.67291870e+02   8.98712524e+02
   2.71520966e+02   2.37865124e+01   3.23755566e+04   7.16996399e+02
   7.66012512e+02   5.48583191e+02   7.52383398e+03   6.80237109e+03
   4.58737915e+02   9.65929642e+01   9.15291992e+02   6.53676992e+04
   3.16484692e+03   2.99994678e+03   1.10559600e+04   1.68572922e+02
   4.95524689e+02   1.53606318e+04   1.94001794e+03   8.98017212e+02
   1.53561143e+04   1.90349365e+03   4.18632317e+01   1.13147388e+03
   1.44338940e+03   1.06668921e+03   3.77021704e+03   2.58499074e+00
   4.86401463e+00   4.50888855e+02   7.02074756e+03   1.05602760e+02
   1.57901719e+04   5.16737656e+04   1.24042065e+03   7.93835266e+02
   3.06269775e+03   4.66695752e+03   3.14738345e+00   3.82432593e+03
   6.69081151e-01   2.94397583e+03   3.56232666e+03   1.53594570e+04
   4.14319672e+02   4.12744531e+03   7.98161087e+01   9.82187793e+03
   7.27185693e+03   2.80279512e+04   2.33308350e+03   2.25116582e+04
   1.69887604e+02   6.76255920e+02   1.96442688e+03   7.23440430e+02
   1.57552246e+03   2.28853638e+02   7.80022119e+03   3.95996387e+03
   2.37631068e-01   2.93449121e+03   1.80786392e+02   1.33430237e+03
   1.50318634e+02   8.46644434e+03   2.31344922e+03   2.06968965e+04
   3.39887773e+04   1.97569482e+03   2.11807678e+02   4.08418213e+02
   1.67615623e+01   2.12416245e+02   2.85879473e+04   3.50013733e+02
   6.85924316e+03   4.79110693e+03   2.29784155e+03   5.00816680e+04
   2.31294312e+02   1.68837537e+03   6.36947449e+02   1.88207672e+02
   1.33585439e+04   2.53205981e+03   1.59794658e+04   2.56385555e+01
   5.19422383e+04   4.02697815e+02   2.98268281e+04   4.18531006e+02
   9.01907422e+03   2.02634628e+02   3.17546825e+01   5.77095020e+03
   2.86088318e+02   2.29509448e+03   3.04779968e+02   1.69695850e+03
   1.38781845e+02   9.65058691e+03   3.50687042e+02   9.21167344e+04
   1.42298613e+04   1.69179285e+03   6.34144385e+03   1.28209216e+03
   4.15013084e+01   1.13413070e+05   6.37522998e+03   6.61813293e+02
   5.82402832e+02   6.42537793e+03   3.19321625e+02   3.33012009e+00
   1.69188989e+03   6.54648804e+02   5.48975742e+04   1.73448596e+03
   2.75932324e+03   4.07332969e+04   5.73685312e+04   1.15227623e+02
   6.98148346e+01   1.03585107e+04   3.59916870e+03   7.15771631e+03
   3.77553375e+02   1.31266748e+04   1.99918530e+03   2.14506274e+03
   3.92428932e+01   2.36644062e+04   1.14483040e+02   7.38463562e+02
   7.27200073e+02   7.94683350e+02   1.96042224e+03   9.02811133e+03
   1.33743184e+04   7.44358398e+02   1.59192615e+03   0.00000000e+00
   2.07768408e+03   2.27042725e+02   1.92058787e-01   1.51024124e+02
   2.90858551e+02   1.69814160e+04   5.76837305e+03   1.86433387e+00
   2.40938187e+02   3.99000708e+03   6.04409180e+02   1.59093075e+01
   2.23173047e+03   6.65359521e+03   4.71067031e+04   1.83960114e+02
   1.05423232e+04   5.74770813e+02   4.69600639e+01   6.39753967e+02
   1.06516991e+02   7.49537563e+00   1.82039863e+04   0.00000000e+00
   3.22343636e+01   6.42759552e+01   8.57045441e+01   4.99072695e+00
   2.13015709e+01   1.43900791e+04   5.84218018e+02   2.09097137e+02
   1.56071643e+03   2.16795938e+04   1.73133774e+02   1.11040210e+03
   1.54392105e+02   1.11727969e+05   3.09536992e+04   1.03542938e+01
   2.80844751e+03   5.30529785e+03   1.63262959e+04   1.17749834e+04
   1.29987529e+04   1.01767188e+04   1.02737148e+04   1.51887866e+03
   1.21799219e+04   3.40760474e+03   1.88542847e+02   3.30542297e+02
   7.18455139e+02   5.74790688e+01   1.47034043e+04   1.14086406e+04
   1.51246289e+04   1.48001816e+04   1.14404675e+03   1.44772690e+02
   7.72220642e+02   5.76584534e+02   1.53060388e+03   2.05932734e+04
   5.46379004e+03   1.40737289e+02   1.54341045e+04   1.97750824e+02
   1.45592541e-01   0.00000000e+00   3.67430786e+03   7.48779846e+02
   1.40281897e+03   2.68682471e+03   2.93600059e+04   1.99306309e+04
   1.11969639e+04   1.36326721e+03   6.84401169e+01   5.86011353e+02
   6.50205627e+02   7.52209320e+01   2.08381909e+03   5.39438965e+03
   1.79987148e+04   1.46702188e+04   1.07803755e+01   1.57590234e+03
   1.32083574e+04   1.71098691e+04   3.80945801e+02   1.51693401e+01
   6.33642883e+02   2.79907532e+01   2.60255070e+01   1.57676621e+04]
[  3.68111694e+02   1.63008833e+00   1.15500259e+00   4.48623682e+03
   2.02265335e+02   4.23764267e+01   9.58921015e-01   7.50414705e+00
   1.07014748e+02   2.33184769e+02   1.48405170e+01   5.27095337e+02
   1.98609047e+01   1.00503914e+02   7.64075994e+00   1.33118820e+00
   0.00000000e+00   3.29334290e+02   0.00000000e+00   0.00000000e+00
   2.27402634e+02   1.13274580e+04   5.06173047e+03   3.75634460e+02
   1.62173920e+01   0.00000000e+00   0.00000000e+00   1.60601318e+03
   1.37890549e+02   1.38277454e+03   5.90768164e+03   3.69940430e+02
   1.42491870e+03   3.03965088e+02   1.42123032e+01   1.54605762e+03
   9.73645878e+00   9.66429590e+03   1.13957385e+03   1.59238428e+03
   6.41048682e+03   4.99828568e+01   1.83293250e+03   1.47478430e+03
   3.20098495e+01   3.73449087e+00   2.01767529e+03   2.63666821e+00
   1.75062904e+01   4.17183647e+01   4.23630524e+01   1.83451758e+03
   0.00000000e+00   1.74863937e+02   1.96029984e+02   1.44432541e+02
   4.70339893e+03   1.07282974e+02   0.00000000e+00   2.67517090e+02
   2.69579315e+02   8.55251503e+00   4.76791501e-01   7.43409058e+02
   8.02404938e+01   2.39373193e+03   1.73486977e+01   1.11583221e+00
   1.94635559e+02   1.33469299e+03   4.76258087e+02   2.08003426e+01
   2.06721478e+01   4.37564453e+02   5.18979073e+00   1.00046411e+03
   1.67975748e+00   1.09230261e+03   1.13552256e+01   6.45224075e+01
   0.00000000e+00   1.14348083e+02   2.84241058e+02   6.72878845e+02
   6.36597328e+01   9.21584988e+00   1.03803930e+01   9.02499771e+00
   1.09385078e+04   1.57541580e+02   9.64843164e+03   1.50502777e+02
   1.02067373e+04   7.27396912e+02   0.00000000e+00   4.38642273e+02
   1.05688281e+04   0.00000000e+00   1.86586206e+03   1.16571335e+02
   5.87452087e+02   5.79994392e+01   4.92068939e+01   1.48747385e+00
   8.68020874e+02   1.24617432e+03   0.00000000e+00   1.71621857e+02
   2.16957808e+00   1.61790028e-02   6.00856590e+00   1.97261185e+02
   2.52417407e+03   4.63714990e+03   2.46695232e+01   3.50300312e-01
   1.93562524e+03   8.24489258e+02   1.49906123e+00   1.07221451e+02
   0.00000000e+00   5.14368408e+02   6.83853507e-01   6.31480598e+00
   2.50051517e+01   1.65639830e+00   2.91461487e+01   1.34660089e+00
   8.18910370e+01   7.69537842e+02   7.61411621e+02   1.12827795e+03
   0.00000000e+00   6.59623642e+01   4.24982239e+02   7.02502594e+01
   1.10459648e+04   2.77398529e+02   8.81665268e+01   2.63643097e+02
   3.15566968e+03   3.72519073e+01   2.59824715e+01   2.29467603e+03
   7.79130411e+00   2.34536958e+00   3.20334206e+01   9.98613834e+00
   5.89957428e+00   2.84950256e-01   1.14746642e+00   5.03026962e+01
   1.54685608e+02   8.26928043e+00   6.73294754e+01   3.05719916e-02
   6.09432983e+02   5.72496986e+01   0.00000000e+00   1.28579187e+01
   2.37231277e+02   3.68523026e+01   1.21502656e+04   1.12391016e+03
   1.40268359e+03   8.12957910e+03   0.00000000e+00   2.23423657e+03
   5.37671692e+02   5.07572119e+03   9.06317055e-01   2.43966748e+03
   1.81672592e+01   6.95422119e+02   3.65538101e+01   3.90886879e+00
   9.38480148e+01   1.07960992e-01   1.94214783e+02   0.00000000e+00
   2.91361637e+01   2.72524072e+03   0.00000000e+00   1.35875293e+03
   1.13594223e+02   6.20649463e+03   8.81543255e+00   1.10045560e-01
   4.87924121e+03   3.57439850e+02   4.95963211e+01   2.39611168e+01
   1.08221631e+03   2.34632309e+02   5.61551880e+02   3.05797546e+02
   1.44275146e+02   1.61941589e+03   1.65933496e+03   5.07520703e+03
   3.24504471e+01   1.26293193e+04   9.53112602e+00   5.96413383e+01
   8.62437439e+01   8.05052109e+01   9.36318604e+02   1.19657031e+03
   0.00000000e+00   3.02127979e+03   4.48293457e+03   7.69629517e+02
   0.00000000e+00   0.00000000e+00   1.25975342e+02   3.47172266e+03
   1.89851654e+02   6.65609055e+01   9.13901520e+00   9.92362442e+01
   8.48131638e+01   2.89243469e+02   3.93739319e+02   6.01686954e+00
   4.53392627e+03   6.79495850e+03   3.39989245e-01   1.79563904e+00
   0.00000000e+00   7.67177490e+02   3.05162525e+01   3.47842346e+02
   9.37534637e+01   9.29626526e+02   1.97342249e+03   1.07072456e+02
   5.09710274e+01   7.37268896e+03   5.73447406e-01   5.82775818e+02
   1.17752981e+00   1.04206123e+04   5.98758507e+01   0.00000000e+00
   0.00000000e+00   4.52423340e+02   7.27143750e+03   1.35694122e+00
   1.41814399e+00   9.73744488e+00   4.64747900e+03   6.58380651e+00
   5.12864456e+01   1.50486237e+02   4.96343842e+01   1.34000940e+03
   1.62777942e+03   2.53328018e+01   2.69932914e+00   9.11181055e+03
   2.59436073e+01   1.84864990e+02   0.00000000e+00   0.00000000e+00
   8.64907622e-01   0.00000000e+00   3.32944036e+00   1.69002502e+03
   1.21524622e+03   1.69484844e+01   8.69498825e+00   1.22579211e+03
   9.63368130e+00   8.79289648e+03   2.23622729e+03   1.06503963e+01
   4.33736182e+03   5.43906784e+01   4.78600159e+01   5.01791477e+00
   3.81075430e+00   5.37533997e+02   9.20662109e+03   1.52669464e+02
   3.31098938e+01   1.86108887e+02   1.77852271e+03   3.46654854e+01
   0.00000000e+00   2.59395957e-01   9.09210510e+01   9.91706360e+02
   1.05821582e+03   3.52552490e+02   0.00000000e+00   2.00743890e+00
   2.07524551e+02   1.00436447e+02   8.66429806e+00   1.81877766e+01
   6.97081177e+02   2.80234802e+02   7.63646289e+03   0.00000000e+00
   3.10761536e+02   2.25517556e-01   1.82781952e+02   0.00000000e+00
   9.84401465e+03   0.00000000e+00   1.04740752e+04   3.71717224e+01
   7.75478821e+01   0.00000000e+00   7.73653793e+00   5.01737012e+03
   3.44641528e+03   3.35691675e+03   3.03048920e+02   9.96361389e+01
   2.44906543e+03   5.85987167e+01   3.21301270e+00   9.17806473e+01
   3.39174744e+02   0.00000000e+00   4.70541229e+01   9.06020966e+01
   1.09862473e+02   3.85071068e+01   3.86765633e+01   5.81324121e+03
   2.54159317e+01   9.36388367e+02   2.59309814e+02   1.68719275e+03
   1.13732922e+03   1.97549805e+03   4.67109668e+03   9.95337601e+01
   1.97205054e+03   1.02638984e+00   6.03734818e+01   2.13009691e+00
   2.12648438e+03   1.71001835e+01   3.33842700e+03   1.51565521e+02
   6.36654236e+02   1.97715874e+01   4.36921043e+01   2.26630375e-01
   4.23534961e+03   2.39019814e+01   0.00000000e+00   5.28219109e+01
   6.91228369e+03   4.86754541e+03   6.94194141e+03   2.61220121e+00
   2.20772266e+01   0.00000000e+00   6.31512947e+01   2.05500214e+02
   7.67900757e+02   1.38198948e+01   0.00000000e+00   2.82466125e+02
   2.02071884e+02   0.00000000e+00   1.78075211e+02   3.22468359e+03
   2.24885082e+00   2.85105194e+02   1.19351206e+01   6.10692329e+01
   6.69537544e+00   8.18888931e+01   2.41959934e+01   1.45965424e+02
   1.13971199e+02   1.08910127e+04   2.01897106e+01   6.94226465e+03
   1.23519348e+03   2.49127515e+03   1.51847876e+03   7.02159500e+01
   2.55046899e+03   4.15438843e+02   5.83792480e+02   1.04954697e+02
   3.25383072e+01   5.32165468e-02   3.07380737e+02   4.33110352e+01
   0.00000000e+00   2.56665015e+00   1.16996819e+02   1.61349091e+02
   4.42810326e+01   1.49894092e+03   7.01537549e+03   1.43026838e+01
   1.44625381e+02   8.92716827e+01   5.79573181e+02   7.04919529e+00
   2.68280964e+01   9.94475098e+03   4.09062653e+01   3.94563446e+01
   3.58747406e+01   5.90976196e+02   2.78940723e+03   2.43173981e+02
   4.89916602e+03   5.93513203e+00   8.73048115e+00   1.48919952e+00
   1.23300830e+04   1.24270056e+03   5.03937950e+01   2.12729530e+01
   3.56617737e+02   1.53290665e+02   9.94230807e-02   1.48044128e+01
   1.49737730e+01   1.02616772e+03   2.78590039e+03   3.09488869e+01
   1.00672272e+02   2.68191650e+03   7.13116882e+02   2.45395241e+01
   9.11948013e+00   1.01435986e+03   9.02049512e+03   5.62558899e+01
   1.00234499e+01   4.29305038e+01   6.30941887e+01   5.27907837e+02
   6.40836487e+01   2.21562672e+00   7.55655322e+03   5.91478857e+03
   9.91589258e+03   9.85654771e-01   2.58255249e+02   2.54177704e+02
   2.01033264e+03   1.59507215e+00   8.00080322e+02   5.98283630e+02
   1.41430756e+02   1.06317568e+04   1.25431961e+02   2.10910791e+03
   7.30162710e-02   7.37752991e+02   7.13756895e+00   7.40900803e+01
   7.80045459e+03   2.52082539e+01   6.64058533e+01   9.45398140e+00
   7.13046312e-01   4.12952942e+02   3.81642761e+02   3.08118200e+00
   1.41339996e+02   5.07713477e+03   0.00000000e+00   2.03039404e+03
   3.43321594e+02   5.94080444e+02   4.42766406e+03   8.90951080e+01
   6.08420166e+03   1.32912903e+02   2.06796494e+02   2.86923523e+01
   3.35233765e+01   1.39388037e+03   4.17870102e+01   3.96069482e+03
   1.11667347e+01   9.51386833e+00   8.56436920e+00   3.08142676e+03
   6.04225960e+01   7.49258089e+00   7.96768417e+01   0.00000000e+00
   1.64162610e+03   4.15433624e+02   3.35333344e+02   6.87337061e+03
   1.97202164e+02   3.99400711e+01   1.36902417e+03   4.00186987e+03
   2.18081325e-01   4.24265088e+03   3.84882069e+00   4.44654205e+02
   0.00000000e+00   8.78065332e+03   2.02010784e+01   8.03301544e+01]
[  1.11972828e+01   4.87059082e+02   1.19641075e+02   4.03368744e+02
   1.78848297e+02   7.48063660e+02   3.52069931e+01   3.12530518e+02
   4.73666115e+01   5.34094276e+01   1.83349792e+03   7.45743469e+02
   4.53120703e+03   2.57933533e+02   3.69455518e+03   1.81625275e+02
   8.27569842e-01   2.47971664e+02   1.26197180e+03   3.31233368e+02
   1.65646271e+02   3.37289543e+01   4.92045166e+03   1.64019699e+02
   1.19809868e+02   7.82366562e+01   9.54401169e+01   2.53394299e+01
   4.23788477e+03   2.65209675e+01   2.18620300e+01   3.67415733e+01
   4.19133057e+03   1.92102036e+02   3.67034073e+01   1.27157703e+03
   5.39276025e+03   1.00570393e+01   0.00000000e+00   1.67048267e+03
   4.21308398e+03   9.88411194e+02   1.61092532e+00   1.58013225e+00
   3.92557549e+00   7.30484802e+02   2.43498071e+03   9.35394363e+01
   3.74282608e+01   8.08196640e+01   3.60346832e+01   4.06933250e+01
   1.67062769e+03   6.09295105e+02   6.82576355e+02   4.69375146e+03
   9.62956524e+00   1.47640104e+01   1.99164355e+03   4.08486963e+03
   2.75576831e+03   3.37803040e+02   5.69957764e+03   1.27934790e+00
   4.11095715e+00   3.64733551e+02   5.28592873e+01   2.78785065e+02
   7.66544247e+00   9.15328491e+02   1.68745544e+03   5.44329956e+02
   2.52338867e+02   4.08630753e+01   9.88705521e+01   1.14067529e+03
   2.03479492e+02   7.85976990e+02   3.90097778e+03   4.36825180e+00
   1.05729284e+01   1.86123840e+02   1.97693567e+03   2.40834808e+01
   1.31075952e+03   3.87868188e+03   7.88361969e+01   6.58162918e+01
   3.64247876e+03   3.58292999e+02   3.09092468e+02   3.68834320e+02
   0.00000000e+00   2.68247095e+03   2.00134678e+01   4.61467476e+01
   4.31022125e+02   3.60056787e+03   1.53032135e+02   4.17821121e+01
   1.65725441e+01   2.51422939e+01   6.07404442e+01   5.42356634e+00
   1.57951965e+03   2.82629728e-01   1.40808426e+02   6.02552002e+03
   3.68563892e+03   1.64545670e+02   8.09899475e+02   4.96704140e+01
   1.58918091e+03   1.57799597e+03   3.77668762e+02   4.04836130e+00
   7.68323364e+01   8.16333008e+01   2.07740942e+03   1.44696609e+02
   6.47330322e+01   2.45388232e+03   2.29108262e+00   2.27601738e+01
   7.35250702e+01   5.55338196e+02   9.63706818e+01   3.23586609e+02
   4.88277881e+03   4.99221146e-01   2.09986160e+02   1.98828210e+03
   1.18219934e+03   1.55805836e+01   7.01696631e+03   3.68651819e+00
   1.09415693e+01   1.38665863e+02   3.15706768e+01   2.86899554e-03
   3.91945630e+03   0.00000000e+00   7.97176941e+02   1.75670944e+02
   3.46761627e+02   3.38810921e+01   2.23033524e+00   6.80532074e+00
   0.00000000e+00   1.44632965e+02   8.51949900e-02   8.03734070e+02
   2.18178741e+02   3.13960767e+03   2.82791687e+02   1.02159454e+03
   6.62395264e+02   5.72423983e+00   1.49622278e+03   5.42874390e+02
   1.15854736e+03   2.77207007e+03   8.82211208e+00   7.38298889e+02
   3.72854395e+03   1.24530542e+03   3.69710876e+02   8.77612610e+01
   5.80304604e+01   1.69241187e+03   7.49043457e+02   0.00000000e+00
   6.04085571e+02   1.31599736e+00   7.37438583e+01   6.97489798e-01
   6.15833473e+00   4.36201025e+03   3.62700623e+02   2.29142990e+01
   5.77115097e+01   4.34971848e+01   2.48567271e+00   4.49523392e+01
   2.42326099e+03   2.09536746e-01   1.62212082e+02   5.83731127e+00
   0.00000000e+00   9.12986908e+01   9.26650429e+00   4.87845764e+01
   1.11282377e+01   2.34862320e+02   4.10681549e+02   3.41099243e+02
   1.61679092e+02   8.72564850e+01   5.26528625e+01   4.08412781e+01
   7.67229156e+01   4.49299683e+02   1.47957926e+01   5.37129068e+00
   1.38021879e+01   4.02766991e+01   1.17867887e+00   2.81697388e+02
   1.65863838e+01   8.81382065e+01   1.97477734e+03   1.75797806e+02
   1.01444256e+00   1.58484671e-02   7.81019287e+01   1.11659767e+02
   9.44680634e+01   9.10244202e+02   2.28500122e+02   2.16316544e+02
   3.24552216e+02   1.24917078e+03   1.16240051e+02   1.39560876e+03
   7.31581116e+01   1.41857864e+02   2.35034521e+03   6.76859360e+01
   3.48847437e+03   3.25727515e+03   2.79659717e+03   1.08562515e+02
   0.00000000e+00   1.16294952e+02   3.06055023e+02   1.35744873e+03
   1.18617053e+03   3.66337700e+01   2.83655298e+03   5.39175537e+02
   2.09134884e+01   4.73656769e+01   6.60575562e+02   0.00000000e+00
   5.52594788e+02   1.57379834e+03   4.41440094e+02   0.00000000e+00
   5.66627380e+02   1.12364602e+00   0.00000000e+00   7.05813965e+02
   1.57212378e+03   0.00000000e+00   1.09488802e+01   6.74026709e+03
   2.75203419e+00   3.33018860e+02   1.60225708e+02   1.30653336e+02
   3.51015869e+03   0.00000000e+00   5.67075049e+03   3.89092369e+01
   1.87937284e+00   1.93938141e+02   4.66660034e+02   1.21336047e+03
   9.67733231e+01   8.46182434e+02   6.57418747e+01   6.52248474e+02
   2.85337716e-01   0.00000000e+00   8.11347504e+01   1.09451149e+02
   4.78303566e+01   8.07517319e+01   6.78413696e+02   7.95066833e+02
   1.89457245e+01   6.76039047e+01   3.86565137e+03   4.95603905e+01
   0.00000000e+00   2.84905762e+03   3.11381378e+02   7.19044566e-01
   3.63658691e+03   8.81662979e+01   2.27330647e+01   3.07123804e+00
   7.61109863e+02   3.16796631e+02   5.21130811e+03   9.79922256e+01
   2.05148364e+03   4.16536041e+02   5.66276703e+01   5.34737671e+02
   2.80348535e+03   1.77084875e+03   4.41679430e+00   3.55534077e-01
   3.47921265e+03   2.97766846e+03   6.14281250e+03   4.76228912e+02
   2.01008534e+00   3.03528381e+02   5.87656372e+02   3.74738770e+01
   9.91063833e-01   1.48216736e+02   1.24917282e+02   9.78072571e+02
   1.45008337e+03   2.20736267e+02   4.02899231e+02   0.00000000e+00
   1.25195370e+01   1.60311841e+03   2.49137859e+01   2.76913135e+03
   1.81847305e+01   1.41791946e+02   6.54325714e+01   0.00000000e+00
   2.14214115e+01   3.62765839e+02   3.75405145e+00   1.58132668e+01
   1.48829651e+02   2.12571213e+02   4.82594727e+02   7.70402145e+01
   4.57027527e+02   6.56510086e+01   2.14564957e+02   2.17941309e+03
   1.62566064e+03   2.06205151e+03   1.34298376e+03   6.24353600e+00
   2.63846222e+02   6.62337036e+02   2.51965015e+03   1.07965706e+02
   6.42725601e+01   3.40555811e+03   1.16741323e+01   0.00000000e+00
   4.06572534e+03   3.06958294e+01   1.26899097e+03   7.37590981e+00
   2.37323193e+03   4.30915222e+02   2.34285183e+01   1.30624466e+02
   1.17771263e+02   1.55713081e+00   2.25988144e+02   1.27620972e+03
   1.78233606e+03   9.62424457e-01   6.15250473e+01   4.40405693e+01
   5.60191193e+01   1.15089016e+01   5.75361084e+03   1.81882054e-01
   7.51871582e+02   1.92653125e+03   0.00000000e+00   4.08351685e+02
   1.26023962e+03   7.33975391e+03   9.02422256e+01   5.53363586e+02
   8.15951050e+02   5.05621262e+01   2.43638977e+02   1.41241150e+01
   1.37652191e+02   1.69447769e+02   5.75957108e+01   4.08212357e+01
   1.40525720e+03   2.66096249e+01   4.15578418e+03   1.17035736e+02
   5.41745483e+02   1.02396797e+02   4.19321805e-01   1.10289162e+02
   1.73172398e+01   5.57377563e+02   1.43119629e+02   1.79826355e+02
   3.64366772e+03   1.32585342e+02   1.27968246e+02   3.61673950e+03
   3.84573706e+03   2.22044678e+02   8.68278992e+02   1.44206657e+01
   5.39156227e+01   7.49118848e+03   7.73079605e+01   1.29005798e+03
   1.05118874e+02   1.04514008e+01   2.21343441e+01   0.00000000e+00
   7.86031311e+02   3.37558179e+03   2.05018091e+03   3.16127588e+03
   1.08461731e+02   4.87627716e+01   3.68530426e+02   1.28714383e-01
   1.00494957e+02   2.90467281e+01   2.95786102e+02   2.67564014e+03
   1.22411377e+03   4.49873688e+02   7.59597168e+03   1.96086845e+01
   2.06736435e+02   2.50576392e+03   7.86133575e+01   2.19188309e+02
   2.91680908e+03   8.05118027e+01   3.28284576e+02   3.66533173e+02
   1.01647392e+02   3.71071701e+01   1.72496063e+02   1.56936005e+02
   2.44150940e+02   3.12796143e+02   1.03680122e+02   1.33573696e-01
   2.57844181e+01   4.45032692e+01   2.16574621e+00   1.41526697e+03
   7.23721045e+03   1.77298193e+03   6.47256546e+01   6.16878662e+02
   7.35686182e+03   3.83915436e+02   1.19152075e+03   1.08859944e+00
   5.97159912e+02   1.60009155e+02   3.98939438e+01   0.00000000e+00
   1.55449780e+03   1.33024414e+03   1.16627579e+02   6.21279541e+03
   6.88088477e+03   1.05016931e+03   8.30426121e+00   4.96353836e+01
   3.70459213e+01   4.19145844e+02   4.67992935e+01   6.43777527e+02
   2.44683212e+02   1.66329250e-01   4.50488243e+01   3.07161164e+00
   2.64291077e+02   2.07010034e+03   8.47637024e+01   1.63858008e+03
   1.02011986e+02   1.58387637e+00   2.77095070e+01   6.51184131e+03
   4.94605827e+00   1.20110016e+02   1.00943628e+03   1.88787195e+03
   0.00000000e+00   0.00000000e+00   7.45619995e+02   4.48495522e+01
   1.61883621e+01   1.15919934e+03   7.30309631e+02   3.43849683e+03
   1.89123975e+03   6.43288116e+01   5.70792725e+02   4.25557520e+03
   1.69064362e+02   0.00000000e+00   3.64889679e+02   4.31438525e+03
   1.62728607e+02   2.73814178e+02   8.89818573e+01   3.68679224e+03]
[  6.78581909e+02   3.94381752e+01   3.53084278e+00   1.45725565e+01
   5.46665001e+01   2.10733521e+03   5.23274918e+01   7.99983521e+01
   2.88386846e+00   9.14698425e+02   1.91681004e+01   1.17192673e+02
   4.17263458e+02   1.76218201e+03   2.56303986e+02   5.93498303e-03
   6.33220596e+01   5.03283630e+02   1.25966438e+02   3.44510031e+00
   9.61548424e+00   3.43760788e-01   2.19685867e+02   8.20359985e+02
   4.36258465e-01   1.30681849e+01   2.48987985e+00   4.74027176e+01
   1.25500250e+01   1.03936348e+02   5.96791763e+01   1.38788831e+00
   1.92388855e+02   2.19435329e+01   2.42941504e+03   1.68497144e+03
   1.24086990e+01   1.33078503e+03   1.22713022e+01   6.39289131e+01
   6.33364630e+00   4.05809441e+01   3.16714935e+01   8.69747238e+01
   2.88264275e+00   1.54204773e+02   3.21562256e+02   0.00000000e+00
   1.59407501e+02   2.71954441e+01   1.36074426e+03   0.00000000e+00
   4.38945580e+01   3.96019592e+01   6.09135535e-03   6.28659286e+01
   2.27345886e+01   2.83567524e+01   2.36108658e+02   4.27086151e+02
   3.98072319e+01   7.37798004e+01   2.58757057e+01   2.95839214e+01
   1.30995464e+01   8.91691399e+00   1.24887619e+02   6.01100235e+01
   1.10905886e+01   8.97970200e+01   9.17374134e+00   1.30970740e+03
   4.13762894e+01   1.23761602e+04   1.68201709e+03   6.72896242e+00
   1.06863651e+01   1.14310837e+01   2.99825039e+01   1.56745605e+01
   1.55014372e+01   2.41841412e+01   5.71470737e+00   2.27099361e+01
   2.56963711e+01   4.91392899e+00   1.28079492e+03   3.69162140e+01
   1.36143219e+02   4.93950386e+01   1.03549599e+02   1.00824499e+01
   2.29623203e+01   6.54037903e+02   3.78118347e+02   4.91813126e+01
   3.33401375e+01   1.03101967e+02   1.53891663e+02   1.19217461e+02
   2.63269424e-01   2.25544338e+01   7.64665527e+01   4.49819107e+01
   1.85090046e+01   2.18238792e+01   3.79741263e+00   1.37972827e+03
   2.32622986e+01   3.66780683e-02   6.76475647e+02   3.88866959e+01
   5.78035259e+00   1.08718994e+02   2.32173637e-01   0.00000000e+00
   5.13446007e+01   5.71643181e+01   2.16802222e+03   3.91447961e-01
   3.63128387e+02   2.32141457e+01   3.00761375e+01   2.04619050e+00
   3.09720933e-01   1.27931504e+04   4.07389307e+00   4.66583557e+01
   1.74602539e+03   1.01166687e+02   1.07578268e+01   2.10860947e+02
   1.88787537e+02   1.01679802e+01   3.44391724e+03   5.46578169e+00
   7.05385828e+00   1.92128201e+01   2.38132104e+03   3.21755981e+01
   2.38524938e+00   1.08051392e+03   4.93163443e+00   1.28908777e+03
   1.83061314e+01   1.47883789e+02   1.09780560e+01   2.30565765e+02
   5.80159668e+02   2.70029221e+01   2.56750870e+01   2.75984100e+02
   2.75409184e+01   9.15357437e+01   8.97707581e+02   8.99883881e+01
   6.86544952e+01   0.00000000e+00   1.24295816e+01   1.68178064e+03
   5.46232373e+03   2.43577197e+03   1.69970551e+01   7.78114176e+00
   7.34011307e+01   3.97506256e+01   2.37350998e+01   3.88549881e+01
   9.16632271e+00   1.91004562e+01   1.41184586e+02   6.20847195e-02
   3.18207860e+00   5.99700073e+02   6.29457569e+00   9.50491028e+01
   1.17618771e+01   2.08947124e+01   4.94938164e+01   1.29616309e+03
   6.57183594e+02   4.51916542e+01   8.32910889e+02   1.79693115e+02
   7.24844589e+01   6.12549896e+01   1.83422792e+00   1.42481589e+00
   1.11958679e+02   1.97270447e+02   8.93318253e+01   1.34137106e+00
   4.67722119e+03   1.36038940e+02   4.33372557e-01   4.35190582e+01
   5.98527145e+01   4.84304695e+01   6.56944962e+01   1.27991406e+03
   5.65407410e+01   1.07010496e+00   1.31016345e+03   5.95481529e+01
   1.39104548e+01   1.33560772e+01   1.50299243e+03   8.08878231e+00
   1.35263733e+02   3.63456268e+02   1.11538620e+02   2.20578213e+01
   4.98358185e+02   2.88179989e+01   6.59102707e+01   3.07390991e+02
   0.00000000e+00   7.58893661e+01   2.48147900e+03   4.67141815e+02
   0.00000000e+00   1.23739138e+01   5.27981949e+00   1.68939514e+01
   7.64459610e+01   1.29892102e+03   1.17013512e+02   7.01386566e+01
   8.61924839e+00   9.43291473e+01   9.79657459e+00   1.17447388e+03
   6.17934814e+02   1.92217871e+03   0.00000000e+00   0.00000000e+00
   1.11585297e+02   2.02936377e+03   3.50609619e+03   6.35278654e+00
   3.28493805e+01   6.82208252e+01   6.84701996e+01   0.00000000e+00
   3.79312325e+01   0.00000000e+00   1.40516333e+03   1.57569200e-01
   2.10322632e+02   3.60253563e+01   9.61706726e+02   5.63567162e+01
   1.50154209e+01   8.72524170e+02   1.08378687e+03   2.19922200e-01
   1.10211914e+02   3.22180824e+01   2.15947754e+03   9.87159729e+01
   1.39581268e+02   1.80770912e+01   4.00701813e+02   3.62618713e+01
   3.61556778e+01   0.00000000e+00   1.75013016e+02   2.43593330e+01
   1.00116074e+00   3.00684185e+01   2.85656787e+03   4.04621704e+02
   3.23690872e+01   3.85325789e+00   1.26178513e+02   3.66716347e+01
   4.83541626e+02   5.51741600e+01   2.14328480e+01   7.13238642e-02
   1.12140283e+03   1.69282318e+02   2.95606499e+01   1.26008411e+03
   6.68859558e+01   2.00405636e+01   6.15075684e+00   7.26791840e+01
   1.00573952e+02   1.25762070e+02   1.76527808e+03   9.72765274e+01
   4.41178284e+01   2.51959629e+01   3.83348198e+01   3.83271606e+02
   4.19650536e+01   1.22538916e+03   6.50166473e+01   4.45657324e+03
   2.38223419e+02   2.70092411e+01   2.41297852e+03   3.89888519e+02
   2.24600769e+02   3.01357727e+02   6.00386200e+01   5.89983215e+02
   3.36595383e+01   1.27285263e+02   0.00000000e+00   2.86842289e+01
   2.33900394e+01   3.11452656e+01   2.80275806e+03   7.79470062e+01
   2.10445215e+03   1.44902691e-01   1.03309497e+03   1.42093735e+02
   6.33572197e+01   1.97063808e+01   6.80737381e+01   2.12125778e+02
   1.17609146e+02   1.06087677e+02   7.93795776e+00   9.55198135e+01
   1.20959024e+01   4.38935623e+01   1.89151728e+00   1.26710777e+01
   0.00000000e+00   1.56148788e+02   1.17858105e+01   5.11430695e+02
   3.41795468e+00   1.29578690e+02   4.56982765e+01   2.75100922e+02
   1.19974876e+02   0.00000000e+00   1.63558777e+02   1.03654432e+01
   0.00000000e+00   1.17124629e+00   1.10640457e+02   1.20772018e+01
   1.67482891e+01   2.11471119e+01   6.79872437e+01   2.04833031e+01
   0.00000000e+00   1.76694519e+02   3.04384613e+01   5.61887256e+03
   9.11788864e+01   8.55397644e+01   6.22362442e+01   1.06968031e+01
   3.43778658e+00   2.14150391e+02   4.95789185e+01   7.64382019e+01
   1.20113574e+03   7.69412088e+00   4.98644753e+01   7.78904486e+00
   1.05421204e+02   1.30827637e+01   9.13336426e-02   5.91285950e+02
   6.34305801e+01   0.00000000e+00   1.83515434e+01   2.18878632e+01
   2.61700513e+03   2.83334947e+00   3.14212704e+01   1.73073444e+01
   4.01602859e+01   2.21277588e+03   1.80490466e+03   9.38492417e-02
   5.25373108e+02   6.87378235e+01   2.49496059e+01   4.53401178e-01
   4.31911774e+01   0.00000000e+00   2.01962000e+03   3.73470573e+01
   1.88678528e+02   1.52403061e+02   1.70797009e+03   6.76007202e+02
   7.24284363e+02   8.11184387e+01   3.43980522e+01   1.72314709e+03
   1.49705963e+02   3.51470871e+01   6.79741287e+00   3.33269811e+00
   3.09809052e+02   1.73347961e+03   1.26775799e+01   6.57142334e+01
   1.12696205e+02   1.19705910e+02   9.54233704e+02   8.54481628e+02
   5.85584641e+00   5.03484589e+02   5.19150574e+02   0.00000000e+00
   6.20270729e+01   1.37059546e+01   7.73005798e+02   1.11623207e+02
   6.47530273e+02   1.29185543e+01   1.59266113e+02   1.66001225e+01
   3.62550888e+01   1.55160522e+03   2.77174652e+02   5.16441727e+01
   1.07342637e+04   2.95031647e+02   7.12586594e+01   2.65893402e+01
   7.20538101e+01   9.47942505e+02   1.06896370e+02   2.41189966e+03
   1.41729114e+03   2.03428406e+02   3.64504013e+01   4.22045670e+01
   2.42432070e+00   1.24513440e+03   1.94564377e+02   7.55301895e+01
   8.20538025e+01   3.54683418e+01   3.77888558e-03   1.07601189e+02
   1.20635996e+01   2.42445316e+01   1.08456707e+01   2.55700130e+01
   1.94571781e+01   2.14394562e+02   1.01285637e+02   4.48389893e+03
   3.85715408e+01   2.54723779e+03   1.12313507e+02   8.27687912e+01
   8.34016724e+01   5.36587158e+02   4.24478951e+01   1.42388067e+01
   7.07289001e+02   1.04702511e+01   2.37879639e+03   1.38289810e+02
   1.14253454e+01   4.98747940e+01   4.16726875e+01   4.14203262e+01
   1.31878333e+03   1.40109790e+03   6.23280449e+01   1.78572583e+03
   0.00000000e+00   5.21452427e-01   6.11248207e+00   6.75258398e-01
   4.04053574e+01   4.83035164e+01   1.15792542e+03   1.32201433e+00
   8.47071609e+01   2.73458920e+01   4.41026993e+01   1.65931091e+03
   1.17890577e+01   0.00000000e+00   2.24163399e+01   2.19967285e+02
   1.58688831e+01   1.35090466e+03   8.05938416e+02   1.07794531e+03
   1.13194836e+03   2.94683868e+02   6.79573746e+01   1.70375347e+01
   1.31363708e+03   2.97825623e+01   9.33581257e+00   1.59635059e+03
   1.08687782e+02   1.28033218e+02   9.86703014e+00   3.71509216e+02
   2.60168604e+03   6.90409729e+02   1.14918335e+03   5.88150883e+00]
