bicycle
bus
car
motorbike
person
[ 22241436.    11219118.    37922808.    26634408.    42793584.     7846351.
  12321695.     5185272.    17696794.    16918480.    11830422.    21770650.
  10161323.     7462349.    19775144.    15814989.    16478265.    10028432.
  43693364.     9711714.     7958262.5   30529938.     5055455.    18595550.
   5425411.5   24230598.    15756530.    17213178.     3575205.    12904088.
  22721638.    33374232.    36718904.     2686308.5   40531580.
   2557562.75  11309368.     6670946.    17232690.     4930404.    20347178.
  16034142.    54514436.    45219180.    20950234.    23930504.    19258394.
  19815746.     5246963.    31992342.    45474360.     9044257.    14234622.
  12817900.     7252196.5   17559520.    25652780.     7492724.    14733364.
   9602032.     6863341.5    3296404.5   16837496.     5560828.5 ]
[  4.00916080e+07   9.74640800e+06   2.49432540e+07   7.86218188e+05
   1.20535070e+07   5.49624950e+06   1.65589760e+07   1.11068682e+04
   1.76707400e+07   5.00054450e+06   3.45265080e+07   2.72901480e+07
   7.44873125e+04   1.73647212e+06   2.14736540e+07   1.46921310e+07
   6.62966100e+06   4.52137160e+07   2.38715600e+07   7.99838850e+06
   2.86789656e+05   4.09316720e+07   1.10400950e+06   3.09553580e+07
   9.80388562e+05   3.21202620e+07   8.56538100e+06   1.37063438e+06
   1.69044780e+07   1.64923789e+04   2.81536800e+07   1.20864250e+05
   1.38399800e+06   2.32218680e+07   1.63223250e+07   4.02307300e+06
   4.41395875e+05   1.21514480e+07   2.90492120e+07   2.27531100e+07
   5.34119050e+06   3.21380225e+06   4.97146200e+06   1.12289770e+07
   4.72150800e+07   2.78720860e+07   2.85830812e+05   4.63551800e+07
   2.19221580e+07   2.88810975e+06   2.35610400e+07   2.90135300e+07
   4.76195080e+07   2.73676960e+07   1.48134450e+06   2.56955100e+07
   1.60402220e+07   6.57369560e+07   4.59439850e+06   1.20772050e+07
   3.52339160e+07   1.53675752e+04   1.75152360e+07   5.81949920e+07]
[  4.25181100e+06   1.11887650e+07   1.09135586e+05   9.44270469e+04
   4.35000977e+04   6.57941797e+04   1.46403406e+05   4.05811525e+06
   4.88607695e+04   1.53024900e+06   9.18354200e+06   7.78637438e+05
   1.28545688e+06   2.98593475e+06   4.55155547e+04   7.26780078e+04
   3.16880600e+06   4.76081562e+05   4.99139156e+05   6.40583900e+06
   1.41522275e+06   9.99354785e+03   1.16536300e+07   1.56983160e+07
   9.33609600e+06   0.00000000e+00   7.49574188e+05   3.77178100e+06
   6.22539562e+05   7.43320300e+06   2.64332500e+04   1.06689090e+07
   1.33674675e+06   5.58445950e+06   3.69622225e+06   5.28471800e+06
   4.64212500e+05   1.88156400e+07   2.47040350e+06   8.00218457e+03
   6.54425500e+06   4.57171150e+06   4.90342950e+06   1.49561350e+07
   4.63761100e+06   1.52594422e+05   1.27227430e+07   5.71237891e+04
   2.43296475e+06   1.01293406e+06   2.24586925e+06   4.63088945e+04
   4.50588650e+06   1.03892988e+06   1.57918280e+07   1.17272420e+07
   1.36143875e+06   1.79987266e+04   1.85265969e+05   4.08994188e+05
   1.77367512e+06   1.67046920e+07   1.00166320e+07   4.37133250e+06
   2.08577660e+07   2.49315350e+06   1.44682640e+07   7.60755300e+06
   3.28930688e+05   2.10394750e+06   8.04221450e+06   1.15737250e+07
   9.89687562e+05   6.71034297e+04   0.00000000e+00   2.31254275e+06
   2.36241094e+05   7.21331850e+06   4.50280400e+06   7.47329688e+05
   5.50074062e+04   6.17763600e+06   4.00139175e+06   9.31658008e+03
   5.37285800e+06   6.34421400e+06   4.49010600e+06   8.19931250e+03
   7.16471750e+06   1.29408462e+06   8.30747800e+06   4.70334850e+06
   6.46966875e+05   6.05975000e+06   9.52018500e+05   7.05185900e+06
   5.29857910e+03   2.66925250e+06   1.20992200e+06   1.75366047e+05
   5.47003900e+06   5.37394000e+05   9.03231188e+05   1.50553588e+06
   1.44701992e+04   1.13918625e+06   8.21182656e+04   1.43697112e+06
   3.33959875e+06   5.33094625e+05   1.41625531e+05   8.66618900e+06
   9.42120812e+05   7.64222150e+06   6.28365150e+06   8.71016200e+06
   2.74559425e+06   1.08236012e+06   4.14065975e+06   2.07324600e+06
   3.40514825e+06   6.41360200e+06   7.78404219e+04   5.72773300e+06
   1.44113312e+06   3.10757051e+04   2.33280500e+07   5.24444922e+03]
[  3.88059475e+06   2.21776925e+06   2.82955406e+05   1.47385991e+00
   2.09424492e+04   3.95050725e+06   9.33719250e+05   1.48722188e+06
   1.59066140e+07   6.09851400e+06   9.36529800e+06   7.47024000e+06
   2.55919750e+06   1.09211800e+06   1.09695840e+04   3.01609925e+06
   2.21655975e+06   4.28136700e+06   2.01517988e+06   2.37406328e+04
   9.37826900e+06   4.80915800e+06   1.70698738e+06   4.24729492e+04
   1.04619512e+06   2.38268844e+05   1.73685188e+06   8.35329800e+06
   1.94497469e+05   6.10773450e+06   4.86455273e+04   1.56274220e+07
   4.57627500e+06   9.99631750e+05   1.26263225e+06   2.91476925e+06
   3.17042225e+06   1.20978320e+07   1.44355891e+05   8.52437031e+04
   1.53406688e+06   6.01375312e+04   3.53170703e+04   3.96574094e+05
   7.27168125e+05   9.30489600e+06   6.22947700e+06   7.62348200e+06
   3.17394050e+06   1.69729640e+07   2.65599250e+06   4.99236000e+06
   6.40941400e+06   2.35431725e+06   1.64626250e+05   1.86976125e+05
   6.94135800e+06   6.20521250e+05   6.32483337e+02   4.07357600e+06
   4.38733800e+06   7.40754050e+06   8.05810950e+06   3.84575000e+06
   2.86375812e+05   1.21918040e+07   1.97621188e+05   5.89489100e+06
   5.14224900e+06   8.19712800e+06   1.62910788e+06   1.40474940e+07
   1.19506010e+07   6.09643900e+06   2.02891460e+07   6.65828711e+03
   5.53907600e+06   2.66266125e+06   1.84064920e+07   3.81683350e+06
   3.30433775e+06   5.47425352e+04   1.09282440e+07   4.01708175e+06
   8.66814297e+04   5.85812950e+06   5.48311938e+05   3.54770675e+06
   1.21518578e+05   9.91683938e+05   8.74405859e+04   7.62846800e+06
   3.37203062e+05   1.14297080e+07   1.00023875e+06   3.45636225e+06
   4.95909406e+05   6.91450800e+06   1.14710425e+06   1.45695940e+07
   2.21530141e+05   1.46489672e+05   1.67560130e+07   4.67128467e+03
   1.33891312e+05   1.66230370e+07   3.19104825e+06   6.42614400e+06
   1.14001100e+07   7.01407150e+06   1.04680625e+04   6.13946350e+06
   3.46363219e+05   2.53326900e+07   5.19017000e+06   1.40057912e+06
   8.54999250e+05   5.08834450e+06   5.75998320e+04   4.21268945e+04
   1.43748780e+07   2.86615675e+06   2.39022188e+04   7.82927950e+06
   5.91362700e+06   1.96354238e+06   1.26846900e+07   8.59680100e+06]
[  0.00000000e+00   1.28189941e+04   1.38804275e+06   1.43294502e+04
   3.92380005e+02   3.08230444e+03   9.17843018e+02   5.74458923e+01
   2.84122400e+06   1.61547373e+04   8.90430786e+02   1.26978555e+04
   7.84206438e+00   8.95164609e+04   3.89071641e+04   1.16250615e+04
   6.14576719e+04   8.51454312e+05   4.63895898e+03   1.08417492e+05
   5.22751961e+01   1.65431562e+04   4.71157250e+05   6.22517090e+03
   1.52029805e+04   1.31805200e+03   2.10776175e+06   0.00000000e+00
   7.69916553e+03   1.48298740e+04   3.86656738e+02   3.82092621e+02
   4.11585083e+01   8.11829688e+05   6.68884688e+04   1.72552088e+06
   2.33895925e+06   1.12784727e+04   1.50542627e+03   5.59144238e+03
   1.07476172e+04   1.26045349e+03   5.50097412e+03   3.42432906e+05
   1.06115020e+04   5.84006531e+02   1.32808884e+02   4.56958923e+02
   8.49666797e+04   4.67140430e+04   3.90791758e+04   1.20623364e+03
   1.75661012e+06   3.33558781e+05   1.95554371e+01   8.33396875e+04
   6.55380812e+05   9.80348500e+05   4.56490088e+03   7.34957314e+00
   1.40812828e+05   4.07185938e+04   5.31045688e+05   1.13680312e+05
   2.60835304e+01   1.09378398e+04   1.09665454e+03   1.32998706e+03
   5.08479102e+03   1.80565859e+05   1.47516075e+06   1.77496025e+06
   5.66590929e+00   2.41733652e+04   2.66090912e+02   4.76750458e+02
   2.62068535e+04   5.20476625e+05   7.25959562e+05   2.48634125e+05
   2.70851594e+05   6.25789648e+03   1.37493545e+04   3.70540649e+03
   1.98054275e+06   3.04172025e+06   6.08212750e+05   2.02328850e+06
   1.84131297e+05   4.45180542e+02   6.93722412e+03   6.45568555e+04
   5.23333406e+05   7.24607227e+03   0.00000000e+00   9.96569238e+03
   5.34135449e+03   9.30056625e+05   4.58636475e+03   4.49414570e+04
   2.23985117e+04   2.38281484e+04   1.79272962e+06   1.34619000e+05
   3.15573291e+03   1.57574561e+04   1.32102939e+04   2.63085278e+03
   1.01808884e+02   7.35370938e+04   9.73490938e+05   3.59311914e+04
   6.35726357e+00   3.47924961e+04   4.07567812e+04   6.22467578e+03
   1.17442584e+00   8.72071875e+03   2.23051318e+03   2.30001275e+06
   4.93675195e+04   2.38989502e+02   2.44759316e+04   3.80850220e+03
   3.67102368e+03   9.28818562e+05   3.99687073e+02   0.00000000e+00
   9.47588938e+05   1.54201729e+04   1.76622793e+04   1.49620576e+04
   1.79397539e+04   1.43757575e+06   2.23152676e+01   8.80878027e+03
   3.56553025e+06   5.75214688e+05   3.77405234e+04   6.15827292e-02
   1.53348721e+04   5.52049561e+03   2.48839844e+04   8.06063062e+05
   1.76405469e+03   2.17928350e+06   4.00793555e+03   1.50092090e+03
   1.96335484e+05   5.32968811e+02   5.55640723e+03   6.87975049e+03
   7.55613359e+04   1.25180734e+05   8.72387625e+05   8.84782129e+03
   8.71043164e+03   2.86448844e+05   1.19904000e+06   4.17611750e+05
   3.17944122e+02   1.68106594e+05   1.08384425e+06   1.10365273e+04
   6.72011016e+04   3.01415875e+06   1.45379638e+06   2.57711906e+05
   1.15929914e+05   1.77977812e+06   1.83820012e+06   2.18088184e+03
   8.46386328e+03   6.99898938e+05   1.81784629e+04   2.17535918e+04
   1.81409050e+06   4.86746973e+03   2.43170650e+06   1.80599125e+05
   6.95645875e+05   1.68798250e+05   6.33487312e+05   3.52501445e+04
   2.17555547e+04   8.89488770e+03   1.38190625e+05   4.47738828e+04
   7.91106250e+05   8.26882812e+03   5.58638867e+03   2.16709475e+06
   8.76931610e+01   1.30518175e+06   1.94325653e+02   2.23862000e+06
   1.50610117e+04   6.01414438e+05   2.22190250e+06   9.96061312e+05
   9.88728882e+02   1.92375738e+06   1.83045475e+06   2.41972339e+03
   1.37803359e+05   8.14373169e+02   3.66226392e+03   7.21168652e+03
   2.74568652e+03   1.09851750e+06   7.78425312e+05   1.63242975e+06
   5.87534570e+03   3.06874395e+04   5.02053757e+01   3.05716602e+04
   3.66549878e+03   1.45041462e+06   6.70182578e+04   1.40667712e+03
   4.98080536e+02   6.56369824e+03   2.09152490e+03   1.91259609e+05
   5.81038250e+05   0.00000000e+00   9.69785080e+01   1.26331312e+05
   3.62433258e+02   1.15554538e+06   2.80695977e+04   1.13377617e+02
   9.60050750e+05   8.18351807e+03   1.11323612e+06   1.23187671e+03
   3.71454102e+03   1.14311578e+05   9.14668312e+05   2.12718555e+03
   5.97636250e+05   1.45689925e+06   2.28263159e+03   1.55790527e+03
   5.01468203e+04   1.11547646e+04   1.96219019e+03   4.39741748e+03
   1.08959277e+04   4.41519344e+05   1.07200205e+04   2.11988770e+03
   4.46031006e+03   5.94513245e+01   1.64341431e+03   5.11735969e+05]
[  1.67640588e+06   9.94532617e+03   1.77045947e+03   4.28722168e+03
   1.80343550e+06   1.83884438e+06   2.96503250e+05   7.41201172e+02
   2.26886562e+04   2.44714648e+03   7.40585754e+02   1.46383447e+04
   9.11103809e+03   3.55731953e+04   1.71099609e+04   6.51949658e+03
   1.58130478e+02   4.26533203e+02   1.22481738e+06   7.50382344e+04
   0.00000000e+00   5.16582642e+02   2.98790100e+02   4.42646594e+05
   5.86915436e+01   1.66213611e+03   0.00000000e+00   3.21410844e+05
   3.30273555e+04   3.99369324e+02   3.28371250e+04   1.19639131e+04
   1.90812266e+04   1.01105359e+05   1.06215811e+04   3.01033438e+04
   1.25336631e+04   7.13547180e+02   6.18913379e+03   0.00000000e+00
   2.00565828e+05   4.52457031e+04   9.13754004e+03   3.95872803e+03
   1.17442178e+04   1.04050791e+04   5.37026500e+05   2.93798750e+04
   1.74336844e+05   9.88134460e+02   1.03435654e+04   3.82362183e+03
   2.71389209e+03   1.79522969e+04   3.15147344e+05   2.87112375e+05
   9.00111484e+04   2.06655734e+05   4.43532656e+04   1.49787524e+03
   6.22749463e+03   7.78238281e+04   1.61923431e+02   1.36176666e+02
   0.00000000e+00   3.39087266e+04   3.23561000e+05   2.25809601e+02
   8.48252441e+02   5.86049062e+04   8.73492562e+05   6.38748962e+02
   4.06751367e+04   1.49922129e+04   7.93326250e+04   6.96401562e+04
   1.02929531e+05   1.05016279e+04   5.27836523e+04   4.36344562e+05
   1.92799362e+02   1.61100830e+04   3.53731079e+01   5.45285586e+04
   2.76702197e+03   3.34173203e+04   1.37911133e+03   1.59663066e+04
   1.04127197e+04   2.30009746e+04   1.16281719e+04   1.83849648e+04
   3.63878516e+04   4.15274219e+05   5.23434814e+03   0.00000000e+00
   1.82217562e+05   6.65979538e+01   1.64367422e+04   1.04453703e+05
   1.34118591e+03   3.37047266e+04   1.04328456e+06   8.04265366e+01
   2.67601001e+03   3.83529961e+04   7.32719375e+04   5.91678008e+04
   4.64861562e+04   1.74804512e+06   1.41218665e+03   9.14608188e+05
   9.28300858e+01   1.76054089e+03   3.80526196e+03   1.41967734e+04
   3.42198901e+03   1.21140811e+04   2.61042305e+04   8.90359531e+04
   7.53130908e+03   5.52806824e+02   1.55390732e+04   3.43512469e+05
   4.49490527e+03   3.74192163e+03   2.41924706e+01   2.88862578e+04
   1.04326233e+03   2.21109675e+06   4.53061094e+04   1.70811816e+03
   8.59947168e+03   1.56329025e+06   2.28307031e+03   1.34270732e+04
   2.51503594e+04   9.31586812e+05   4.09820312e+03   8.59832764e+01
   6.01414871e+01   2.96885547e+03   1.10134238e+04   4.66886680e+04
   0.00000000e+00   5.44565723e+03   2.87581372e+03   0.00000000e+00
   0.00000000e+00   1.83192493e+03   6.95266968e+02   4.76365576e+03
   7.59883125e+05   1.26439594e+05   1.25947861e+02   2.85604562e+05
   2.31129980e+03   3.44936752e+01   5.50706875e+04   1.46464112e+06
   2.72979346e+03   1.16269941e+04   1.99074194e+03   3.83638458e+01
   3.02031156e+05   0.00000000e+00   2.46318766e+05   4.48125879e+03
   3.54148062e+05   1.80315962e+06   2.75661438e+02   4.96943426e+00
   2.23662051e+04   2.91793469e+05   6.36415312e+05   2.99038062e+03
   3.86155664e+03   3.86050220e+03   8.89807617e+03   2.06485474e+02
   4.70581104e+03   6.98333301e+03   2.60496613e+02   2.89096387e+04
   3.61623154e+01   1.38650940e+03   5.88417188e+04   1.48835088e+04
   2.22569971e+03   9.55270233e+01   9.06736750e+05   2.07789575e+03
   1.15715424e+02   7.38807324e+03   6.24672578e+04   4.25211084e+03
   5.74366953e+04   4.86759023e+04   4.87354656e+05   7.48451309e+01
   3.74718323e+01   3.72228652e-01   6.20885562e+05   2.73612168e+04
   3.19386348e+04   4.52557251e+02   1.46208496e+04   9.29037625e+05
   1.35044328e+05   1.37800788e+06   2.00809669e+01   6.25491650e+03
   7.31463574e+03   5.23019023e+04   1.00714319e+03   3.40233812e+05
   2.59253656e+05   4.28199463e+03   1.58517148e+04   2.76812793e+03
   6.13551855e+03   1.74685703e+04   3.17162256e+03   1.35064380e+03
   8.48630905e+00   1.73018938e+05   8.94165469e+04   4.45965078e+04
   2.78038184e+03   4.36423683e+01   3.08727631e+02   9.85155469e+03
   3.16522094e+05   4.13637695e+03   1.26808462e+06   1.18733418e+04
   7.43011523e+03   1.04395600e+06   0.00000000e+00   1.39549198e+01
   3.28321802e+03   3.17135125e+05   3.68705482e+01   0.00000000e+00
   8.16676331e+02   2.13096207e+02   1.34795537e+04   5.53876562e+03
   6.24260250e+05   3.34800812e+05   1.64119668e+04   5.90949453e+04
   1.42213281e+04   5.87823375e+05   9.86132617e+03   1.08643219e+05]
[  2.39567844e+05   5.92703281e+04   1.68984436e+03   1.93790247e+03
   3.98041812e+05   7.78702246e+03   3.08723398e+04   1.21742148e+04
   3.00215527e+03   8.17395500e+05   1.68038047e+04   5.57212148e+04
   9.66812305e+03   3.41351660e+03   4.87321826e+03   2.47445190e+03
   4.12111969e+01   4.02334644e+03   8.10886459e+01   1.69315576e+03
   2.05612383e+04   1.60708688e+05   4.08284141e+04   1.07716611e+04
   1.11565930e+03   1.17791592e+04   5.44137354e+03   1.04521508e+05
   1.38603428e+04   4.51368625e+05   1.09561584e+03   1.52306221e+04
   5.74556406e+04   7.48826719e+04   2.13411157e+03   8.04619336e+03
   5.68624062e+05   1.55534325e+06   2.87724097e+03   1.43805350e+06
   3.41939911e+02   2.24015015e+03   1.03887061e+04   9.67670703e+04
   3.75557812e+04   1.08061064e+04   5.39053857e+03   1.50161670e+04
   4.44717695e+04   2.70689062e+03   5.23111562e+04   1.02482112e+06
   1.03123767e+03   1.33423798e+02   2.80085718e+03   5.72754590e+03
   3.93373359e+04   1.88312703e+05   3.37741470e+00   1.55364648e+04
   1.86883301e+03   9.09418438e+04   4.18198438e+03   9.34704980e+03
   8.59960938e+03   1.93910918e+04   8.08252295e+03   1.00451699e+04
   2.42040062e+05   8.43508125e+04   5.12974023e+04   2.10256055e+03
   1.11579453e+05   2.33398477e+04   3.19244000e+05   1.06311836e+05
   1.63930953e+05   5.86535039e+04   1.33825283e+04   4.45184326e+03
   3.96366425e+02   3.63171173e+02   9.08506953e+04   9.90647339e+02
   7.72060859e+04   2.88466614e+02   8.84884141e+04   6.84093872e+02
   1.55963182e+01   2.13149316e+03   7.25504333e+02   9.12728577e+02
   3.16048457e+04   1.20700537e+03   1.61702125e+05   2.63649219e+03
   2.09234344e+02   2.64888781e+05   6.42120750e+05   1.23749391e+05
   1.17815172e+05   4.25533555e+04   9.58460510e+02   2.24492529e+03
   7.04052500e+04   5.50375000e+03   4.47203688e+05   2.59899453e+04
   5.22256042e+02   5.76490918e+03   2.60862324e+04   1.09671289e+04
   5.96665703e+04   4.88455908e+03   1.61915332e+03   7.16332500e+04
   2.18872656e+03   1.00674711e+05   9.78729766e+04   1.09383938e+05
   2.37505207e+01   8.57712438e+05   6.71620703e+04   2.09086734e+05
   3.06483164e+04   8.13796436e+03   2.10286621e+04   3.58789101e+01
   8.20266113e+02   1.15176369e+02   2.77731616e+03   4.74182188e+04
   1.43935811e+04   3.78459106e+03   4.17333887e+03   1.91244043e+04
   2.24030898e+04   1.41335469e+05   1.08109893e+04   2.23779565e+03
   1.35901154e+02   5.00591133e+04   2.05857251e+03   6.05973477e+04
   2.09128750e+04   1.19321299e+04   4.55774258e+04   9.88601990e+01
   1.18011922e+05   9.24738281e+03   1.54150068e+04   1.24340102e+05
   1.88804126e+03   2.33902188e+05   2.49392395e+02   1.64798809e+04
   1.05611336e+05   3.64629028e+03   1.75108531e+05   5.39577759e+02
   1.95944263e+03   7.23642883e+02   2.49488262e+04   1.29518225e+03
   3.08622729e+03   3.89957520e+03   3.50247344e+04   2.32307031e+05
   1.65309998e+03   4.75396953e+04   1.26502464e+02   4.95621973e+03
   1.37428357e+03   4.74188770e+03   6.72220469e+04   7.30262744e+03
   6.30581289e+04   1.21178818e+04   1.09239070e+05   3.60716875e+04
   1.28872839e+03   4.25130156e+04   1.97564414e+04   1.70358535e+04
   1.02740039e+05   1.53763879e+03   1.60588531e+05   1.44894202e+03
   2.92121855e+04   6.59281875e+05   8.30083672e+04   6.26722119e+03
   8.90022644e+02   1.01439641e+05   9.13189087e+01   1.71193738e+03
   4.95506250e+04   1.15148730e+04   1.90911133e+04   6.85985703e+04
   1.80000703e+04   2.14101837e+02   3.35205430e+04   2.57131219e+05
   1.21015516e+05   5.62242065e+02   2.39002324e+04   1.64920234e+04
   1.36749312e+05   3.63179517e+00   1.63642324e+04   1.17518770e+04
   4.27460625e+04   2.45800859e+04   1.23405609e+05   1.49866714e+02
   6.47103076e+03   3.46183398e+04   2.74432495e+02   1.17776680e+05
   3.09805508e+04   7.19524414e+03   1.72087891e+04   2.31713789e+04
   3.10910625e+04   3.51226854e+00   2.03513321e+02   3.75531680e+04
   2.70778589e+03   3.64058594e+04   2.13724824e+04   4.99000586e+04
   1.84668994e+03   4.28010469e+04   1.30632675e+06   7.84639893e+03
   2.41456641e+03   7.41188525e+03   1.11620962e+06   4.15757422e+03
   5.14392822e+03   3.74381622e+02   1.58277832e+03   1.21081323e+03
   3.50377852e+04   4.72144781e+05   2.74681885e+02   4.34194679e+01
   1.74218328e+05   2.79847383e+04   3.34804230e+01   7.13765938e+04
   8.57943164e+03   3.34885913e+03   7.02067200e+02   8.04440234e+03]
[  1.18264771e+03   1.83563340e+04   2.90245527e+04   3.90788828e+04
   1.00311786e+03   8.91633516e+04   8.02407227e+02   1.89004578e+03
   2.34217880e+02   5.72720413e+01   8.50678984e+04   1.05637236e+04
   5.11949658e+03   9.06508984e+03   9.39135547e+03   7.65843872e+02
   1.42178564e+04   2.38116641e+04   3.24393984e+04   5.40823486e+03
   1.81149902e+02   1.16824305e+05   3.45296069e+03   2.02502441e+02
   7.50118516e+04   1.53960654e+04   9.65473906e+04   3.13393091e+03
   7.83040156e+04   1.52498613e+04   1.10769902e+04   1.40011828e+05
   1.84997793e+04   3.38174922e+04   3.13128574e+04   1.06751109e+05
   8.44058125e+04   3.02851562e+03   2.76437073e+02   3.43839961e+04
   5.29929276e+01   1.17348977e+05   4.90535781e+04   4.37874883e+04
   1.59640564e+02   6.41037793e+03   1.37827471e+04   2.45143086e+04
   3.34651875e+00   3.21768809e+04   1.08773508e+05   1.24737805e+03
   1.47436094e+01   2.89963848e+04   8.88095312e+03   1.90223340e+04
   7.71865158e+01   2.56349658e+03   3.79450867e+02   5.50417542e+02
   3.82260522e+03   1.34816438e+05   2.83523164e+04   4.51765479e+03
   4.21122119e+03   1.69440840e+04   9.23980347e+02   1.54313370e+02
   1.26364180e+04   2.07642480e+03   4.49751172e+04   3.74077222e+03
   7.39850156e+04   1.97232129e+03   1.75662460e+01   6.11365906e+02
   7.40183289e+02   2.20327110e+01   9.79850859e+04   6.01225586e+04
   5.39673538e+01   9.75410938e+03   2.47204473e+04   1.03179852e+05
   3.23835522e+03   0.00000000e+00   9.36639832e+02   2.17868970e+03
   9.71650312e+04   7.23258359e+04   6.77709814e+03   8.48750534e+01
   1.20456234e+05   1.38504971e+04   5.06985898e+04   1.69643887e+04
   2.21609277e+04   2.83587311e+02   4.23403828e+04   4.58355898e+04
   9.07407910e+03   6.98604919e+02   1.34769812e+05   3.39357349e+03
   3.80770820e+04   2.52282285e+04   1.04674963e+03   1.07422828e+05
   6.89388359e+04   1.82825842e+03   1.02258789e+04   8.06530273e+02
   1.71156367e+04   5.06423607e+01   4.03423950e+02   2.03120254e+04
   2.09792542e+00   3.48721211e+04   9.05174942e+01   3.38529883e+04
   9.81142273e+02   8.26855938e+04   3.00477500e+04   2.70528687e+03
   7.40658740e+03   4.87601797e+04   3.45048755e+03   1.99725059e+04
   2.49734902e+04   9.00061719e+03   1.00033545e+03   1.37849385e+04
   2.55998809e+04   2.12948828e+04   3.96246445e+04   6.25330124e+01
   9.99023242e+03   0.00000000e+00   7.31534912e+02   1.48143244e+01
   2.87723691e+04   3.44789917e+02   2.34315508e+04   9.37058544e+00
   3.39885571e+03   2.35268042e+03   1.26044141e+03   5.75131494e+03
   7.34987000e+02   1.63239346e+04   8.34532734e+04   8.07901953e+03
   1.14906787e+03   3.64423193e+03   1.67123703e+02   0.00000000e+00
   1.84902557e+02   7.33761841e+02   6.27308594e+02   9.24619844e+04
   2.09859062e+04   3.58310229e+03   1.65865703e+04   4.34963894e+00
   5.50532305e+04   2.59970850e+03   9.21657031e+04   3.55885254e+02
   5.08436211e+04   6.22370859e+04   8.46776367e+02   9.70570605e+03
   2.57388574e+04   2.23050146e+03   7.39805469e+04   4.17620391e+04
   4.01883477e+04   9.64994824e+03   6.91859277e+03   1.09967688e+03
   3.35129570e+04   3.88044189e+02   2.86750215e+04   2.99283770e+04
   7.58098584e+03   5.06381992e+04   9.60172188e+04   1.10092305e+04
   2.00410352e+03   1.65053699e+03   4.06252905e+03   2.17675859e+04
   1.35644111e+04   1.48695016e+05   1.14024891e+05   4.59556016e+04
   2.36469609e+04   2.24849258e+04   6.15926953e+03   1.37585291e+03
   1.13108859e+05   1.18984541e+04   1.56351913e+02   9.47285391e+04
   1.01006523e+05   1.80542465e+02   4.58725156e+04   5.88803047e+04
   2.94089146e+01   5.92376614e+00   6.17339661e+02   3.39997559e+02
   1.87021118e+02   6.69892273e+02   3.84424336e+04   6.33609277e+03
   4.86038184e+03   1.34024736e+04   3.67115156e+04   1.79034277e+04
   8.29161426e+03   6.18102578e+04   4.06695137e+01   1.23862228e+01
   3.83993828e+04   2.82978223e+03   1.55584009e+03   1.18581080e+00
   2.89112152e+02   5.04588428e+03   1.85975128e+02   1.19152664e+02
   5.23715664e+04   3.23564258e+04   7.66632188e+04   2.06157178e+03
   5.86634609e+04   2.65646924e+03   1.68752070e+04   1.24696016e+04
   1.20616328e+04   3.76046289e+04   7.86406445e+03   4.91482305e+04
   8.53721069e+02   1.27956773e+05   6.69417285e+03   2.06127148e+01
   1.57935293e+04   2.75576953e+04   2.66175508e+04   7.16506328e+04
   5.78751270e+03   1.30017891e+05   1.85468711e+04   5.24838008e+04
   9.63289766e+04   8.91936707e+02   1.82828659e+02   5.60907539e+04
   6.61142734e+04   4.66137161e+01   6.33059766e+03   2.69740869e+03
   6.11879158e+01   1.40693691e+04   1.54271167e+03   1.11385078e+05
   4.15279883e+04   8.78344177e+02   2.92626095e+01   1.33294690e+03
   3.95590112e+03   4.04804419e+03   1.09203344e+05   3.43579531e+04
   2.35186291e+00   1.06568359e+02   8.40767734e+04   8.91940820e+03
   2.26897240e+01   1.08870764e+03   1.11043047e+04   1.12531469e+05
   1.59111279e+03   3.97875586e+03   3.61431808e+01   9.94162842e+02
   1.32046057e+03   1.79006543e+04   1.64335762e+04   9.74833594e+03
   5.34153203e+04   4.29548164e+04   4.05169766e+04   4.67782520e+03
   1.38590149e+02   3.46503662e+02   2.69328828e+04   7.52441328e+04
   4.98035126e+01   1.73340515e+03   1.67740781e+04   1.37689423e+02
   2.95029761e+03   4.24814805e+04   3.73904492e+03   6.27330688e+02
   7.34628828e+04   3.18947876e+02   2.17396332e+02   1.30727998e+04
   3.28410828e+02   1.39833167e+03   8.70841562e+04   6.49993359e+04
   2.27233765e+02   5.01311055e+04   1.47602949e+04   8.38852734e+03
   1.85259140e+02   1.27600146e+04   1.05758008e+05   4.37677148e+03
   1.15534195e+05   9.89909922e+04   1.41466781e+05   3.95502305e+04
   3.31820117e+04   8.32070312e+02   5.64379102e+04   1.03701348e+04
   7.13290000e+04   1.12618787e+03   7.72934998e+02   5.89100664e+04
   6.22702087e+02   1.70473105e+04   3.32928320e+03   2.66753242e+04
   8.47238359e+04   2.06376929e+03   1.33216836e+04   1.83162537e+02
   1.03076797e+02   1.35882383e+04   2.25473535e+04   1.05350928e+03
   1.08040273e+04   1.49085181e+03   2.49166055e+04   2.93526917e+02
   7.95503723e+02   5.81481484e+04   6.25595996e+03   1.97690015e+03
   1.06771039e+05   9.80987976e+02   4.21333125e+04   1.63381260e+04
   4.83618516e+04   5.84319297e+04   2.91951874e+02   4.65784515e+02
   3.20936987e+03   8.45958679e+02   1.02642961e+05   3.58536426e+03
   6.58415938e+04   7.04410059e+03   6.48993555e+03   2.01605835e+03
   2.03062832e+04   1.17697400e+03   3.85573164e+04   5.55131885e+03
   2.03494836e+03   6.20532764e+03   3.30006165e+02   5.93508423e+02
   2.94875176e+04   1.24371904e+04   3.16157227e+02   3.07881680e+04
   3.36067847e+03   4.58358008e+03   2.35928784e+03   1.64164629e+04
   1.52921790e+03   1.79996414e+02   4.85371094e+03   7.83709656e+02
   4.54511279e+03   1.20467715e+04   2.17646758e+04   9.70453203e+04
   2.41858301e+03   2.50227222e+03   2.20742065e+03   8.24045471e+02
   3.50042686e+01   8.72985059e+03   3.69235703e+04   7.27218047e+04
   2.69828789e+04   1.66033262e+04   5.80840283e+03   7.91074371e+01
   4.47791367e+01   8.15851498e+00   2.11340859e+04   1.79564688e+04
   9.38304785e+03   2.87351715e+02   4.64309531e+04   2.60133477e+04
   2.06955566e+03   1.56810049e+04   2.23765312e+04   1.09389043e+04
   8.15355957e+03   9.13742969e+03   4.16263135e+03   7.32722500e+04
   8.22023281e+04   1.72725098e+04   3.91808945e+04   5.77756689e+03
   9.34795469e+04   2.23125220e+03   9.48605713e+02   8.16469189e+03
   6.83006250e+04   4.28922656e+04   2.22649414e+04   2.45105347e+03
   8.49042542e+02   1.41179163e+03   2.76274863e+04   5.70450635e+03
   1.93854707e+04   3.47511377e+03   7.61223877e+03   9.38753319e+00
   0.00000000e+00   4.90544609e+04   1.22677849e+02   9.79798340e+03
   1.69394287e+03   7.43121875e+04   2.01868188e+03   1.12911117e+05
   1.61501602e+04   0.00000000e+00   3.77719995e+03   0.00000000e+00
   1.53876965e+03   2.08432539e+04   6.37185783e+01   2.03752332e+03
   2.85334595e+02   1.67207422e+04   3.48224121e+02   7.05269434e+03
   2.83089980e+04   8.37898984e+04   6.78249634e+02   6.33495445e+01
   1.87732227e+03   4.37163965e+03   6.00333881e+00   1.69972974e+03
   1.42903135e+04   1.02661308e+02   1.66116333e+03   2.60405762e+03
   1.40882881e+04   1.01044609e+04   2.63100352e+04   0.00000000e+00
   3.17326477e+02   3.80058398e+03   5.27237812e+04   1.14053330e+04
   2.01223770e+04   9.56591339e+01   2.49383618e+03   1.07917662e+01
   1.74095879e+04   1.92854944e+03   1.21718664e+05   1.00838647e+03
   1.19397324e+04   3.80906030e+03   4.44207568e+03   5.61218604e+03
   5.13774268e+03   1.10211539e+05   3.27184546e+03   3.62337852e+04
   4.23912061e+03   1.71276215e+02   1.33801842e+01   2.04505254e+04
   6.45931592e+03   7.89908438e+04   4.11416602e+03   2.39197063e+00
   3.74850078e+04   1.27986157e+03   3.62311462e+02   1.47452656e+05]
[  7.07622266e+03   9.55789062e+03   2.84017871e+03   4.53953552e+01
   4.41663086e+04   7.66942825e+01   4.77428320e+04   3.37153242e+04
   8.66523672e+04   3.94994019e+02   4.22280609e+02   1.07459277e+04
   1.46189804e+02   7.30639062e+04   1.07671367e+04   3.94224281e+01
   3.21809619e+03   3.40793774e+03   1.71193372e+03   3.04336035e+03
   6.62285840e+03   8.59676465e+03   1.46518274e+03   1.59877777e+02
   2.90970764e+02   1.64930508e+04   2.76170483e+03   2.17061543e+04
   1.73574158e+03   7.90992798e+02   6.77970963e+01   2.28307236e+02
   1.91973181e+03   0.00000000e+00   5.04273956e+02   7.60327026e+02
   1.48350183e+03   2.38954792e+01   2.10872070e+04   3.38243103e+02
   1.94137500e+04   6.69057178e+03   1.19068970e+02   3.30266094e+04
   5.64945166e+03   6.34145508e+02   7.43577881e+03   6.19431030e+02
   1.55477759e+03   1.06112292e+03   4.87858826e+02   2.14415283e+01
   0.00000000e+00   1.31400234e+04   2.25927905e+03   2.63601660e+03
   9.96401855e+03   8.82917358e+02   3.41432892e+02   1.23570356e+01
   1.47415876e+01   6.68527832e+02   1.74605444e+03   8.73471924e+02
   4.30438934e+02   2.31488464e+02   8.33302051e+03   6.14468555e+03
   6.16896016e+04   2.00930679e+02   7.85778122e+01   3.48456602e+04
   1.80289688e+01   4.28999805e+03   1.56227759e+03   1.09057654e+03
   2.35660315e-01   5.95839697e+03   7.38852112e+02   9.55479797e+02
   2.32054565e+03   8.08123047e+04   4.40037266e+04   2.11432188e+04
   1.48773730e+03   1.11703743e+02   1.67219336e+04   1.03057373e+03
   1.74359851e+03   9.09071289e+02   2.88089766e+04   6.85908789e+03
   4.03948047e+03   1.77790976e+00   6.14549902e+03   2.11725712e+01
   6.60018982e+02   2.02017520e+04   5.59847559e+03   6.92740820e+03
   1.25908020e+03   3.47577124e+03   3.04420996e+03   8.41401100e+00
   4.15322784e+02   2.74699487e+03   1.82477910e+04   1.56318863e+02
   5.43746445e+04   8.71097578e+04   1.97774951e+03   7.37390747e+02
   4.17963684e+02   4.21929932e+03   7.09402891e+04   3.51136987e+03
   9.05592041e+02   1.58150061e+03   6.09713898e+01   2.68051025e+02
   2.38636978e+02   5.93228613e+03   2.28957642e+03   2.80784082e+00
   4.72473359e+04   2.17449738e+02   2.43176660e+03   4.25561005e+02
   1.46283905e+02   3.00907930e+04   8.58630829e+01   6.94529846e+02
   2.70731079e+03   1.81132539e+04   2.35994258e+04   1.22200565e+01
   3.31798920e+02   3.35774902e+02   2.26762031e+04   2.89351797e+00
   3.97047760e+02   1.65733124e+02   1.20894209e+04   2.31622681e+02
   5.79263574e+03   2.69605005e+03   4.94963672e+03   4.05953398e+04
   8.48912415e+02   2.73774707e+03   7.39868281e+04   4.37972168e+03
   2.20794629e+04   7.36763794e+02   2.82791595e+02   7.15173672e+04
   1.41897676e+04   2.42218223e+04   4.00692871e+03   7.87614844e+03
   5.10744971e+03   6.34193262e+03   0.00000000e+00   3.07502289e+02
   5.19424883e+04   1.68922412e+03   9.47896719e+04   3.34871445e+01
   5.74542627e+03   2.01107207e+04   9.61836609e+02   3.93109351e+03
   7.97799141e+04   1.96181562e+04   3.31198997e+01   5.13718262e+02
   2.12948999e+03   1.09664961e+04   1.06082458e+03   1.65437561e+03
   7.84629922e+04   5.31068787e+02   4.62139526e+02   0.00000000e+00
   1.87759121e+04   6.09914375e+04   8.97519302e+00   1.12501050e+03
   4.26381897e+02   6.68889609e+04   6.13503113e+02   2.36373077e+02
   2.44619179e+01   6.25247930e+04   6.02187207e+03   6.84212500e+03
   9.15311279e+01   2.27769922e+04   1.17189453e+03   5.39728047e+04
   2.89896230e+04   3.82883514e+02   8.25152206e+00   1.48568130e+02
   1.54986924e+04   4.83984100e+02   2.94708588e+02   9.21187012e+03
   7.41901627e+01   4.34578516e+03   2.27661304e+03   9.29081909e+02
   7.46004492e+03   9.99604785e+03   3.71872500e+04   5.78666289e+04
   2.56854590e+04   2.65524048e+02   2.58671417e+02   3.97238242e+04
   4.29761475e+03   7.37110443e+01   5.49527832e+03   1.48647369e+02
   6.39861279e+03   7.59060059e+01   8.12855225e+03   4.28680547e+04
   1.66965125e+03   4.46183057e+03   7.65424531e+04   1.67194458e+02
   3.01017273e+02   1.22225049e+04   2.76792927e+01   9.42362500e+04
   8.36115234e+04   5.42037891e+03   1.47968781e+02   1.16958298e+02
   3.29125610e+03   3.57413379e+03   4.47947235e+02   3.93279492e+03
   9.70432129e+03   7.28722119e+03   0.00000000e+00   7.17683359e+04
   6.26156311e+01   1.51166565e+02   2.99289478e+03   1.14149389e+01
   1.23493271e+04   5.90914574e+01   3.47108650e+01   2.58467499e+02
   3.32458649e+02   2.05951123e+03   5.90565771e+03   9.93239258e+03
   3.47728149e+03   1.55617932e+03   1.10039978e+03   9.36120605e+02
   8.84091248e+02   2.00875547e+04   3.00451721e+02   3.60541562e+04
   8.30941992e+03   9.11932031e+03   9.06658203e+02   4.23577484e+02
   1.15579810e+03   1.54810379e+02   4.23107758e+01   1.22508211e+01
   1.44131885e+04   0.00000000e+00   1.73119873e+03   1.26167051e+04
   3.98254883e+03   1.44829651e+02   2.69601465e+04   0.00000000e+00
   6.43665543e+01   1.33216611e+04   3.19288826e+00   3.97214609e+04
   4.62691315e+02   1.10871497e+03   1.26912987e+02   5.58644043e+03
   9.66204141e+04   1.54794316e+04   7.79149316e+03   6.46073291e+03
   4.85089922e+04   1.28396277e+03   4.13007019e+02   1.44085339e+03
   3.29748917e+01   3.72779639e+03   3.47437070e+04   4.60462666e+00
   6.39965820e+03   1.92252695e+04   2.98503442e+03   8.75487266e+04
   2.44075607e+02   3.23678925e+02   8.13889923e+01   6.15781689e+03
   2.65051504e+04   6.72641144e+01   1.12599622e+03   2.72454895e+02
   7.96391016e+04   1.71114750e+01   1.57276138e+02   2.92601868e+02
   1.08566016e+04   1.18226846e+04   7.96313086e+03   2.46374629e+04
   7.80698672e+04   8.46547241e+02   3.93397192e+03   2.11710059e+04
   9.40730957e+02   3.45778198e+01   8.06416328e+04   1.41819932e+04
   1.53764908e+02   2.06827100e+03   1.48480215e+04   3.79382373e+03
   1.48478186e+00   7.12808936e+03   1.41394971e+03   2.31298569e+02
   2.53793848e+04   6.75041992e+03   2.77621533e+03   4.79885742e+04
   1.33880539e+02   3.00875732e+03   8.52656494e+02   2.63601680e+04
   5.81670820e+04   4.93024323e+02   1.33321509e+03   5.53159961e+03
   1.99387024e+03   7.72207373e+03   1.03868633e+05   4.61790977e+04
   2.47665063e+03   8.49679382e+02   6.64203711e+03   5.81488419e+01
   4.68257959e+03   1.32633252e+03   9.87603092e+00   1.95824661e+02
   1.44879521e+04   3.74654375e+04   8.48718384e+02   2.17522676e+04
   2.14695160e+02   5.42568359e+04   2.64215679e+01   4.32893311e+03
   2.95319531e+03   1.04461148e+05   8.79990540e+02   3.00248193e+03
   2.91103882e+02   6.78160034e+02   3.25537769e+03   1.82440918e+04
   1.22092666e+04   3.95179858e+03   4.03478241e+01   1.09559412e+03
   7.82166626e+02   3.88771680e+04   4.54836641e+04   5.45644336e+03
   9.26987891e+04   2.09662524e+03   1.06642237e+01   5.19698257e+01
   6.94910889e+03   1.35645059e+04   1.25862891e+03   1.19222627e+04
   7.41757959e+03   2.98431339e+01   4.45404602e+02   1.42482800e+03
   4.82422852e+02   4.86096875e+03   3.24416973e+04   1.41381982e+04
   3.35360864e+03   4.35421646e-01   8.33547578e+04   5.94877441e+02
   6.87611279e+03   9.28863907e+01   9.31143262e+03   4.26219482e+02
   8.39774316e+03   1.41693311e+04   1.28649796e+02   0.00000000e+00
   2.26345840e+02   1.75976147e+03   8.60485449e+03   1.30695145e+02
   1.38906531e+03   1.18134644e+03   1.29852917e+03   5.23784375e+03
   4.67606787e+03   3.90454531e+04   3.42424652e+02   6.95720530e+00
   4.04152930e+03   1.35876083e+02   4.15268066e+03   3.98062305e+04
   3.90467773e+03   4.58919922e+02   6.64802979e+02   4.95675977e+03
   3.10814648e+03   1.08687280e+03   6.27521719e+04   8.83738379e+03
   1.30313623e+04   8.54600647e+02   4.02031836e+03   2.75429785e+03
   3.20904922e+01   1.18133130e+03   7.15546924e+03   1.00441541e+03
   2.91983704e+02   7.71623108e+02   0.00000000e+00   4.31788513e+02
   1.58963318e+01   0.00000000e+00   1.97381387e+04   0.00000000e+00
   3.32829905e+00   1.62646692e+03   0.00000000e+00   5.60845520e+02
   7.21991943e+03   1.94489856e+03   6.58703809e+03   7.01276489e+02
   1.00471414e+05   4.09089688e+04   7.78417847e+02   2.21093481e+03
   3.37492737e+02   2.29768613e+04   5.24973789e+04   3.52335571e+02
   4.00660919e+02   8.42593536e+01   1.63671716e+03   7.77486670e+03
   3.90402075e+03   1.25714470e+02   5.75956482e+02   1.17621517e+01
   9.83616504e+03   1.19664170e+04   1.89330554e+03   1.63851913e+02
   3.96938782e+02   1.16506543e+03   5.22678516e+04   5.02184927e-01
   1.03996167e+03   1.81018280e+02   1.00120234e+05   7.42906201e+03
   5.81617065e+02   3.03037170e+02   3.83925676e+00   1.71315156e+04
   7.38727783e+02   1.71856186e+02   9.64839661e+02   6.88795898e+03
   1.51728137e+03   2.61024292e+03   1.68383102e+02   4.84996063e+02
   9.69276733e+02   1.05610273e+05   2.43471649e+02   1.52235034e+03
   0.00000000e+00   2.13270430e+04   9.25987793e+03   5.17041309e+03]
[  1.91486969e+02   1.45800186e+04   5.81214417e+02   2.45970923e+03
   1.35206494e+03   2.57087441e+04   2.79940277e+02   1.47279912e+04
   7.65713232e+03   5.09029414e+04   1.50953809e+03   1.80078918e+02
   7.76873584e+03   3.76643906e+04   4.94946289e+03   6.79574402e+02
   2.93344312e+03   3.56767065e+03   7.20932578e+04   9.77796204e+02
   2.00944638e+00   5.43352148e+03   2.58465973e+02   1.96322046e+03
   1.35597100e+04   1.77594955e+02   1.40430928e+04   8.26567230e+01
   1.25225391e+03   2.60947168e+03   2.25705469e+03   4.41803760e+03
   1.63323450e+03   3.40375364e-01   5.82951270e+03   8.83600006e+01
   4.40946655e+02   8.59562812e+04   3.03601813e+00   8.51224707e+03
   1.03683369e+04   1.57762222e+02   9.55029202e+00   5.65178162e+02
   1.20060352e+04   4.53529602e+02   6.88123926e+03   1.52241631e+04
   8.77721008e+02   1.09487099e+02   1.30372803e+03   7.02404480e+02
   2.20709442e+02   1.81778945e+04   2.13665957e+04   3.83818203e+04
   1.01868970e+03   1.22186201e+04   7.29500046e+01   2.97970825e+03
   3.78207935e+03   1.20224792e+03   8.32208374e+02   1.11463943e+02
   4.03612817e+03   6.97282715e+02   2.06536469e+02   2.75207825e+02
   3.68308258e+02   3.12678089e+01   7.75858521e+02   2.02142363e+04
   3.52511289e+04   4.00610992e+02   2.98886484e+04   8.59656677e+01
   2.22392487e+02   3.02773102e+02   1.08647351e+03   1.81521719e+04
   1.17141492e+03   3.45304375e+04   1.98764258e+04   1.25409131e+04
   7.47348828e+04   1.12612488e+02   1.93274695e+03   1.67235195e+04
   1.20658330e+04   3.68982891e+04   1.26197386e+01   4.57658105e+03
   5.17073975e+02   1.25512598e+04   1.70788464e+03   9.39653125e+03
   1.19071982e+04   3.21423799e-01   1.92186543e+04   1.12814136e+03
   5.10138626e+01   2.82739771e+03   6.63830490e+01   4.61150195e+03
   9.07776737e+00   1.56431904e+01   2.25510815e+03   3.63523359e+04
   8.66163445e+00   2.68612949e+04   8.76409851e+02   5.33276562e+04
   7.40173730e+03   9.26050339e+01   6.02582836e+00   6.06718628e+02
   9.01613464e+02   2.89354238e+04   5.99393127e+02   5.34120827e+01
   4.08993053e+00   6.25302612e+02   1.10443154e+04   6.49728577e+02
   7.86266479e+02   1.35636641e+04   5.02453247e+02   5.61285553e+01
   6.51024475e+02   5.43386292e+02   1.57370703e+04   8.66188477e+02
   1.59875763e+02   2.12649951e+03   9.32500671e+02   9.89413867e+03
   4.59142227e+04   0.00000000e+00   1.29068741e+02   9.90464325e+01
   7.60580540e-01   1.66761780e+02   7.74574646e+02   3.73528931e+02
   1.46456787e+02   4.10872998e+03   3.43064111e+03   0.00000000e+00
   4.51348480e+02   5.37360312e+04   8.48488083e+01   3.49982971e+02
   7.70921631e+02   4.05530518e+03   8.86366028e+02   2.66154062e+04
   3.07790604e+01   1.08525024e+03   3.31942413e+02   1.38877441e+04
   3.41050995e+02   3.58515656e+02   8.06983948e+02   1.75400314e+02
   4.71508008e+04   5.13866196e+01   1.93732162e+02   2.39367456e+03
   9.04355762e+03   1.68220664e+04   1.83379352e+00   1.01528320e+02
   8.07764941e+03   1.42273901e+03   5.72004662e+01   4.35466797e+03
   5.94068945e+04   1.16690735e+03   4.97901953e+04   3.96451050e+03
   4.04519219e+04   3.63815703e+04   3.29026604e+01   7.35078809e+03
   1.41561230e+03   4.94938135e+00   3.21519214e+03   5.36637451e+03
   5.41267509e+01   4.55110840e+02   4.48924988e+02   6.44925842e+02
   2.49222046e+03   1.11633408e+04   1.50521875e+03   1.93565332e+04
   2.17506714e+03   1.22817346e+03   2.46700668e+02   3.90397095e+03
   3.56511768e+03   1.79595752e+03   1.84540869e+03   2.89255351e-01
   3.59893701e+03   2.64898895e+02   3.25298071e+03   1.42988367e+03
   9.77675098e+03   7.02326172e+04   2.82736542e+02   8.08656250e+02
   5.06492871e+03   3.78958765e+03   1.38789093e+02   1.18408018e+04
   7.55907031e+04   6.58109207e+01   6.04409065e+01   5.08041992e+03
   1.73357031e+04   3.80310516e+02   1.44313339e+02   2.02640210e+03
   8.31219727e+02   8.44149704e+01   1.50079315e+02   1.14734695e+02
   1.61003796e+03   3.43627411e+02   5.99786377e+01   3.32656158e+02
   2.49510596e+03   9.24088364e+01   1.22095575e+01   7.63649445e+01
   5.59650635e+02   5.18312439e+02   2.29273633e+03   2.64441589e+02
   3.07333508e+01   6.36442413e+01   1.42269287e+03   4.25761055e+04
   3.36314805e+04   1.02156816e+04   2.11196808e+02   1.91452734e+03
   4.12707558e+01   1.02193201e+03   2.71223206e+02   2.55847137e+02
   1.37925400e+04   1.74517615e+03   1.57660580e+00   1.83150467e+02
   3.46411035e+03   4.65820427e+01   1.45115430e+03   1.14979202e+02
   4.97619324e+02   1.55202588e+03   3.37884460e+02   2.42860470e+01
   4.41334805e+04   2.19186279e+03   4.75370195e+04   1.48187720e+03
   3.81791479e+03   3.80859108e+01   1.87201248e+02   1.13049707e+03
   1.99807480e+02   8.64465027e+01   5.31637266e+04   6.50357422e+02
   1.41433740e+03   8.19055664e+02   7.10485791e+03   1.66435547e+04
   3.08131470e+02   2.67334686e+02   7.67706360e+02   7.54295547e+04
   2.41248291e+03   3.15801440e+03   1.13314658e+04   4.05193878e+02
   6.27314636e+02   1.63612842e+04   1.95362329e+03   2.85696680e+03
   1.28995225e+04   3.56349048e+03   1.47732269e+02   1.25547961e+03
   5.81746436e+03   1.15775525e+03   1.00283066e+04   5.20703049e+01
   4.61117411e+00   7.28728271e+02   1.75255176e+04   7.04186401e+01
   1.71423379e+04   7.18290547e+04   1.05131177e+03   2.32106787e+03
   5.71272070e+03   5.61206592e+03   9.94735336e+00   5.09749854e+03
   1.87728405e-01   7.10482617e+03   2.45258179e+03   1.84156602e+04
   7.25216248e+02   7.27849316e+03   2.82048859e+02   1.29768115e+04
   8.76833398e+03   3.72683203e+04   2.69318018e+03   3.36729141e+04
   7.72248764e+01   6.82481262e+02   4.13120117e+03   5.42146729e+02
   9.94367859e+02   3.52053986e+02   1.19432021e+04   7.04758057e+03
   1.58685386e+00   1.16755920e+03   2.91025146e+02   2.81726807e+03
   1.07666733e+02   1.18749062e+04   2.00260767e+03   3.27858047e+04
   4.85742969e+04   1.71555347e+03   3.52390625e+02   3.62822296e+02
   5.36218071e+00   2.30161880e+02   3.34104062e+04   1.42433215e+03
   1.27690674e+04   9.99179785e+03   4.95834961e+03   6.01279766e+04
   4.21039581e+02   2.78024854e+03   1.69130750e+03   4.05031586e+02
   1.78622871e+04   3.58482837e+03   2.48677988e+04   3.50867577e+01
   7.57817500e+04   4.29293762e+02   3.86143945e+04   1.32359399e+03
   1.23961504e+04   3.03167999e+02   3.01454315e+02   1.08681533e+04
   5.09324768e+02   4.45933594e+03   5.13385437e+02   1.80063831e+03
   2.27431808e+02   1.34285293e+04   3.49794403e+02   1.14869562e+05
   1.59604170e+04   1.84462390e+03   3.63840039e+03   2.05887109e+03
   5.61661873e+01   1.47402109e+05   5.51494336e+03   6.46306824e+02
   6.12243652e+02   7.16596680e+03   1.24713364e+02   2.57869186e+01
   2.29775293e+03   1.57030615e+03   6.37919609e+04   3.66435254e+03
   2.43075171e+03   5.74553164e+04   7.80430938e+04   3.01659302e+02
   1.28828796e+02   1.01650967e+04   3.89698071e+03   1.43471895e+04
   2.39465836e+02   1.59695322e+04   1.53323352e+03   3.97501294e+03
   4.56899223e+01   3.08215801e+04   1.87102982e+02   1.42154187e+03
   1.07591711e+03   3.22120166e+03   1.13350391e+03   1.31555791e+04
   1.64325684e+04   8.62826538e+02   1.49185559e+03   9.42938042e+00
   3.70960693e+03   6.76572205e+02   0.00000000e+00   5.02111694e+02
   4.91127716e+02   2.82703516e+04   8.53321582e+03   5.79235573e+01
   7.10816956e+02   9.15974316e+03   2.16913940e+03   8.40304871e+01
   2.39905762e+03   9.79909766e+03   5.85769531e+04   1.97291931e+02
   1.48936553e+04   7.48624634e+02   1.64636169e+02   4.12998138e+02
   2.63937653e+02   3.05170345e+00   2.30349043e+04   2.08516140e+01
   1.16171417e+02   1.68849976e+02   2.86832886e+02   5.24781847e+00
   7.64002991e+01   2.35895898e+04   5.82760681e+02   5.07486938e+02
   1.29243738e+03   2.97622520e+04   3.14861023e+02   2.02364319e+03
   1.73021561e+02   1.47035609e+05   4.75697852e+04   4.35180664e+01
   3.20662451e+03   8.94650391e+03   2.41836094e+04   1.48414297e+04
   1.79409238e+04   1.01928213e+04   1.34117686e+04   6.19632385e+02
   1.46548066e+04   5.85841064e+03   6.46740601e+02   3.67914978e+02
   9.66658569e+02   1.58003464e+02   1.22445127e+04   2.07398457e+04
   1.67265625e+04   1.73387852e+04   1.71763696e+03   7.07892532e+01
   1.04651819e+03   1.07975171e+03   6.82175720e+02   2.61548164e+04
   8.50827051e+03   2.19695862e+02   1.48788311e+04   5.04615173e+01
   2.76966763e+00   0.00000000e+00   6.22576416e+03   9.13407593e+02
   1.26821509e+03   6.96019531e+03   4.83744375e+04   3.22326484e+04
   1.49993389e+04   2.10336426e+03   5.38012756e+02   6.62893555e+02
   1.80252515e+03   4.52053566e+01   3.71592822e+03   5.47877539e+03
   2.64552227e+04   2.67244727e+04   1.52597170e+01   1.38693140e+03
   1.63159414e+04   2.14077930e+04   1.56648193e+02   7.36391373e+01
   1.16717883e+03   1.57633835e+02   4.53288002e+01   1.44650576e+04]
[  2.61179596e+02   1.34267879e+00   5.42734504e-01   4.43733740e+03
   1.55604218e+02   1.77289848e+01   1.50781706e-01   6.98967457e+00
   1.60473953e+02   1.34731888e+02   1.91652069e+01   3.93595581e+02
   1.43595867e+01   9.73904037e+01   5.49944592e+00   0.00000000e+00
   0.00000000e+00   1.88452438e+02   0.00000000e+00   0.00000000e+00
   3.93445831e+02   1.52063955e+04   4.60010400e+03   3.87200745e+02
   2.12480640e+00   2.10181847e-01   0.00000000e+00   1.27696570e+03
   2.00385468e+02   1.12669263e+03   5.02372900e+03   1.72361023e+02
   6.78730286e+02   2.61672119e+02   2.67696476e+00   1.78606543e+03
   2.20065002e+01   1.26559805e+04   1.31645349e+03   1.73209631e+03
   6.79949268e+03   7.25903778e+01   2.34113477e+03   1.04682581e+03
   2.24186630e+01   0.00000000e+00   2.84288867e+03   8.69911098e+00
   2.08419342e+01   4.55583038e+01   2.58364792e+01   1.42114282e+03
   2.30951682e-01   1.91853806e+02   1.59777771e+02   6.21484909e+01
   5.13552246e+03   3.87165680e+02   0.00000000e+00   2.12649887e+02
   3.75774719e+02   1.51645126e+01   1.35585666e+00   8.84958435e+02
   8.33853226e+01   3.33481030e+03   6.83128357e+01   1.72700024e+00
   3.95269409e+02   8.97555359e+02   5.05313019e+02   6.94002533e+01
   2.14373817e+01   7.11597366e+01   1.55388479e+01   9.78780090e+02
   7.70664597e+00   1.16103748e+03   4.42008638e+00   7.57220840e+01
   0.00000000e+00   4.57970619e+01   3.12498199e+02   1.40697925e+03
   8.84663849e+01   1.23386011e+01   3.00604343e+00   1.04887033e+00
   1.29280400e+04   1.03078552e+02   1.16822969e+04   1.46380264e+02
   1.65597402e+04   5.84642212e+02   0.00000000e+00   6.64736816e+02
   1.58607402e+04   3.18043480e+01   2.67440356e+03   1.19913185e+02
   1.95342017e+03   3.77437706e+01   8.54853725e+00   0.00000000e+00
   1.77391016e+03   1.49686536e+03   0.00000000e+00   2.11490204e+02
   1.05575609e+01   0.00000000e+00   1.19612627e+01   1.70203949e+02
   3.25237988e+03   4.01226294e+03   1.46446304e+01   2.75069857e+00
   2.26589526e+03   4.59715546e+02   1.13559484e+01   7.37853088e+01
   0.00000000e+00   4.15947662e+02   0.00000000e+00   1.60067673e+01
   3.11785393e+01   3.82391781e-01   5.60771561e+01   0.00000000e+00
   1.67511997e+01   1.02805664e+03   1.07638928e+03   1.29778296e+03
   0.00000000e+00   9.08705750e+01   2.84088806e+02   1.43457352e+02
   1.33532510e+04   2.85746338e+02   1.14078712e+02   2.82867950e+02
   3.70907056e+03   1.15435135e+02   4.20043793e+01   2.41828931e+03
   2.66109829e+01   5.47204161e+00   4.12121086e+01   1.56250879e-01
   7.79728794e+00   3.81000847e-01   8.89550209e-01   7.35846405e+01
   9.08036194e+01   1.51723986e+01   2.76222878e+01   6.59285307e+00
   8.75562439e+02   3.38668480e+01   1.36389599e+01   3.15716820e+01
   2.17787628e+02   5.61348419e+01   1.50983516e+04   8.87755310e+02
   1.77584875e+03   1.03117891e+04   0.00000000e+00   4.28360791e+03
   4.13823700e+02   6.26407910e+03   0.00000000e+00   2.32312939e+03
   2.61005287e+01   6.86970825e+02   1.23100891e+01   7.95423412e+00
   1.35912613e+02   1.31614075e+01   1.91048965e+02   0.00000000e+00
   6.07077293e+01   2.13325928e+03   0.00000000e+00   1.98469116e+03
   1.50067139e+02   9.03269922e+03   8.17874146e+01   3.25811505e+00
   7.07999902e+03   2.35481308e+02   2.44413757e+01   1.46305361e+01
   7.30236450e+02   3.61592133e+02   6.13495178e+02   3.14885986e+02
   4.98297157e+01   2.11128442e+03   2.51059082e+03   4.90893164e+03
   2.04239941e+01   1.56323945e+04   1.53479548e+01   1.88499146e+01
   4.70782280e+01   8.06269836e+01   1.72653564e+03   1.32529736e+03
   0.00000000e+00   2.76455444e+03   4.92127344e+03   8.04646851e+02
   0.00000000e+00   5.83824301e+00   1.16805595e+02   2.95778369e+03
   1.68875504e+02   2.37861233e+01   1.59457092e+01   2.42540924e+02
   3.11491852e+01   1.04485085e+02   3.73076630e+02   1.07507505e+01
   5.03977539e+03   7.84686621e+03   9.92003202e-01   2.46829891e+01
   2.48235607e+00   1.13125964e+03   5.20560760e+01   5.14235657e+02
   7.43458252e+01   1.09655896e+03   2.92256787e+03   1.26411758e+02
   1.69944458e+02   1.09263799e+04   9.23456550e-01   1.26134644e+03
   5.22613265e-02   1.47655791e+04   1.21041801e+02   5.45313025e+00
   0.00000000e+00   4.71253784e+02   1.01079639e+04   2.26775479e+00
   0.00000000e+00   5.73239040e+00   6.07904883e+03   4.84062290e+00
   3.02574406e+01   6.46171722e+01   3.17973995e+01   1.16061292e+03
   1.27534045e+03   2.20727310e+01   7.67584419e+00   1.23040156e+04
   6.32409439e+01   2.29983093e+02   0.00000000e+00   0.00000000e+00
   0.00000000e+00   0.00000000e+00   0.00000000e+00   1.08432788e+03
   1.11894409e+03   5.34961462e+00   1.20181382e+00   1.47346887e+03
   1.01539907e+01   1.36509902e+04   3.61420239e+03   2.96863098e+01
   5.47815381e+03   6.16426239e+01   6.48604965e+01   3.59016508e-01
   8.19141769e+00   7.59003479e+02   1.36508018e+04   2.48810394e+02
   7.12949228e+00   1.79825928e+02   1.81067188e+03   1.18056923e+02
   0.00000000e+00   1.05637197e+01   8.07517242e+01   1.25152246e+03
   1.53614673e+03   5.60412659e+02   0.00000000e+00   2.47556520e+00
   1.89663132e+02   2.05905670e+02   6.62484312e+00   1.36107321e+01
   8.47680786e+02   5.26298828e+02   1.18826113e+04   0.00000000e+00
   4.12343445e+02   0.00000000e+00   1.44724655e+02   0.00000000e+00
   1.24919062e+04   0.00000000e+00   1.40244775e+04   3.44982491e+01
   4.67491379e+01   0.00000000e+00   4.22745419e+00   5.59178076e+03
   4.12007471e+03   3.24574097e+03   4.20341766e+02   5.19509010e+01
   2.95804614e+03   1.59471998e+01   1.28449278e+01   1.03020233e+02
   1.25459373e+02   0.00000000e+00   2.37310753e+01   7.53000336e+01
   1.44368317e+02   2.67370434e+01   2.09729042e+01   6.68831299e+03
   4.71211014e+01   7.48452698e+02   2.89772156e+02   2.49071533e+03
   1.32921191e+03   1.24783203e+03   5.49275439e+03   7.98784332e+01
   1.86363550e+03   4.67862964e-01   1.18675499e+02   2.77234821e+01
   2.81977075e+03   4.56714344e+00   4.09832568e+03   9.62102890e+01
   5.81015137e+02   3.42078934e+01   2.03876114e+01   8.39702666e-01
   4.42766455e+03   2.06638184e+01   8.12304392e-02   8.35763474e+01
   7.15748535e+03   6.23405615e+03   7.37404102e+03   1.77988167e+01
   4.33563919e+01   1.66484094e+00   6.26288795e+01   2.08016296e+02
   2.88450531e+02   5.94731750e+01   0.00000000e+00   4.76676514e+02
   2.24333633e+02   0.00000000e+00   8.97490387e+01   3.18640405e+03
   4.32572060e+01   1.08407455e+02   5.84437180e+01   1.37320679e+02
   7.59556103e+00   0.00000000e+00   5.60661173e+00   1.51430054e+02
   8.80715942e+01   1.47623193e+04   1.54457798e+01   9.17824707e+03
   1.34011157e+03   2.01631946e+03   1.56643213e+03   2.94146042e+01
   2.51328467e+03   4.92604004e+02   1.44046826e+03   2.93326111e+01
   6.89288559e+01   0.00000000e+00   8.34481888e+01   8.39917469e+00
   0.00000000e+00   1.26774645e+00   1.32081512e+02   1.51968063e+02
   1.07084923e+02   1.43417004e+03   8.88134570e+03   1.19273357e+01
   1.60102448e+02   2.82362804e+01   2.53766037e+02   1.16531706e+01
   1.56608665e+00   1.16323740e+04   1.83910542e+01   2.78102760e+01
   1.99312553e+01   5.29480835e+02   4.18592139e+03   1.95472549e+02
   4.31662842e+03   1.27209412e+02   3.48096085e+00   2.22467482e-01
   1.92592305e+04   1.02003088e+03   8.77052689e+01   9.41828918e+00
   5.90943604e+02   1.46425201e+02   0.00000000e+00   3.29473953e+01
   2.05277462e+01   9.95974548e+02   3.74991943e+03   5.58456573e+01
   1.23379379e+02   1.33529626e+03   1.12351062e+03   3.55229759e+01
   1.53947954e+01   1.32556030e+03   1.26794248e+04   7.21643219e+01
   6.49359703e+00   2.09106636e+01   3.94880333e+01   5.29529724e+02
   1.19157669e+02   1.13660736e+01   8.45436133e+03   6.26243604e+03
   1.10900947e+04   4.42234087e+00   3.74101746e+02   1.88624084e+02
   1.48347009e+03   1.70455873e+00   7.78138489e+02   5.65530457e+02
   1.02755089e+01   1.27783145e+04   1.19955956e+02   2.44272827e+03
   2.25275707e+00   7.37546997e+02   1.42672672e+01   1.51312576e+02
   1.02761182e+04   1.88785591e+01   9.32556229e+01   0.00000000e+00
   0.00000000e+00   4.24735809e+02   2.44412277e+02   2.98394299e+00
   1.77052460e+02   5.94289258e+03   2.67760158e-01   2.30467212e+03
   3.95121826e+02   3.42140045e+02   4.13232178e+03   1.98769104e+02
   5.25646484e+03   4.15011444e+02   4.41106598e+02   4.56987495e+01
   6.35356560e+01   1.81669739e+03   8.64001770e+01   4.67072266e+03
   1.41670818e+01   7.04928684e+00   7.71960592e+00   4.40337939e+03
   3.00149261e+02   1.48596640e+01   3.89042397e+01   0.00000000e+00
   2.04180786e+03   3.43801819e+02   5.39603638e+02   7.11981982e+03
   2.39870514e+02   4.19183693e+01   1.80389832e+03   3.41326172e+03
   3.13317150e-01   7.07765283e+03   5.68922043e-01   3.52463074e+02
   0.00000000e+00   1.19757822e+04   6.87355423e+00   9.78983688e+01]
[  1.26371336e+01   7.93611633e+02   9.84813614e+01   2.91933197e+02
   8.93242340e+01   8.14745544e+02   8.52151947e+01   2.94186066e+02
   5.83176346e+01   9.09803543e+01   1.37420093e+03   7.72671936e+02
   2.92953540e+03   1.44746246e+02   3.40250879e+03   1.27399994e+02
   8.14467311e-01   2.24031097e+02   7.68792419e+02   2.24763596e+02
   1.64122772e+02   4.30240669e+01   4.76641016e+03   1.01660217e+02
   8.64343948e+01   5.04549713e+01   4.52172813e+01   1.90322762e+01
   5.81777783e+03   1.49656143e+01   8.44372559e+00   6.17628517e+01
   4.40948389e+03   1.92577026e+02   1.64207878e+01   6.28221985e+02
   7.09419727e+03   7.51556635e+00   8.67753401e-02   1.95164551e+03
   4.74812207e+03   5.81941895e+02   1.68256485e+00   1.27325201e+00
   9.68229008e+00   4.09543549e+02   1.90283936e+03   4.47151871e+01
   1.62537441e+01   6.42406540e+01   6.43744507e+01   1.77779617e+02
   9.51182007e+02   5.70917358e+02   5.47180664e+02   4.86202637e+03
   6.38506222e+00   1.40312853e+01   2.61245996e+03   5.24814551e+03
   2.00141077e+03   2.82215942e+02   6.20291504e+03   9.20277882e+00
   1.67669976e+00   5.72000610e+02   2.28334255e+01   1.50166580e+02
   1.67876358e+01   6.67473816e+02   1.02053381e+03   9.31436951e+02
   4.44366150e+02   1.41052847e+01   1.42901825e+02   1.24409094e+03
   8.01794052e+01   5.25989319e+02   3.51936768e+03   3.68354678e+00
   2.34178391e+01   2.84418060e+02   2.77007178e+03   2.23252258e+01
   1.98866980e+03   5.47857471e+03   7.90963516e+01   5.45785484e+01
   3.41809082e+03   2.80784515e+02   2.92249603e+02   4.40095428e+02
   0.00000000e+00   3.01868848e+03   1.80112152e+01   3.14214878e+01
   2.93427124e+02   4.20623145e+03   7.25036316e+01   3.35296860e+01
   7.71009779e+00   4.42841682e+01   1.05302963e+02   1.17182379e+01
   1.50516003e+03   0.00000000e+00   1.43185959e+02   6.40643652e+03
   4.79777393e+03   1.59357895e+02   4.30381744e+02   4.52667236e+01
   1.65259900e+03   1.22918896e+03   4.50665924e+02   5.59026361e-01
   5.48083076e+01   3.89632111e+01   1.86201453e+03   2.82963505e+01
   6.81159821e+01   2.28405933e+03   0.00000000e+00   3.28798714e+01
   1.92768860e+01   5.32999451e+02   9.75870514e+01   1.01925163e+02
   6.02377930e+03   2.40908885e+00   2.94976807e+02   2.83178540e+03
   1.15180554e+03   1.93388748e+01   1.03044238e+04   8.84118557e+00
   2.51560574e+01   1.55119812e+02   6.81483307e+01   5.72427511e+00
   5.16885107e+03   0.00000000e+00   5.81065918e+02   1.95558273e+02
   3.15517456e+02   6.34865332e+00   2.56273532e+00   1.40267916e+01
   3.49460155e-01   2.33147469e+01   1.14139163e+00   4.94630798e+02
   1.90579834e+02   3.86229395e+03   2.00637955e+02   1.06636572e+03
   9.16413147e+02   1.85950565e+00   1.55615894e+03   4.09685516e+02
   1.23398157e+03   4.11982031e+03   5.29707003e+00   2.79303284e+02
   5.21552197e+03   1.28865454e+03   4.34462646e+02   6.14096413e+01
   4.72590523e+01   1.69787036e+03   6.54099182e+02   7.32570440e-02
   3.46703705e+02   8.84521770e+00   1.96034718e+01   7.75768384e-02
   4.85321283e+00   4.13788623e+03   1.81730972e+02   3.01331215e+01
   1.53034195e+02   4.07309456e+01   7.55803680e+00   3.22899323e+01
   3.37026318e+03   8.17286134e-01   1.86128220e+02   0.00000000e+00
   1.09587741e+00   1.90986385e+01   1.56761198e+01   3.86657333e+01
   3.35171700e+01   2.18818039e+02   3.24314178e+02   1.49460297e+02
   9.69237137e+01   5.48691864e+01   5.02180367e+01   3.25001030e+01
   6.32641525e+01   3.02657745e+02   2.74991250e+00   8.77115154e+00
   1.16835203e+01   1.56259346e+01   1.70177956e+01   2.31733383e+02
   4.55687065e+01   1.27444973e+01   1.76367395e+03   1.85220810e+02
   1.42314982e+00   2.88634151e-01   4.09048691e+01   9.77946777e+01
   9.99747696e+01   9.73134766e+02   2.43452042e+02   1.60370056e+02
   5.40986511e+02   1.56425574e+03   1.40397491e+02   9.44266174e+02
   5.21443863e+01   5.22919178e+00   2.31800220e+03   5.13960876e+01
   3.33830200e+03   4.14478076e+03   2.85062231e+03   9.11644287e+01
   0.00000000e+00   1.02268272e+02   3.39748291e+02   1.24241650e+03
   1.58307141e+03   3.01948204e+01   3.09851074e+03   5.19954224e+02
   8.05166531e+00   2.55943317e+01   6.92576294e+02   5.65523021e-02
   6.84944824e+02   9.67244690e+02   5.87033875e+02   6.02339447e-01
   8.03525391e+02   1.29759340e+01   3.40591848e-01   4.66708923e+02
   1.70557129e+03   0.00000000e+00   5.62192726e+00   8.60399219e+03
   7.29006577e+00   2.17638275e+02   1.08459877e+02   2.62881737e+01
   4.61230273e+03   0.00000000e+00   6.74312305e+03   4.08344231e+01
   5.77483225e+00   1.12341629e+02   5.20222778e+02   9.96774536e+02
   4.98814583e+01   7.16095703e+02   9.87836304e+01   5.30319214e+02
   1.05344701e+00   9.25030783e-02   1.09002708e+02   4.88699760e+01
   1.22842464e+01   8.41075821e+01   7.97652100e+02   7.24534119e+02
   1.68586769e+01   4.02888069e+01   4.68609961e+03   7.49882793e+00
   5.21090953e-03   2.80148340e+03   2.64423645e+02   4.22970581e+00
   4.42694238e+03   6.45278778e+01   1.62506371e+01   4.53696758e-01
   5.53769409e+02   4.44317108e+02   5.33876465e+03   4.80580864e+01
   2.74928296e+03   2.17552658e+02   2.90862770e+01   6.29774963e+02
   3.05694263e+03   1.57602722e+03   5.85539770e+00   1.04698887e+01
   4.62220068e+03   4.67494678e+03   8.80835449e+03   4.24440674e+02
   7.87628651e-01   4.81925629e+02   2.66301849e+02   6.10102692e+01
   2.02267718e+00   2.41254181e+02   3.05269203e+01   8.51699890e+02
   1.52971375e+03   1.28688690e+02   3.57773560e+02   0.00000000e+00
   3.73484898e+00   1.87673108e+03   9.18003922e+01   4.71592773e+03
   9.11013412e+01   2.04542252e+02   2.40142059e+01   6.78458333e-01
   4.02948189e+00   2.00298706e+02   3.81970596e+00   1.76075726e+01
   1.14034836e+02   5.11736832e+01   3.28424133e+02   1.02720146e+01
   4.18400848e+02   2.52667713e+01   1.91980560e+02   2.57139941e+03
   1.87338538e+03   1.42750281e+03   2.26391992e+03   3.06038785e+00
   2.24804871e+02   6.05906433e+02   2.40133154e+03   9.09996796e+01
   1.13718681e+02   3.19842651e+03   2.23269958e+01   0.00000000e+00
   5.31480371e+03   3.58174248e+01   1.12852966e+03   4.58201122e+00
   2.29711157e+03   5.33082092e+02   7.31791534e+01   1.04234108e+02
   4.66408844e+01   1.29860516e+01   2.24417709e+02   1.58544189e+03
   1.54932678e+03   2.78196454e+00   6.43538055e+01   3.95299759e+01
   4.06926346e+01   3.77431774e+00   5.65624121e+03   7.37070560e+00
   6.09090576e+02   1.94768311e+03   0.00000000e+00   4.48295319e+02
   1.47980054e+03   8.78871875e+03   1.45334351e+02   1.67492523e+02
   6.59523438e+02   6.42385788e+01   1.76076950e+02   2.78813610e+01
   1.36212601e+02   1.12298141e+02   4.42687569e+01   7.96909637e+01
   1.99458435e+03   3.62602577e+01   4.92611914e+03   9.97745895e+01
   5.22922546e+02   1.81120186e+01   4.31047142e-01   1.65170349e+02
   5.69908094e+00   2.42653656e+02   9.54125137e+01   1.72258926e+02
   4.65272803e+03   2.83656891e+02   1.17960686e+02   4.03448901e+03
   4.56973730e+03   1.54953613e+02   8.26252380e+02   4.38655019e-01
   1.01497009e+02   9.46151953e+03   7.11498489e+01   1.19624707e+03
   1.40298141e+02   1.76783047e+01   1.78237686e+01   0.00000000e+00
   1.04183191e+03   4.05088525e+03   1.27762451e+03   1.97838208e+03
   1.07571472e+02   2.29117947e+01   4.45347260e+02   1.19326107e-01
   6.03378067e+01   3.38040695e+01   1.52509476e+02   3.13219751e+03
   9.61533447e+02   7.73720032e+02   1.04127402e+04   1.66325188e+01
   1.40606461e+02   3.20838843e+03   8.70674896e+01   2.34633118e+02
   2.90033691e+03   1.26768522e+01   4.08468964e+02   1.90434845e+02
   2.66458130e+01   2.09713058e+01   1.01956497e+02   1.15548828e+02
   1.87904861e+02   1.68423309e+02   1.21323196e+02   1.36806083e+00
   3.01240196e+01   1.54717350e+01   1.01787627e+00   1.04743030e+03
   1.00028955e+04   1.52147742e+03   5.34932365e+01   8.36970093e+02
   8.39034668e+03   2.75005920e+02   1.57896924e+03   1.65025845e+01
   5.67680969e+02   1.50897171e+02   5.45778542e+01   0.00000000e+00
   1.95014221e+03   9.54160156e+02   8.23195648e+01   7.28876416e+03
   9.61765723e+03   9.42685303e+02   4.25494480e+00   5.60090752e+01
   2.52027569e+01   3.65809296e+02   1.72837086e+01   3.96544434e+02
   1.42684906e+02   3.80212992e-01   2.29172096e+01   4.93350077e+00
   1.70073380e+02   1.23891907e+03   1.50748962e+02   1.34734900e+03
   7.92274857e+01   1.88222122e+00   2.01838169e+01   6.32701904e+03
   8.37768841e+00   1.02021370e+02   6.13222046e+02   1.15437195e+03
   6.59994110e-02   0.00000000e+00   3.90989044e+02   6.47921829e+01
   1.38807325e+01   9.79156799e+02   1.41440967e+03   4.92167773e+03
   2.39022290e+03   3.56999092e+01   4.93880402e+02   5.10143555e+03
   1.17771553e+02   0.00000000e+00   1.82641312e+02   4.94124707e+03
   1.12934669e+02   5.77970093e+02   9.13808441e+01   3.60079761e+03]
[  9.00055847e+02   3.97754822e+01   1.76132035e+00   1.57282372e+01
   1.80855808e+01   1.82594055e+03   2.20668011e+01   3.89904137e+01
   5.93177223e+00   5.94395691e+02   6.82203007e+00   1.53332386e+01
   5.19580566e+02   2.34871729e+03   2.30419281e+02   2.68196583e-01
   5.12288666e+01   8.13115967e+02   1.39927414e+02   2.34779930e+00
   6.95043707e+00   3.57303977e-01   4.49611206e+01   1.25828369e+03
   1.48327255e+00   1.06015539e+01   4.85514450e+00   3.50776901e+01
   2.91335869e+01   1.36820740e+02   2.24334030e+01   3.44630539e-01
   1.24104004e+02   1.25114346e+01   2.37350732e+03   2.24982788e+03
   4.18168736e+00   2.93267676e+03   1.13589420e+01   1.31290146e+02
   1.20214968e+01   2.90613098e+01   5.61498213e+00   6.80280838e+01
   9.30876446e+00   1.08119141e+02   4.15442871e+02   6.36517048e-01
   7.35202408e+01   3.52868576e+01   7.32424500e+02   4.29731682e-02
   4.11047668e+01   6.98622131e+01   0.00000000e+00   2.04387779e+01
   2.12536964e+01   1.66318855e+01   7.81324463e+01   2.91530487e+02
   2.30085983e+01   6.89079819e+01   4.04747734e+01   2.91643944e+01
   1.88066254e+01   1.86792870e+01   8.09725418e+01   1.28770676e+01
   3.16106129e+00   6.40842209e+01   2.48653545e+01   1.54550830e+03
   3.76178131e+01   1.37961836e+04   1.45120251e+03   1.10089130e+01
   7.93460035e+00   2.03564606e+01   5.17573090e+01   8.73890877e+00
   3.48762894e+00   5.16458664e+01   1.01213388e+01   8.15584278e+00
   3.45925446e+01   4.82813776e-01   1.58924121e+03   2.46880665e+01
   1.09986000e+02   2.38390827e+01   2.75130825e+01   4.37347260e+01
   2.86339283e+01   4.95288147e+02   1.78272415e+02   3.15930405e+01
   4.49530067e+01   6.63188629e+01   1.04605949e+02   7.20943604e+01
   9.44582641e-01   3.59253616e+01   6.81573334e+01   2.21306801e+01
   7.66606712e+00   4.66307755e+01   4.29487646e-01   2.54481421e+03
   1.75814476e+01   4.25821185e-01   3.78612244e+02   1.36465206e+01
   1.12847147e+01   1.04079269e+02   0.00000000e+00   0.00000000e+00
   2.62828121e+01   8.08012466e+01   3.08552100e+03   1.90058041e+00
   2.47533340e+02   3.14896259e+01   2.25245934e+01   4.69077110e+00
   3.64101624e+00   1.56524033e+04   1.42111170e+00   1.83830929e+01
   1.18279639e+03   1.10331291e+02   1.37732611e+01   1.69417358e+02
   1.85926758e+02   2.26990757e+01   2.81124268e+03   1.50112000e+01
   4.12617016e+00   8.74549770e+00   2.94686890e+03   4.06346703e+01
   1.86427345e+01   1.76026416e+03   1.97031426e+00   9.15587646e+02
   1.13299103e+01   1.20315308e+02   1.53969944e+00   2.14538391e+02
   3.31460236e+02   2.66546192e+01   2.65384102e+01   5.37093811e+02
   1.95404415e+01   6.28248100e+01   1.14664307e+03   6.36448822e+01
   4.92504768e+01   0.00000000e+00   8.38127804e+00   1.60878430e+03
   5.45354688e+03   4.02778809e+03   1.55680819e+01   2.20902729e+01
   4.67898521e+01   1.20472279e+01   2.47453461e+01   4.53138199e+01
   1.46540794e+01   3.23929138e+01   6.45985718e+01   9.47341681e-01
   8.21613371e-01   1.01129193e+03   2.01720219e+01   7.51279221e+01
   1.87515659e+01   9.86346245e+00   7.27066727e+01   1.19091516e+03
   3.19119263e+02   4.85461197e+01   8.82115417e+02   1.55621704e+02
   1.13391777e+02   1.24844261e+02   2.38018227e+00   1.47133994e+00
   8.25397720e+01   1.41031891e+02   8.90882721e+01   4.57567835e+00
   4.83016406e+03   8.33096924e+01   1.70449972e+00   2.77530403e+01
   2.31319447e+01   6.52456970e+01   6.34527550e+01   1.85222046e+03
   2.80823383e+01   4.52690744e+00   1.74374304e+03   6.84426575e+01
   4.58712387e+00   1.16426878e+01   1.97247131e+03   1.23877554e+01
   6.97863388e+01   3.58652740e+02   9.03483047e+01   2.38916063e+00
   3.54970734e+02   4.02326431e+01   1.12677338e+02   2.04495514e+02
   0.00000000e+00   7.04552307e+01   2.09893774e+03   3.23304810e+02
   0.00000000e+00   1.25787230e+01   1.74045486e+01   1.27356873e+01
   5.84798164e+01   1.28558813e+03   6.68851318e+01   5.32771645e+01
   6.38803625e+00   1.22267700e+02   1.99995728e+01   1.74688171e+03
   5.33001831e+02   1.42609412e+03   0.00000000e+00   0.00000000e+00
   1.18979248e+02   2.87529712e+03   2.80460083e+03   2.73516712e+01
   4.99103508e+01   5.58354607e+01   4.57998657e+01   0.00000000e+00
   1.73156090e+01   3.97923827e+00   1.74504419e+03   0.00000000e+00
   1.11902954e+02   5.75865898e+01   1.03818408e+03   6.49375534e+01
   2.22655220e+01   1.05105066e+03   9.09710449e+02   4.39624023e+00
   7.49529953e+01   5.14096298e+01   1.87474084e+03   1.03410469e+02
   5.65337791e+01   2.23474159e+01   4.12446106e+02   3.05832806e+01
   4.53583107e+01   0.00000000e+00   3.21121948e+02   7.01339006e+00
   1.79193377e+00   3.09782181e+01   3.06310718e+03   7.63411072e+02
   3.03446770e+01   1.82769537e+00   1.47600967e+02   6.26928177e+01
   4.16172516e+02   5.08424225e+01   3.08540211e+01   6.91187429e+00
   9.35545776e+02   1.91775772e+02   5.86946983e+01   2.23265479e+03
   1.13321243e+02   2.52227764e+01   1.38079214e+01   2.62601223e+01
   9.37323380e+01   5.46453552e+01   2.34045923e+03   1.27253120e+02
   2.15670853e+01   4.69168434e+01   5.20208092e+01   1.75260345e+02
   2.91655445e+01   1.30057104e+03   1.82403278e+01   4.34676172e+03
   3.15593414e+02   2.00666790e+01   2.38023755e+03   3.52515411e+02
   2.15788132e+02   2.56366455e+02   1.50027876e+01   5.21413696e+02
   5.08551064e+01   7.84299698e+01   3.21116000e-01   4.24890976e+01
   1.05203867e+01   5.52883034e+01   2.15515430e+03   1.22534666e+01
   2.43622583e+03   0.00000000e+00   1.03919482e+03   3.52437477e+01
   3.15569305e+02   2.87281628e+01   1.24171028e+02   2.34720566e+02
   8.19951553e+01   6.42499237e+01   9.32962036e+00   9.80595779e+01
   8.68199444e+00   2.59549141e+01   7.69979805e-02   1.64052887e+01
   0.00000000e+00   1.75122360e+02   4.30656099e+00   4.42963623e+02
   8.15513802e+00   8.91028137e+01   7.62109680e+01   3.54172119e+02
   7.76193008e+01   0.00000000e+00   1.14614265e+02   1.61659889e+01
   1.85342416e-01   6.89642668e+00   8.19847260e+01   1.05374165e+01
   3.50754237e+00   3.22143555e+01   5.72490234e+01   1.64639301e+01
   0.00000000e+00   1.01767853e+02   5.01992722e+01   5.17364111e+03
   6.68485260e+01   6.69422302e+01   9.54032288e+01   1.51011238e+01
   1.86107540e+00   1.95323029e+02   3.99630585e+01   3.52195816e+01
   1.06567603e+03   2.34596348e+00   4.89333000e+01   1.50051117e+01
   1.20461388e+02   2.52461758e+01   8.15647602e-01   3.23226959e+02
   2.34684601e+01   0.00000000e+00   2.85958080e+01   5.01320887e+00
   3.21732275e+03   1.09171743e+01   1.43357620e+01   1.41732359e+01
   3.36072922e+01   2.99065039e+03   1.72305945e+03   0.00000000e+00
   3.19125824e+02   5.32522316e+01   3.45368805e+01   1.11990190e+00
   5.11264801e+01   0.00000000e+00   1.91468933e+03   4.90117149e+01
   1.40230545e+02   8.79203796e+01   2.54739502e+03   7.40041382e+02
   3.07709747e+02   5.24715652e+01   5.06567383e+01   2.09011572e+03
   6.88132248e+01   2.73974075e+01   1.25740881e+01   1.74300015e+00
   1.83712357e+02   1.57067371e+03   2.82323532e+01   7.18184738e+01
   8.58942261e+01   1.38269058e+02   7.32411011e+02   1.36724146e+03
   9.12830448e+00   5.64923096e+02   5.48124878e+02   0.00000000e+00
   3.93694763e+01   1.98357773e+01   1.87013062e+03   3.21502075e+01
   4.67023499e+02   1.16942205e+01   5.94870148e+01   1.97157707e+01
   3.63751717e+01   2.10951343e+03   2.10945389e+02   9.80633316e+01
   1.31462988e+04   2.75237549e+02   9.20752945e+01   1.51946096e+01
   7.00359955e+01   1.19258057e+03   7.59656372e+01   2.25169238e+03
   1.41097412e+03   1.50480270e+02   5.73500977e+01   5.80145035e+01
   8.01329708e+00   9.25317017e+02   2.64187653e+02   6.92594452e+01
   4.95875168e+01   5.96369743e+01   0.00000000e+00   9.81051025e+01
   1.82504597e+01   9.69850540e+00   5.04429960e+00   1.46160326e+01
   3.85788870e+00   2.57938232e+02   5.17447968e+01   3.75411035e+03
   2.29165230e+01   4.48366895e+03   2.13739380e+02   6.03050652e+01
   1.26840004e+02   5.27127869e+02   9.41016006e+01   7.82128859e+00
   7.11160217e+02   4.74751568e+00   1.95936279e+03   2.80956543e+02
   9.20279408e+00   1.64734249e+01   5.27005463e+01   1.56737762e+02
   9.94810425e+02   2.52928589e+03   7.40724182e+01   1.32168201e+03
   0.00000000e+00   0.00000000e+00   1.25439777e+01   1.21029282e+00
   2.64398804e+01   7.29643250e+01   1.94981604e+03   7.34090149e-01
   1.50055374e+02   2.89639091e+01   7.48833847e+01   2.65235229e+03
   5.29133272e+00   4.79679167e-01   3.57752419e+01   1.24489388e+02
   1.94099693e+01   2.13666431e+03   9.84048767e+02   1.41626941e+03
   2.28950146e+03   2.73882690e+02   8.90474243e+01   2.52305069e+01
   2.28854712e+03   2.79465523e+01   1.29655743e+01   1.52827502e+03
   4.38522835e+01   2.10702560e+02   1.63525085e+01   2.69559814e+02
   1.67304565e+03   5.39998413e+02   2.94568262e+03   3.13591266e+00]
