bicycle
car
motorbike
person
[ 11084213.     35579900.     38682568.     32435722.     43422252.
  31547188.     11231156.      3970060.     32892348.     23605748.
  25290930.     21236110.      6963591.      6627848.5     8552219.
  15316547.      6605510.      3060806.75   48116028.      9448600.
  13821399.     13035179.      6792508.5    18087846.      1153829.25
  30923554.     23162930.     17182170.      2306539.     12585652.
  22719864.     12192519.     37481644.      1577727.5    39616488.
  11697906.      9773870.      4986446.5    23671010.      5045553.5
  30265946.      4629165.5    42704072.     45940292.     26757568.
  24466542.     12074213.      6694021.5     2558936.25   30344240.
  54051908.      8208709.5    13605230.     12136724.      6834413.5
  19899618.     29042726.      2508295.75   34092304.     11202943.
  27866454.      8423002.     27211760.      1307220.125]
[  4.13098000e+07   1.60269460e+07   2.02997240e+07   1.05298648e+05
   1.64197120e+07   4.24202550e+06   2.25142800e+07   2.37990586e+04
   1.35193410e+07   5.74023950e+06   3.30489700e+07   3.40704800e+07
   6.07763555e+04   4.86281844e+05   1.92794500e+07   1.54624580e+07
   1.95131380e+07   4.68355680e+07   5.31924480e+07   5.83694200e+06
   6.64349688e+04   6.32687280e+07   2.68162812e+05   3.34920020e+07
   2.01074094e+05   3.24971700e+07   7.29363250e+06   1.04683744e+06
   2.17836400e+07   8.88999219e+04   9.67367200e+06   7.46589453e+04
   2.15354969e+05   2.23902800e+07   3.08342280e+07   1.85486338e+06
   1.56705125e+05   4.06956725e+06   1.42963510e+07   3.57919880e+07
   2.93916925e+06   1.89826225e+06   1.63867330e+07   1.43528910e+07
   6.23435680e+07   2.76629020e+07   5.40983555e+04   2.96917820e+07
   1.42228080e+07   5.76486312e+05   2.35819260e+07   1.98021180e+07
   5.66828840e+07   1.47383550e+07   2.97087225e+06   2.45080800e+07
   1.90576340e+07   4.38416880e+07   3.45819550e+06   2.42825760e+07
   2.32273300e+07   1.11719653e+03   1.84129280e+07   4.92177000e+07]
[  1.84125912e+06   8.76819900e+06   1.05429945e+05   9.18416797e+04
   3.40404094e+05   3.37403442e+03   1.52836938e+06   3.54396850e+06
   6.43764883e+04   2.63253975e+06   8.26279600e+06   9.98916312e+05
   5.40335200e+06   3.01962175e+06   3.19948691e+04   2.84648574e+04
   3.26040200e+06   1.46841938e+05   1.67652200e+06   8.94624300e+06
   4.74428062e+05   2.91057348e+00   1.26715530e+07   1.20546370e+07
   4.53014650e+06   0.00000000e+00   3.59055100e+06   4.68684700e+06
   7.32982031e+04   7.72050150e+06   1.01478662e+04   1.03224430e+07
   3.10661825e+06   2.80747825e+06   6.41355750e+06   5.54349000e+06
   3.06300925e+06   1.79647780e+07   1.43385738e+06   1.95204355e+04
   5.28035500e+06   9.34607000e+06   2.08463450e+06   1.06247310e+07
   5.70895700e+06   4.78713031e+05   1.55384870e+07   5.13688232e+03
   3.80730031e+05   2.50804062e+05   3.96525281e+05   3.39038594e+04
   3.98233250e+06   7.31383875e+05   1.57774450e+07   6.83664800e+06
   1.38586412e+06   2.21017559e+04   1.29759820e+05   2.99796500e+05
   1.89594675e+06   1.25289710e+07   1.08999450e+07   4.85360900e+06
   2.01518360e+07   1.98560838e+06   1.49473100e+07   6.48470850e+06
   7.68388188e+05   4.67341400e+06   6.18381700e+06   9.89121400e+06
   2.22696075e+06   5.32032242e+01   0.00000000e+00   1.91326962e+06
   1.55345439e+04   8.94755000e+06   7.83546850e+06   8.51371562e+05
   1.48194600e+04   5.57489300e+06   4.64565250e+06   1.68722188e+04
   8.02591000e+06   6.42987000e+06   7.50034300e+06   1.69745215e+04
   6.20104400e+06   4.78030750e+05   1.03411750e+07   5.38854650e+06
   3.72863750e+06   4.71121750e+06   3.24574656e+05   1.26504490e+07
   3.28015717e+02   2.55984750e+06   7.23737500e+05   5.58971582e+03
   6.97299600e+06   2.12511047e+05   5.75716625e+05   5.25729900e+06
   1.85896469e+02   3.27311225e+06   5.70814600e+03   3.89451500e+05
   4.09317650e+06   2.55826312e+05   6.53620430e+04   7.36619350e+06
   2.52224500e+06   8.69688500e+06   1.01425910e+07   4.24533400e+06
   3.05104100e+06   1.23254138e+06   3.68495075e+06   2.90597925e+06
   5.06210750e+06   7.96489300e+06   1.68818925e+06   1.03530470e+07
   7.41171062e+05   8.68288672e+03   2.25427620e+07   4.83498975e+03]
[  3.74599225e+06   2.36414825e+06   4.10484656e+05   0.00000000e+00
   2.65384512e+04   5.14853550e+06   2.18574100e+06   1.24248350e+06
   1.35186950e+07   4.84777150e+06   1.36472170e+07   7.13510000e+06
   3.85686375e+06   1.50558400e+06   2.45012734e+04   2.56052725e+06
   5.93204600e+06   2.52128100e+06   2.33720700e+06   4.15718652e+03
   7.23729200e+06   6.97457650e+06   1.83294938e+06   1.04855727e+05
   2.29692625e+06   8.00552250e+05   7.23306750e+05   7.57205150e+06
   1.68366078e+05   4.76339200e+06   3.92571719e+04   1.77018840e+07
   5.41532900e+06   6.96048188e+05   1.81991362e+06   5.51868500e+06
   5.19108850e+06   1.59388540e+07   6.86794312e+05   2.74573008e+04
   1.89538175e+06   4.56360195e+04   4.37778320e+03   3.81205875e+05
   3.16456225e+06   5.82347450e+06   7.85195800e+06   9.40795300e+06
   1.79548912e+06   1.71574500e+07   2.98540200e+06   4.65370450e+06
   6.23842150e+06   4.79005850e+06   1.45677600e+06   1.08460648e+05
   9.25503000e+06   1.17136570e+05   8.70385376e+02   6.22631600e+06
   4.93082150e+06   6.70459200e+06   9.69340000e+06   4.83499650e+06
   2.07215391e+05   1.03246690e+07   4.33777305e+04   8.35512350e+06
   4.78406300e+06   1.18606500e+07   1.37706112e+06   1.34884670e+07
   8.07460100e+06   6.26431550e+06   1.68153500e+07   5.22863388e+01
   4.09011425e+06   2.87239750e+06   2.12228100e+07   4.57588600e+06
   4.93178800e+06   2.43164160e+04   1.27155890e+07   3.55197975e+06
   4.16260406e+05   7.79684800e+06   5.43950508e+04   4.05412400e+06
   2.78483469e+05   2.49309425e+06   1.96611875e+04   1.00278450e+07
   2.86664688e+05   1.11767220e+07   8.53974438e+05   7.77315400e+06
   7.24312812e+04   8.05628250e+06   4.67765000e+05   1.72403500e+07
   8.43709844e+04   7.50962266e+04   1.28219240e+07   4.84455371e+03
   2.90930215e+04   1.70872860e+07   3.22458075e+06   5.43356150e+06
   1.29844540e+07   7.27332500e+06   4.13703076e+03   4.42186550e+06
   1.13106898e+05   2.90268600e+07   5.58140800e+06   2.99247275e+06
   2.69994250e+06   3.23895800e+06   1.31217871e+04   5.64983812e+05
   1.33549580e+07   1.30431275e+06   4.00162915e+03   5.08201800e+06
   2.45358050e+06   1.20051100e+06   1.16379550e+07   6.06393250e+06]
[  0.00000000e+00   3.05963672e+03   9.89898062e+05   1.61565889e+04
   1.06120811e+04   5.32355615e+03   5.08385895e+02   2.21757126e+01
   3.20016150e+06   1.14453223e+04   1.37353613e+03   2.37882080e+03
   0.00000000e+00   1.96993789e+04   2.18221953e+04   1.59646650e+04
   5.35813086e+04   1.60103575e+06   5.37255432e+02   1.45394219e+05
   1.07896130e+03   1.63991621e+04   5.92178938e+05   3.49887227e+04
   4.32710977e+04   3.91580688e+02   2.64874200e+06   0.00000000e+00
   4.76971582e+03   4.90050844e+05   4.65516167e+01   4.85368555e+03
   1.07176918e+02   3.87387219e+05   4.49331797e+04   1.87217388e+06
   1.81517988e+06   2.47563652e+04   1.90098499e+03   9.79743945e+03
   3.46847115e+01   6.40136528e+00   5.43867981e+02   5.82040688e+05
   8.08688965e+01   5.22407722e+00   1.29746567e+02   2.60741486e+02
   3.28909883e+04   2.55767246e+04   5.86995850e+03   1.62671494e+02
   1.66554600e+06   4.80837406e+05   1.09481926e+01   4.73189404e+03
   9.70132562e+05   1.25127150e+06   3.49161548e+03   0.00000000e+00
   1.02236977e+05   3.84345703e+04   5.95289938e+05   2.02737438e+05
   0.00000000e+00   7.91213013e+02   2.34687695e+03   1.97327649e+03
   4.15587500e+03   8.11731797e+04   1.21569688e+06   2.46499700e+06
   0.00000000e+00   1.64363730e+04   1.41829880e+02   2.21499519e+01
   1.01382861e+04   3.27665062e+05   5.82272000e+05   6.53010375e+05
   3.76366375e+05   5.20867383e+03   3.16116431e+03   4.43341455e+03
   2.04092950e+06   3.12619100e+06   1.51372828e+05   2.18688625e+06
   1.80270172e+05   9.63658333e+00   2.92063965e+03   2.17678574e+04
   8.55953438e+05   1.49688818e+04   0.00000000e+00   3.07502930e+03
   8.39157031e+03   2.07644162e+06   6.22629822e+02   2.85392125e+05
   6.34168555e+03   1.86227781e+05   1.32643438e+06   3.45100000e+05
   9.93928223e+03   1.41432969e+04   2.37380908e+03   3.16674878e+03
   3.12212143e+01   1.01357056e+06   8.90529312e+05   2.20195957e+04
   1.13933472e+02   4.44455176e+03   6.85676953e+04   7.21901416e+03
   2.95055618e+01   8.03108750e+04   7.29538147e+02   3.08468875e+06
   1.90158984e+05   7.72640133e+00   1.38940234e+04   1.70136841e+03
   1.89594690e+03   7.08995250e+05   2.04508557e+03   0.00000000e+00
   4.53187812e+05   1.08396846e+04   3.54347925e+03   1.81393457e+04
   1.23564111e+04   1.21850600e+06   2.81142065e+03   3.27384796e+02
   3.32495225e+06   4.65169781e+05   3.06265273e+04   9.80682659e+00
   6.87348535e+03   1.14768262e+04   8.69251074e+03   1.26950888e+06
   4.12400244e+03   2.22397350e+06   3.22460767e+03   4.22077539e+03
   7.39302188e+05   3.81310974e+02   2.12039990e+03   4.78151025e+03
   1.15916846e+04   4.92618828e+04   6.74624000e+05   8.64035938e+03
   6.29707275e+03   2.67487094e+05   4.79694125e+05   1.04742519e+06
   5.90719287e+03   4.47479180e+04   9.01620188e+05   4.32099854e+03
   1.04671234e+05   3.76688125e+06   1.86237088e+06   9.05548062e+05
   6.99296188e+05   1.99210338e+06   1.82898712e+06   9.89803589e+02
   2.02400840e+04   3.14248281e+05   8.72554785e+03   6.50351514e+03
   1.25269875e+06   3.13387734e+04   1.87619750e+06   1.61896438e+05
   6.44780625e+05   9.33449062e+04   2.38130484e+05   2.14360410e+04
   2.48379668e+04   1.18255371e+04   5.90449922e+04   2.30356230e+04
   7.40674000e+05   4.97228418e+03   6.07170264e+03   2.01076625e+06
   0.00000000e+00   1.48489562e+06   4.22466660e+01   2.84863875e+06
   1.66861387e+04   5.16453938e+05   1.87430600e+06   1.03181312e+06
   5.17735718e+02   1.36721162e+06   3.32834450e+06   2.63566780e+00
   4.77958516e+04   5.02681274e+01   1.52982312e+03   4.54441846e+03
   5.12924072e+03   4.73803750e+05   1.53274712e+06   1.01543844e+06
   4.50991309e+03   1.19487559e+04   2.55239391e+00   3.52796172e+04
   7.42669128e+02   1.86719525e+06   1.40175381e+04   2.32787427e+03
   3.90645111e+02   2.03197632e+03   2.45164337e+01   6.25009438e+05
   1.58943388e+06   0.00000000e+00   5.05578064e+02   1.19961695e+05
   1.82557678e+02   1.13257600e+06   1.48496500e+05   1.69919052e+02
   4.25542625e+05   9.71502563e+02   9.75899312e+05   1.78483505e+02
   1.07067947e+02   4.01638000e+05   6.62433625e+05   1.38870398e+03
   3.70286312e+05   1.44543912e+06   4.04232471e+03   3.03292847e+03
   6.92837109e+04   5.05412891e+03   6.04475928e+03   2.96096411e+03
   2.86783887e+03   5.74911750e+05   8.44200684e+03   1.12293921e+03
   2.05505859e+02   3.33368149e+01   4.97842148e+04   5.59315750e+05]
[  1.21402675e+06   1.01511602e+04   6.21635315e+02   3.62445605e+03
   2.28327600e+06   1.34872762e+06   3.15730812e+05   9.49531860e+02
   5.07642227e+04   3.96618866e+02   1.21326965e+02   2.55487676e+04
   4.11309814e+03   1.15338926e+04   1.97883728e+03   3.65388086e+03
   4.06838268e-01   2.07984619e+02   1.70303812e+06   4.22484648e+04
   0.00000000e+00   8.30466309e+02   6.02037109e+02   4.68703250e+05
   9.02594147e+01   5.03562988e+03   6.47999763e+00   4.38014156e+05
   9.90496387e+03   3.02132797e+00   2.99917875e+05   7.75110693e+03
   1.16499902e+04   1.20994977e+05   3.38591328e+04   2.16546828e+05
   4.29607031e+03   7.38529510e+01   5.00657178e+03   0.00000000e+00
   2.80438688e+05   1.49618291e+04   2.96737256e+03   4.15010986e+03
   2.39646240e+03   7.46478662e+03   4.77810875e+05   1.33805203e+05
   1.44076359e+05   5.47379700e+02   7.81504639e+03   1.16739856e+03
   1.19971289e+03   6.58553760e+03   6.44395500e+05   7.33746375e+05
   9.08630391e+04   2.54959281e+05   2.91904238e+04   0.00000000e+00
   3.32483691e+03   2.91919434e+04   0.00000000e+00   3.37853885e+00
   0.00000000e+00   4.43739102e+04   7.14491250e+04   7.13650208e+02
   6.93335114e+01   8.73611133e+03   1.21992962e+06   3.99950447e+01
   2.66890645e+04   5.37641455e+03   3.72017500e+04   1.85046719e+05
   5.89959727e+04   2.20507837e+03   5.54570898e+04   5.01770750e+05
   5.75303459e+01   1.82221738e+04   0.00000000e+00   4.01792227e+04
   1.47758850e+03   6.23039805e+04   6.93753784e+02   2.75767539e+04
   6.84667480e+03   3.26790215e+04   1.02401562e+04   4.41657227e+03
   2.27355195e+04   4.85345000e+05   1.62844543e+03   1.46232176e+01
   2.33027797e+05   1.08848328e+02   1.09278193e+04   6.08059812e+05
   6.87793066e+03   5.10584141e+04   4.42961906e+05   3.37360764e+01
   4.61483124e+02   1.64785344e+05   4.03056953e+04   5.39061875e+04
   2.74164004e+04   1.40234400e+06   1.82849292e+03   1.32016938e+06
   8.22586975e+02   2.30647186e+02   4.20753998e+02   5.65282764e+03
   2.05951367e+03   5.20328516e+03   8.99676094e+04   1.84836266e+05
   3.75634961e+04   3.34172089e+02   1.98165449e+04   3.51438750e+05
   1.83887585e+03   3.23110809e+01   0.00000000e+00   1.66693398e+04
   2.31484814e+03   1.82651488e+06   5.28674492e+04   5.63728333e+01
   9.04228906e+03   1.70570138e+06   3.99474536e+03   9.83191309e+03
   9.38545996e+03   7.19091750e+05   3.03569019e+03   2.91794987e+01
   0.00000000e+00   7.92138184e+02   7.77768066e+03   2.40837129e+04
   0.00000000e+00   7.86109912e+03   3.07125000e+03   0.00000000e+00
   6.25855522e+01   1.96800574e+03   1.76501503e+01   9.05685703e+04
   8.64018375e+05   1.24130484e+05   2.70548828e+03   3.53300344e+05
   7.78627869e+02   1.24049835e+01   3.77774766e+04   1.66432475e+06
   9.75114453e+03   4.80493652e+03   3.09190210e+03   5.07766418e+01
   9.42923938e+05   0.00000000e+00   2.23153438e+05   2.96467407e+03
   7.58478625e+05   2.12839375e+06   5.30992310e+02   4.58104706e+00
   2.17558320e+04   3.20279250e+05   5.41639062e+05   2.23565649e+03
   3.38571997e+03   3.37735815e+03   2.99578052e+03   2.38272972e+01
   4.68217529e+03   2.31189199e+04   2.17130188e+02   8.29098828e+03
   8.40482903e+00   1.28675525e+03   3.10418875e+05   5.81196045e+03
   4.19627197e+03   1.09106628e+03   4.38068406e+05   3.08798926e+03
   2.48094406e+01   8.04450879e+03   1.85082012e+04   1.59649377e+03
   1.89131777e+04   1.71443164e+04   8.04443000e+05   7.29848785e+01
   2.05064659e+01   1.06853170e+01   8.24066312e+05   3.42989609e+04
   4.46329336e+04   1.52795706e+01   2.26851016e+04   1.23181838e+06
   8.28692891e+04   2.10986800e+06   2.73606873e+01   6.06554590e+03
   1.14614639e+04   3.89845664e+04   2.88897412e+03   1.78989859e+05
   2.11802188e+05   3.99500234e+04   7.22185938e+03   4.28628945e+04
   3.25386572e+03   7.58220801e+03   4.46072540e+02   1.37149277e+02
   4.91938019e+00   3.23678828e+04   8.59768047e+04   1.59072510e+04
   1.97107739e+03   1.32557335e+01   8.09613770e+02   2.58338159e+03
   1.83219734e+05   7.99228271e+02   8.39179562e+05   5.39210303e+03
   4.94181055e+03   8.20775438e+05   0.00000000e+00   1.07109284e+00
   1.16139053e+04   3.43481125e+05   2.92091036e+00   0.00000000e+00
   9.51417664e+02   5.04697342e+01   2.86552930e+03   4.68527527e+02
   5.74713938e+05   3.83534281e+05   5.08474268e+03   1.81097363e+04
   9.74748242e+03   8.73309938e+05   3.45102563e+03   5.66260547e+04]
[  9.43080469e+04   1.49993154e+04   3.25524506e+02   3.62428192e+02
   2.43746922e+05   6.08363184e+03   2.42034297e+05   1.20504236e+03
   9.18795776e+02   1.24547112e+06   7.66420078e+04   1.81239336e+04
   3.09526953e+03   2.62012500e+03   1.83416956e+03   1.75983582e+02
   1.88715134e+01   1.47741895e+03   8.08527660e+00   1.35800269e+03
   1.21463896e+04   1.68917062e+05   1.72584375e+04   6.46146826e+03
   1.70528735e+03   2.93979316e+04   4.82296484e+03   8.84764688e+04
   9.38317344e+04   7.34249188e+05   8.86976868e+02   6.07315742e+04
   1.16183945e+05   1.53570844e+05   1.00910944e+03   2.09035879e+04
   4.99774219e+05   1.27052638e+06   1.82677295e+03   1.64247375e+06
   0.00000000e+00   1.97323669e+03   1.78212656e+04   1.86223859e+05
   3.26919023e+04   7.03356396e+03   9.18049622e+02   3.99292285e+03
   2.69077363e+04   1.15802432e+04   1.93998203e+04   9.47510000e+05
   8.82861511e+02   0.00000000e+00   7.39114136e+02   1.46795984e+03
   4.69509131e+03   1.93437453e+05   1.05198705e+00   9.12057227e+03
   3.40072705e+03   1.56146500e+05   1.59440747e+03   8.53042383e+03
   3.64059204e+03   3.94716719e+04   3.41568701e+03   1.18983604e+04
   1.65659484e+05   4.70126719e+04   1.99546953e+05   2.76210293e+04
   7.62971328e+04   9.46438086e+03   2.74027438e+05   1.06116594e+05
   6.57588438e+04   5.91728125e+04   4.99845977e+04   2.77315552e+03
   6.18568115e+02   4.98132324e+02   6.74497656e+04   3.48642792e+02
   3.08096699e+04   8.17000809e+01   4.87678828e+04   9.72602921e+01
   1.21436569e+02   7.26794495e+02   2.33013367e+02   7.52961111e+00
   1.25681582e+04   1.01969604e+02   7.29627734e+04   1.32324371e+02
   4.77224159e+01   2.37710234e+05   8.08405125e+05   2.90826375e+05
   2.37528469e+05   2.05631500e+05   8.69148376e+02   1.05070703e+03
   4.83052656e+04   2.29574023e+03   5.42444125e+05   2.85964609e+04
   6.20144104e+02   7.56791650e+03   1.32111438e+05   2.54797485e+03
   1.74132812e+04   2.30349878e+03   1.36910950e+03   2.15224719e+05
   6.07942695e+04   6.95140625e+04   2.19745625e+05   1.21150984e+05
   5.77996731e+00   6.60239312e+05   9.64639219e+04   1.28905633e+05
   2.63746250e+05   2.33626978e+03   1.37102061e+04   5.60899162e+01
   9.76279373e+01   4.60800262e+02   1.82408630e+03   2.32650801e+04
   1.36311611e+04   3.83447144e+03   6.48546562e+04   3.26420020e+03
   2.15759551e+04   1.67374797e+05   1.16733969e+05   1.49039307e+03
   1.58911219e+01   6.11433047e+04   2.30108429e+02   3.85118750e+04
   1.58263647e+03   1.47897266e+05   8.53708750e+04   2.13183842e+01
   2.52196875e+05   4.82697656e+03   7.01167871e+03   3.10837207e+04
   9.98256714e+02   4.23246312e+05   4.57531548e+00   2.20353027e+03
   1.41722000e+05   5.87437500e+03   3.73454281e+05   5.83011963e+02
   5.67659485e+02   5.19426514e+02   5.91452383e+04   5.38958984e+03
   4.33420068e+03   7.60573486e+03   2.06447930e+04   8.18563438e+04
   1.43790845e+03   8.07552393e+03   1.19642967e+02   3.14731787e+03
   3.89983325e+03   3.26103638e+03   5.10710156e+04   2.43490210e+03
   2.01804531e+04   2.92530811e+03   2.99464281e+05   2.01271426e+04
   1.25485120e+03   2.47657383e+04   2.03458641e+05   3.61939883e+04
   7.23116328e+04   4.72068726e+02   6.64171953e+04   5.49421875e+02
   8.48253027e+03   4.51679281e+05   3.01593008e+04   5.71691943e+03
   1.01859320e+03   5.97221016e+04   7.52642212e+01   3.78529443e+03
   4.27210078e+04   6.58876611e+03   1.38380984e+05   8.52305938e+04
   1.47632891e+04   2.17013687e+02   2.70147949e+04   9.55227500e+04
   1.42083109e+05   5.50310303e+02   1.04180928e+04   2.00608672e+04
   1.06918477e+05   6.40618992e+00   6.63697021e+03   4.78941113e+03
   1.82751074e+04   1.71761875e+04   9.22681328e+04   5.49081116e+01
   2.49785132e+03   2.32033164e+04   1.07466833e+03   3.57558344e+05
   3.08651016e+04   8.22742615e+02   1.53742603e+03   9.11764648e+03
   5.89259258e+04   3.28714228e+00   1.80432587e+02   1.26219766e+04
   2.01576404e+03   2.21505957e+04   1.01554971e+04   3.45972148e+04
   6.82751343e+02   2.82967480e+04   1.08703412e+06   2.50355488e+04
   2.01849646e+03   6.42568262e+03   1.00421506e+06   8.33570801e+02
   5.83394592e+02   1.41900940e+02   1.86526685e+03   6.06795166e+02
   2.08097090e+04   5.99466688e+05   2.20184448e+02   2.04874668e+01
   1.04639117e+05   2.88159258e+04   0.00000000e+00   4.44117109e+04
   8.83770996e+03   9.66182312e+02   4.41899200e+02   1.55657744e+04]
[  1.16890198e+03   5.35159619e+03   2.12998496e+04   4.10950547e+04
   4.33763702e+02   1.04943922e+05   8.85759705e+02   1.30750610e+03
   4.66035728e+01   4.72344780e+01   5.19482461e+04   3.69919751e+03
   8.07435547e+03   8.13639258e+03   5.80641309e+03   3.37642334e+02
   8.83985840e+03   4.37493672e+04   6.48696094e+04   2.96534155e+03
   1.94047095e+03   9.12778594e+04   3.70776587e+03   3.71345917e+02
   6.16221523e+04   1.63221162e+04   8.94529531e+04   2.25277881e+03
   9.58996797e+04   2.01935449e+04   1.38561016e+04   1.35605766e+05
   7.44504102e+03   1.51535752e+04   1.88552832e+04   1.63561688e+05
   6.59001250e+04   2.12958350e+03   4.54283905e+02   2.18618770e+04
   2.23307514e+01   7.38954531e+04   3.94953789e+04   5.23150859e+04
   1.76005103e+03   1.59165979e+03   1.10731055e+04   2.24525977e+04
   1.80370083e+01   4.40480156e+04   7.95071797e+04   8.66752686e+02
   0.00000000e+00   4.45534023e+04   1.45672139e+04   1.39650625e+04
   6.62938049e+02   1.85904805e+04   2.79229645e+02   4.75275604e+02
   2.60096973e+03   1.55940391e+05   2.63962617e+04   1.94558118e+03
   6.04005664e+03   2.03887949e+04   1.97299515e+02   1.23694458e+02
   1.31868574e+04   1.31743933e+03   6.30520117e+04   1.15698010e+03
   1.01339609e+05   4.05843262e+03   0.00000000e+00   2.88290063e+03
   7.63517517e+02   5.37740517e+00   9.69130859e+04   4.47579219e+04
   3.53444557e+01   6.96828516e+03   3.57407305e+04   9.72064922e+04
   1.50612402e+04   9.99507427e+00   2.91354102e+03   2.00750598e+03
   9.92662500e+04   6.20271680e+04   9.25117969e+03   2.49710663e+02
   1.11065695e+05   1.38199736e+04   1.30422922e+05   1.03294395e+04
   7.79465156e+04   3.30510742e+02   4.93665234e+04   4.29691719e+04
   4.60152656e+04   1.93386887e+02   1.24580281e+05   5.07079053e+03
   2.01956094e+04   1.57829756e+04   6.60935730e+02   1.12646828e+05
   7.22778984e+04   6.00327209e+02   1.63293135e+04   6.52912598e+02
   5.06245801e+03   5.45457611e+01   1.18333870e+02   6.49507383e+04
   0.00000000e+00   6.43529102e+04   1.96479041e+03   1.67238398e+04
   4.38779144e+02   5.45322734e+04   5.14508984e+04   2.89582300e+03
   4.95916748e+03   8.93957891e+04   2.41358081e+03   3.14037773e+04
   2.66628281e+04   4.82102881e+03   6.39926147e+02   6.65860156e+03
   1.91149824e+04   4.64450547e+04   3.18409863e+04   1.16089622e+02
   2.19952461e+04   0.00000000e+00   2.60593842e+02   1.49243488e+01
   3.21361055e+04   1.17802223e+02   1.76323418e+04   1.36453986e+00
   4.33800018e+02   8.09162646e+03   2.39725891e+02   2.23826191e+04
   1.28408310e+02   3.17827271e+03   1.02014961e+05   4.46403027e+03
   9.55091064e+02   4.12495508e+03   2.02584381e+02   0.00000000e+00
   1.40202122e+01   1.13342270e+02   1.69354324e+02   1.15961914e+05
   6.72153271e+03   1.10658984e+03   1.30758242e+04   1.40904053e+02
   4.02195039e+04   5.85518604e+03   7.62862578e+04   2.73474640e+02
   7.68402969e+04   1.15579789e+05   3.64078247e+02   4.13018164e+03
   2.35145625e+04   3.05303223e+03   5.01915078e+04   6.18327344e+04
   2.28544883e+04   3.77345044e+03   8.22655273e+03   4.33750549e+02
   3.45677148e+04   1.71704822e+03   3.52359414e+04   1.81582070e+04
   1.39357861e+04   8.22626250e+04   8.58380391e+04   4.39466943e+03
   1.41410681e+03   1.00198027e+04   1.51116528e+03   1.30492100e+04
   1.36208584e+04   1.51268594e+05   9.84330391e+04   9.78230703e+04
   3.33906797e+04   7.72727002e+03   1.32857363e+04   3.30082153e+02
   9.42094062e+04   1.17617842e+04   1.23506653e+03   6.47750234e+04
   6.68695938e+04   1.02224011e+03   5.12271289e+04   5.94491562e+04
   7.26478481e+00   9.08118904e-01   3.68231177e+03   3.15532532e+02
   6.27572632e+01   1.55815933e+02   2.24695352e+04   5.63862500e+03
   7.90217480e+03   1.25270625e+04   3.09243633e+04   3.03415371e+04
   1.78234043e+04   6.57262500e+04   5.95279007e+01   0.00000000e+00
   2.45889043e+04   5.65684692e+02   5.82879578e+02   0.00000000e+00
   1.26904045e+02   8.21668750e+03   3.14770905e+02   6.27209015e+01
   7.11968438e+04   2.82105996e+04   6.73395000e+04   5.84283838e+03
   8.20221719e+04   2.76087744e+03   9.76967383e+03   5.85571289e+04
   1.40839453e+04   2.23963984e+04   2.13794653e+03   5.15134375e+04
   5.83047241e+02   9.65995234e+04   3.01888086e+04   1.38495808e+01
   1.67879629e+04   2.21910586e+04   1.12266143e+04   9.59907969e+04
   2.17235996e+04   9.28403828e+04   6.81725000e+04   1.64277520e+04
   1.39552672e+05   7.63979065e+02   5.65291786e+01   1.12502312e+05
   7.42463516e+04   3.26604748e+00   3.50064570e+04   1.64027356e+03
   2.70625019e+01   3.30191602e+04   1.34175146e+03   1.29924406e+05
   4.15206797e+04   5.35931885e+02   7.74416327e-01   2.77492212e+03
   2.01612915e+03   1.48088403e+03   1.26714719e+05   4.02593906e+04
   8.75367284e-01   2.61566663e+00   7.50033672e+04   4.84041309e+03
   3.34568232e-01   2.55018524e+02   1.16685684e+04   7.71118438e+04
   1.13489246e+03   6.55102881e+03   7.23011112e+00   6.97669800e+02
   2.41575806e+03   2.96904980e+04   1.05972920e+04   9.35330469e+03
   4.82170586e+04   2.25004238e+04   2.61497500e+04   4.45655029e+03
   5.94366264e+01   8.16246826e+02   9.29453906e+03   6.27294023e+04
   1.59889929e+03   2.53091455e+03   8.80708008e+03   1.43350464e+02
   8.50232483e+02   2.14538867e+04   3.55185107e+03   9.97720398e+02
   4.07689180e+04   3.54797302e+02   1.12734070e+02   1.12382627e+04
   7.67082214e+01   5.74402588e+02   9.34541250e+04   4.97672578e+04
   1.07970757e+02   8.10114531e+04   2.32146074e+04   3.54026538e+03
   8.64075488e+03   3.24943828e+04   1.47834172e+05   1.22241675e+03
   1.17002117e+05   8.14009688e+04   9.07792344e+04   2.45453652e+04
   1.89991816e+04   8.77918823e+02   7.31442188e+04   6.22536963e+03
   5.69889805e+04   7.36783594e+03   5.24255676e+02   5.07300625e+04
   6.11088867e+02   1.53419092e+04   2.45606836e+03   2.24708730e+04
   1.01758227e+05   8.41261426e+03   1.04707393e+04   6.52362854e+02
   1.62506241e+02   2.40209902e+04   1.40689795e+04   4.57310205e+03
   2.91996899e+03   2.66543518e+02   6.94662266e+04   1.32160812e+02
   1.94143997e+02   4.03158555e+04   1.80777949e+04   6.83097290e+02
   6.45396250e+04   9.26559570e+02   5.03137500e+04   1.15078115e+04
   4.89951250e+04   2.32780430e+04   1.76898926e+02   1.47392181e+02
   1.19482363e+04   5.36875854e+02   1.34309938e+05   2.72426440e+03
   4.39028086e+04   1.75397676e+04   8.07908105e+03   1.62665283e+03
   1.20127793e+04   2.30489844e+04   6.53515898e+04   2.10026875e+04
   6.41739883e+01   3.47633618e+03   7.10437134e+02   3.31739655e+02
   5.07058750e+04   8.61376953e+03   5.43586914e+02   7.30340000e+04
   3.59000078e+04   3.14011523e+03   1.26647180e+03   1.84313887e+04
   7.51319153e+02   1.61585785e+02   1.12323633e+04   3.21099146e+03
   3.91259839e+03   1.79361348e+04   2.68011191e+04   5.77114883e+04
   4.44876514e+03   1.64080273e+03   4.00298193e+03   8.29435181e+02
   2.19316162e+02   4.48914531e+04   4.45888398e+04   7.60861562e+04
   3.41493047e+04   1.39590537e+04   3.75061646e+03   5.79978905e+01
   4.82518896e-02   7.76971292e+00   2.72532383e+04   1.50173408e+04
   7.07148779e+03   1.40321777e+02   2.54313711e+04   4.40451719e+04
   4.34111377e+03   2.23453027e+04   4.71161953e+04   3.40644409e+03
   4.23812598e+03   7.59738477e+03   9.71498596e+02   6.19947383e+04
   8.59658984e+04   7.50144922e+03   1.68290508e+04   2.99659595e+03
   8.63272031e+04   8.46928406e+02   5.04629785e+03   5.58909717e+03
   2.62589414e+04   6.62390781e+04   1.76861387e+04   1.33331250e+03
   1.12729834e+03   7.87402161e+02   3.28116914e+04   1.60656006e+04
   1.68069219e+04   1.09779307e+04   4.39940186e+03   2.44339962e+01
   0.00000000e+00   9.70469844e+04   2.60240540e+02   2.77492754e+04
   1.33887366e+03   7.65158672e+04   1.20278701e+04   1.08336953e+05
   3.06476270e+04   0.00000000e+00   6.63055078e+03   0.00000000e+00
   2.58631500e+02   1.02570596e+04   6.95362320e+01   1.85179297e+03
   1.37757178e+03   8.78455957e+03   2.05560028e+02   5.03617676e+03
   3.44396953e+04   6.25704648e+04   3.89727734e+03   1.15239227e+00
   4.38857544e+02   5.17339990e+03   8.48704453e+01   4.33575488e+03
   1.13095371e+04   1.13966583e+02   1.27131641e+03   7.82075684e+03
   4.15385547e+03   8.12583984e+03   9.29018906e+04   0.00000000e+00
   9.18283630e+02   1.29683936e+04   6.05183945e+04   4.94687695e+04
   8.79916562e+04   1.11820061e+02   8.43941589e+02   0.00000000e+00
   3.18366797e+04   5.98086060e+02   1.30459578e+05   5.71303467e+02
   1.47405762e+04   2.12498027e+04   9.19668579e+02   1.78987451e+03
   2.45717969e+03   1.51910422e+05   8.87838379e+02   2.51670469e+04
   6.21054541e+03   4.84721031e+01   2.35453844e+00   1.43530400e+04
   1.65588086e+04   1.15220250e+05   1.15710547e+03   6.48915386e+00
   4.92669727e+04   7.74005066e+02   2.13643814e+02   1.47363844e+05]
[  2.41834521e+03   1.15154697e+04   2.41680029e+03   2.05935974e+02
   5.91490898e+04   1.45250885e+02   8.63931484e+04   2.65986992e+04
   7.40528047e+04   1.14924951e+03   5.16980896e+02   3.49778784e+03
   3.61419678e+01   8.09600938e+04   5.17944531e+03   4.66555214e+01
   1.41800010e+04   6.04014111e+03   6.36794043e+03   8.15840967e+03
   2.58733276e+03   1.29293506e+04   1.16772131e+03   3.42709717e+02
   3.62273926e+02   4.36463516e+04   2.45635229e+03   2.92908359e+04
   9.11389038e+02   3.26929565e+02   1.87582455e+01   1.77905167e+02
   4.17942432e+03   5.64816713e+00   7.61189392e+02   1.65054431e+03
   3.27696606e+03   1.17170477e+01   1.32639053e+04   9.68304749e+02
   1.54856895e+04   1.06366641e+04   1.23010597e+02   3.03834688e+04
   1.54689492e+04   5.12988770e+02   2.65135205e+03   9.72498291e+02
   5.14629761e+02   8.64406677e+02   7.15034485e+01   1.00690317e+01
   0.00000000e+00   1.59055928e+04   2.38804517e+03   2.64013281e+03
   1.65542207e+04   4.14643341e+02   1.25680798e+03   2.42886353e+00
   4.07515198e-01   2.47717178e+02   4.35691864e+02   9.39024597e+02
   1.19024915e+03   1.06327222e+03   4.37359375e+03   5.49067676e+03
   9.71179297e+04   7.93260193e+02   8.08948708e+00   4.39272188e+04
   2.98253510e+02   6.60394348e+02   2.96636475e+03   1.69501770e+02
   4.19208318e-01   3.14672168e+03   1.03429535e+02   3.52091522e+02
   2.07368408e+03   1.35419344e+05   7.59689297e+04   1.56783760e+04
   1.12669006e+03   5.03140926e+00   1.58041357e+04   1.38505139e+03
   8.24809082e+02   7.01806738e+03   2.05478945e+04   1.69422871e+04
   3.87710571e+03   0.00000000e+00   2.33256152e+03   1.15063705e+02
   7.32914124e+01   1.20125195e+04   1.03083516e+04   3.79777832e+03
   4.55388641e+02   1.42071948e+03   1.46010254e+03   2.16404390e+00
   1.28923071e+03   3.50196118e+03   8.25834375e+03   2.69277611e+01
   6.77190938e+04   8.77499688e+04   1.45027041e+04   9.33616797e+03
   4.95351532e+02   8.44693945e+03   5.83281172e+04   2.23587622e+03
   5.77402222e+02   5.06153503e+02   2.15341492e+02   3.34191559e+02
   2.88483063e+02   2.53073887e+04   6.15430908e+03   3.35834045e+01
   3.35567305e+04   5.40079712e+02   5.27232471e+03   1.07712036e+02
   4.22696381e+01   4.77966133e+04   9.16220188e+00   6.01678467e+02
   1.32791914e+04   3.23715000e+04   7.21355225e+03   2.55613079e+01
   6.34279663e+02   4.54849815e+01   2.33717871e+04   1.90079536e+01
   7.32995033e+00   6.27825989e+02   6.44993848e+03   2.27501328e+02
   8.08694727e+03   5.45212988e+03   4.57629785e+03   4.65002695e+04
   6.26860291e+02   1.71294116e+03   9.49759141e+04   4.78781982e+02
   4.53834453e+04   8.30863037e+02   1.23504112e+02   4.52892422e+04
   1.30000664e+04   5.71039023e+04   2.62686035e+03   7.95170557e+03
   3.90557568e+03   1.21033875e+03   0.00000000e+00   1.33331573e+02
   3.61625234e+04   3.12416504e+02   8.27309375e+04   7.09015808e+01
   3.78681885e+03   1.69925469e+04   1.74024878e+03   4.75640137e+03
   5.48010938e+04   1.38051592e+04   4.02795944e+01   1.87632458e+03
   6.99937988e+02   9.73346875e+03   2.02275659e+03   1.55636548e+03
   9.01205859e+04   6.54243408e+02   1.17641858e+03   0.00000000e+00
   1.62234580e+04   8.65655234e+04   6.87902212e+00   3.00249194e+03
   2.99242615e+02   4.92926133e+04   1.60874802e+02   6.44456421e+02
   5.91831589e+01   7.17422891e+04   9.25070605e+03   2.38423340e+03
   1.06254736e+03   2.26540957e+04   1.44425439e+03   7.13553516e+04
   3.42252617e+04   2.40833054e+02   7.28813028e+00   4.57561249e+02
   1.40236074e+04   3.36997040e+02   2.56350922e+02   4.51566357e+03
   2.59185715e+01   2.03512756e+03   3.24602344e+03   1.76373871e+02
   1.68353242e+04   5.44227490e+03   2.62936387e+04   1.05259578e+05
   2.50838164e+04   5.67371033e+02   2.00667526e+02   6.81308984e+04
   6.29973877e+03   1.78475666e+01   2.93055444e+03   1.15218346e+02
   1.10207305e+04   7.84169054e+00   2.81195239e+03   4.47770859e+04
   2.45575684e+03   2.11513818e+03   7.49685625e+04   4.66146637e+02
   3.99166656e+02   9.69947949e+03   3.11819762e-01   9.90529922e+04
   5.23987773e+04   1.11783223e+04   8.66064529e+01   2.28156662e+02
   1.07236121e+03   7.33427295e+03   3.94838892e+03   7.05485840e+03
   3.54416699e+03   4.09717188e+03   0.00000000e+00   9.58499844e+04
   2.26040573e+01   7.98206238e+02   5.37532471e+02   0.00000000e+00
   2.21040625e+04   3.46766205e+02   7.60580254e+00   5.71173157e+02
   3.23194275e+02   3.38602246e+03   2.14809546e+03   2.13871465e+04
   9.63804785e+03   2.61377380e+02   7.87007996e+02   7.44717224e+02
   1.20327209e+03   3.09855684e+04   2.22662012e+03   2.82883945e+04
   2.65409790e+03   9.92424609e+03   4.32346100e+02   1.43931982e+03
   2.13247876e+03   3.19186066e+02   1.05455866e+01   1.27026443e+02
   1.03297480e+04   0.00000000e+00   9.32429260e+02   5.45798730e+03
   1.85010681e+03   1.81089737e+02   1.88570176e+04   0.00000000e+00
   2.28841953e+01   8.74910645e+03   3.77621193e+01   5.56508086e+04
   6.12100037e+02   2.44713974e+02   1.63743935e+01   5.40611328e+03
   7.19478828e+04   2.40852285e+04   8.08639893e+03   5.36235400e+03
   6.10038086e+04   2.34201981e+02   3.67123535e+02   4.55670258e+02
   2.51883179e-01   9.13158813e+02   3.95870859e+04   1.41541767e+01
   2.40084980e+04   1.51751846e+04   1.68272302e+03   7.86695938e+04
   7.08785889e+02   1.74888092e+02   2.20065384e+01   3.25800122e+03
   1.29506514e+04   1.31210617e+02   3.94763245e+02   3.78361511e+02
   8.91934453e+04   1.92272797e+02   9.71742630e+01   1.33143829e+02
   7.47800293e+03   1.14156699e+04   1.80666113e+04   2.03105977e+04
   5.97983594e+04   5.07640472e+02   3.14277148e+03   4.86311484e+04
   8.65165710e+02   5.31414080e+00   1.06587734e+05   2.72742832e+04
   4.02866852e+02   1.56928943e+03   3.72921211e+04   1.52934338e+03
   0.00000000e+00   2.68335913e+03   2.89050018e+02   2.52911224e+02
   1.33834775e+04   2.31061328e+03   6.08130664e+03   3.39750508e+04
   8.00281811e+00   4.58421924e+03   4.28034821e+02   2.58060215e+04
   4.23062148e+04   1.33033646e+02   2.79573779e+03   2.33768633e+04
   1.80593933e+03   3.68433086e+04   7.67150859e+04   2.64562891e+04
   1.14385559e+03   4.50576996e+02   3.55474341e+03   5.67067223e+01
   4.83110303e+03   1.33372351e+03   2.84193535e+01   1.08123299e+02
   1.07791650e+04   3.63327773e+04   1.18480920e+03   1.20439600e+04
   2.00439850e+02   9.58333594e+04   6.95765972e+00   5.75380176e+03
   1.20782090e+04   8.40985625e+04   1.74339917e+03   5.06239404e+03
   1.03806543e+03   5.65764404e+02   2.51509375e+03   2.39435586e+04
   8.81670898e+03   1.30617981e+03   2.02352467e+01   1.13984338e+03
   3.18185120e+02   4.30393164e+04   3.91815117e+04   9.12146387e+03
   9.87002188e+04   1.23601526e+03   3.31125298e+01   1.96400547e+01
   7.56384717e+03   1.84408242e+04   1.01015338e+03   7.88733984e+03
   2.10932324e+03   4.11265802e+00   1.90214050e+02   2.64425964e+02
   3.61162811e+02   1.11746279e+04   3.48231953e+04   1.89129512e+04
   3.93850049e+03   1.82601471e+01   5.33902227e+04   3.16919617e+02
   1.18369414e+04   6.46662617e+00   1.02180420e+04   1.12697205e+02
   9.09823828e+03   1.49003984e+04   8.10163116e+01   0.00000000e+00
   7.81128174e+02   8.00907166e+02   1.02909141e+04   1.62773941e+02
   2.15667651e+03   6.59902295e+03   1.98236536e+03   7.42875586e+03
   3.44665991e+03   5.01272422e+04   3.45319153e+02   0.00000000e+00
   1.17525576e+04   6.06127090e+01   4.30938037e+03   6.82312109e+04
   9.23298340e+03   2.91674744e+02   1.00934311e+02   3.12653223e+03
   1.12181152e+03   4.25336761e+02   1.07847391e+05   1.22133662e+04
   9.47524902e+03   1.24547205e+03   3.05945459e+03   2.28094751e+03
   1.13060600e+02   3.22304474e+02   5.73573633e+03   1.58039539e+03
   4.73923370e+02   3.96692108e+02   0.00000000e+00   4.62905792e+02
   5.14543266e+01   2.73287773e+00   1.48343760e+04   8.41572571e+00
   0.00000000e+00   3.42211243e+02   4.42729092e+00   1.78395361e+03
   5.82231006e+03   1.66964709e+03   1.26886680e+04   3.21621979e+02
   9.39973047e+04   3.68286328e+04   8.44559875e+02   9.43708740e+02
   1.69914478e+03   2.34449746e+04   7.68593984e+04   6.91344055e+02
   2.74313782e+02   6.89131927e+01   1.90598413e+03   7.81959717e+03
   3.54838550e+03   6.69930801e+01   4.86465607e+02   5.60565643e+01
   2.69778945e+04   4.71867773e+03   5.95039246e+02   2.47133652e+02
   8.03798279e+02   3.83350616e+02   5.36880195e+04   1.20355930e+01
   7.46790186e+03   5.77317238e+01   9.76461406e+04   1.33161074e+04
   5.29208801e+02   3.21893860e+02   5.72756100e+00   1.31288594e+04
   5.09241455e+03   8.97819824e+01   1.90057617e+02   8.04940234e+03
   9.00017480e+03   2.18273945e+04   5.75725899e+01   3.36280640e+02
   5.10644348e+02   8.97054766e+04   2.61650482e+02   6.24312866e+02
   0.00000000e+00   1.14827998e+04   2.48210039e+04   4.52107227e+03]
[  6.47633057e+02   1.73334043e+04   7.77366882e+02   1.30598730e+03
   1.70321423e+03   3.98236328e+04   2.65025604e+02   8.81473730e+03
   4.49115576e+03   3.22257246e+04   1.82271118e+03   1.93525314e+02
   3.56450806e+03   4.31078008e+04   1.65139551e+03   4.61048157e+02
   2.23437109e+03   1.08998066e+04   9.95559453e+04   7.80893677e+02
   7.87673533e-01   9.40671680e+03   2.44839035e+02   2.97491821e+03
   8.35258984e+03   3.25359154e+01   2.21742812e+04   2.20907166e+02
   1.20957471e+03   4.10895459e+03   3.33899487e+03   7.90675635e+03
   9.23283398e+03   0.00000000e+00   2.47077271e+03   1.34953690e+02
   8.59584961e+02   8.23764688e+04   1.21046507e+00   1.56547480e+04
   5.76788623e+03   2.06905685e+02   1.56716442e+01   9.72518921e+01
   8.96197754e+03   3.51187714e+02   1.12174473e+04   8.15031201e+03
   8.22522217e+02   7.92625122e+02   1.56589966e+03   1.26295972e+03
   8.46910019e+01   2.16168066e+04   2.52883457e+04   2.36215293e+04
   9.44765259e+02   1.76127617e+04   2.21030731e+02   2.41254761e+03
   9.45594177e+02   8.54983704e+02   6.25501038e+02   5.56011314e+01
   2.74206470e+03   3.76155121e+02   1.04510681e+03   1.28895782e+02
   9.19418716e+01   2.70399570e+01   1.07047656e+03   1.29856768e+04
   4.88023242e+04   4.50775337e+01   3.66975352e+04   2.80213108e+01
   1.74114532e+02   3.78506226e+02   6.02903467e+03   1.88670957e+04
   7.71472461e+03   2.63792070e+04   2.74692090e+04   2.99171699e+04
   8.32261641e+04   2.00339981e+02   1.02326990e+03   6.82450391e+03
   4.49298926e+03   2.10507988e+04   4.09414434e+00   2.36167334e+03
   1.29527710e+02   1.69858887e+04   1.28246326e+03   1.79815527e+04
   1.28924072e+04   0.00000000e+00   1.29431953e+04   2.74379639e+03
   2.01488247e+01   2.86837915e+03   6.19074478e+01   1.95363831e+03
   4.62638664e+00   4.63577652e+01   8.40677856e+02   5.10338125e+04
   6.99092712e+01   1.77330645e+04   4.13178467e+02   7.19564297e+04
   7.80863525e+03   1.07775842e+03   3.70241089e+01   1.46684363e+03
   8.04073242e+02   3.82894883e+04   4.92101593e+02   9.97647285e+00
   6.33471718e+01   7.06844666e+02   3.37346045e+03   8.50265137e+02
   6.28095337e+02   2.06611172e+04   2.80739044e+02   3.12814236e+01
   8.32743469e+02   6.68941589e+02   1.60868867e+04   6.40902832e+02
   4.69224815e+01   2.88776489e+03   1.60092358e+03   1.08517598e+04
   3.78107812e+04   0.00000000e+00   4.03471222e+02   8.82878399e+00
   2.68425584e+00   8.10771484e+01   2.11710495e+02   4.10145416e+02
   2.05671570e+02   4.36581348e+03   2.13943311e+03   9.09476429e-02
   6.36530334e+02   8.02619531e+04   2.52626160e+02   1.94417468e+03
   4.54694824e+02   1.11974277e+04   1.51762976e+03   1.60062051e+04
   3.45819321e+01   1.16393640e+03   1.50583008e+03   3.99589624e+03
   4.05642548e+02   2.86503448e+02   7.33752014e+02   8.67001801e+01
   6.43114648e+04   2.22668591e+01   1.18607574e+02   6.36686279e+03
   9.46975098e+03   1.81709043e+04   6.45186281e+00   5.66261719e+02
   9.58404102e+03   4.53024689e+02   2.28735523e+01   9.52398865e+02
   6.35102773e+04   7.55951050e+02   3.03316895e+04   2.81705737e+03
   4.52196992e+04   3.69562148e+04   2.18293285e+01   1.65895667e+03
   8.11268982e+02   1.19361830e+00   2.97050430e+04   1.28905234e+04
   2.66751900e+01   1.49627991e+02   3.67221497e+02   2.26145569e+02
   4.02994751e+03   3.13447852e+03   1.02085028e+03   1.50500830e+04
   2.34289624e+03   6.67195374e+02   3.38210220e+01   2.88306299e+03
   7.75289600e+03   1.08168945e+03   8.01711487e+02   2.86434174e+00
   5.41612988e+03   2.36520569e+02   1.09330750e+03   1.68460754e+03
   8.05649365e+03   8.52204297e+04   3.33193207e+02   4.89807190e+02
   1.92253870e+03   2.31401221e+03   9.07356949e+01   1.13975977e+04
   6.92941875e+04   3.68377136e+02   1.60824829e+02   1.60952324e+04
   1.33378955e+04   3.69804138e+02   1.61059784e+02   1.48434583e+03
   1.50139832e+02   1.06748131e+02   3.75973755e+02   5.13712807e+01
   3.64912476e+03   1.80472794e+02   1.81831921e+03   6.78615112e+01
   2.19145044e+03   5.65644722e+01   4.36157722e+01   4.08797226e+01
   4.93139313e+02   1.56658279e+02   5.42744629e+03   8.02688751e+01
   1.26964325e+02   7.76118088e+01   1.17169287e+03   4.61351211e+04
   1.77713086e+04   7.35297363e+03   3.52486328e+02   4.04790015e+03
   8.16325283e+00   3.72825012e+02   5.39026489e+02   5.13986397e+01
   7.15943115e+03   2.26921240e+03   3.23792386e+00   5.74786133e+02
   7.65424219e+03   4.83249378e+00   1.39325464e+03   8.16727982e+01
   4.97594635e+02   1.80320312e+03   5.12723816e+02   9.04748058e+00
   5.96718633e+04   1.15361182e+03   7.31747344e+04   5.05222949e+03
   9.31570898e+03   1.33689545e+02   8.96585312e+01   1.42060388e+03
   2.50216904e+02   2.78705711e+01   3.89098672e+04   8.27622375e+02
   8.49749878e+02   5.26750549e+02   4.26160352e+03   3.30572500e+04
   4.38650513e+02   2.44402679e+02   3.83840668e+02   7.49294922e+04
   6.77452576e+02   3.92709131e+03   1.63708555e+04   1.92981354e+02
   1.04611548e+03   4.61782520e+03   7.93482373e+03   9.79743848e+03
   4.22571484e+03   2.91254736e+03   3.54359703e+01   7.88324707e+02
   6.48067578e+03   8.85804688e+02   1.53709912e+04   1.65596371e+01
   2.04555664e+01   3.34755151e+03   3.39839648e+04   8.95842972e+01
   7.31748047e+03   6.62726797e+04   6.09514465e+02   2.95873853e+03
   4.20914844e+03   3.31109229e+03   1.31442094e+00   2.97988965e+03
   0.00000000e+00   1.87617422e+04   1.75032483e+03   1.56920615e+04
   4.60787292e+02   1.27310078e+04   2.34160080e+02   1.67014590e+04
   5.31026758e+03   4.37220820e+04   3.14312622e+03   2.35066699e+04
   3.79530396e+03   2.47215381e+03   1.13355762e+03   4.72099152e+02
   1.36212634e+03   4.59601898e+02   6.66981738e+03   4.20200391e+03
   0.00000000e+00   1.29209167e+03   1.77240967e+02   1.78032434e+03
   5.65714378e+01   1.03190566e+04   8.80108032e+02   4.66340977e+04
   4.29609531e+04   2.47205933e+03   5.04175873e+02   2.92998322e+02
   3.28902779e+01   2.77466797e+02   1.59372764e+04   1.68289246e+03
   1.16032080e+04   1.49580264e+04   3.52224658e+03   5.30834609e+04
   5.30703064e+02   4.46953857e+03   1.12885547e+03   8.20337646e+02
   1.98969746e+04   2.11439111e+03   1.63502920e+04   1.14301739e+01
   1.04096477e+05   8.29608093e+02   3.34795273e+04   1.49037866e+03
   6.79489551e+03   2.88629089e+02   5.86304665e+01   9.99763086e+03
   1.77372498e+02   7.43565869e+03   3.17108185e+02   1.37635071e+03
   2.15147018e+02   8.23778711e+03   1.01687616e+03   9.86318984e+04
   1.15324385e+04   1.24123047e+03   3.59543945e+03   2.04084375e+03
   1.01793347e+03   1.62220406e+05   3.97576025e+03   3.60215424e+02
   2.93866943e+02   1.28056475e+04   5.90684242e+01   2.77243443e+01
   3.44599390e+03   1.21015344e+03   5.42594336e+04   5.46304395e+03
   1.31689026e+03   5.35692383e+04   5.33671953e+04   6.40925476e+02
   2.71125519e+02   5.72137158e+03   3.93036743e+03   7.90061475e+03
   4.68517532e+01   2.79403242e+04   2.73451904e+03   2.04643274e+03
   2.95994377e+01   2.33884492e+04   1.14897133e+02   7.82707458e+02
   2.46302588e+03   3.90384863e+03   4.97237213e+02   1.87143984e+04
   1.52683701e+04   9.90391113e+02   1.21479138e+03   4.01423073e+01
   4.41065820e+03   8.96821777e+03   0.00000000e+00   7.04601379e+02
   3.69832886e+02   2.83417500e+04   7.42223193e+03   2.22285721e+02
   1.41237817e+03   1.74131152e+04   1.49598938e+03   4.40471100e+02
   1.46916162e+03   6.99382812e+03   4.86325977e+04   9.33120193e+01
   1.43064209e+04   1.61642957e+03   3.75900078e+00   8.98707642e+02
   1.18469727e+02   1.06054649e+01   2.96211289e+04   1.39340088e+02
   3.33096741e+02   1.42938919e+02   2.40750610e+02   0.00000000e+00
   1.79176235e+01   1.86600469e+04   8.17103882e+02   4.47107574e+02
   8.52420532e+02   2.35465566e+04   2.22985916e+02   9.28082153e+02
   1.47292185e+01   1.56294453e+05   5.00157617e+04   2.98026314e+01
   2.02710364e+03   1.17591465e+04   1.52925898e+04   8.50289062e+03
   2.82382285e+04   7.03057715e+03   9.99316699e+03   1.37613037e+03
   9.22007324e+03   4.08759497e+03   4.08233215e+02   6.35057640e+01
   7.03741699e+02   3.67435455e+01   3.04369287e+03   2.82022383e+04
   9.63108984e+03   2.05649043e+04   7.66787476e+02   4.58032799e+01
   6.56784424e+02   1.41500391e+03   4.78831268e+02   1.86195391e+04
   3.93004395e+03   4.45670593e+02   1.06550762e+04   1.33963287e+02
   1.25448961e+01   2.95628011e-01   5.84987939e+03   4.04041809e+02
   1.25153015e+03   1.03325391e+04   6.90098203e+04   3.68356172e+04
   1.69593965e+04   9.28552979e+02   2.38423535e+03   1.29830298e+03
   2.61561255e+03   6.97996140e+01   2.33789136e+03   1.56439819e+03
   1.59515977e+04   5.95709453e+04   1.70306335e+02   8.68627380e+02
   1.47185479e+04   2.37649824e+04   1.29107040e+02   1.08319387e+01
   8.40053894e+02   3.21727180e+01   4.74153748e+01   6.48186572e+03]
[  2.40968811e+02   2.96995296e+01   3.74028635e+00   6.88444189e+03
   1.73981995e+02   1.64688530e+01   2.23880434e+00   4.66497326e+00
   2.48706848e+02   4.33042450e+02   2.79094448e+01   3.44963165e+02
   2.20318260e+01   1.76945129e+02   1.22032417e+02   1.18630195e+00
   0.00000000e+00   1.51230331e+02   0.00000000e+00   0.00000000e+00
   2.21538574e+02   1.77383535e+04   3.21335718e+03   3.27244080e+02
   7.52645416e+01   0.00000000e+00   0.00000000e+00   4.74345032e+02
   3.89666748e+01   9.00787781e+02   2.39474927e+03   1.45563919e+02
   1.08706458e+03   8.76743927e+01   6.79626083e+00   1.40355115e+03
   7.44682922e+01   9.98822559e+03   1.38889307e+03   1.65261157e+03
   8.25352344e+03   5.20150452e+01   1.23400476e+03   2.30691016e+03
   9.41942406e+00   3.91265893e+00   3.79527368e+03   2.91526928e+01
   2.91543159e+01   8.89551849e+01   1.73246155e+01   1.66958704e+03
   2.27419972e+00   2.32540131e+02   1.96842941e+02   8.05411816e+00
   4.08032129e+03   5.43429565e+02   0.00000000e+00   1.22167023e+02
   4.66806549e+02   4.14464996e+02   0.00000000e+00   9.36718384e+02
   1.70760178e+02   1.83026282e+03   1.43012833e+02   0.00000000e+00
   4.06454803e+02   1.53308887e+03   4.38823120e+02   8.15494766e+01
   9.15823517e+01   1.06947716e+02   1.74779558e+00   7.01805359e+02
   2.57623696e+00   1.08387927e+03   0.00000000e+00   2.21897278e+02
   0.00000000e+00   1.66764278e+01   3.31898254e+02   4.16711035e+03
   7.65549927e+01   8.40624847e+01   2.12059841e+01   2.83651638e+01
   1.04187197e+04   2.31143402e+02   1.39100908e+04   1.86992203e+02
   1.95308203e+04   5.37058472e+02   1.20808518e+00   4.46283051e+02
   1.15009141e+04   1.37218833e+00   2.46589233e+03   5.79591141e+01
   2.73413745e+03   2.11303070e+02   2.65222759e+01   3.27246040e-01
   5.35593652e+03   1.30768762e+03   0.00000000e+00   1.18564713e+02
   5.33534775e+01   0.00000000e+00   7.40316105e+00   2.05927750e+02
   6.40136523e+03   5.71364258e+03   1.48669872e+01   0.00000000e+00
   2.12871973e+03   4.85970551e+02   8.14988327e+01   2.01103954e+01
   0.00000000e+00   1.66937744e+02   4.49635983e-01   1.55735898e+00
   2.68450356e+00   4.61367607e+00   2.79454021e+01   1.65199351e+00
   8.05427475e+01   5.67600049e+03   1.79169373e+03   5.90663452e+02
   1.13589621e+00   2.67195129e+01   2.89038666e+02   7.43626862e+01
   9.88733789e+03   2.09742386e+02   1.54988098e+02   8.26700516e+01
   3.32833521e+03   1.39560928e+02   7.74695282e+01   6.48109180e+03
   4.75103951e+00   0.00000000e+00   4.52035637e+01   2.80735040e+00
   8.48338318e+00   1.48357773e+02   3.92320251e+00   1.05517174e+02
   2.72405304e+02   3.74179316e+00   1.36067829e+01   2.75450182e+00
   1.37771680e+03   8.72116013e+01   2.35201141e+02   2.17593765e+01
   4.98301361e+02   4.48111450e+02   1.56627236e+04   9.01361816e+02
   1.59803235e+03   1.22380547e+04   0.00000000e+00   3.86588159e+03
   8.23694336e+02   7.90983057e+03   1.73835385e+00   4.72884229e+03
   2.36243439e+01   5.91087036e+02   1.07451563e+01   1.08411999e+01
   1.45584167e+02   1.68112507e+01   5.84997711e+01   0.00000000e+00
   5.79779005e+00   3.57491309e+03   0.00000000e+00   3.64057593e+03
   3.68811432e+02   6.64456445e+03   1.27867805e+02   1.54010563e+01
   6.72187891e+03   9.81360779e+01   2.21839275e+01   8.07295513e+00
   9.49724792e+02   1.66690674e+02   5.00286041e+02   2.75769257e+02
   2.08023472e+01   2.28120093e+03   4.53247363e+03   5.18977588e+03
   2.70141430e+01   1.00874014e+04   2.62778290e+02   1.17832390e+02
   2.81109505e+01   2.42024117e+01   4.28062061e+03   1.99380750e+03
   0.00000000e+00   1.79630029e+03   3.35341504e+03   1.87669788e+03
   0.00000000e+00   1.45410880e-01   1.36919815e+02   1.71195911e+03
   2.24155563e+02   1.36705875e+01   3.16211731e+02   2.82649384e+02
   2.16116085e+01   1.69896011e+02   1.68192200e+02   7.24425268e+00
   8.18353271e+03   7.89460303e+03   3.08094287e+00   4.93300514e+01
   1.01027794e+01   1.05585327e+03   1.84390907e+01   5.65697937e+02
   2.48384476e+02   1.51721570e+03   1.15693176e+03   5.09445953e+01
   2.57603363e+02   1.15033711e+04   5.34775972e-01   2.63851245e+03
   0.00000000e+00   1.71425293e+04   3.36292053e+02   1.02102594e+01
   0.00000000e+00   2.29255554e+02   7.29392432e+03   0.00000000e+00
   2.10659051e+00   1.67862873e+01   9.06145312e+03   3.05234623e+01
   0.00000000e+00   6.07538338e+01   5.09151840e+01   1.21561560e+03
   4.39268555e+02   2.31942368e+01   8.88703537e+00   9.14994434e+03
   1.06889515e+01   1.35529510e+02   0.00000000e+00   0.00000000e+00
   1.28939736e+00   1.02059829e+00   8.32956314e+00   7.52301331e+02
   1.70164905e+03   7.52041550e+01   1.46883667e+00   1.31972205e+03
   9.90344763e-01   1.67977168e+04   6.46989258e+03   1.58666122e+02
   6.71218701e+03   5.98998404e+00   4.57489729e+00   3.41318226e+00
   2.80965595e+01   3.53512299e+02   1.60934229e+04   1.51631775e+03
   1.31536140e+01   3.21569458e+02   2.58895605e+03   6.79265823e+01
   1.21389580e+00   2.17351685e+01   7.74618912e+01   2.40590503e+03
   3.82032349e+03   4.41533783e+02   0.00000000e+00   0.00000000e+00
   2.94357819e+02   3.13947723e+02   9.45772076e+00   1.33558130e+00
   4.41945282e+02   1.12226721e+03   1.51756523e+04   2.01771379e+00
   6.12001526e+02   0.00000000e+00   8.78242950e+01   2.15919361e-01
   1.17149678e+04   0.00000000e+00   1.14060527e+04   1.34845171e+01
   5.16052589e+01   0.00000000e+00   0.00000000e+00   8.81155273e+03
   3.27194458e+03   3.82396973e+03   8.57732239e+02   4.04976501e+01
   2.04910278e+03   8.00279694e+01   1.92045002e+01   1.66319214e+02
   5.89270020e+01   0.00000000e+00   4.41706886e+01   4.57719088e+00
   3.87320923e+02   3.27664070e+01   7.81914997e+00   3.18607520e+03
   1.98826237e+01   4.75672913e+02   3.97425171e+02   4.88232373e+03
   2.48886572e+03   1.13376880e+03   6.92640381e+03   2.58908264e+02
   1.61176575e+03   1.07805562e+00   3.21746857e+02   4.31597900e+00
   6.00334814e+03   1.59048185e+01   6.90242822e+03   2.38218079e+02
   1.11195117e+03   3.44375305e+01   3.57140007e+01   0.00000000e+00
   3.52542041e+03   5.74991913e+01   4.60368967e+00   5.63687439e+01
   5.87730957e+03   3.86316064e+03   2.97172437e+03   8.16892242e+01
   9.34065552e+01   2.16897058e+00   1.71328907e+01   2.81445007e+02
   2.12236160e+02   5.25198174e+01   0.00000000e+00   2.66906281e+02
   1.99991913e+02   0.00000000e+00   1.91369751e+02   6.59804492e+03
   4.67037239e+01   1.53876587e+02   2.14828262e+01   2.41703140e+02
   2.80549850e+01   1.34185953e+01   1.42409096e+01   8.33372345e+01
   3.50922890e+01   1.72761133e+04   5.22281742e+00   4.17985986e+03
   1.22327161e+03   6.27691467e+02   1.49537549e+03   7.56239548e+01
   3.52150708e+03   2.72116852e+02   8.74897461e+02   2.16591854e+01
   2.49858948e+02   8.92628193e+00   1.51650467e+02   1.54839993e+01
   0.00000000e+00   3.83657527e+00   1.13057625e+02   2.22279007e+02
   4.38621399e+02   1.63689600e+03   5.84825293e+03   9.91157303e+01
   4.71478043e+01   1.91599083e+01   6.37828369e+01   1.54440842e+01
   2.62121105e+01   8.45915137e+03   4.21303024e+01   1.01302872e+02
   6.23517570e+01   5.64202148e+02   3.51844312e+03   2.24015961e+02
   5.68123584e+03   3.75191345e+02   1.79421329e+01   0.00000000e+00
   2.37087695e+04   5.59202087e+02   1.56761627e+02   3.81240883e+01
   1.25239233e+03   4.25100616e+02   3.24927521e+00   2.74674273e+00
   1.82033176e+01   1.67866260e+03   8.28587598e+03   1.77463188e+01
   1.13150246e+02   1.92277759e+03   1.28573364e+03   7.48185043e+01
   1.47287474e+01   1.79159448e+03   1.25712969e+04   4.52625542e+01
   2.16609039e+01   1.19890060e+01   1.21386147e+02   2.11626862e+02
   1.37323853e+02   1.31657009e+01   7.53714258e+03   4.51767676e+03
   7.94475684e+03   6.52725637e-01   4.47788940e+02   1.82514008e+02
   2.50461621e+03   9.74274731e+00   4.43505676e+02   8.05220764e+02
   2.08031502e+01   8.98428125e+03   1.10111305e+02   3.01681543e+03
   1.68538675e-01   3.06790741e+02   1.36850784e+02   8.68839661e+02
   6.61266504e+03   3.27859116e+01   5.91288071e+01   0.00000000e+00
   1.08788264e+00   9.11221924e+02   2.60974701e+02   6.37147026e+01
   1.66326141e+02   4.43665918e+03   0.00000000e+00   3.15821484e+03
   4.65378479e+02   3.79972656e+02   7.04007227e+03   1.21131360e+03
   3.05740527e+03   1.37087964e+03   3.70325958e+02   2.37914688e+02
   2.67192841e+02   1.73747119e+03   8.64109650e+01   8.83581934e+03
   4.65699959e+00   5.14206409e+00   1.46580093e+02   6.03682617e+03
   2.07614990e+03   3.58009613e+02   5.15357513e+01   0.00000000e+00
   2.83733105e+03   7.67988831e+02   7.13861145e+02   6.33382568e+03
   7.08814774e+01   1.47811172e+02   2.07851392e+03   4.20597852e+03
   1.19599305e-01   4.53724023e+03   7.03255415e+00   2.45959915e+02
   0.00000000e+00   1.24971650e+04   6.79221106e+00   3.37364746e+02]
[  9.54379425e+01   3.99530457e+02   6.09824791e+01   5.38483337e+02
   1.78671753e+02   6.10648315e+02   8.62296829e+01   3.59772705e+02
   6.07706642e+01   5.31167336e+01   1.75053735e+03   5.35396362e+02
   2.45526953e+03   4.21388153e+02   2.62229639e+03   3.29260742e+02
   8.00192070e+00   4.77652893e+02   5.10083313e+02   6.06422852e+02
   2.12699722e+02   8.53840160e+00   2.57299438e+03   5.46269951e+01
   1.06176369e+02   3.40231934e+01   3.80871544e+01   3.51131554e+01
   5.64139600e+03   1.12240553e+01   8.11458969e+00   8.28362045e+01
   8.10710107e+03   6.16876945e+01   1.15778637e+01   4.11870117e+02
   6.15686377e+03   3.12978053e+00   4.33948708e+00   3.62842969e+03
   7.80275342e+03   3.64431915e+02   0.00000000e+00   0.00000000e+00
   2.39055228e+00   4.24512665e+02   5.27763477e+03   8.01583405e+01
   2.52373123e+01   2.43486214e+01   4.30837936e+01   1.32193497e+02
   5.09403412e+02   4.96765961e+02   7.07984253e+02   3.17855151e+03
   1.01867352e+01   1.39352674e+01   2.78261597e+03   6.54397070e+03
   7.41633667e+02   3.65291473e+02   8.22638770e+03   1.33736267e+01
   2.26126218e+00   2.92351562e+02   1.94816837e+01   7.98701935e+01
   1.10428171e+01   2.42695389e+02   1.89639563e+03   1.44722168e+03
   4.18352478e+02   5.94474030e+01   5.52853851e+01   8.09042603e+02
   1.02478081e+02   7.03133179e+02   3.65036792e+03   8.91876698e+00
   3.98896122e+00   6.66723694e+02   3.70862695e+03   1.30788208e+02
   9.13028625e+02   6.19631689e+03   5.28136826e+01   4.92008553e+01
   4.48786230e+03   2.04412949e+02   2.57411926e+02   5.18712097e+02
   0.00000000e+00   3.66501001e+03   4.07048655e+00   3.03731308e+01
   4.00693451e+02   3.25282080e+03   1.42126709e+02   1.00536095e+02
   1.22611654e+00   8.68607941e+01   1.91578033e+02   1.38798208e+01
   1.98257849e+03   0.00000000e+00   2.64677029e+01   4.82193311e+03
   3.74722070e+03   1.16939323e+02   2.91563080e+02   1.95483112e+01
   2.39437280e+03   1.17625952e+03   5.02248108e+02   9.67939019e-01
   4.30162735e+01   2.35613823e+01   2.69538013e+03   3.34336700e+01
   2.76948185e+01   2.37671167e+03   2.70000994e-01   3.18070450e+01
   1.82456512e+01   4.20642548e+02   1.12389854e+02   2.01515137e+02
   5.06988379e+03   4.89940763e-01   7.37883972e+02   2.76032397e+03
   1.66607092e+03   1.04715481e+01   1.17159043e+04   0.00000000e+00
   2.99264774e+01   9.97598938e+02   1.04210899e+02   1.14961662e+01
   3.92246069e+03   0.00000000e+00   7.18695923e+02   4.36334457e+01
   4.30869263e+02   7.18895960e+00   0.00000000e+00   3.89419794e+00
   1.21377230e+00   1.32526535e+02   1.06797018e+01   2.96942505e+02
   5.61095398e+02   3.06244702e+03   2.24873932e+02   8.33474915e+02
   1.16370850e+03   1.04840410e+00   2.05149585e+03   3.93743195e+02
   2.57316724e+03   5.86160156e+03   1.35095537e+00   2.92947662e+02
   4.46405469e+03   1.15044275e+03   4.57794861e+02   4.17232933e+01
   4.51683006e+01   1.74344360e+03   5.93705139e+02   3.24587762e-01
   3.65524658e+02   9.40842056e+00   4.14917297e+01   5.29905663e+01
   1.36977291e+00   3.40838037e+03   9.48318787e+01   1.42199326e+01
   1.50407257e+02   3.98107414e+01   5.48923779e+00   3.35521698e+01
   5.09951904e+03   1.47834289e+00   4.49557457e+01   0.00000000e+00
   1.14748681e+00   2.75663662e+01   1.25292635e+01   2.78895294e+02
   3.85337105e+01   2.56127930e+02   9.85342957e+02   2.98514557e+02
   5.40590759e+02   2.73723469e+01   1.76347763e+02   3.63464165e+01
   6.35231056e+01   1.23297844e+02   1.36392498e+00   1.08519959e+00
   1.03622475e+02   4.24600449e+01   1.11220539e-01   6.75149460e+01
   5.42946510e+01   2.63432446e+01   2.15758813e+03   5.00058746e+02
   0.00000000e+00   3.91999811e-01   1.24175011e+02   8.90319595e+01
   1.20190399e+02   1.93200354e+03   3.68935669e+02   4.86853104e+01
   2.02526276e+02   1.50627307e+03   1.02458588e+02   8.05485413e+02
   1.21251358e+02   1.01826019e+01   2.52844238e+03   6.93370132e+01
   3.58129199e+03   7.31014307e+03   4.92806689e+03   4.70041885e+01
   0.00000000e+00   2.62834473e+02   4.04792786e+02   3.65439893e+03
   1.45247058e+03   1.62212696e+01   3.39802759e+03   1.61262741e+02
   7.04524307e+01   1.14216080e+02   9.30821106e+02   8.99060786e-01
   4.62519409e+02   7.24012268e+02   2.20423752e+02   0.00000000e+00
   4.51290833e+02   1.47923336e+01   0.00000000e+00   2.73399597e+02
   1.70875903e+03   3.95905471e+00   3.20383606e+01   5.63477734e+03
   1.65637136e+00   3.17623230e+02   4.32689953e+00   4.15190277e+01
   3.89064380e+03   0.00000000e+00   9.50347461e+03   3.64726410e+01
   7.57235489e+01   2.24583405e+02   4.61593781e+02   1.04238611e+03
   1.29138275e+02   1.53720422e+03   1.44360580e+02   6.00626709e+02
   0.00000000e+00   6.29059672e-01   4.72686539e+01   4.86326599e+01
   1.85539742e+01   3.99210396e+01   1.11082727e+03   1.89917004e+03
   9.64799500e+00   2.47629666e+00   1.74972168e+03   3.96963429e+00
   1.72994099e+01   2.24018433e+03   3.27734222e+02   0.00000000e+00
   7.26545996e+03   1.39779724e+02   9.46446896e+00   5.01898336e+00
   4.50760254e+02   1.79845679e+03   4.53328369e+03   5.36924744e+01
   3.17425903e+03   2.98355164e+02   1.16412178e+02   7.89034851e+02
   3.64637817e+03   7.18915039e+02   1.27135551e+00   3.16543369e+01
   7.36592773e+03   2.43986475e+03   1.02772734e+04   6.99087769e+02
   8.81241512e+00   5.28029175e+02   2.11612198e+02   3.45847816e+01
   1.77779865e+00   1.06882202e+02   2.63240376e+01   1.44200378e+03
   1.65673804e+03   8.80668106e+01   1.09269202e+03   3.39519930e+00
   8.20987880e-01   3.40401587e+03   2.38253078e+01   4.38468848e+03
   9.13384323e+01   5.09613098e+02   5.98242645e+01   1.08477316e+01
   1.12024012e+01   8.27312469e+01   7.68708658e+00   2.08860970e+00
   5.32860298e+01   5.28275833e+01   3.80665985e+02   5.05368376e+00
   7.06679688e+02   3.16335571e+02   2.04364532e+02   4.09208789e+03
   2.88602368e+03   1.45730273e+03   1.37944153e+03   1.92347860e+00
   5.90172729e+02   1.24067798e+03   1.05590222e+03   8.14228592e+01
   5.54085083e+01   3.32313623e+03   1.68224411e+01   0.00000000e+00
   4.09601025e+03   3.83337555e+01   1.44494897e+03   4.85433722e+00
   2.96026709e+03   8.33229736e+02   8.15041580e+01   1.71604034e+02
   2.17673721e+01   1.93135834e+01   1.43952255e+02   3.13675317e+03
   2.01418298e+03   2.87830200e+01   4.56787186e+01   4.78460426e+01
   1.17070589e+01   4.17912275e-01   5.06661084e+03   0.00000000e+00
   5.61053772e+02   4.04569360e+03   0.00000000e+00   2.69952484e+02
   7.90036011e+02   7.33087939e+03   1.57933685e+02   2.57739380e+02
   4.50438629e+02   5.58602219e+01   1.37045395e+02   1.25746330e+02
   4.45823120e+02   9.57297058e+01   3.77849340e+00   4.84270691e+02
   2.60992139e+03   2.37413082e+01   7.47254199e+03   8.17013168e+01
   1.07445667e+03   2.93257236e+01   0.00000000e+00   7.61839294e+01
   1.11294162e+00   1.45027206e+02   4.63732697e+02   5.29227356e+02
   1.52019458e+03   1.66642776e+02   2.84727097e+01   2.93989697e+03
   2.94651587e+03   2.72716431e+02   9.12148682e+02   2.61687875e-01
   1.68027206e+02   1.01247441e+04   1.35865585e+02   4.92923828e+02
   1.84900330e+02   5.12247181e+00   1.41626272e+01   0.00000000e+00
   1.28656653e+03   4.68497461e+03   1.56853833e+03   1.87339246e+03
   1.16582779e+02   4.45308037e+01   7.90737549e+02   2.84316298e-02
   1.78312244e+01   2.20202866e+01   1.72104416e+02   2.79326538e+03
   6.21616821e+02   6.96567139e+02   8.16537305e+03   4.58507347e+01
   5.81735725e+01   2.50853979e+03   5.42598763e+01   1.91420898e+02
   2.04642004e+03   1.86868076e+01   4.44449585e+02   2.47937210e+02
   1.98223629e+01   8.96779022e+01   6.59078445e+01   1.02035477e+02
   5.31336555e+01   3.99192017e+02   1.20603249e+02   2.42404670e-01
   2.69800396e+01   4.76962433e+01   2.71672750e+00   1.67357202e+03
   1.08680449e+04   1.50066235e+03   5.08571205e+01   9.34421692e+02
   1.12607246e+04   8.68294983e+01   3.45134839e+03   7.77200317e+01
   7.58945190e+02   1.51455933e+02   3.82323074e+01   1.26296401e+00
   1.29309509e+03   7.19935120e+02   1.59484558e+02   5.02880322e+03
   9.86742969e+03   1.16541455e+03   3.28971434e+00   5.21994209e+01
   2.65263691e+01   4.94258423e+02   4.60318851e+00   1.20332739e+03
   2.51829376e+02   1.17439437e+00   4.00306282e+01   2.05066586e+00
   1.35545273e+02   7.80256958e+02   2.88021301e+02   1.01036298e+03
   9.29628296e+01   1.20507300e+00   9.21912289e+00   1.04282656e+04
   2.78880382e+00   1.10118736e+02   3.99323059e+02   9.50246948e+02
   0.00000000e+00   0.00000000e+00   1.18587578e+02   1.15248077e+02
   2.50382309e+01   1.03932898e+03   1.78287280e+03   4.39793994e+03
   1.64624304e+03   2.43741272e+02   3.71419952e+02   2.38763843e+03
   1.25440613e+02   0.00000000e+00   2.32313576e+01   6.56268604e+03
   1.32198120e+02   4.37814484e+01   3.07699982e+02   3.74072852e+03]
[  5.19653076e+02   2.47773933e+01   2.97036386e+00   1.10501728e+01
   9.81676483e+01   1.69977026e+03   4.76283379e+01   5.77872849e+00
   6.93377876e+00   9.20949036e+02   4.11531258e+01   3.32533150e+01
   1.79632776e+03   9.54361267e+02   3.47296692e+02   0.00000000e+00
   5.68895721e+01   6.47985779e+02   2.29843399e+02   2.06310606e+00
   2.37942600e+01   0.00000000e+00   3.66824951e+01   2.08016162e+03
   2.69974232e+00   4.30364847e+00   2.02401352e+00   2.87273159e+01
   5.47907686e+00   4.28714386e+02   5.24594231e+01   4.66359377e-01
   3.12878113e+02   1.67865829e+01   3.46069336e+03   2.85994189e+03
   5.08397770e+00   1.03778613e+03   3.48971901e+01   8.32508240e+01
   1.03013783e+01   5.46983604e+01   1.18343725e+01   2.51244583e+02
   1.52574196e+01   1.63604950e+02   1.24322546e+03   1.04462810e-01
   1.00609596e+02   3.59383926e+01   1.02792603e+03   6.34181738e-01
   3.68606911e+01   3.22256160e+00   0.00000000e+00   9.79172611e+00
   1.05965939e+01   1.15607100e+01   8.79732666e+01   9.77383957e+01
   1.42831745e+01   2.27479897e+01   1.01124411e+01   2.16844788e+01
   4.58205719e+01   2.66967888e+01   9.86020737e+01   2.22869253e+00
   1.90120006e+00   9.44609146e+01   6.38300591e+01   2.53874072e+03
   4.34616966e+01   1.33722607e+04   2.07689966e+03   9.36421967e+01
   1.13620701e+01   2.21465359e+01   1.54449387e+02   1.31355631e+00
   2.14203091e+01   5.96144180e+01   7.19142056e+00   1.04199677e+01
   7.66742630e+01   0.00000000e+00   1.51050903e+03   7.80799532e+00
   1.49458939e+02   1.13186407e+01   1.29589447e+02   3.61767387e+01
   1.35029306e+01   2.66226074e+02   1.94057648e+02   5.36577072e+01
   1.33546400e+01   6.89370270e+01   1.00267761e+02   4.95576553e+01
   7.30560273e-02   5.17465782e+01   5.35554848e+01   2.21044445e+01
   4.31747913e+00   7.48715281e-01   4.31396770e+00   3.14745557e+03
   8.71916389e+00   5.49721360e-01   3.48332764e+02   5.94213104e+00
   9.90883923e+00   3.94920158e+01   0.00000000e+00   0.00000000e+00
   1.05445738e+01   8.84399948e+01   2.56678491e+03   6.32549345e-01
   2.91049774e+02   2.15019341e+01   8.73215914e-01   1.02745838e+01
   2.01934147e+00   1.68630137e+04   1.52358508e+00   4.11402969e+01
   7.81129761e+02   5.63385086e+01   1.51199427e+01   2.51098312e+02
   3.90427460e+02   6.89186478e+01   4.27277783e+03   5.47175646e+00
   5.41851521e-01   5.24603939e+00   1.28773315e+03   1.28944702e+02
   2.18853798e+01   1.80032410e+03   1.02337039e+00   1.27307031e+03
   1.66955299e+01   8.33116684e+01   3.95130730e+01   3.33288239e+02
   8.24727417e+02   7.62677383e+01   3.70227814e+01   8.44857056e+02
   3.20552368e+01   8.19217834e+01   9.38290527e+02   1.67347984e+01
   3.90187569e+01   0.00000000e+00   6.71041441e+00   1.52283728e+03
   6.12390283e+03   5.04522803e+03   4.97372061e-01   1.37373323e+01
   3.90424614e+01   1.50784612e+00   5.14862862e+01   3.52415123e+01
   9.89996624e+00   3.61275864e+01   7.92257996e+01   1.24619925e+00
   3.73228081e-02   1.33988672e+03   2.32697449e+01   5.28195648e+01
   5.42892361e+00   1.08582821e+01   8.35901794e+01   7.92198364e+02
   2.67674286e+02   3.77591057e+01   6.33046082e+02   1.52542969e+02
   1.27037788e+02   1.51516144e+02   1.32217083e+01   2.20180559e+00
   7.71965561e+01   1.34988876e+02   1.21857536e+02   2.23082960e-01
   8.43865332e+03   1.25847580e+02   0.00000000e+00   4.04065018e+01
   2.95641880e+01   4.41769867e+01   5.60336761e+01   2.07463989e+03
   3.48905792e+01   3.95207977e+00   2.22699780e+03   9.55334091e+01
   2.06665349e+00   1.98774281e+01   2.58523657e+03   2.31377125e+01
   5.10407791e+01   2.23494354e+02   1.74404373e+02   7.01015055e-01
   4.59207581e+02   1.94731960e+01   1.32291870e+02   2.83541199e+02
   7.36328006e-01   2.31514236e+02   4.02487354e+03   6.35614197e+02
   0.00000000e+00   7.34338665e+00   3.72158852e+01   1.38207541e+01
   4.30520897e+01   1.04395642e+03   1.19396713e+02   5.15437775e+01
   2.89143610e+00   3.54874878e+01   3.96574211e+01   1.56657349e+03
   7.91038879e+02   5.51637146e+02   0.00000000e+00   0.00000000e+00
   7.03229828e+01   4.19141895e+03   2.70145947e+03   1.11582136e+01
   1.93698101e+01   1.17633606e+02   4.66562614e+01   1.63550556e-01
   3.94662428e+00   3.99721265e-01   1.25859937e+03   1.73321385e-02
   1.67337570e+02   9.25378342e+01   1.35166370e+03   1.25912321e+00
   8.17647457e+00   1.73802734e+03   1.07359961e+03   6.42219782e+00
   1.55110064e+01   6.42599716e+01   1.37965491e+03   1.27899414e+02
   1.50381714e+02   2.55021019e+01   1.13204944e+03   4.25619888e+01
   1.93921566e+01   0.00000000e+00   2.21881012e+02   2.32694244e+01
   1.68937957e+00   4.88609085e+01   2.27144849e+03   1.24271667e+03
   4.11651306e+01   4.14124680e+00   1.47939896e+02   4.19015160e+01
   3.44966187e+02   2.71216202e+01   2.16084309e+01   0.00000000e+00
   1.06211877e+03   1.51553940e+02   2.36227608e+00   2.44101978e+03
   5.65955353e+01   4.15882263e+01   4.21566868e+00   3.02728195e+01
   1.58834808e+02   1.19305168e+02   8.71380676e+02   5.51952515e+01
   4.63387728e+00   7.44668961e+01   5.56768799e+01   2.65279388e+02
   2.76315746e+01   1.38018909e+03   1.05158405e+01   6.89283789e+03
   2.54293655e+02   4.44995079e+01   2.28966284e+03   6.29518738e+02
   2.12668518e+02   1.16825211e+02   1.21442184e+01   8.01836121e+02
   3.94300804e+01   8.26590729e+01   0.00000000e+00   5.31236992e+01
   2.49957943e+01   3.03637329e+02   2.29174731e+03   8.17858429e+01
   2.26162036e+03   7.86573291e-01   1.83287366e+03   1.51533108e+01
   3.50221741e+02   5.07818375e+01   1.38711121e+02   3.23557007e+02
   1.03277229e+02   6.52690353e+01   7.51687527e+00   1.52331604e+02
   1.73501129e+01   4.14169426e+01   1.20261714e-01   1.50841303e+01
   0.00000000e+00   4.09944366e+02   3.51826692e+00   9.02892578e+02
   4.23724222e+00   1.84751907e+02   7.78491974e+01   8.15259644e+02
   6.88479233e+01   7.44003963e+00   1.67994858e+02   2.94952393e+01
   0.00000000e+00   3.78975797e+00   3.20279884e+01   4.35038795e+01
   1.49456415e+01   2.22264500e+01   3.18495884e+01   1.25241756e+00
   0.00000000e+00   5.59638977e+01   4.41169052e+01   7.39040234e+03
   9.76702271e+01   4.26095200e+01   3.59978828e+01   2.34962902e+01
   0.00000000e+00   2.00397202e+02   5.26042328e+01   1.67541290e+02
   1.98174670e+03   2.67503452e+00   3.27165833e+01   2.53865027e+00
   1.61565720e+02   4.81705627e+01   1.69174492e+00   4.16936066e+02
   2.37588825e+01   0.00000000e+00   1.45417948e+01   4.29089975e+00
   1.69668665e+03   6.90636539e+00   2.92966843e+01   7.37196684e+00
   4.93761292e+01   3.79471313e+03   9.97852234e+02   0.00000000e+00
   3.48266083e+02   6.37487640e+01   1.56695547e+01   1.63099244e-02
   2.37800903e+01   0.00000000e+00   3.20777661e+03   6.21750107e+01
   1.06933487e+02   1.02237534e+02   1.02397150e+03   8.70784058e+02
   8.38973808e+00   5.23791466e+01   2.37568588e+02   1.25576770e+03
   6.52576218e+01   3.09569988e+01   5.58520889e+00   2.70373017e-01
   9.93011780e+01   1.63659888e+03   1.34558048e+01   1.08416336e+02
   6.28664474e+01   1.82924377e+02   8.87282166e+02   8.77484680e+02
   2.34178185e+00   1.38835486e+03   6.99116577e+02   0.00000000e+00
   5.61054840e+01   2.27114391e+00   1.49563196e+03   7.26741123e+00
   7.13630493e+02   4.35241394e+01   1.06334335e+02   2.62265158e+00
   1.68410816e+01   8.97131348e+02   5.75911827e+01   2.06620903e+01
   1.27940146e+04   2.89277588e+02   1.00662010e+02   7.20164299e+00
   7.65606689e+01   1.38143359e+03   5.08099937e+01   2.71285938e+03
   1.44488391e+03   9.86675797e+01   8.59148178e+01   5.17468758e+01
   1.38157368e+00   1.06082971e+03   1.03207497e+02   6.72932892e+01
   1.94145660e+01   1.04988396e+02   4.08361293e-03   1.19070496e+02
   5.63405571e+01   6.03641224e+00   5.63570881e+00   2.21841087e+01
   9.08836424e-01   1.56694534e+02   5.56082344e+01   3.66828564e+03
   2.43723564e+01   2.58481958e+03   2.74023560e+02   3.08682957e+01
   1.14433907e+02   1.11086060e+03   6.96920347e+00   7.42202454e+01
   1.98270959e+03   4.97299880e-01   1.07247034e+03   2.15993256e+02
   6.77732754e+00   2.81637993e+01   1.52273895e+02   7.58435745e+01
   1.12918835e+03   2.79430713e+03   5.96266136e+01   3.02024634e+03
   1.90667462e+00   1.23099655e-01   7.88727760e+00   1.91318727e+00
   4.84554291e+01   6.47740698e+00   1.60929248e+03   0.00000000e+00
   1.98585724e+02   1.85513744e+01   6.24372063e+01   3.26674268e+03
   8.18532944e+00   0.00000000e+00   1.05229652e+02   1.29709015e+02
   1.18961922e+02   7.68216370e+02   6.43869446e+02   1.23981921e+03
   5.65818359e+02   2.30311874e+02   8.12705002e+01   2.17219410e+01
   3.77705127e+03   1.85352821e+01   2.93695259e+00   1.56563721e+03
   3.17852287e+01   2.46205704e+02   1.52065659e+01   1.83601730e+02
   5.89868347e+02   7.07132019e+02   1.31894250e+03   3.92971945e+00]
