bicycle
bus
car
motorbike
person
[ 12470073.      4167933.25   33014254.     12216046.     36489516.
   3344221.75   11408803.      4060084.5    13779948.      7717554.
   8657469.     20064242.     13252739.      7391278.5    11613814.
   7580096.     10373571.      7339544.     37378164.      9134506.
   3140177.75   17067952.      4729495.5    20178182.      4286631.
  11181482.      6980215.      8431426.      2841672.25   12031296.
  20959142.     20431414.     36190504.      1427352.75   19576124.
   1396143.875  12684639.      3819338.5     7359833.      2732896.75
   9188946.     11132048.     27616674.     41330468.      9071863.
  21673570.     10279018.     12787068.      2764748.75   32324060.
  21027614.      9165297.     12938776.     11564102.      8126136.
  13855763.     21918964.      9605464.     10375226.      5447164.
   3759402.      1930258.75   14185714.      3360780.25 ]
[  2.19592020e+07   9.09416600e+06   1.95717800e+07   4.30399250e+05
   6.66870300e+06   2.46287075e+06   6.77338850e+06   6.29047656e+03
   7.53493100e+06   2.52782800e+06   2.60186300e+07   2.24252580e+07
   5.19207422e+04   7.74720188e+05   1.97615000e+07   1.27342490e+07
   3.83770950e+06   3.00176000e+07   1.05441110e+07   8.52055300e+06
   1.77172562e+05   2.90972320e+07   6.37506000e+05   2.68223840e+07
   4.57868125e+05   3.01387840e+07   3.52734300e+06   9.01745875e+05
   1.34789590e+07   5.67669238e+03   1.92567360e+07   6.14294453e+04
   6.06952500e+05   1.24815510e+07   7.28253400e+06   3.41885500e+06
   1.77123016e+05   6.82326500e+06   1.55656490e+07   1.20049630e+07
   5.59561250e+06   3.92040250e+06   1.41026725e+06   8.45525000e+06
   2.64395680e+07   1.35836970e+07   2.99392344e+05   2.79382700e+07
   1.55978070e+07   2.09469638e+06   2.39698800e+07   1.60542240e+07
   3.33064860e+07   1.62356690e+07   1.23308912e+06   1.27849400e+07
   1.34144110e+07   4.43520760e+07   3.61571550e+06   1.08350150e+07
   1.97156880e+07   2.19327954e+03   1.46472200e+07   3.68417040e+07]
[  2.45738450e+06   7.62865650e+06   6.24700703e+04   5.70185312e+04
   1.61297539e+04   2.80334590e+04   1.31120266e+05   3.85355425e+06
   1.59618027e+04   1.27783412e+06   4.49455400e+06   8.46565062e+05
   6.43893812e+05   1.40561962e+06   1.04646729e+04   4.06085820e+04
   1.74976900e+06   2.55306609e+05   3.60548656e+05   5.04664750e+06
   1.24606575e+06   4.39150781e+03   6.48314300e+06   9.82812500e+06
   6.28799900e+06   0.00000000e+00   4.58717688e+05   3.76875800e+06
   1.00846912e+06   3.93843025e+06   1.19236816e+04   8.89959800e+06
   3.87741688e+05   2.98746475e+06   1.77143875e+06   2.85795725e+06
   1.99176500e+05   1.28950160e+07   2.43056325e+06   5.31601221e+03
   3.88147975e+06   3.93664350e+06   3.16699850e+06   9.80275100e+06
   2.37890725e+06   5.27490078e+04   6.55421800e+06   2.22011445e+04
   1.61912238e+06   4.81524500e+05   1.55883400e+06   3.53951250e+04
   2.31384450e+06   8.15967562e+05   1.13193060e+07   7.55827950e+06
   1.66119875e+06   6.49502881e+03   1.16347484e+05   1.95085328e+05
   2.12376975e+06   1.05978930e+07   5.78513450e+06   1.94004888e+06
   1.26921350e+07   1.49214188e+06   8.66279200e+06   4.13975325e+06
   1.86156312e+05   8.66439625e+05   4.94661600e+06   7.41453550e+06
   9.18859688e+05   1.43590984e+05   0.00000000e+00   1.61949875e+06
   1.99035656e+05   3.65894225e+06   3.94117950e+06   2.62221844e+05
   1.33292217e+04   5.27367500e+06   3.31068075e+06   3.38642212e+03
   2.46666900e+06   5.53839950e+06   3.97132375e+06   3.77265918e+03
   3.60402750e+06   7.94367625e+05   5.16556500e+06   3.88873350e+06
   4.33666906e+05   3.93764025e+06   6.90566250e+05   5.47647850e+06
   7.93484717e+03   2.16772825e+06   1.04903812e+06   9.78667109e+04
   2.80084475e+06   7.11579562e+05   2.28343688e+05   7.33702625e+05
   6.49570166e+03   4.56858219e+05   8.67934219e+04   7.49927375e+05
   3.00571250e+06   1.50807656e+05   9.12535234e+04   4.87572150e+06
   6.71250188e+05   6.75353700e+06   3.12242500e+06   4.95372650e+06
   2.12237450e+06   5.19473000e+05   1.77960662e+06   5.13487000e+05
   3.05682150e+06   4.31010850e+06   1.12376836e+05   5.07678950e+06
   1.03465050e+06   1.92840625e+04   1.52864840e+07   1.00717822e+03]
[  2.62503725e+06   2.01204188e+06   2.20188766e+05   0.00000000e+00
   9.29724219e+03   2.23061650e+06   7.55183250e+05   1.17931875e+06
   1.04669650e+07   3.37992250e+06   7.28399300e+06   6.05876550e+06
   2.01296100e+06   4.98659562e+05   1.17353867e+04   1.68076038e+06
   1.76948838e+06   2.30374800e+06   1.66085400e+06   7.00464746e+03
   5.74175500e+06   2.19402575e+06   2.01633750e+06   2.85266289e+04
   9.28041875e+05   1.26947188e+05   1.01283869e+06   4.12630575e+06
   8.69893750e+04   3.57772000e+06   3.99153633e+04   9.72182200e+06
   3.19837675e+06   3.85227938e+05   1.28540875e+06   1.59301612e+06
   2.86274725e+06   8.44322500e+06   1.08459992e+05   4.17098164e+04
   1.87948812e+06   1.85923711e+04   1.59336816e+04   3.66372719e+05
   8.70087312e+05   5.81685300e+06   5.50369650e+06   3.73568950e+06
   1.88733162e+06   9.37126000e+06   2.69962175e+06   3.31241950e+06
   5.36914200e+06   9.47016812e+05   7.72868984e+04   9.88252734e+04
   3.48698600e+06   4.54850250e+05   3.27997009e+02   3.22382350e+06
   2.41206175e+06   5.82762400e+06   4.22331450e+06   2.27217900e+06
   1.93692328e+05   8.16693550e+06   1.24988320e+05   2.71300325e+06
   3.35257300e+06   6.84548650e+06   1.79001675e+06   9.57229200e+06
   6.48250250e+06   5.78451350e+06   1.29877720e+07   2.07608057e+03
   2.85755300e+06   2.27777725e+06   1.07626660e+07   3.01194350e+06
   2.63663600e+06   2.49044844e+04   5.93654050e+06   2.20994500e+06
   6.82078828e+04   4.97337250e+06   4.14831438e+05   3.27236300e+06
   1.00114195e+05   4.90692812e+05   4.11123555e+04   5.93733750e+06
   1.97094188e+05   6.72394400e+06   1.09379425e+06   1.76764238e+06
   3.25137062e+05   5.13933150e+06   5.79452250e+05   9.35669700e+06
   8.60016406e+04   1.04338234e+05   1.17873250e+07   6.10327698e+02
   7.66632344e+04   1.05154380e+07   1.92585625e+06   5.63297950e+06
   6.38098200e+06   6.20052950e+06   5.19040576e+03   3.21950925e+06
   1.65120094e+05   1.62279730e+07   4.03133425e+06   6.23602812e+05
   5.36669625e+05   2.61360000e+06   2.21477227e+04   3.03470137e+04
   1.06624650e+07   1.83808412e+06   2.30913652e+04   6.22554150e+06
   3.53970050e+06   1.52131825e+06   1.04419440e+07   7.06212850e+06]
[  0.00000000e+00   7.37301318e+03   9.96160562e+05   6.06253271e+03
   2.01832727e+03   2.51616943e+03   1.88218140e+03   6.63154907e+01
   1.54976000e+06   2.54283691e+04   4.37540558e+02   9.61668457e+03
   0.00000000e+00   4.55269961e+04   2.81084648e+04   3.29639941e+03
   2.67215742e+04   7.25438750e+05   4.97936719e+03   2.24596621e+04
   2.26029434e+01   6.26688867e+03   5.24684938e+05   6.19585645e+03
   1.39220957e+04   1.20705359e+03   1.35279688e+06   0.00000000e+00
   4.13556592e+03   8.97995996e+03   2.70250830e+03   4.55482208e+02
   0.00000000e+00   4.90571875e+05   4.04275352e+04   1.23042638e+06
   1.64491775e+06   5.56584375e+03   5.05767731e+02   2.33073267e+03
   5.55296973e+03   1.43879492e+03   4.63727734e+03   3.40621312e+05
   8.84964062e+03   6.52983826e+02   2.11203480e+01   3.94310669e+02
   4.63903516e+04   1.86915625e+04   1.45953252e+04   4.75715179e+02
   1.19462888e+06   4.96501125e+05   4.17228485e+02   9.22790391e+04
   4.35021000e+05   8.81552562e+05   1.21114734e+03   0.00000000e+00
   3.55407734e+04   1.29782207e+04   4.07401406e+05   4.00143984e+04
   9.23313599e+01   8.32905078e+03   6.94467468e+02   1.04834094e+03
   4.53108154e+03   8.62276953e+04   1.08789488e+06   1.12321012e+06
   0.00000000e+00   1.80478496e+04   1.45631361e+01   2.65526642e+02
   8.72146289e+03   1.90653594e+05   3.93333094e+05   7.26107031e+04
   1.40908672e+05   3.04152832e+03   1.01886182e+04   5.58951758e+03
   1.52159975e+06   1.73709475e+06   4.25410969e+05   1.23009650e+06
   4.92209766e+04   3.35966309e+02   3.65671411e+03   4.29972500e+04
   2.60074656e+05   7.02312207e+03   0.00000000e+00   3.19666016e+03
   1.05036074e+04   6.40152062e+05   1.94514233e+03   2.96174180e+04
   1.87609180e+04   1.43421895e+04   1.14633050e+06   4.62502109e+04
   5.95142920e+03   4.18351953e+03   6.94298828e+03   2.48459375e+03
   6.41419220e+01   6.25973242e+04   5.85260750e+05   1.71890234e+04
   0.00000000e+00   1.57720674e+04   1.34461855e+04   2.06346753e+03
   0.00000000e+00   1.53465625e+04   1.98200037e+03   1.61801550e+06
   3.34181836e+04   4.72396326e+00   1.00237676e+04   1.78711182e+03
   4.18144092e+03   1.01227100e+06   3.41012177e+02   0.00000000e+00
   5.47788250e+05   1.63469092e+04   9.38988770e+03   5.16863037e+03
   1.57194834e+04   1.07387175e+06   2.45564613e+01   2.88247119e+03
   2.16483175e+06   5.63589750e+05   9.65464551e+03   0.00000000e+00
   1.52519502e+04   4.47734814e+03   4.40704199e+03   5.59005312e+05
   3.26982483e+02   1.47214238e+06   1.94856824e+03   1.63491504e+03
   1.21599242e+05   2.42930851e+01   6.13331934e+03   4.69768701e+03
   8.81140781e+04   9.87894297e+04   7.08705562e+05   3.47999805e+03
   3.59472437e+03   2.80587531e+05   7.13654312e+05   1.68034375e+05
   8.04268372e+02   8.85978906e+04   9.39879188e+05   1.04755752e+04
   2.41244883e+04   1.74362050e+06   1.10127900e+06   1.17463586e+05
   5.22921016e+04   1.07140712e+06   1.12588488e+06   2.72704443e+03
   3.82264795e+03   3.02905250e+05   1.10172080e+04   4.34392627e+03
   1.43075988e+06   3.13841577e+03   1.83299725e+06   7.18509766e+04
   4.68619594e+05   1.00411398e+05   3.33657406e+05   1.32124209e+04
   8.98412500e+03   4.96885449e+03   5.59056328e+04   3.79741016e+04
   7.31202562e+05   5.15474365e+03   3.58737451e+03   1.14539275e+06
   1.09203278e+02   6.30671438e+05   5.65458755e+01   1.04315812e+06
   1.11768896e+04   2.67323375e+05   1.37130888e+06   7.44579312e+05
   7.77559387e+02   1.22394238e+06   8.04750188e+05   5.61708679e+02
   7.89202344e+04   7.45834900e+02   1.17192273e+03   5.07108154e+03
   6.38233398e+02   5.94135312e+05   4.16682781e+05   1.41685388e+06
   3.49987622e+03   2.50433574e+04   7.34942093e+01   2.20601582e+04
   7.53504333e+02   9.02466562e+05   3.39535781e+04   6.97880325e+01
   1.10473547e+03   3.50342749e+03   7.75857178e+02   1.10962398e+05
   3.22031188e+05   0.00000000e+00   3.49113373e+02   1.52317906e+05
   4.48987366e+02   6.72605438e+05   2.25967832e+04   2.96875427e+02
   8.28912938e+05   9.34075488e+03   8.51182000e+05   5.97264771e+02
   1.39919507e+03   8.06591250e+04   6.54418062e+05   7.99637024e+02
   4.86793094e+05   8.05961688e+05   4.79732941e+02   2.32490524e+02
   1.84612109e+04   2.64684619e+03   1.04131921e+03   4.98690576e+03
   1.42013623e+04   5.20945156e+05   1.14888340e+04   1.85434937e+03
   2.40927393e+03   1.99078232e+02   7.97422668e+02   4.45651562e+05]
[  1.26858812e+06   1.50876387e+04   1.38930457e+03   2.19039087e+03
   1.15477012e+06   1.24570288e+06   1.37444203e+05   5.81536255e+02
   8.27152148e+03   8.82469299e+02   8.06905701e+02   5.82098193e+03
   3.93757349e+03   1.77484004e+04   7.84682373e+03   4.16816992e+03
   1.94759796e+02   4.71993164e+02   7.74915250e+05   4.83117344e+04
   0.00000000e+00   1.73205475e+02   6.15347473e+02   4.88290906e+05
   2.57943306e+01   1.01357855e+03   2.64007521e+00   3.60166094e+05
   1.68478398e+04   2.08567703e+02   1.31738223e+04   5.41144287e+03
   9.26469238e+03   5.54472500e+04   8.14684814e+03   1.29278604e+04
   9.24394141e+03   3.48438416e+02   3.22255200e+03   0.00000000e+00
   5.43393359e+04   2.83927402e+04   8.00061084e+03   4.04526245e+03
   2.94802295e+03   6.70659619e+03   4.06795281e+05   2.17272949e+04
   7.04118359e+04   7.92995605e+02   3.52070312e+03   6.50028027e+03
   2.15993140e+03   8.57155273e+03   2.62628812e+05   1.40858656e+05
   6.46460898e+04   1.55243031e+05   8.42477109e+04   1.14823474e+03
   2.21252637e+03   2.89716641e+04   1.34694550e+02   3.20735474e+01
   7.90212452e-01   2.28329355e+04   2.25247578e+05   5.60102196e+01
   2.13350269e+03   2.63607148e+04   6.64873750e+05   4.87392029e+02
   1.86517949e+04   5.21250635e+03   4.52646680e+04   4.15902109e+04
   4.53754375e+04   1.13916875e+04   2.58019473e+04   4.31936625e+05
   6.28574104e+01   6.57504834e+03   9.67538261e+00   3.00528047e+04
   7.77590881e+02   3.09855645e+04   3.01192810e+02   9.33420996e+03
   6.12038428e+03   1.01829014e+04   5.26543262e+03   7.11293115e+03
   2.04844453e+04   5.33264875e+05   2.03846606e+03   7.45570993e+00
   2.32741781e+05   7.58955002e+01   1.49341484e+04   3.26011094e+04
   8.98719177e+02   7.20507764e+03   5.61525438e+05   3.33522720e+01
   1.68165540e+03   1.38793584e+04   3.38926602e+04   7.61467266e+04
   1.54721602e+04   1.12158850e+06   1.35855615e+03   4.94802969e+05
   7.64144135e+01   1.05388721e+03   4.02900293e+03   9.01167871e+03
   1.99834021e+03   1.01788350e+04   1.73696855e+04   4.79505156e+04
   4.42891895e+03   5.74898743e+02   8.51736133e+03   1.59559031e+05
   1.33126941e+03   3.71131299e+03   2.04719296e+01   1.49595410e+04
   6.55256653e+02   1.58768025e+06   1.56579541e+04   3.19336523e+03
   6.66801709e+03   1.11257412e+06   1.09075793e+03   1.04970693e+04
   1.32774355e+04   5.74951750e+05   2.47267578e+03   8.74406204e+01
   7.61125565e+00   2.13353833e+03   4.32979785e+03   4.13465742e+04
   0.00000000e+00   2.88361182e+03   1.40372839e+03   0.00000000e+00
   0.00000000e+00   2.23603979e+03   6.56192139e+02   5.56876318e+03
   5.99569062e+05   1.32978859e+05   8.69533264e+02   2.15860578e+05
   4.79907684e+02   1.23241720e+01   2.75338945e+04   1.00351619e+06
   2.76244751e+03   7.20054736e+03   6.18628906e+02   8.26067657e+01
   1.20587500e+05   0.00000000e+00   3.25880312e+05   2.36760352e+03
   1.46935047e+05   1.23711012e+06   6.37696716e+02   0.00000000e+00
   2.66889570e+04   1.48105406e+05   4.74679344e+05   2.15482593e+03
   1.60979517e+03   3.42757495e+03   7.70345020e+03   1.33193054e+02
   9.53561426e+03   5.50605078e+03   7.59855270e+01   1.22017695e+04
   1.64370575e+01   2.67743774e+02   4.28459219e+04   7.63549805e+03
   2.77561548e+03   8.37042084e+01   5.34832750e+05   2.40011597e+03
   9.61730270e+01   5.12211133e+03   2.43717070e+04   1.64153101e+03
   2.17232520e+04   2.27097188e+04   2.93278219e+05   1.51471829e+00
   4.26108322e+01   0.00000000e+00   4.18589906e+05   9.83256055e+03
   1.63099971e+04   2.45378922e+02   5.95457520e+03   5.71588312e+05
   4.83785469e+04   6.30641938e+05   1.58769875e+01   5.40344336e+03
   6.52445020e+03   2.74411328e+04   1.24457031e+03   2.13325234e+05
   2.22312891e+05   8.34633984e+03   4.68449316e+03   3.56468701e+03
   5.99829053e+03   5.64213086e+03   1.11763159e+03   6.80730530e+02
   5.95014572e+00   9.68160469e+04   6.04001133e+04   1.20169219e+04
   1.01231927e+03   1.24478626e+01   5.38203369e+02   9.92583008e+03
   1.65151656e+05   3.83334668e+03   8.62453188e+05   4.08856641e+03
   4.96901270e+03   7.03372875e+05   5.13239050e+00   0.00000000e+00
   3.34694043e+03   2.72800750e+05   0.00000000e+00   0.00000000e+00
   8.55340271e+02   1.78406342e+02   6.98652930e+03   2.58510522e+03
   5.63908188e+05   2.75280031e+05   1.33290225e+04   4.56839453e+04
   1.35159160e+04   4.22401656e+05   7.66939941e+03   3.17921543e+04]
[  1.72088453e+05   2.64075039e+04   6.06736572e+02   1.91503943e+03
   2.25801000e+05   1.13612705e+04   1.45245781e+04   2.09563535e+04
   1.63868860e+03   4.89778688e+05   1.07616924e+04   3.22434023e+04
   7.47635156e+03   1.18754968e+03   2.39718213e+03   1.61373279e+03
   4.29864597e+00   1.49266467e+03   8.15192566e+01   1.41740210e+03
   1.07456641e+04   1.68597922e+05   1.80015547e+04   8.84280957e+03
   4.74684540e+02   4.91338623e+03   3.95082031e+03   1.59601906e+05
   5.92134814e+03   2.84045469e+05   5.59569946e+02   6.34125342e+03
   3.14015352e+04   4.95968828e+04   1.27034167e+03   3.15150073e+03
   3.45039188e+05   1.07418125e+06   2.09559790e+03   1.02451544e+06
   2.73353027e+03   1.21479333e+03   6.66603662e+03   3.58618711e+04
   1.42341025e+04   4.39228516e+03   1.24230359e+03   6.81508838e+03
   2.02133750e+04   1.68437524e+03   2.34845820e+04   7.05813625e+05
   5.58624634e+02   6.46252251e+00   1.09896667e+03   2.10163647e+03
   8.25163965e+03   1.68471984e+05   6.32881737e+00   1.49327471e+04
   8.75745850e+02   4.88683828e+04   1.21576282e+03   8.01319678e+03
   1.14829697e+04   1.05460107e+04   4.47493311e+03   2.81790942e+03
   1.20171211e+05   5.61119492e+04   4.46138906e+04   4.30482568e+03
   4.77853359e+04   1.24487051e+04   2.94516688e+05   5.20345742e+04
   9.35652188e+04   3.26465684e+04   6.23507861e+03   1.84698645e+03
   1.52579224e+02   1.69350113e+02   4.30764766e+04   6.60177063e+02
   4.65506016e+04   3.91862984e+01   6.08300391e+04   8.39646240e+02
   1.30761766e+01   3.48643768e+02   2.82472778e+02   2.93123022e+03
   2.88933340e+04   1.54381299e+03   7.99425469e+04   1.81712610e+03
   1.03932617e+02   2.47309797e+05   3.98713062e+05   6.52059805e+04
   6.21372539e+04   1.63468887e+04   2.17770386e+02   4.50313873e+02
   3.05301016e+04   2.27730933e+03   3.99347219e+05   1.98930137e+04
   1.13119897e+03   5.71742773e+03   1.30568369e+04   7.98546094e+03
   2.13694414e+04   1.72115234e+03   7.51332092e+02   2.60870840e+04
   3.40586401e+03   7.42079922e+04   4.42614297e+04   7.42271797e+04
   9.61557269e-01   6.84451562e+05   3.12998125e+04   1.85008141e+05
   6.81922021e+03   6.89899609e+03   1.92041133e+04   2.77404575e+01
   2.04028336e+02   2.69942352e+02   1.15320740e+03   2.64701797e+04
   1.26241729e+04   3.48385327e+03   6.85689453e+03   9.79211328e+03
   1.00908457e+04   6.62898125e+04   8.60152148e+03   1.20658716e+03
   4.03707314e+01   2.03557148e+04   1.01197461e+03   4.09460742e+04
   2.17910410e+04   6.67414014e+03   2.91298359e+04   2.48351425e+02
   6.60506328e+04   2.62919873e+03   7.90867188e+03   8.06986016e+04
   2.30264282e+03   1.18896281e+05   3.33058014e+02   1.13508154e+04
   5.55063984e+04   1.15888928e+03   1.32831953e+05   2.55120483e+02
   7.76967590e+02   8.74670715e+01   8.61494238e+03   1.90447778e+03
   3.16057690e+03   2.73028394e+03   2.50493613e+04   1.55120594e+05
   1.27871094e+03   2.81517734e+04   1.33136032e+02   2.13498169e+03
   1.57883142e+03   2.43706860e+03   3.11132676e+04   8.74969141e+03
   3.11261621e+04   5.19570898e+03   4.88545078e+04   1.76443555e+04
   4.87047638e+02   2.06159941e+04   1.82062285e+04   5.71476172e+03
   6.34781875e+04   7.77670715e+02   8.14985156e+04   5.98256226e+02
   7.59993672e+04   3.34666344e+05   4.43630156e+04   4.01302441e+03
   2.91295258e+02   4.43324336e+04   2.97847157e+01   1.59636438e+03
   2.76552363e+04   5.57517432e+03   1.73340137e+04   3.88033125e+04
   9.66475684e+03   2.57902405e+02   2.04858555e+04   1.70588812e+05
   1.01235789e+05   2.42815137e+03   8.33837500e+03   1.11210146e+04
   1.70900906e+05   5.53446817e+00   2.84577905e+03   6.07883057e+03
   2.47893945e+04   1.56079180e+04   6.36927578e+04   2.55708714e+01
   6.91942334e+03   1.40051992e+04   1.56308212e+02   6.74250234e+04
   6.97675244e+03   1.71706104e+03   8.97488086e+03   9.72421094e+03
   3.25414609e+04   2.92836523e+00   1.90751251e+02   1.32067832e+04
   5.63466125e+02   1.73071797e+04   1.78607051e+04   4.97611875e+04
   7.89518799e+02   1.96994082e+04   9.44704188e+05   1.00108613e+04
   1.88859265e+03   2.44772339e+03   7.80537625e+05   2.35416089e+03
   2.84158203e+03   2.86355774e+02   4.37440857e+02   1.76023462e+03
   1.87992812e+04   2.46785984e+05   1.72594467e+02   6.72495508e+00
   1.03090859e+05   1.13954824e+04   9.20734501e+00   4.36889805e+04
   3.21076147e+03   2.83093335e+03   8.07110107e+02   3.16260938e+03]
[  5.83082031e+02   1.20347100e+04   2.25279766e+04   3.20172637e+04
   5.94625671e+02   6.88024219e+04   1.26841418e+03   2.06442285e+03
   4.25803406e+02   1.34692841e+02   6.02051367e+04   5.96589941e+03
   6.90758301e+03   4.90232812e+03   5.54461816e+03   5.55934082e+02
   1.07050742e+04   2.01041895e+04   2.51373789e+04   3.90447925e+03
   4.08061127e+02   7.17093594e+04   1.75530078e+03   2.24299164e+02
   3.50018242e+04   7.33379883e+03   5.56760352e+04   4.09627051e+03
   6.13352617e+04   1.66151484e+04   9.27962012e+03   8.18744375e+04
   1.06630635e+04   2.20315332e+04   3.24370586e+04   5.60978516e+04
   6.65025703e+04   1.74002222e+03   5.66278564e+02   1.77449023e+04
   4.54764290e+01   8.47645312e+04   3.38908633e+04   2.52396211e+04
   1.65277649e+02   5.60451807e+03   7.62161426e+03   1.53482129e+04
   4.95883799e+00   1.68125156e+04   6.16546328e+04   6.87570007e+02
   0.00000000e+00   1.71987812e+04   5.12575586e+03   1.14269482e+04
   1.93133362e+02   1.48801929e+03   6.63261108e+02   1.14594238e+03
   2.84989185e+03   9.51643828e+04   1.99570840e+04   1.47947937e+03
   3.90087402e+03   9.12218164e+03   5.43922485e+02   7.09458618e+01
   4.80556396e+03   1.85238257e+03   4.18935430e+04   2.37960278e+03
   5.32508164e+04   9.70074402e+02   2.17955437e+01   3.29403046e+02
   1.87156357e+02   1.83978500e+01   7.68341562e+04   4.81019570e+04
   2.90136147e+01   3.95229639e+03   2.34844062e+04   7.51047969e+04
   2.48815527e+03   0.00000000e+00   7.31589600e+02   1.48447437e+03
   7.41515312e+04   5.93768203e+04   4.94724707e+03   6.01980324e+01
   7.43953828e+04   1.65077305e+04   4.26674883e+04   9.12992480e+03
   1.12488770e+04   1.89003647e+02   2.92164863e+04   2.24713809e+04
   5.33591650e+03   4.64827728e+02   9.99028438e+04   2.75816724e+03
   2.73490801e+04   2.02366777e+04   3.69081238e+02   5.27121875e+04
   5.71048086e+04   1.42872351e+03   6.53779785e+03   4.89203918e+02
   1.79481973e+04   1.75427429e+02   1.92840195e+02   1.81717988e+04
   1.62113190e+00   1.37325605e+04   3.12145294e+02   2.20680352e+04
   8.05978760e+02   6.42567812e+04   1.92716504e+04   1.47499011e+03
   3.97496460e+03   3.95200273e+04   3.61759619e+03   1.50950293e+04
   1.98476973e+04   8.20285254e+03   5.50023254e+02   8.69799219e+03
   1.18481631e+04   1.11094131e+04   2.80738457e+04   6.26452255e+01
   4.70520703e+03   2.62549543e+00   2.32865860e+02   1.28210354e+01
   2.87904473e+04   5.55605225e+02   1.42552324e+04   3.70649185e+01
   3.33130420e+03   7.07343506e+03   9.63669006e+02   3.01811426e+03
   9.82024536e+02   1.36167803e+04   7.29281406e+04   5.29333105e+03
   5.95156433e+02   3.14902197e+03   7.60018387e+01   0.00000000e+00
   9.44082947e+01   8.26017944e+02   4.14747040e+02   6.60640938e+04
   1.35260723e+04   3.49952734e+03   1.62954521e+04   2.36352119e+01
   3.50660000e+04   6.83473816e+02   5.57918828e+04   1.80001709e+02
   4.19559883e+04   3.37537734e+04   9.87756531e+02   5.93180225e+03
   2.83175449e+04   2.15024048e+03   3.40158203e+04   3.75699062e+04
   2.34414609e+04   3.59342212e+03   6.37776611e+03   2.32743622e+02
   2.42722070e+04   2.56156494e+02   2.09608184e+04   1.97269141e+04
   2.48873706e+03   2.51701797e+04   7.19157812e+04   6.17617285e+03
   2.16307397e+03   1.54491284e+03   1.84455762e+03   1.82939512e+04
   7.21585986e+03   8.55256016e+04   6.94678047e+04   3.46614727e+04
   1.81684941e+04   1.21944453e+04   6.06984082e+03   2.41057153e+03
   7.50606250e+04   1.31248193e+04   1.20779556e+02   5.40326133e+04
   6.82303359e+04   2.02319122e+02   3.48972344e+04   6.24976367e+04
   8.45136929e+00   1.86688675e+02   4.73536316e+02   4.18831635e+02
   2.20461609e+02   7.61739319e+02   3.29584219e+04   2.72225146e+03
   2.85633228e+03   1.10044033e+04   2.83836465e+04   1.14281631e+04
   5.51019922e+03   6.13711836e+04   1.57206802e+02   9.93824100e+00
   2.79091855e+04   2.64746021e+03   9.76380615e+02   0.00000000e+00
   5.68559021e+02   2.09883911e+03   1.40419662e+02   8.21711578e+01
   4.18889453e+04   2.94027070e+04   4.68990547e+04   9.59881775e+02
   3.94100625e+04   2.05089087e+03   6.22826807e+03   5.49789160e+03
   9.77327734e+03   1.98775898e+04   4.53021680e+03   2.75670742e+04
   7.69153870e+02   9.68904922e+04   5.18555469e+03   2.98783142e+02
   1.00209639e+04   2.54909473e+04   2.25783809e+04   4.31258438e+04
   5.09521143e+03   8.67451094e+04   6.44081982e+03   3.57710898e+04
   5.78017852e+04   1.00761182e+03   6.70300903e+02   4.48265742e+04
   4.33098516e+04   1.27219650e+02   5.15402881e+03   1.99433606e+03
   8.38118515e+01   8.79316602e+03   1.31532971e+03   7.68625781e+04
   3.86809414e+04   3.73628998e+02   1.33779631e+01   8.31814026e+02
   7.23120752e+03   3.69569482e+03   6.33984336e+04   2.36459668e+04
   1.44494081e+00   7.92416229e+01   6.24774492e+04   7.07628662e+03
   4.96641541e+00   1.64906873e+03   7.01543311e+03   7.34464922e+04
   1.56151404e+03   1.92367883e+03   7.75746679e+00   4.23420898e+02
   1.18848364e+03   7.55866699e+03   1.09696338e+04   1.02594385e+04
   3.70160625e+04   2.64501699e+04   2.44598691e+04   1.45323206e+03
   1.03430901e+02   1.40074432e+02   1.54330889e+04   7.00314844e+04
   2.67065163e+01   7.17225037e+02   1.41698213e+04   2.44846458e+01
   1.63884009e+03   3.54633750e+04   2.48008032e+03   6.28594604e+02
   4.88174883e+04   3.59851929e+02   2.16671238e+01   1.29838945e+04
   1.46682541e+02   1.70764673e+03   5.95787109e+04   4.16785820e+04
   2.36005726e+01   3.50701172e+04   1.07432295e+04   5.59208496e+03
   2.58886505e+02   9.44268555e+03   7.22832031e+04   3.08666382e+03
   5.94945859e+04   6.60002969e+04   1.02938578e+05   1.95703457e+04
   2.17198438e+04   4.16683044e+02   4.29910117e+04   5.30475684e+03
   5.00342461e+04   4.17617249e+02   6.36542969e+02   4.80390625e+04
   2.15241135e+02   6.73829297e+03   3.42923682e+03   2.44316641e+04
   4.60539023e+04   9.83073486e+02   9.21661816e+03   3.88244781e+02
   5.22356491e+01   7.12771191e+03   1.60651143e+04   6.74885010e+02
   6.74246631e+03   6.32791443e+02   2.30562617e+04   2.08616821e+02
   4.81137665e+02   3.30863047e+04   4.68966895e+03   2.63813403e+03
   6.88601562e+04   8.21435791e+02   2.54991367e+04   9.84257324e+03
   2.99909629e+04   3.76660117e+04   1.44797424e+02   4.27372772e+02
   1.26305786e+03   1.31829956e+03   6.87755312e+04   2.48492261e+03
   4.06520273e+04   3.93555640e+03   2.46025293e+03   1.63145691e+03
   1.24219600e+04   1.70274011e+03   2.79330488e+04   6.64788232e+03
   1.26710486e+03   4.77886426e+03   2.65264099e+02   1.10053299e+02
   2.34166250e+04   6.50939502e+03   2.84687653e+02   2.04014141e+04
   1.58815527e+03   2.50095312e+03   1.96210022e+03   1.04028740e+04
   1.00057043e+03   2.09175354e+02   3.53968237e+03   1.35884314e+03
   4.41435059e+03   7.33645215e+03   1.16730742e+04   5.59907188e+04
   2.16180151e+03   1.36109375e+03   2.40133472e+03   1.19399323e+02
   8.67557907e+01   4.26873877e+03   3.00443340e+04   6.24865156e+04
   2.94811758e+04   7.25492627e+03   5.24168359e+03   2.57205994e+02
   1.11030945e+02   2.14769154e+01   1.82906270e+04   1.03433291e+04
   5.38176074e+03   3.08410553e+02   3.14953906e+04   1.66294746e+04
   7.52967285e+02   7.40569629e+03   2.35780859e+04   6.92537646e+03
   3.62793140e+03   5.85512256e+03   4.21707373e+03   5.07474883e+04
   4.02966328e+04   1.14144346e+04   2.61733574e+04   4.31779932e+03
   6.48984453e+04   1.59534998e+03   7.35886841e+02   4.66780078e+03
   4.49168906e+04   2.02297734e+04   1.48084463e+04   2.58759033e+03
   7.44384705e+02   1.24143909e+03   1.66532031e+04   6.79380615e+03
   1.49075566e+04   4.46825293e+03   5.86746875e+03   1.22111349e+01
   0.00000000e+00   2.26818594e+04   1.72290970e+02   4.04401782e+03
   1.60790796e+03   3.97498828e+04   1.97699048e+03   6.80065312e+04
   1.55463389e+04   0.00000000e+00   3.76812378e+03   4.53144684e+01
   1.23524390e+03   1.14580127e+04   4.93647156e+01   1.70388196e+03
   5.71642456e+02   8.63045508e+03   4.79151031e+02   5.17702832e+03
   1.69905996e+04   5.26777695e+04   1.18651965e+03   8.08999557e+01
   1.01996649e+03   2.68119116e+03   6.00244045e+00   4.46076782e+02
   9.81787598e+03   8.49148102e+01   1.65739783e+03   1.95408350e+03
   1.81923047e+04   8.02630420e+03   1.10230293e+04   0.00000000e+00
   9.39651184e+01   2.41487866e+03   4.01343672e+04   1.43609785e+04
   9.61155078e+03   1.00511101e+02   1.70114075e+03   3.10820818e+00
   1.69147598e+04   1.45181750e+03   8.97202188e+04   6.50620056e+02
   1.16117217e+04   2.10716479e+03   5.41996289e+03   2.20350024e+03
   3.47005591e+03   6.92717891e+04   1.21900623e+03   2.26494531e+04
   1.70132825e+03   2.90824310e+02   6.42890854e+01   1.15598340e+04
   2.83122363e+03   4.05375977e+04   2.36918970e+03   0.00000000e+00
   2.32930605e+04   8.86340332e+02   1.76400562e+03   1.04447484e+05]
[  3.59642773e+03   6.52197021e+03   1.37106128e+03   4.02074127e+01
   2.81238047e+04   3.00801754e+01   3.96413359e+04   2.43810938e+04
   7.05587422e+04   1.26888855e+02   3.55072021e+02   9.70573926e+03
   3.86698059e+02   5.55012891e+04   4.69992676e+03   2.40088749e+01
   3.80805420e+03   3.13958984e+03   1.13947974e+03   1.66015991e+03
   2.88896118e+03   4.97737549e+03   1.28236755e+03   1.32359924e+02
   2.31230972e+02   7.21845215e+03   1.58898572e+03   1.79404180e+04
   6.84898315e+02   3.35822632e+02   4.16463531e+02   4.40149689e+02
   9.12134521e+02   0.00000000e+00   6.57875488e+02   1.08096948e+03
   1.39421765e+03   1.09669943e+01   1.39705830e+04   1.75160675e+02
   9.20434082e+03   4.03420630e+03   4.30426025e+01   2.68350664e+04
   2.67713696e+03   5.44297424e+02   3.24788574e+03   1.83663025e+02
   1.09656311e+03   8.01659119e+02   1.21106836e+03   1.61780834e+00
   1.60918847e-01   7.17206494e+03   9.68424805e+02   1.82576904e+03
   5.94641699e+03   2.17199692e+02   2.22259964e+02   5.71197748e+00
   8.31405544e+00   1.00114648e+03   9.65992920e+02   4.61030487e+02
   5.96175354e+02   1.16664299e+02   6.01493457e+03   5.44937012e+03
   3.47080742e+04   1.15512024e+02   1.04986900e+02   3.84957852e+04
   1.10287437e+02   4.26683008e+03   3.02567017e+02   4.62710571e+02
   0.00000000e+00   5.88667139e+03   3.87788574e+02   4.67159241e+02
   2.24800586e+03   7.43023281e+04   3.40605820e+04   9.99852344e+03
   1.30561926e+03   1.24793480e+02   9.41508691e+03   8.20161255e+02
   1.25575208e+03   7.82178467e+02   1.45408418e+04   3.52492090e+03
   1.98043079e+03   5.61244583e+00   2.82576807e+03   9.17032909e+00
   6.58499634e+02   1.19294990e+04   7.75439990e+03   4.87383789e+03
   1.41421741e+03   3.06497388e+03   2.31944458e+03   4.25450373e+00
   2.64562469e+02   2.17805933e+03   1.42287500e+04   2.94440231e+01
   3.86626914e+04   5.76789883e+04   1.21199939e+03   4.47376617e+02
   3.15857544e+02   2.72660840e+03   5.44439922e+04   1.62225964e+03
   2.94436737e+02   9.59758911e+02   3.24229698e+01   7.45689392e+02
   2.19737442e+02   4.91308203e+03   1.16663684e+03   1.91720772e+01
   2.79280879e+04   4.83269714e+02   2.09727368e+03   3.00365387e+02
   1.07353851e+02   2.00558789e+04   3.83864861e+01   9.22448914e+02
   1.92593103e+03   9.56588477e+03   1.14847910e+04   1.64151669e+01
   1.00942169e+02   3.75027039e+02   1.60779658e+04   9.64017105e+00
   4.79426483e+02   2.03703003e+02   7.03667969e+03   4.51951965e+02
   5.63795166e+03   7.57175000e+03   2.38837305e+03   3.17099258e+04
   1.11304260e+03   1.71727209e+03   6.10026055e+04   3.11396826e+03
   1.70806055e+04   7.68000305e+02   2.51064301e+02   4.76444531e+04
   7.08491504e+03   1.58727285e+04   2.29107495e+03   4.60282520e+03
   4.05075317e+03   5.17733838e+03   1.88611984e-01   2.83353241e+02
   2.93256309e+04   1.11283154e+03   5.83873633e+04   2.04409084e+01
   3.66905933e+03   1.38491963e+04   8.17415100e+02   1.43795703e+03
   5.45581094e+04   1.36182842e+04   4.97076073e+01   3.18377716e+02
   9.16709717e+02   7.40937158e+03   1.37968115e+03   7.65598450e+02
   6.27635664e+04   5.40655029e+02   3.35712067e+02   0.00000000e+00
   1.39066006e+04   3.91443008e+04   5.33704901e+00   9.27056946e+02
   3.05871521e+02   5.29032109e+04   6.41267700e+02   2.26396133e+02
   4.11413040e+01   4.37882148e+04   3.61184277e+03   6.40753613e+03
   1.72183670e+02   1.30868613e+04   9.07923218e+02   4.60986094e+04
   2.36680117e+04   3.49737518e+02   2.49885702e+00   1.09291809e+02
   1.06967451e+04   2.04496521e+02   2.32749542e+02   4.96051318e+03
   2.95398674e+01   3.27756250e+03   2.30787085e+03   5.41240540e+02
   6.30740576e+03   8.26871680e+03   3.11199727e+04   5.14613867e+04
   2.34406777e+04   1.15101555e+02   1.46758484e+02   2.98230781e+04
   6.11323828e+03   8.44459152e+01   2.08638721e+03   1.03346474e+02
   4.89409229e+03   8.84218140e+01   4.75309668e+03   3.06444512e+04
   1.11614209e+03   3.87614771e+03   5.43942305e+04   3.89696777e+02
   1.94232437e+02   6.64372266e+03   9.89289703e+01   6.61784297e+04
   5.41656992e+04   1.50216028e+03   2.37523842e+01   5.82704277e+01
   2.81209082e+03   4.74484912e+03   3.55467621e+02   2.05657812e+03
   5.82297266e+03   3.91260791e+03   0.00000000e+00   5.88775273e+04
   7.75999908e+01   1.58760361e+02   2.11680518e+03   8.81748486e+00
   6.47681934e+03   2.03239075e+02   4.68398628e+01   2.27424164e+02
   2.52299332e+02   1.59833228e+03   3.17159839e+03   5.28647803e+03
   1.20502869e+03   1.70137549e+03   9.27331787e+02   3.56561890e+02
   9.75344360e+02   1.01681602e+04   3.42623138e+02   2.08390273e+04
   3.14741187e+03   3.90461987e+03   8.54153198e+02   2.72955139e+02
   1.51785107e+03   2.04733780e+02   2.20565872e+01   5.61710510e+01
   1.04632314e+04   0.00000000e+00   2.40306982e+03   1.00319736e+04
   3.94928711e+03   1.07256065e+02   1.48408887e+04   0.00000000e+00
   1.06647118e+02   7.69582520e+03   8.09563446e+00   2.38616699e+04
   2.28609253e+02   9.42397217e+02   2.11567154e+02   2.39903247e+03
   5.39953320e+04   9.25700684e+03   7.24345312e+03   6.96470312e+03
   3.97131172e+04   1.89715588e+03   2.66967621e+02   1.07643896e+03
   1.29675889e+00   1.36734119e+03   1.91142480e+04   1.78266468e+01
   4.39911719e+03   1.63753174e+04   2.26396655e+03   5.02177969e+04
   2.67651245e+02   2.57691620e+02   5.36149101e+01   3.31742065e+03
   1.93308281e+04   5.53271057e+02   6.29398376e+02   4.48077148e+02
   4.38453320e+04   3.95952682e+01   2.43628597e+01   2.13020874e+02
   5.62533105e+03   1.40709219e+04   1.21230146e+04   1.76982422e+04
   5.83633672e+04   4.43843414e+02   1.97114185e+03   1.09578916e+04
   3.09897980e+02   2.46438732e+01   5.72939102e+04   1.92196523e+04
   2.01109512e+02   1.10877087e+03   5.76956494e+03   2.31045532e+03
   6.82410121e-01   6.60015088e+03   5.56935303e+02   1.02316962e+03
   1.66797207e+04   3.41600269e+03   2.15050708e+03   3.33151328e+04
   3.39853592e+01   3.22172144e+03   3.92565491e+02   1.77226797e+04
   4.10464883e+04   3.48114319e+02   1.38703125e+03   2.31729907e+03
   1.45580396e+03   7.19367969e+03   7.29621641e+04   2.66875625e+04
   1.13267151e+03   4.64122314e+02   4.65726221e+03   2.65643005e+01
   4.17307031e+03   7.99922546e+02   6.05664215e+01   5.16012085e+02
   1.56380205e+04   2.31696797e+04   7.22409729e+02   1.38486143e+04
   3.01112366e+02   2.95654160e+04   3.05001545e+00   6.62663086e+03
   2.46490210e+03   7.02727500e+04   8.34776428e+02   1.14408154e+03
   4.76921570e+02   7.50894287e+02   2.17316504e+03   1.31347656e+04
   8.42980762e+03   3.44090088e+03   4.54710693e+01   4.18183411e+02
   4.91294281e+02   2.90975801e+04   3.67391289e+04   4.08022681e+03
   5.68302305e+04   1.20557031e+03   1.96879768e+01   2.28561417e+02
   2.69933130e+03   7.44851123e+03   2.70485986e+03   7.22378809e+03
   4.50734619e+03   3.37038383e+01   7.83051071e+01   8.28435608e+02
   3.86312805e+02   5.32037793e+03   1.47859336e+04   1.48600615e+04
   4.03313062e+03   0.00000000e+00   5.23420117e+04   7.64915649e+02
   3.26669873e+03   2.53341770e+01   3.50766943e+03   7.20108521e+02
   6.29380420e+03   7.39427734e+03   3.48819885e+01   0.00000000e+00
   1.72495972e+02   2.77012671e+03   4.20446680e+03   1.13024162e+02
   5.60203369e+02   1.60268524e+02   3.55681421e+03   2.87299609e+03
   4.51437256e+03   2.01337207e+04   1.48123260e+02   5.22469997e+00
   2.64772339e+03   1.57745163e+02   2.06415576e+03   2.95348535e+04
   4.87643018e+03   2.69989807e+02   3.44562012e+02   2.29747192e+03
   1.43195935e+03   8.35274048e+02   5.00841367e+04   7.14884473e+03
   9.72062695e+03   7.91529785e+02   3.14635742e+03   2.80774902e+03
   6.02212181e+01   4.13374634e+02   3.09156201e+03   3.84675659e+02
   2.83554565e+02   4.24093964e+02   0.00000000e+00   2.75062836e+02
   5.84281158e+00   3.62026644e+00   1.33695234e+04   1.44119060e+00
   1.94277096e+00   2.39094727e+03   0.00000000e+00   6.86058838e+02
   7.18581836e+03   1.29358862e+03   7.48213232e+03   7.42811829e+02
   6.74275000e+04   2.90485156e+04   5.84354248e+02   2.99916064e+03
   7.03548157e+02   1.75664824e+04   2.90071172e+04   1.92572128e+02
   3.42124084e+02   9.94367065e+01   1.16994019e+03   8.93777930e+03
   1.47248901e+03   2.91369263e+02   1.36312561e+03   1.09063578e+00
   6.19379053e+03   4.12660889e+03   1.06463477e+03   2.20313004e+02
   7.59907349e+02   5.75402161e+02   4.12186055e+04   1.72700977e+01
   1.48485083e+03   1.46937592e+02   6.38575000e+04   5.88972949e+03
   3.30882751e+02   5.39834106e+02   6.05240631e+00   7.57473389e+03
   1.13711987e+03   1.20242653e+02   4.32353760e+02   4.10425049e+03
   4.88250183e+02   1.84204517e+03   6.90014648e+01   5.10861237e+02
   5.94436646e+02   7.51261172e+04   1.79480423e+02   9.61621704e+02
   0.00000000e+00   1.01856572e+04   5.83184277e+03   4.38724463e+03]
[  2.19663330e+02   8.71201074e+03   4.43506927e+02   1.58099561e+03
   6.09404907e+02   1.85136484e+04   2.63745117e+02   9.65390820e+03
   4.02715527e+03   3.97613984e+04   9.41221985e+02   1.51240601e+02
   7.15793848e+03   2.96766934e+04   2.63324561e+03   8.20444946e+02
   1.92115930e+03   2.35451270e+03   5.80310742e+04   7.92605225e+02
   3.06871653e+00   3.36887744e+03   1.29219162e+02   1.28282117e+03
   1.03357725e+04   6.14887199e+01   1.22532471e+04   7.71869202e+01
   5.79075317e+02   1.59942993e+03   1.75362964e+03   3.19773267e+03
   7.98767639e+02   0.00000000e+00   2.24255933e+03   1.50269821e+02
   2.24095062e+02   6.00380664e+04   3.03334117e-01   6.31084863e+03
   5.73386475e+03   3.58174133e+01   2.13412762e+00   2.86482422e+02
   7.78324707e+03   2.56048126e+02   4.89381934e+03   7.99413965e+03
   3.51381317e+02   2.62647877e+01   8.13525085e+02   2.39880151e+03
   9.08083038e+01   1.16818564e+04   1.52367588e+04   2.99872754e+04
   4.46375488e+02   8.16787549e+03   5.52233162e+01   2.12859106e+03
   3.15207861e+03   6.08595154e+02   1.08166602e+03   1.79686142e+02
   3.14405396e+03   5.62267334e+02   9.13975372e+01   1.70024216e+02
   2.10950043e+02   2.04240608e+01   5.91127075e+02   9.45808496e+03
   3.16201719e+04   1.02125168e+02   2.44179668e+04   1.14130463e+02
   3.57684509e+02   3.17115936e+02   3.86630249e+02   1.18480010e+04
   1.22251599e+03   2.72147266e+04   1.57414580e+04   8.09119971e+03
   4.88873281e+04   1.15462273e+02   1.81535730e+03   7.76541016e+03
   7.70471875e+03   2.30681055e+04   4.83926201e+00   2.72472534e+03
   1.95922089e+02   7.76058008e+03   1.14809521e+03   3.85664819e+03
   6.45153223e+03   1.56493676e+00   1.02405586e+04   7.22110474e+02
   5.27278938e+01   2.30949707e+03   3.77528419e+01   2.13108447e+03
   7.75704908e+00   6.25578070e+00   1.15573230e+03   3.48966133e+04
   1.42873249e+01   1.52026494e+04   3.60195953e+02   4.34806914e+04
   3.80174658e+03   7.02541504e+01   1.03872118e+01   3.18932007e+02
   8.56913391e+02   1.96014844e+04   3.88787262e+02   3.04376431e+01
   4.07750416e+00   5.10163574e+02   5.31196289e+03   1.96115784e+02
   2.58346466e+02   8.08302930e+03   1.83039886e+02   5.34917984e+01
   1.44653735e+03   5.35870728e+02   1.42547461e+04   6.64767456e+02
   1.06046196e+02   9.67843628e+02   4.73104431e+02   6.16518164e+03
   3.79022344e+04   0.00000000e+00   1.03658737e+02   5.35829964e+01
   0.00000000e+00   1.03746918e+02   3.32770844e+02   2.42914688e+02
   9.10086899e+01   2.37504175e+03   2.70483447e+03   0.00000000e+00
   7.82536438e+02   3.89960898e+04   4.70264168e+01   2.11240814e+02
   6.13552917e+02   2.60750903e+03   3.52293091e+02   1.45469775e+04
   6.20348053e+01   8.27899353e+02   1.42618057e+02   5.82102588e+03
   1.16824928e+02   1.17445972e+03   4.60649506e+02   2.64589596e+01
   3.23477930e+04   2.34710732e+01   2.05382599e+02   4.61897168e+03
   5.73079590e+03   1.45159336e+04   4.13596392e+00   4.79315376e+01
   4.74882080e+03   6.73726013e+02   1.51882446e+02   1.72485437e+03
   4.20380703e+04   5.19258606e+02   3.64625430e+04   3.37845068e+03
   2.86478359e+04   2.01914102e+04   4.02876663e+01   2.95762720e+03
   1.30197961e+03   2.07205963e+00   2.91617139e+03   3.61406299e+03
   4.40852585e+01   2.03453873e+02   1.50004654e+02   8.19438354e+02
   2.01290417e+03   4.25357715e+03   8.28798157e+02   1.14760391e+04
   1.35586389e+03   1.19398108e+03   1.26440292e+02   2.79439185e+03
   2.61955518e+03   1.09427441e+03   9.85511353e+02   0.00000000e+00
   1.95146582e+03   1.43432068e+02   2.49572485e+03   4.64744965e+02
   5.04249805e+03   5.27118086e+04   1.17026833e+02   5.77786255e+02
   2.94684229e+03   2.68645728e+03   3.55346642e+01   8.46028906e+03
   5.29621367e+04   1.39734802e+02   4.89353180e+01   3.43329443e+03
   1.02503281e+04   2.34735657e+02   3.43616867e+01   1.51781531e+03
   5.25217468e+02   2.40098953e+01   1.41999451e+02   1.28649750e+02
   1.13480042e+03   8.82729950e+01   3.14301586e+01   3.28412567e+02
   1.67335583e+03   1.97232742e+01   2.28323536e+01   4.60505829e+01
   4.52553619e+02   2.73639923e+02   1.76076843e+03   3.83555756e+01
   4.90659866e+01   5.36731911e+01   1.01598218e+03   3.23440762e+04
   2.51268125e+04   6.36441211e+03   2.24367981e+02   1.08171362e+03
   2.29017467e+01   2.08382263e+02   5.84655518e+02   2.09001236e+02
   6.26387646e+03   6.06158386e+02   2.07232386e-02   1.41886734e+02
   1.50139270e+03   2.47389984e+01   1.25008167e+03   7.79587784e+01
   4.28126068e+02   1.42897119e+03   3.43023346e+02   1.73793774e+01
   3.39172891e+04   1.46073682e+03   3.65877578e+04   4.98470917e+02
   2.39021484e+03   2.60466080e+01   1.00633430e+02   6.41804932e+02
   1.60841049e+02   7.71846342e+00   3.51232031e+04   6.85056458e+02
   1.57412598e+03   5.24145447e+02   4.82916357e+03   1.21445791e+04
   2.35954971e+02   1.61911835e+02   6.02099426e+02   5.90930273e+04
   3.13738428e+03   2.26652124e+03   1.01792207e+04   3.84134796e+02
   6.14771240e+02   7.05016406e+03   1.62095874e+03   2.89813379e+03
   7.10293213e+03   1.80639441e+03   7.04915924e+01   7.32438049e+02
   4.06071143e+03   6.84311829e+02   5.41889502e+03   1.78287830e+01
   1.02701063e+01   8.13647583e+02   1.16114238e+04   1.81912975e+01
   9.40621094e+03   4.69545234e+04   6.96357239e+02   2.01528247e+03
   4.36094775e+03   2.72244043e+03   7.40117025e+00   3.84618140e+03
   9.14092350e+00   4.08679248e+03   1.98874353e+03   1.62142275e+04
   3.64369720e+02   3.38779321e+03   1.87830856e+02   1.37831689e+04
   3.65951880e+03   2.46070996e+04   2.12198340e+03   2.49552363e+04
   1.84814758e+02   5.07746338e+02   2.14466992e+03   7.33117371e+02
   1.57230322e+03   2.94633453e+02   6.61251758e+03   5.10897168e+03
   2.31444693e+00   6.32051758e+02   1.71566986e+02   1.74121948e+03
   1.64086609e+01   4.38272510e+03   2.04644067e+03   1.86432617e+04
   2.86450117e+04   1.31490503e+03   9.46102829e+01   1.41228745e+02
   5.29998207e+00   2.08751740e+02   1.29950596e+04   1.07868311e+03
   7.78711670e+03   5.36814600e+03   2.96678345e+03   4.66753516e+04
   1.08722855e+02   1.71843042e+03   1.30003357e+03   5.69376831e+02
   1.73783750e+04   2.12597632e+03   2.06378262e+04   1.11933289e+01
   4.92852305e+04   2.43367188e+02   2.49588164e+04   1.28799731e+03
   5.30797510e+03   1.92678467e+02   1.08522293e+02   6.94731152e+03
   3.20883484e+02   3.14367969e+03   3.25874298e+02   2.68026050e+03
   2.41194122e+02   8.35709180e+03   5.38269043e+02   8.47543984e+04
   7.17408008e+03   1.61681421e+03   2.89482959e+03   1.05129761e+03
   1.03388298e+02   1.04923492e+05   2.34017285e+03   4.56648376e+02
   2.25183990e+02   3.41864624e+03   2.58514984e+02   3.95902328e+01
   1.42318530e+03   1.13528467e+03   4.75602656e+04   3.85835034e+03
   1.11741589e+03   4.21061758e+04   5.25617930e+04   1.97884079e+02
   7.41045837e+01   5.15305713e+03   3.06162573e+03   7.68178955e+03
   1.62156433e+02   1.87267734e+04   1.97207959e+03   2.30754688e+03
   1.13694267e+02   1.72789727e+04   1.94257019e+02   2.06703198e+03
   8.08008362e+02   1.83989868e+03   1.56001282e+03   1.37165811e+04
   9.66729395e+03   4.12204773e+02   1.11776599e+03   7.26231670e+00
   2.10993701e+03   4.95125977e+02   0.00000000e+00   1.15150536e+02
   2.07060806e+02   2.30502109e+04   4.15455859e+03   9.44709625e+01
   6.41827148e+02   9.85439258e+03   6.45968323e+02   4.93482780e+01
   1.50197400e+03   4.22725928e+03   3.87802383e+04   7.87522659e+01
   1.12113936e+04   7.97461731e+02   4.70298996e+01   1.64277328e+02
   1.09921814e+02   1.14083042e+01   1.63142197e+04   2.73066273e+01
   1.46402771e+02   8.57526779e+01   1.60240952e+02   4.28396416e+00
   8.55789032e+01   1.37685195e+04   6.20405579e+02   2.86928589e+02
   1.00766010e+03   1.80750625e+04   2.02705704e+02   7.10802185e+02
   5.37101250e+01   1.11276594e+05   3.27082578e+04   9.12020950e+01
   1.36755322e+03   5.22033447e+03   1.79601133e+04   5.98093945e+03
   1.44086533e+04   8.56992090e+03   8.76274414e+03   8.38025208e+02
   7.90756689e+03   3.54109766e+03   4.08523926e+02   1.14008995e+02
   7.23570618e+02   3.18324413e+01   6.97658496e+03   9.40605371e+03
   9.12093945e+03   1.15799668e+04   5.83197205e+02   9.06222534e+01
   5.90114990e+02   8.23784241e+02   1.53116211e+03   2.05892227e+04
   4.53190967e+03   2.83196533e+02   1.33056758e+04   4.97652740e+01
   2.11956406e+00   0.00000000e+00   5.39830957e+03   4.86547485e+02
   8.23525940e+02   6.29267188e+03   4.29287266e+04   1.68685918e+04
   8.39929980e+03   1.04745886e+03   3.04578888e+02   1.09609460e+03
   1.50645276e+03   4.25664749e+01   2.21679395e+03   2.65057080e+03
   1.60552285e+04   1.99800918e+04   8.68196487e+01   8.84030334e+02
   1.10449600e+04   1.52795693e+04   2.01829346e+02   1.60874729e+01
   4.95101929e+02   4.03060684e+01   2.44076481e+01   1.01175088e+04]
[  2.43224335e+02   3.81937242e+00   0.00000000e+00   4.01638525e+03
   7.95972366e+01   8.98555374e+00   1.51504076e+00   5.29581010e-01
   1.63051346e+02   2.56065979e+02   1.35501614e+01   2.64691559e+02
   3.38627090e+01   2.17041992e+02   1.90035629e+01   1.89148979e+01
   5.52234459e+00   8.84905090e+01   0.00000000e+00   0.00000000e+00
   2.22465485e+02   1.17940762e+04   4.47205273e+03   1.90413895e+02
   2.22400188e+01   0.00000000e+00   0.00000000e+00   6.63593811e+02
   1.72067871e+02   8.31934082e+02   4.51020020e+03   3.28981812e+02
   1.18989307e+03   3.08591858e+02   9.70103073e+00   8.63334351e+02
   3.17150478e+01   9.25105762e+03   1.63051514e+03   9.34255371e+02
   5.15173193e+03   2.92921715e+01   1.10966138e+03   1.18379565e+03
   4.65087318e+00   6.29439735e+00   2.89602515e+03   5.73267746e+01
   1.68882160e+01   4.11714287e+01   2.92325916e+01   9.03170898e+02
   7.33840823e-01   1.94313553e+02   1.03809326e+02   3.85025673e+01
   3.24260986e+03   4.66790833e+02   0.00000000e+00   8.73908081e+01
   2.85089355e+02   2.75305996e+01   7.34854341e-01   5.28391113e+02
   1.71705948e+02   2.02813733e+03   2.69760780e+01   7.59982228e-01
   1.94440063e+02   1.58721826e+03   2.05445358e+02   2.18619652e+01
   2.60077686e+01   1.49558350e+02   4.15100574e+00   1.17854077e+03
   9.21727848e+00   8.61823303e+02   1.48870051e+00   7.54583282e+01
   0.00000000e+00   4.05343170e+01   2.26559540e+02   1.39791394e+03
   4.94348869e+01   1.68032742e+01   1.06025672e+00   1.85835419e+01
   7.48417090e+03   1.48208572e+02   8.06437207e+03   9.73306885e+01
   1.13724756e+04   4.95314026e+02   0.00000000e+00   4.62519897e+02
   8.05833789e+03   3.57383704e+00   1.88182800e+03   9.91871719e+01
   9.65140259e+02   1.21583033e+01   1.34492769e+01   1.07216299e+00
   1.24700305e+03   1.10185828e+03   0.00000000e+00   7.64219971e+01
   9.05120468e+00   2.88495988e-01   5.74954605e+00   2.22764114e+02
   2.10104785e+03   3.42484766e+03   2.30409374e+01   6.97384775e-01
   2.36185278e+03   2.72865021e+02   5.14532890e+01   7.61584473e+01
   0.00000000e+00   2.89561890e+02   1.34812603e+01   1.55218439e+01
   5.45851135e+00   1.98879206e+00   7.08633270e+01   1.07477605e+00
   4.45104561e+01   7.97207520e+02   1.30095898e+03   4.55294189e+02
   4.14772779e-01   7.08848419e+01   2.40784653e+02   1.20801910e+02
   7.81702734e+03   2.11958862e+02   1.70235977e+02   1.31931168e+02
   2.24018481e+03   1.16606377e+02   4.79662437e+01   3.50111670e+03
   1.62189636e+01   6.27457276e-02   1.98383579e+01   2.89422959e-01
   7.72644901e+00   2.03826027e+01   5.84356308e-01   1.42692429e+02
   1.08189896e+02   3.23199749e+00   2.41972733e+01   1.65011406e+00
   8.14071106e+02   2.18599319e+01   3.68374176e+01   2.96709595e+01
   2.47945236e+02   5.41453362e+01   1.13151123e+04   5.74361023e+02
   9.13377319e+02   7.12867725e+03   0.00000000e+00   2.73611426e+03
   4.84754883e+02   3.48751538e+03   1.99873757e+00   2.60509814e+03
   5.38375139e+00   5.89560913e+02   1.73855362e+01   3.37481232e+01
   4.89175682e+01   4.42269325e+00   1.16724098e+02   0.00000000e+00
   1.52823601e+01   2.48306323e+03   0.00000000e+00   1.39471472e+03
   1.94018570e+02   7.06637500e+03   3.52319298e+01   1.05437870e+01
   4.88525537e+03   1.68564163e+02   1.32301056e+02   1.00812111e+01
   9.39813110e+02   2.87705811e+02   7.87139526e+02   1.74584702e+02
   9.44899139e+01   2.51435474e+03   2.24412964e+03   3.57788281e+03
   2.03175716e+01   1.04071377e+04   1.01055746e+01   3.63852425e+01
   4.91645470e+01   3.39200325e+01   1.42582104e+03   2.04994189e+03
   0.00000000e+00   1.96912964e+03   2.89277295e+03   1.00926324e+03
   0.00000000e+00   6.45807981e+00   1.20808121e+02   1.68223328e+03
   3.45939117e+02   4.09830284e+00   1.56517601e+01   2.34937424e+02
   2.07316952e+01   1.68614929e+02   2.35713821e+02   1.18033152e+01
   4.29408252e+03   7.04810010e+03   2.14358640e+00   9.03011513e+00
   9.11587715e-01   5.24626038e+02   3.44123802e+01   3.82417511e+02
   1.86821320e+02   9.67201477e+02   2.34699512e+03   9.17611618e+01
   5.37166252e+01   8.65578027e+03   0.00000000e+00   8.71131104e+02
   1.82781661e+00   1.10332480e+04   1.65218277e+02   9.25097764e-01
   0.00000000e+00   3.34612732e+02   6.04318457e+03   0.00000000e+00
   7.48362958e-01   2.48321295e+00   4.98521143e+03   4.53559160e+00
   9.65368843e+00   8.46562958e+01   6.84723434e+01   8.10585754e+02
   7.12615173e+02   1.17033749e+01   1.22849617e+01   7.27077197e+03
   6.94219055e+01   1.62496048e+02   0.00000000e+00   0.00000000e+00
   0.00000000e+00   1.40333061e+01   4.97261620e+00   1.14782812e+03
   7.68573120e+02   6.65878830e+01   8.98912847e-01   1.02024786e+03
   3.11201310e+00   1.06634395e+04   2.99558716e+03   4.65394669e+01
   3.20436157e+03   1.19945536e+01   4.28102493e+01   1.73783290e+00
   3.72123569e-01   3.77540924e+02   9.03069238e+03   2.02287354e+02
   2.06704540e+01   1.47257202e+02   1.07662842e+03   4.00594025e+01
   4.14959818e-01   2.55248809e+00   4.80489693e+01   1.55654993e+03
   1.18875037e+03   4.92855469e+02   0.00000000e+00   0.00000000e+00
   1.68521530e+02   1.60989807e+02   3.58021202e+01   5.61139107e+00
   5.28190063e+02   2.89174286e+02   7.71908838e+03   1.29068935e+00
   2.48145279e+02   0.00000000e+00   6.00658035e+01   0.00000000e+00
   7.59147168e+03   0.00000000e+00   8.78299902e+03   1.00693407e+01
   2.91568127e+01   0.00000000e+00   4.64082909e+00   4.36596240e+03
   3.20632397e+03   2.55009814e+03   2.15404434e+02   2.74350433e+01
   2.32314062e+03   3.43028450e+01   4.12360420e+01   6.77987289e+01
   1.51540405e+02   2.60618985e-01   1.73758087e+01   7.65628738e+01
   2.90512390e+02   3.48098907e+01   3.17931919e+01   3.01419604e+03
   1.23765648e+02   6.19351379e+02   2.92628601e+02   2.39758521e+03
   9.25510498e+02   1.45885034e+03   4.74622412e+03   9.19941711e+01
   1.50304675e+03   9.01579094e+00   6.96183167e+01   2.95366347e-01
   2.60794946e+03   3.44144869e+00   3.04694141e+03   3.50002594e+01
   5.53675293e+02   7.80200043e+01   1.40627098e+01   2.73393333e-01
   2.74387085e+03   2.68581676e+01   0.00000000e+00   9.17298889e+01
   4.58946533e+03   5.03371240e+03   4.31179590e+03   3.11396241e+00
   5.88854446e+01   9.68074441e-01   5.21909027e+01   1.38462952e+02
   2.05561157e+02   2.29924564e+01   0.00000000e+00   2.46836685e+02
   1.74594635e+02   0.00000000e+00   1.87002747e+02   2.90281665e+03
   8.09415817e+00   1.39913940e+02   2.13961525e+01   4.43501282e+01
   9.87030411e+00   7.31123161e+00   4.63616610e+00   1.15470650e+02
   8.71545944e+01   1.20603564e+04   2.58193073e+01   4.61176172e+03
   7.12728699e+02   2.02421521e+03   1.31467346e+03   3.36645126e+01
   2.53432690e+03   1.73710861e+02   8.19406555e+02   2.91537952e+01
   1.77496090e+01   0.00000000e+00   1.97694946e+02   6.61879196e+01
   2.68934131e-01   1.34310608e+01   2.02214844e+02   1.85424438e+02
   1.59756149e+02   9.55462830e+02   6.53981055e+03   9.24052238e+00
   8.28716202e+01   2.50669823e+01   4.19021790e+02   1.67251301e+01
   1.18050222e+01   7.20197510e+03   3.78587456e+01   4.34958687e+01
   9.01452065e+00   4.84759033e+02   2.85416699e+03   1.71770187e+02
   3.49159863e+03   1.08383389e+01   7.08288765e+00   1.29654303e+01
   1.54676924e+04   9.79143372e+02   1.20732918e+02   1.12951956e+01
   5.74815430e+02   1.98438400e+02   1.26215041e+00   1.78955307e+01
   1.36862097e+01   6.36579285e+02   3.15657324e+03   1.35389740e+02
   4.64947357e+01   1.16998779e+03   7.44626038e+02   7.10989304e+01
   1.81767365e+02   7.02898438e+02   9.35248047e+03   3.97514267e+01
   1.40611877e+01   1.67310944e+01   4.53626595e+01   2.02422531e+02
   5.88351784e+01   9.57629085e-01   6.27388477e+03   4.64120605e+03
   7.98959082e+03   8.28502178e-01   4.52813263e+02   1.78175980e+02
   1.70354688e+03   1.51175642e+00   6.62665161e+02   3.40799408e+02
   1.40502138e+01   7.92898730e+03   6.23049660e+01   1.27490002e+03
   0.00000000e+00   5.55774780e+02   6.32319489e+01   1.26394058e+02
   6.10646973e+03   3.44275818e+01   5.51006088e+01   4.87999707e-01
   1.55308189e+01   4.61525543e+02   2.75858093e+02   1.87258453e+01
   1.59325668e+02   3.47769360e+03   1.21005726e+00   1.00200354e+03
   3.02823120e+02   3.40053894e+02   4.07714429e+03   1.81499908e+02
   3.67515479e+03   3.75796356e+02   2.51480453e+02   1.52370281e+01
   4.64361992e+01   1.65022888e+03   1.93287857e+02   5.06524707e+03
   1.03740692e+01   1.34899092e+01   1.62584610e+01   4.05731714e+03
   2.11800522e+02   1.41133995e+01   3.74898987e+01   0.00000000e+00
   2.73142114e+03   2.94008942e+02   6.56602539e+02   5.30389014e+03
   1.34630188e+02   5.42360001e+01   1.18072864e+03   2.24809155e+03
   1.03630705e+01   3.61307275e+03   7.20480728e+00   4.66200287e+02
   0.00000000e+00   8.38274121e+03   5.43992710e+00   2.89624817e+02]
[  4.91489487e+01   5.34335022e+02   8.68046875e+01   2.72555603e+02
   6.19328156e+01   6.71690613e+02   6.53639755e+01   1.84468781e+02
   3.04722004e+01   6.96187820e+01   9.98804749e+02   5.90627014e+02
   2.11062939e+03   2.05129837e+02   2.52358203e+03   3.66453674e+02
   1.79002225e+00   2.56245361e+02   4.67411346e+02   1.80891968e+02
   1.16272728e+02   1.65704689e+01   2.62782153e+03   9.20779190e+01
   5.28238640e+01   6.29207153e+01   7.34292374e+01   2.41179237e+01
   4.49117383e+03   2.46075459e+01   3.84508920e+00   5.50772057e+01
   3.45442944e+03   7.51032257e+01   1.92909336e+01   6.65196106e+02
   4.90660400e+03   1.88801491e+00   2.99204087e+00   1.46633032e+03
   4.01010913e+03   4.70500610e+02   6.81375206e-01   0.00000000e+00
   2.14485569e+01   3.06741394e+02   3.26378857e+03   2.83237801e+01
   2.85592880e+01   4.88187447e+01   6.30593758e+01   9.98743057e+01
   8.05266418e+02   5.57350769e+02   3.78802917e+02   3.13542017e+03
   1.73400745e+01   4.05564880e+01   1.63587708e+03   3.95464624e+03
   1.35137891e+03   2.22441162e+02   5.30591211e+03   5.10330391e+00
   1.49015471e-01   2.55215256e+02   4.83897438e+01   1.90629578e+02
   6.49063873e+00   5.97830322e+02   1.32782593e+03   1.24130042e+03
   3.40158569e+02   1.33677568e+01   8.98159790e+01   9.59310303e+02
   5.23625031e+01   5.53948608e+02   3.08405518e+03   4.21263790e+00
   7.11654568e+00   2.50872009e+02   2.69312720e+03   3.89785881e+01
   9.16288208e+02   4.41558838e+03   6.26831818e+01   7.04650955e+01
   2.56185327e+03   2.54351990e+02   1.89225372e+02   3.93203735e+02
   0.00000000e+00   2.49709375e+03   2.55404739e+01   1.30369539e+01
   3.33948975e+02   3.22770483e+03   4.70560226e+01   8.41923676e+01
   2.63653564e+01   1.66012058e+01   1.00345177e+02   6.29747248e+00
   1.39177783e+03   0.00000000e+00   1.00862267e+02   3.66087134e+03
   3.32024780e+03   9.07980728e+01   4.73538208e+02   3.13250904e+01
   1.93619763e+03   9.96369873e+02   3.41224701e+02   5.42822242e-01
   6.43462677e+01   2.87885075e+01   1.94183936e+03   2.87074223e+01
   5.73849983e+01   2.12548950e+03   0.00000000e+00   3.17510967e+01
   1.17211815e+02   3.91305573e+02   1.16885002e+02   3.21105072e+02
   4.00220239e+03   1.35125387e+00   1.82448883e+02   1.95688574e+03
   1.28781885e+03   1.68234596e+01   8.57137695e+03   2.17989415e-01
   4.40375824e+01   3.63163391e+02   7.86329803e+01   9.11212730e+00
   3.64935205e+03   0.00000000e+00   8.33096008e+02   1.24607048e+02
   2.05213898e+02   9.93532276e+00   1.49610907e-01   7.35754728e+00
   1.33273733e+00   1.12724289e+02   2.15214562e+00   4.31915741e+02
   2.15844543e+02   2.82691821e+03   1.65250153e+02   1.11921118e+03
   1.05655627e+03   3.91418982e+00   1.34845325e+03   3.75916077e+02
   1.11047815e+03   2.45136572e+03   6.63733435e+00   6.10463989e+02
   3.59714111e+03   7.67730408e+02   3.78306519e+02   2.17677002e+01
   2.26379681e+01   1.49366125e+03   6.30109009e+02   3.38220930e+00
   2.38336517e+02   3.49849558e+00   6.92789917e+01   2.69921970e+00
   1.79824457e-01   3.61901660e+03   2.90600922e+02   2.11448212e+01
   1.14871155e+02   4.60186768e+01   7.62293339e+00   4.23658295e+01
   3.48646265e+03   6.59458697e-01   6.16316833e+01   2.11787224e-01
   3.18187857e+00   6.29328232e+01   3.05604434e+00   1.10828735e+02
   2.08769207e+01   1.75094284e+02   3.60282257e+02   2.92936584e+02
   1.02655258e+02   4.14696426e+01   6.63387222e+01   9.27400494e+00
   2.00682812e+01   1.84269089e+02   3.35296822e+01   5.91703796e+00
   2.77949734e+01   3.23066521e+01   3.30787826e+00   1.64436661e+02
   3.59370117e+01   3.99078407e+01   1.57530725e+03   2.52790588e+02
   1.24217951e+00   7.98182428e-01   6.92367554e+01   1.26197571e+02
   5.26349220e+01   7.05260132e+02   2.73023315e+02   1.46091614e+02
   2.68741119e+02   9.06197021e+02   1.64859634e+02   1.30872559e+03
   7.70456696e+01   9.28690720e+00   1.76026172e+03   1.13985580e+02
   2.98279004e+03   3.69424170e+03   2.77890015e+03   5.06518936e+01
   0.00000000e+00   8.29809036e+01   2.61152405e+02   1.18202905e+03
   1.45651941e+03   1.07620745e+01   1.93580310e+03   2.62367340e+02
   2.55362053e+01   9.97222672e+01   4.69512024e+02   0.00000000e+00
   3.69753265e+02   5.29565247e+02   3.55372009e+02   2.06841183e+00
   4.23108948e+02   2.48169565e+00   0.00000000e+00   3.54881378e+02
   1.37037085e+03   0.00000000e+00   2.92883396e+01   4.73698242e+03
   1.55205154e+00   2.56149109e+02   2.57600975e+01   2.42355766e+01
   3.49118896e+03   0.00000000e+00   5.83619678e+03   6.18588295e+01
   1.52817717e+01   4.06445503e+01   3.55043488e+02   1.26812585e+03
   7.27377396e+01   4.87027924e+02   8.13469696e+01   3.39907562e+02
   1.78262860e-01   0.00000000e+00   3.97889252e+01   1.07177155e+02
   1.14419880e+01   6.30815392e+01   8.60020691e+02   6.76006653e+02
   8.83632374e+00   1.72558956e+01   3.07195093e+03   3.25890422e+00
   5.42939615e+00   2.29182080e+03   2.80425629e+02   1.23987556e+00
   3.65401709e+03   9.18486099e+01   1.18739614e+01   1.94763279e+00
   4.96867950e+02   5.82555664e+02   3.78850146e+03   6.83766632e+01
   2.10907959e+03   2.23267975e+02   7.27366409e+01   6.55959656e+02
   2.57153857e+03   8.91600281e+02   1.79018283e+00   6.34721851e+00
   3.90863794e+03   2.24448999e+03   6.43380225e+03   4.24509552e+02
   1.33520708e+01   2.74765045e+02   1.47913101e+02   4.89199600e+01
   2.78830838e+00   1.05196960e+02   2.32838936e+01   7.52513245e+02
   1.08329626e+03   1.09616875e+02   6.38649109e+02   0.00000000e+00
   1.73102975e+00   1.90241150e+03   3.83073921e+01   3.37291748e+03
   7.54327011e+01   1.98640823e+02   1.06447540e+02   1.13905048e+00
   9.86157417e+00   1.74031509e+02   1.32923222e+00   1.01346140e+01
   6.00154800e+01   7.84358978e+01   4.58571930e+02   5.31121979e+01
   3.02754028e+02   2.82240356e+02   2.57967651e+02   2.19357056e+03
   1.57123352e+03   8.40600952e+02   1.55457336e+03   7.23039198e+00
   1.99563812e+02   9.25736450e+02   1.30820972e+03   8.16108246e+01
   1.41461426e+02   2.89412207e+03   2.08422852e+00   0.00000000e+00
   4.39398633e+03   8.17194977e+01   1.22031543e+03   4.89867210e+00
   1.35298853e+03   4.47970001e+02   1.80022369e+02   1.33689285e+02
   4.02177086e+01   2.43275094e+00   9.25726318e+01   1.08312512e+03
   1.02497229e+03   1.05146227e+01   5.87488251e+01   2.68922863e+01
   2.14812241e+01   3.81112146e+00   3.22944385e+03   3.24195790e+00
   7.67410522e+02   1.72406274e+03   0.00000000e+00   2.72303741e+02
   1.09259058e+03   6.35325635e+03   1.44954865e+02   2.86749817e+02
   4.27038940e+02   2.47049713e+01   1.36270752e+02   3.04439926e+01
   1.15204163e+02   1.50595963e+02   6.88289309e+00   3.66051880e+02
   1.88774500e+03   1.49599180e+01   5.10729980e+03   1.38124390e+02
   4.86243988e+02   4.23865356e+01   1.78168118e-01   8.81264496e+01
   1.28202400e+01   3.28960022e+02   1.23960114e+02   3.01478271e+02
   2.54205322e+03   1.74251572e+02   4.80286217e+01   3.37883105e+03
   2.84487720e+03   2.39178802e+02   4.93730652e+02   4.60411072e+00
   9.00221329e+01   6.48922607e+03   9.69665222e+01   8.43229065e+02
   1.29935028e+02   1.36496677e+01   1.47623434e+01   0.00000000e+00
   8.67317871e+02   2.53364185e+03   1.04335510e+03   2.13714160e+03
   3.53903008e+01   3.95212250e+01   5.39969910e+02   9.43367839e-01
   2.79491291e+01   1.97824326e+01   1.11160149e+02   2.28493604e+03
   5.13025146e+02   5.36104797e+02   7.62967627e+03   7.21690559e+00
   6.45249481e+01   2.16346606e+03   5.81282768e+01   1.45210571e+02
   1.71589502e+03   1.81821575e+01   3.09081543e+02   3.07292725e+02
   8.76970387e+00   4.87755585e+01   1.53628860e+02   2.13390732e+02
   1.15618874e+02   1.50610733e+02   7.73552399e+01   8.93957198e-01
   4.33437347e+01   3.17881565e+01   2.72092843e+00   1.57277930e+03
   8.40244141e+03   1.53794470e+03   3.12129936e+01   5.67266418e+02
   7.23824805e+03   1.08896217e+02   1.43789307e+03   1.30408278e+01
   4.50518860e+02   1.59331146e+02   1.82136021e+01   0.00000000e+00
   1.46657727e+03   5.28242676e+02   9.84264297e+01   4.85985986e+03
   6.15769482e+03   9.10989868e+02   1.21512804e+01   6.26176949e+01
   2.64660034e+01   3.88202515e+02   1.81164932e+01   9.74998779e+02
   9.96094971e+01   0.00000000e+00   2.83431568e+01   5.67821741e+00
   1.48698807e+02   9.48437683e+02   1.72904816e+02   7.56376099e+02
   7.87718506e+01   5.73769855e+00   5.74291801e+01   6.13512744e+03
   2.58556557e+00   9.30170135e+01   3.69005127e+02   1.47746362e+03
   4.75876856e+00   0.00000000e+00   3.29689575e+02   5.76846619e+01
   5.79749966e+00   6.73278625e+02   9.55312256e+02   3.14293701e+03
   1.19257544e+03   8.98132782e+01   3.28867340e+02   3.26827026e+03
   1.00938248e+02   0.00000000e+00   1.39355072e+02   3.77780664e+03
   1.21299667e+02   2.03514893e+02   7.71505966e+01   2.72804492e+03]
[  6.22465393e+02   4.96750755e+01   1.02020521e+01   1.16017084e+01
   1.88641567e+01   1.28013184e+03   7.46226349e+01   2.60220566e+01
   5.97966623e+00   3.84442078e+02   5.19207573e+01   4.28515244e+01
   5.10436584e+02   1.06522021e+03   1.54052811e+02   1.72022653e+00
   8.36399689e+01   4.39546021e+02   5.91935043e+01   1.56365466e+00
   2.36626167e+01   0.00000000e+00   6.44558640e+01   1.24086987e+03
   2.12862387e-01   1.33951349e+01   6.08590984e+00   3.73329849e+01
   2.01770668e+01   1.41739700e+02   1.88605461e+01   2.06511998e+00
   2.20724152e+02   1.02895985e+01   1.99572681e+03   2.03140833e+03
   1.42433987e+01   1.38785474e+03   3.13038387e+01   6.83809433e+01
   1.06559534e+01   3.04552307e+01   7.07436037e+00   5.06741829e+01
   1.52033634e+01   9.93588257e+01   4.21658875e+02   4.10328200e-03
   1.02757385e+02   3.65630150e+01   8.75130188e+02   0.00000000e+00
   3.42186127e+01   4.31802864e+01   0.00000000e+00   4.51636963e+01
   1.36219749e+01   1.68888454e+01   9.07673035e+01   1.52041275e+02
   2.96167583e+01   2.43042316e+01   7.53149109e+01   1.78405514e+01
   1.13942652e+01   2.11519089e+01   1.41845688e+02   1.97519131e+01
   1.17817202e+01   2.98338490e+01   7.53157520e+00   1.74662305e+03
   4.48182602e+01   1.00622100e+04   1.37727283e+03   7.56049442e+00
   2.01875248e+01   1.95428257e+01   5.66828499e+01   2.45829067e+01
   1.97474232e+01   5.43224716e+01   4.47812462e+00   1.49068594e+01
   2.07976227e+01   6.81282640e-01   1.47718542e+03   1.57913713e+01
   1.45326492e+02   5.61473131e+00   9.62618637e+01   3.32849274e+01
   2.41688747e+01   2.57844879e+02   1.42585876e+02   3.60937920e+01
   5.37764893e+01   5.23675995e+01   8.83034744e+01   1.91082642e+02
   5.59305698e-02   1.13571177e+01   8.70023041e+01   8.39792099e+01
   1.12079506e+01   1.49497833e+01   3.00902891e+00   2.00046887e+03
   5.03708611e+01   6.68433368e-01   4.58502441e+02   1.88464489e+01
   1.26344233e+01   4.97293015e+01   3.19367833e-02   6.58777535e-01
   1.19383574e+01   3.49397202e+01   2.48089453e+03   6.20923638e-01
   2.22154587e+02   3.99177284e+01   1.38786592e+01   5.76985884e+00
   3.03898001e+00   1.27456074e+04   5.99709415e+00   9.85274696e+00
   6.89461731e+02   9.75939026e+01   1.09503345e+01   1.78050598e+02
   2.34076538e+02   1.88342037e+01   2.12033301e+03   5.15188313e+00
   3.19393516e+00   2.16768970e+01   1.57874768e+03   4.43816223e+01
   2.37996731e+01   1.07797192e+03   1.14326687e+01   7.55230713e+02
   9.88051510e+00   1.02713821e+02   7.39545059e+00   1.45664307e+02
   5.66247681e+02   4.62493401e+01   2.16752148e+01   5.57372803e+02
   2.35574970e+01   8.42354431e+01   7.33416260e+02   5.30715179e+01
   3.65932922e+01   0.00000000e+00   8.65495110e+00   1.25632251e+03
   4.63679736e+03   3.39905615e+03   1.54106808e+01   1.60560341e+01
   3.53263245e+01   1.21478624e+01   5.05926476e+01   3.12287712e+01
   1.35766869e+01   1.45141315e+01   1.57140320e+02   3.08872080e+00
   2.05463862e+00   9.63868164e+02   1.46298370e+01   6.09612923e+01
   8.46826744e+00   6.12902164e+00   4.86709023e+01   1.13302185e+03
   3.50243439e+02   4.90218468e+01   7.91386353e+02   3.71210999e+02
   1.05844460e+02   9.55784454e+01   1.43647504e+00   5.10483027e+00
   1.27259804e+02   1.07316872e+02   7.52215500e+01   2.12118673e+00
   5.01317773e+03   3.19304085e+01   2.22187185e+00   3.25801315e+01
   2.64030094e+01   2.33797607e+01   6.30097733e+01   1.63365942e+03
   6.34531450e+00   5.69978952e-01   1.22029517e+03   2.43233280e+01
   6.78869820e+00   9.31645107e+00   1.44775500e+03   1.30878420e+01
   8.16089172e+01   2.02723511e+02   9.80213852e+01   8.06311989e+00
   3.78925751e+02   1.91063843e+01   1.17691864e+02   2.11175751e+02
   6.80494457e-02   1.16391922e+02   2.23657739e+03   6.69671448e+02
   0.00000000e+00   1.06895208e+01   6.51577520e+00   1.20883656e+01
   6.33129959e+01   1.07636560e+03   7.80909653e+01   5.43916016e+01
   9.24262714e+00   5.66756325e+01   9.27660084e+00   1.37995483e+03
   6.23935547e+02   1.05829761e+03   0.00000000e+00   9.02260747e-03
   7.09769897e+01   3.00955908e+03   2.14601929e+03   7.70836115e+00
   1.50311089e+01   6.06307907e+01   4.37199974e+01   0.00000000e+00
   1.24282703e+01   2.13875443e-01   1.15241675e+03   5.87468982e-01
   3.12872192e+02   8.14905777e+01   1.14422607e+03   4.61980438e+01
   2.96197796e+01   9.36712463e+02   7.36644409e+02   4.05926895e+00
   3.43757324e+01   2.22165146e+01   1.36970325e+03   4.27938919e+01
   1.87262802e+02   9.73831940e+00   6.38753357e+02   2.00705967e+01
   3.73180161e+01   0.00000000e+00   1.54820328e+02   1.03572540e+01
   2.44295835e+00   3.90192070e+01   2.57156909e+03   4.84699158e+02
   7.80373383e+01   7.63932991e+00   1.05497864e+02   3.40613670e+01
   3.18494293e+02   6.47055664e+01   2.99404716e+01   7.89571095e+00
   7.65227905e+02   1.32611343e+02   2.45245743e+01   1.45279553e+03
   3.94818535e+01   1.01742954e+01   8.33746529e+00   3.55974693e+01
   1.00209061e+02   4.51787224e+01   1.09385315e+03   4.59163551e+01
   4.39377289e+01   5.86743431e+01   2.03695831e+01   2.08896347e+02
   4.62127380e+01   9.61818359e+02   3.06592999e+01   4.94242676e+03
   2.43433868e+02   2.56913319e+01   2.12851074e+03   3.17059326e+02
   2.67662750e+02   1.03665771e+02   2.15550251e+01   3.35500793e+02
   5.59679565e+01   7.92518234e+01   1.42487288e-01   3.13334160e+01
   2.23441029e+01   3.82986755e+01   1.36980371e+03   3.64063721e+01
   2.16432007e+03   5.89334488e-01   9.92960205e+02   9.30932388e+01
   3.04178345e+02   6.40224838e+01   9.63322830e+01   2.50835678e+02
   8.87779846e+01   2.80922890e+01   2.36903405e+00   6.63749847e+01
   2.76422710e+01   2.11528931e+01   2.78459430e+00   1.03075371e+01
   0.00000000e+00   1.47817734e+02   2.68999362e+00   4.99315643e+02
   2.35535502e+00   1.10285049e+02   5.09630470e+01   5.23837769e+02
   7.19075851e+01   1.30711377e-01   1.06934723e+02   1.41773825e+01
   0.00000000e+00   2.01929545e+00   5.52688713e+01   1.98219223e+01
   4.39175081e+00   2.45231533e+01   5.47211685e+01   6.98274040e+00
   1.95114070e-03   1.18624313e+02   2.35446777e+01   4.34287549e+03
   5.82856979e+01   1.22103409e+02   1.12444656e+02   1.57989044e+01
   1.34823942e+00   1.39006210e+02   6.42507019e+01   1.12516129e+02
   1.24185498e+03   8.10562801e+00   2.18683548e+01   5.58150005e+00
   1.46518860e+02   5.98093033e+01   2.52793980e+00   4.74852203e+02
   4.60038185e+01   0.00000000e+00   2.02113686e+01   5.15989637e+00
   2.53962451e+03   3.93549609e+00   1.70910721e+01   2.37880707e+01
   3.26807899e+01   2.59907251e+03   1.03217444e+03   0.00000000e+00
   3.35164886e+02   7.29486008e+01   1.87653313e+01   5.05623639e-01
   5.01945724e+01   0.00000000e+00   1.64965076e+03   4.76065750e+01
   9.60369949e+01   5.91946754e+01   1.34261975e+03   5.21636841e+02
   1.90291168e+02   4.13429451e+01   5.73529358e+01   1.32161060e+03
   1.13845879e+02   5.90510292e+01   8.09837818e+00   1.55945814e+00
   1.02812485e+02   1.63652539e+03   2.73387566e+01   7.71387405e+01
   6.30958061e+01   9.14361343e+01   8.16253174e+02   7.46074890e+02
   1.27155437e+01   1.01001801e+03   4.74343475e+02   0.00000000e+00
   4.15944786e+01   8.28862095e+00   1.40170605e+03   2.39869175e+01
   7.79052673e+02   9.03025818e+00   1.31262177e+02   1.03531675e+01
   4.10796394e+01   1.42472852e+03   1.49169296e+02   2.25075874e+01
   9.71736426e+03   2.78433807e+02   9.93128891e+01   1.83157005e+01
   7.12544479e+01   9.89333618e+02   7.43500443e+01   1.40046289e+03
   1.56534827e+03   9.31776123e+01   3.95952377e+01   3.54281197e+01
   1.66395295e+00   7.96612793e+02   1.13902557e+02   4.12888527e+01
   2.77506046e+01   5.29744148e+01   3.47141528e+00   7.64033585e+01
   2.53087997e+01   2.41752167e+01   9.83568859e+00   7.49133873e+00
   5.43112659e+00   1.53424057e+02   1.84610825e+01   2.66043604e+03
   3.37636757e+01   3.02236646e+03   1.42900986e+02   2.05106411e+01
   7.83333588e+01   5.08396637e+02   2.02523098e+01   2.56419163e+01
   9.25937988e+02   2.38688231e-01   1.55324719e+03   2.62154816e+02
   3.05212951e+00   3.85605545e+01   1.01322510e+02   7.13362808e+01
   8.12980591e+02   1.98540808e+03   5.14083595e+01   1.19863232e+03
   2.91873693e-01   3.71817976e-01   1.23903027e+01   1.01487434e+00
   7.96587067e+01   2.25852222e+01   1.54017065e+03   1.94980949e-01
   6.69658890e+01   1.16910515e+01   8.78171768e+01   2.16827344e+03
   5.57566643e+00   0.00000000e+00   2.42180233e+01   6.15115433e+01
   2.52608528e+01   1.29628430e+03   7.54232361e+02   1.53523987e+03
   9.41405151e+02   2.39497177e+02   5.03546143e+01   1.56633320e+01
   2.28345312e+03   1.99858456e+01   2.06619048e+00   1.34932288e+03
   3.85900497e+01   1.31972382e+02   8.66759205e+00   1.65458801e+02
   1.32722949e+03   7.37181702e+02   1.19472095e+03   7.29365873e+00]
