bicycle
bus
car
motorbike
person
[ 30863696.    12409251.    44701384.    35379316.    47605080.     6676239.5
  14857970.     4949722.    16174717.    19861722.    10692709.    27172088.
  11828714.    12582734.    27263520.    21360194.    23769102.    15030864.
  49879104.    14585507.    10608554.    35795300.     8230476.5   29973248.
   7795218.5   30832880.    19286842.    21726556.     5446583.    17195906.
  30537662.    44727576.    53666612.     3131046.    54468668.
   2338497.75  18327162.     5580639.    23367112.     2559852.75
  24406624.    22339538.    73790960.    58342788.    29107816.    30695680.
  25247258.    27458514.     4378366.5   43287748.    60306420.    11811889.
  17927938.    15490505.    14458280.    16952728.    30132636.     8742595.
  11102467.     4159990.5    2696494.75   3365238.75  19514380.     6123747.  ]
[  5.33438520e+07   1.28173410e+07   3.41292560e+07   5.25958000e+05
   1.38353130e+07   4.53795800e+06   2.05381920e+07   4.16396973e+03
   2.43118240e+07   4.95976400e+06   4.37574040e+07   3.56809200e+07
   7.29557969e+04   2.18363100e+06   2.66128140e+07   1.72295820e+07
   3.34977225e+06   5.70371480e+07   2.49676080e+07   1.13361810e+07
   2.95290938e+05   4.29504520e+07   1.38994700e+06   3.63237440e+07
   7.60736750e+05   4.00294040e+07   1.09185250e+07   1.44663312e+06
   1.90222400e+07   2.91067520e+04   3.84773960e+07   9.53812031e+04
   1.72945950e+06   2.74124680e+07   1.96073420e+07   5.18664700e+06
   4.63403094e+05   1.61453380e+07   4.13100600e+07   2.91259260e+07
   4.22565800e+06   5.58784950e+06   3.81778525e+06   1.04325150e+07
   5.81130000e+07   3.75786200e+07   3.15730781e+05   5.70090720e+07
   3.12419080e+07   3.33130200e+06   3.48122040e+07   3.92490800e+07
   5.71157600e+07   3.29860900e+07   1.11596575e+06   3.35707280e+07
   1.86211680e+07   8.32672560e+07   4.66145000e+06   1.47372890e+07
   4.68484720e+07   8.14144873e+03   1.91539760e+07   7.10688640e+07]
[  5.65464350e+06   1.45848790e+07   1.96071250e+04   1.38572922e+05
   2.07873359e+04   4.36447891e+04   1.06076867e+05   5.16114500e+06
   4.05855430e+04   1.94265588e+06   1.20663830e+07   1.17664562e+06
   9.52388438e+05   3.66770725e+06   7.27836875e+04   9.34709844e+04
   3.54599500e+06   3.84226688e+05   4.30906812e+05   6.69092700e+06
   1.29801700e+06   2.26850605e+04   1.34457860e+07   1.92597980e+07
   1.25672180e+07   0.00000000e+00   5.21184969e+05   4.69386300e+06
   8.00027750e+05   9.30183900e+06   1.87308984e+04   1.28571940e+07
   1.48978238e+06   7.57247100e+06   4.25156000e+06   6.52822150e+06
   2.32939672e+05   2.37702040e+07   3.20664150e+06   7.40802051e+03
   7.82292550e+06   5.27274300e+06   6.82660850e+06   1.85584660e+07
   4.54859100e+06   1.72192859e+05   1.40902460e+07   4.43863789e+04
   3.19713775e+06   1.34946675e+06   3.17762950e+06   5.63111875e+04
   5.83127700e+06   1.39438388e+06   1.94157780e+07   1.47227870e+07
   2.09308412e+06   3.32985977e+04   1.21335156e+05   5.38668625e+05
   3.19145650e+06   2.07977580e+07   1.34276050e+07   5.76911350e+06
   2.50014320e+07   3.14624625e+06   1.75658860e+07   9.97789700e+06
   2.83136688e+05   2.07012338e+06   1.07474050e+07   1.42574060e+07
   1.01409531e+06   1.72988547e+05   0.00000000e+00   2.60578375e+06
   3.68224250e+05   9.20826400e+06   5.17812800e+06   2.08584938e+05
   4.51972109e+04   8.17972100e+06   3.57048600e+06   1.10917910e+04
   7.01558850e+06   8.47779900e+06   5.52439650e+06   1.32652764e+04
   9.31252000e+06   1.83369438e+06   9.14383900e+06   5.58883650e+06
   3.62429438e+05   7.37580650e+06   5.69276312e+05   7.40116400e+06
   4.10816992e+03   3.49365000e+06   1.21191725e+06   2.14526656e+05
   6.14200000e+06   7.04266688e+05   1.31747000e+06   1.69568388e+06
   9.07432324e+03   1.07955512e+06   8.41347891e+04   1.86305038e+06
   4.49740400e+06   7.73235625e+05   9.73373047e+04   1.10628110e+07
   4.41636594e+05   9.23976900e+06   7.81564400e+06   1.04986070e+07
   2.63007125e+06   1.33613125e+06   5.35134250e+06   2.46659525e+06
   3.93968325e+06   7.37979050e+06   2.61600801e+04   7.61355200e+06
   1.85094838e+06   3.23828242e+04   2.90413680e+07   4.82542432e+03]
[  5.08239550e+06   3.28834400e+06   1.82653000e+05   0.00000000e+00
   1.81699023e+04   4.22294800e+06   6.53474812e+05   2.18855525e+06
   1.98778000e+07   6.85863000e+06   1.08770250e+07   9.99643300e+06
   3.02264725e+06   5.44478250e+05   5.87927490e+03   3.68598350e+06
   2.37425875e+06   5.10709300e+06   2.99713850e+06   2.34209531e+04
   1.23429840e+07   5.25853350e+06   2.82774275e+06   4.86273828e+04
   1.06204062e+06   1.85395000e+05   2.59938675e+06   1.06130110e+07
   1.38711734e+05   7.39485750e+06   1.61604344e+05   1.86718600e+07
   6.75903500e+06   1.88281828e+05   2.14279400e+06   3.35939300e+06
   3.95361100e+06   1.45936960e+07   1.75866062e+05   8.67196172e+04
   2.31228125e+06   7.96460469e+04   2.92765547e+04   6.66795000e+05
   7.78960375e+05   1.18941050e+07   7.99807850e+06   9.04815900e+06
   3.83691850e+06   2.11356920e+07   3.37258875e+06   6.73849800e+06
   8.13852000e+06   3.04373750e+06   1.29799219e+05   2.00747297e+05
   7.67732450e+06   5.62075188e+05   9.74422607e+01   3.98339875e+06
   5.03718800e+06   9.02467800e+06   9.86476300e+06   4.75826900e+06
   3.43224250e+05   1.49101860e+07   2.79082531e+05   6.87903350e+06
   6.31951650e+06   9.31088600e+06   2.73350500e+06   1.78327020e+07
   1.56107940e+07   7.58328850e+06   2.40444440e+07   2.09421777e+03
   7.19547500e+06   2.94999575e+06   2.18759640e+07   4.84772000e+06
   3.81277100e+06   3.48853398e+04   1.31072430e+07   5.37026500e+06
   8.38090703e+04   6.68557550e+06   6.58855625e+05   4.21526000e+06
   9.68446797e+04   8.97370938e+05   8.23010078e+04   9.33853100e+06
   2.73334375e+05   1.33769150e+07   1.50313112e+06   3.93308925e+06
   4.49436344e+05   7.54717300e+06   1.11159725e+06   1.65461760e+07
   1.64348172e+05   1.65604625e+05   2.05914180e+07   3.26155688e+03
   1.41084141e+05   2.04423380e+07   3.42248475e+06   8.39530400e+06
   1.33920970e+07   8.54249400e+06   1.74300840e+04   7.41811750e+06
   3.67142875e+05   3.12939100e+07   5.78287100e+06   1.29400512e+06
   6.60346125e+05   6.55870650e+06   4.82545508e+04   2.61321699e+04
   1.88816180e+07   3.80094425e+06   2.14212305e+04   9.90741400e+06
   7.80002000e+06   2.45727200e+06   1.60875470e+07   1.03387000e+07]
[  0.00000000e+00   5.65586133e+03   1.74869238e+06   1.71963691e+04
   2.26208363e+01   2.12212036e+02   1.51179041e+03   1.14577091e+00
   3.56387525e+06   1.81944844e+04   3.43344086e+02   8.16489062e+03
   2.53358879e+01   7.81422344e+04   8.89412969e+04   7.91931250e+03
   2.33897852e+04   1.05061950e+06   6.18954199e+03   8.56769766e+04
   1.00756371e+02   1.30229170e+04   6.09591125e+05   3.94650757e+03
   2.33683418e+04   1.87406702e+03   2.58976500e+06   0.00000000e+00
   4.42107422e+03   2.31545044e+03   2.85124023e+02   2.36091644e+02
   8.79041595e+01   9.53339875e+05   5.93093008e+04   2.17533325e+06
   2.70795650e+06   6.71433008e+03   1.17772766e+03   1.90919116e+03
   3.48365649e+03   5.44219824e+03   4.24733643e+03   5.09596219e+05
   9.03803906e+03   1.66827979e+03   1.02889221e+02   7.22109222e+01
   9.54922266e+04   2.65042090e+04   3.19617246e+04   2.08329193e+02
   2.23908650e+06   5.58684625e+05   2.61295258e+02   6.78930312e+04
   5.81686312e+05   1.27702638e+06   2.56055811e+03   5.41470795e+01
   1.40848828e+05   2.70281523e+04   5.04091344e+05   1.11638570e+05
   3.16288300e+01   1.18703125e+04   3.44335767e+03   1.48465076e+03
   8.59878027e+03   1.76292500e+05   1.93595988e+06   2.20259175e+06
   0.00000000e+00   1.63321436e+04   2.96497192e+02   3.11338837e+02
   2.02890469e+04   5.63353250e+05   9.39729938e+05   3.05221781e+05
   1.31016523e+05   4.89063916e+03   1.11098164e+04   1.21949951e+03
   2.59606800e+06   3.42307650e+06   8.72572625e+05   2.41475075e+06
   3.04816312e+05   3.45283752e+02   5.58778027e+03   6.18425703e+04
   4.82317906e+05   1.58022393e+04   0.00000000e+00   1.06860693e+04
   3.22496997e+03   1.02243706e+06   3.62740479e+03   2.74986172e+04
   2.45917520e+04   6.02398291e+03   1.95843888e+06   8.55775625e+04
   5.02365039e+03   9.01223828e+03   1.05315479e+04   2.32929761e+03
   1.78721588e+02   7.71035547e+04   1.04880825e+06   2.25274297e+04
   0.00000000e+00   2.29879609e+04   2.12682852e+04   5.67859961e+03
   0.00000000e+00   1.66110706e+03   2.61168896e+03   2.87628000e+06
   2.84579668e+04   1.46404266e+01   2.03004609e+04   2.19741431e+03
   5.52279541e+03   1.24764938e+06   4.12493317e+02   0.00000000e+00
   1.20897038e+06   1.49051904e+04   1.07624336e+04   1.42170918e+04
   1.24930977e+04   1.99108075e+06   3.67673063e+00   2.01914587e+03
   4.46512550e+06   8.23856875e+05   1.55278018e+04   0.00000000e+00
   7.52752686e+03   2.61416656e+02   1.95749160e+04   8.54860500e+05
   2.00576184e+03   2.55046975e+06   3.60487280e+03   7.96432251e+02
   1.69706219e+05   1.58695679e+02   6.26953369e+03   6.83703711e+03
   8.79659531e+04   9.43822266e+04   1.01116106e+06   4.50759912e+03
   1.03203496e+04   3.57068312e+05   1.38835662e+06   5.57695812e+05
   2.49766382e+03   1.12661633e+05   1.45958912e+06   1.39981250e+04
   2.85825664e+04   3.87566700e+06   1.99903425e+06   1.88944781e+05
   6.02332461e+04   2.09737100e+06   2.24622500e+06   5.48825098e+03
   1.69605059e+04   8.15005062e+05   9.65688379e+03   1.42439854e+04
   2.12966550e+06   5.92604150e+03   2.83396450e+06   6.55102109e+04
   6.13046875e+05   1.23082070e+05   9.27098875e+05   1.12452441e+04
   1.27716123e+04   1.38924482e+04   1.07366258e+05   3.06580195e+04
   1.05266375e+06   1.24551494e+04   6.10726807e+03   2.62777275e+06
   5.62893200e+00   1.08634825e+06   9.21112537e+00   2.81551400e+06
   8.15988379e+03   7.04590125e+05   2.46561250e+06   1.09789050e+06
   4.56070526e+02   2.25032775e+06   2.16490725e+06   5.38379883e+02
   8.50777109e+04   3.88704559e+02   7.25590454e+02   5.80624072e+03
   2.94714844e+03   1.38832012e+06   4.50105281e+05   2.18918725e+06
   1.09732646e+04   1.73743672e+04   4.35968475e+01   2.02979414e+04
   2.10279126e+03   1.34013488e+06   6.30348203e+04   4.19481110e+02
   2.17086914e+03   4.59303906e+03   1.29806226e+03   1.68272828e+05
   6.29448938e+05   0.00000000e+00   2.23165405e+03   1.46292531e+05
   6.05176208e+02   1.24271825e+06   2.75898594e+04   2.98261566e+02
   1.41793738e+06   1.04181553e+04   1.36791050e+06   6.61184875e+02
   5.93004761e+02   4.71181602e+04   9.79007125e+05   3.05856641e+03
   7.48058438e+05   1.94464875e+06   1.67524377e+03   7.87539795e+02
   4.74758711e+04   9.07665527e+03   1.17547485e+03   6.28529346e+03
   7.91559180e+03   4.98129844e+05   1.65166016e+04   2.07293530e+03
   8.58335449e+03   7.31380463e+00   4.88910004e+02   6.59255562e+05]
[  2.28146400e+06   5.61938965e+03   4.56050690e+02   9.71608948e+02
   2.11826350e+06   2.18901050e+06   3.73399062e+05   1.25065015e+03
   1.90593359e+04   1.26812268e+03   1.46913647e+03   1.26164551e+04
   1.08424102e+04   3.56970859e+04   4.91154004e+03   5.72305908e+03
   7.31437302e+01   1.92131485e+02   1.69513162e+06   7.15227422e+04
   4.48565674e+00   2.35181198e+02   2.55643570e+02   4.98188125e+05
   6.91684113e+01   6.12352539e+03   3.96613846e+01   4.95201844e+05
   2.31564844e+04   6.59096069e+01   2.94047305e+04   1.13988086e+04
   9.39464746e+03   8.99190312e+04   4.58117773e+03   1.93805781e+04
   1.47508994e+04   2.09160645e+03   4.15677490e+03   0.00000000e+00
   2.35863188e+05   4.51933828e+04   1.02395908e+04   3.49439673e+03
   1.06812383e+04   1.03254697e+04   3.47615875e+05   2.91437480e+04
   1.47883359e+05   1.43381311e+03   9.24170117e+03   2.56003955e+03
   4.07828931e+03   1.83934199e+04   2.10758000e+05   2.49008609e+05
   5.74434102e+04   1.68357984e+05   5.23149805e+04   9.68436890e+02
   6.22409229e+03   8.38584297e+04   9.76820450e+01   8.81954803e+01
   5.87336006e+01   2.23377012e+04   4.92109844e+05   9.97716797e+02
   9.27488342e+02   3.31473281e+04   9.93150750e+05   1.83015076e+02
   4.09267852e+04   1.17701406e+04   3.78020703e+04   8.10845000e+04
   4.94963750e+04   9.17195508e+03   5.31791992e+04   5.44924000e+05
   8.73353195e+01   1.50909824e+04   2.34529781e+01   4.88213359e+04
   3.10644897e+03   2.78123262e+04   1.29560132e+03   1.38426045e+04
   9.40937598e+03   1.55707871e+04   1.41035000e+04   1.17386523e+04
   4.75991562e+04   6.20059250e+05   1.31409033e+03   8.78324318e+00
   1.69690516e+05   2.18344650e+02   1.45872061e+04   6.23688086e+04
   2.00704150e+03   1.81820039e+04   1.18878988e+06   1.19992287e+02
   1.53178723e+03   2.82233281e+04   8.60805469e+04   5.71582656e+04
   2.23699707e+04   2.05548662e+06   4.13787506e+02   1.09615125e+06
   3.95472260e+01   9.78384521e+02   4.96213770e+03   1.99139492e+04
   6.02415234e+03   2.42879570e+04   2.32388145e+04   6.38408828e+04
   5.23731348e+03   5.99016785e+02   8.15955713e+03   5.00926719e+05
   3.34192627e+03   3.84943726e+03   2.68002472e+01   2.64707793e+04
   8.83826416e+02   2.45404725e+06   3.07626777e+04   1.41531995e+03
   7.64104395e+03   2.07144888e+06   1.11042163e+03   1.67305977e+04
   2.49895605e+04   1.06845675e+06   1.29653918e+03   2.42809982e+01
   1.47961569e+01   2.19001685e+03   1.13943350e+04   2.50918223e+04
   3.38080454e+00   1.28656360e+03   8.44217957e+02   0.00000000e+00
   0.00000000e+00   7.49370972e+02   9.66811035e+02   1.89252698e+03
   1.02333025e+06   1.90170469e+05   9.31989624e+02   3.49368500e+05
   1.77059216e+03   4.35941849e+01   8.59584141e+04   1.64790638e+06
   7.56135681e+02   7.33342920e+03   1.57838281e+03   4.23357735e+01
   3.51512938e+05   0.00000000e+00   4.29536344e+05   7.55397998e+03
   4.42438469e+05   2.25416350e+06   3.08495422e+02   2.46911583e+01
   1.38639648e+04   2.29268016e+05   8.88545500e+05   1.94563135e+03
   2.86174316e+03   3.02340283e+03   1.30287832e+04   9.11125488e+01
   8.92296484e+03   3.97340405e+03   9.10394440e+01   1.72544570e+04
   0.00000000e+00   1.54546362e+03   4.54376992e+04   1.41735176e+04
   3.76364062e+03   2.28210953e+02   8.97521312e+05   2.52703784e+03
   2.15354691e+02   8.28003711e+03   6.17068555e+04   3.96211938e+03
   8.06355000e+04   4.01774844e+04   6.63691062e+05   7.54403782e+00
   1.79703293e+02   0.00000000e+00   7.98396812e+05   3.12323809e+04
   2.68736035e+04   3.40068237e+02   2.00866230e+04   1.15331688e+06
   1.42401078e+05   1.71537662e+06   2.05456696e+01   5.03555029e+03
   5.30299512e+03   3.17923887e+04   2.83327490e+03   4.88103719e+05
   3.22127469e+05   2.74480933e+03   1.47835459e+04   1.59139429e+03
   7.08453564e+03   2.40555762e+04   7.83320947e+03   1.94255383e+03
   1.48493969e+00   1.37199031e+05   1.83802656e+05   7.07572363e+03
   1.59566663e+03   2.04980284e-01   1.16508934e+02   7.37336084e+03
   4.54273750e+05   3.48986572e+03   1.75723400e+06   8.33960742e+03
   5.22479346e+03   1.30062712e+06   0.00000000e+00   3.09846134e+01
   2.21851392e+03   2.99269500e+05   1.60800896e+01   0.00000000e+00
   1.71373611e+02   1.06771019e+02   1.55330117e+04   2.96142651e+03
   7.22111812e+05   2.01938859e+05   2.15622695e+04   5.99662578e+04
   7.00034375e+03   7.43726750e+05   1.45599492e+04   2.40717832e+04]
[  2.38390766e+05   4.56500078e+04   2.87697729e+03   1.27344617e+03
   5.28723875e+05   5.66294482e+03   4.11329375e+04   9.45392578e+03
   1.00383527e+03   8.81907250e+05   7.58951221e+03   6.21062812e+04
   9.94393457e+03   4.65383984e+03   4.69300879e+03   9.90955322e+02
   1.82574997e+01   5.57711572e+03   1.76351776e+01   2.82870850e+03
   8.26080000e+04   1.04990047e+05   2.22450078e+04   1.24555498e+04
   5.66724182e+02   5.82517188e+03   3.10180225e+03   1.11815977e+05
   1.64785137e+04   5.01983656e+05   3.72873718e+02   1.69474512e+04
   4.41417773e+04   7.91005000e+04   2.89120703e+03   1.59339414e+04
   6.31303375e+05   1.82263425e+06   1.28846643e+03   1.78196812e+06
   3.94204132e+02   1.70006665e+03   3.97020312e+03   6.55498828e+04
   2.38809648e+04   9.57351855e+03   1.94071301e+03   3.28827461e+04
   4.15641641e+04   1.03964075e+03   1.52749703e+05   1.36191275e+06
   2.05895309e+02   4.92611656e+01   1.28311365e+03   4.31502051e+03
   6.03239893e+03   1.02407828e+05   3.18519282e+00   1.00630508e+04
   1.96467407e+03   4.70136914e+04   2.91655054e+03   7.45406543e+03
   1.26012236e+04   2.12489375e+04   1.23159766e+04   6.13969580e+03
   3.41812719e+05   6.14390078e+04   3.02225742e+04   1.75622864e+03
   2.08862078e+05   1.69329785e+04   5.10084438e+05   2.48968219e+05
   2.64766438e+05   3.91502695e+04   8.43204102e+03   2.66674854e+03
   7.13940796e+02   6.12477722e+02   7.11424453e+04   5.34066101e+02
   7.59534062e+04   2.43538651e+02   9.10296484e+04   6.36131653e+02
   3.84131584e+01   1.34492822e+03   3.46777405e+02   1.72852576e+03
   2.97123105e+04   8.85501038e+02   1.32802188e+05   1.72593298e+03
   1.79995819e+02   3.31731812e+05   6.21092750e+05   1.59656672e+05
   1.37239906e+05   3.44776562e+04   1.07725171e+03   1.61479102e+03
   5.66381641e+04   2.01565894e+03   5.46083812e+05   3.40581172e+04
   3.59297943e+02   5.29085693e+03   1.85200859e+04   6.92501514e+03
   2.90819902e+04   6.29611279e+03   2.49968970e+03   6.54295938e+04
   6.81646729e+02   8.58056094e+04   5.42666250e+04   6.79778203e+04
   2.47191405e+00   9.77936438e+05   4.21800898e+04   2.75875781e+05
   3.62878789e+04   2.49957715e+03   1.75228711e+04   4.01869965e+01
   6.67442322e+02   2.46066544e+02   1.42174976e+03   3.57243672e+04
   6.68136084e+03   5.89556152e+03   2.10850488e+04   9.97560156e+03
   1.59480420e+04   1.68335297e+05   6.61768604e+03   8.56504456e+02
   9.95745392e+01   3.15098223e+04   1.62073999e+03   4.86275586e+04
   1.72098027e+04   5.24055322e+03   2.78169668e+04   3.17030449e+01
   6.07332109e+04   7.33175049e+03   1.21373223e+04   1.03952453e+05
   2.03502698e+03   1.96703047e+05   1.76920227e+02   8.29324902e+03
   6.42271914e+04   9.41350293e+03   2.51495469e+05   1.11604810e+03
   6.62619507e+02   5.69933655e+02   1.04834414e+04   5.84984497e+02
   2.89545898e+03   7.69548779e+03   3.09789902e+04   2.47264891e+05
   1.52992761e+03   3.67617773e+04   1.54571548e+02   1.23107578e+04
   2.33544580e+03   2.52697632e+03   2.05320723e+04   7.54649951e+03
   7.21019375e+04   6.69532617e+03   7.39905938e+04   5.48407695e+04
   1.05060339e+03   6.45458750e+04   6.76388428e+03   7.33436377e+03
   1.03684094e+05   8.81635498e+02   1.21005594e+05   1.43272021e+03
   1.88722656e+04   7.19241688e+05   6.32456523e+04   4.01601660e+03
   4.83478394e+02   1.04453648e+05   2.97622986e+01   1.07644885e+03
   3.70047148e+04   1.45803037e+04   8.29339551e+03   6.21711992e+04
   7.93853711e+03   3.62823730e+02   3.48038086e+04   2.59914141e+05
   1.49991000e+05   5.47073303e+02   2.24516191e+04   1.18391191e+04
   2.62089891e+05   5.30276489e+00   3.15300732e+03   1.02332256e+04
   4.11301016e+04   2.20705117e+04   1.24245188e+05   1.60410034e+02
   1.37721777e+04   2.01246562e+04   2.65701935e+02   2.03018906e+05
   1.29393516e+04   6.39057666e+03   7.31788232e+03   1.38858359e+04
   3.15645156e+04   1.04072857e+00   1.78182938e+02   1.50103506e+04
   3.47251855e+03   4.10503672e+04   1.18587734e+04   4.16640117e+04
   1.31581335e+03   2.96106973e+04   1.51271925e+06   4.22819580e+03
   3.52932593e+03   9.22607031e+03   1.16497688e+06   5.37829883e+03
   3.18106372e+03   4.28036804e+02   1.55360706e+03   6.69565674e+02
   8.51298906e+04   6.03071312e+05   5.80921478e+01   5.45183144e+01
   1.74092422e+05   3.20781719e+04   0.00000000e+00   4.78668828e+04
   8.03706494e+03   2.15100513e+03   8.44934814e+02   3.16458032e+03]
[  8.25370239e+02   1.43884873e+04   5.23995078e+04   3.51597383e+04
   2.17933911e+03   8.89155547e+04   7.63598572e+02   4.72638672e+03
   1.14152336e+02   2.03043327e+01   7.21395938e+04   1.31675762e+04
   2.36555664e+03   7.97936523e+03   7.25692529e+03   6.07536743e+02
   1.34557490e+04   1.39758398e+04   2.17455918e+04   3.63927271e+03
   1.28335175e+02   1.28924297e+05   3.73177100e+03   1.92504929e+02
   7.06968906e+04   1.44747920e+04   9.33405391e+04   4.61476221e+03
   9.20752266e+04   2.55499707e+04   1.07128896e+04   1.42873234e+05
   2.52261211e+04   2.80310137e+04   4.03905234e+04   8.84471406e+04
   9.18927656e+04   4.11875977e+03   1.54538651e+02   3.03776699e+04
   1.33904465e+02   1.22250664e+05   5.61690977e+04   4.90701719e+04
   1.21967842e+02   6.03507861e+03   1.51471582e+04   3.55738281e+04
   0.00000000e+00   3.43717773e+04   1.28341375e+05   1.75199951e+03
   3.10339302e-01   1.73223262e+04   9.15313965e+03   1.44535576e+04
   2.47926636e+02   1.73813855e+03   5.72883179e+02   1.25426819e+03
   1.94899451e+03   1.51752562e+05   4.29017031e+04   1.57590698e+03
   6.06985840e+03   1.17974795e+04   1.20080798e+03   3.13434204e+02
   9.81097461e+03   1.27364526e+03   3.54158438e+04   2.56782739e+03
   7.54511719e+04   1.44883105e+03   4.49205894e+01   1.18047119e+03
   5.10493713e+02   2.04368477e+01   1.23522945e+05   4.11913398e+04
   2.44893227e+01   1.15543828e+04   3.85518828e+04   9.93988359e+04
   1.76658655e+03   0.00000000e+00   1.14855408e+03   2.98162622e+03
   1.21772430e+05   8.55915625e+04   7.24213330e+03   7.52603607e+01
   1.17789781e+05   3.04595410e+04   5.28211992e+04   2.76960332e+04
   3.27539883e+04   2.69295288e+02   6.19649180e+04   5.75059766e+04
   5.41172119e+03   3.26117462e+02   1.63765969e+05   2.62526514e+03
   3.52477500e+04   4.64309492e+04   9.80810730e+02   1.04136703e+05
   8.75154688e+04   1.95444641e+03   1.02313350e+04   4.43772675e+02
   1.83808379e+04   3.70204124e+01   1.56138330e+03   2.39493184e+04
   7.94363022e-01   3.32199648e+04   7.35943985e+00   4.32307070e+04
   7.96644470e+02   1.08236289e+05   2.33825098e+04   2.40241626e+03
   8.32511523e+03   4.13842773e+04   3.51882642e+03   2.32037051e+04
   4.48152109e+04   4.92736768e+03   3.50983337e+02   1.47484961e+04
   1.98399922e+04   4.73619453e+04   4.36531680e+04   2.59112797e+01
   4.69325635e+03   2.48898196e+00   7.12926086e+02   2.71519756e+01
   4.12968086e+04   7.91965332e+02   2.77475586e+04   8.18353271e+00
   2.00531299e+03   1.76274939e+03   1.61921521e+03   5.16651758e+03
   4.99781677e+02   1.35582607e+04   1.03420750e+05   7.35376758e+03
   6.91089783e+02   2.67036646e+03   1.19129677e+02   8.80327702e+00
   2.07375046e+02   8.08180542e+02   4.81428253e+02   1.19482781e+05
   2.48426309e+04   5.29556250e+03   1.85970273e+04   0.00000000e+00
   5.19665586e+04   1.09500256e+03   8.27510938e+04   1.13232262e+02
   7.81569922e+04   6.70412031e+04   9.50101501e+02   8.83972949e+03
   1.91388145e+04   1.33568286e+03   8.07481797e+04   6.58324062e+04
   3.65471133e+04   1.69732324e+04   6.16815186e+03   1.30714233e+03
   4.29140273e+04   6.56337097e+02   3.19200391e+04   2.70614492e+04
   4.09566504e+03   4.39644453e+04   9.82767344e+04   1.12175146e+04
   2.30246924e+03   1.61102722e+03   2.37863525e+03   2.16103242e+04
   9.89954785e+03   1.37838984e+05   1.51937312e+05   4.78330938e+04
   2.34176602e+04   2.33607695e+04   1.53828730e+04   1.69855249e+03
   1.16998172e+05   1.57536621e+04   1.81774185e+02   9.35334375e+04
   1.35586656e+05   4.23230835e+02   4.88503711e+04   6.14858359e+04
   1.41867924e+01   2.39042320e+01   6.97022217e+02   5.20616516e+02
   2.99022949e+02   5.44918213e+02   5.77608594e+04   2.42604346e+03
   3.47342139e+03   2.50666562e+04   2.80742363e+04   1.91578633e+04
   1.55422305e+04   1.03080234e+05   1.87531219e+02   3.93907046e+00
   4.90346758e+04   2.55995947e+03   1.94400513e+03   2.79338455e+00
   8.64632935e+02   2.69155688e+03   1.53097534e+02   1.03976212e+02
   5.39783008e+04   4.20043164e+04   1.09329031e+05   9.95413635e+02
   5.48902422e+04   2.39160913e+03   1.33165645e+04   4.71156006e+03
   8.25410059e+03   3.55828945e+04   9.56104785e+03   5.20713320e+04
   7.38277283e+02   1.54177031e+05   1.01841748e+04   7.64151287e+00
   1.94425684e+04   3.41952773e+04   3.44060820e+04   8.87665391e+04
   3.79075903e+03   1.82002156e+05   1.52826221e+04   5.55761914e+04
   8.49310234e+04   7.75417969e+02   5.63316116e+01   5.86065547e+04
   7.22547422e+04   1.67895508e+01   1.28590273e+04   2.23606104e+03
   1.67783146e+01   7.29632275e+03   9.61200439e+02   1.33071297e+05
   5.27980664e+04   1.11206812e+03   5.50402546e+00   7.28725464e+02
   8.56574609e+03   3.99477539e+03   1.05386500e+05   3.03353828e+04
   0.00000000e+00   4.90746880e+01   1.15570008e+05   7.01416406e+03
   2.84201794e+01   1.09932336e+03   2.54860488e+04   1.12786508e+05
   1.53576050e+03   4.01037012e+03   2.23114147e+01   8.39459290e+02
   1.05971851e+03   8.61918066e+03   1.28653379e+04   1.29818750e+04
   8.93410234e+04   4.46198633e+04   4.62372148e+04   4.18480029e+03
   6.91662598e+01   2.55476639e+02   3.88446367e+04   7.48569766e+04
   2.05394287e+01   1.85774817e+03   2.93138594e+04   2.42164398e+02
   1.25328918e+03   5.74416992e+04   2.91854932e+03   2.91125244e+02
   8.89421953e+04   3.08518768e+02   4.33633331e+02   8.21129688e+03
   3.10687378e+02   1.13777368e+03   7.96293516e+04   8.10022266e+04
   2.96859837e+01   7.50949062e+04   1.03944082e+04   5.47028174e+03
   4.78134155e+02   7.48945361e+03   1.24151383e+05   4.51428076e+03
   1.28993266e+05   1.09162469e+05   1.54761766e+05   5.66497266e+04
   2.75378047e+04   1.16203931e+03   4.64662969e+04   1.58791689e+04
   8.78327891e+04   5.53640259e+02   5.76679749e+02   5.96966445e+04
   2.84790070e+02   5.35183828e+04   3.77472974e+03   2.40165898e+04
   9.34319922e+04   1.14149487e+03   2.50160547e+04   1.34381227e+01
   1.02799146e+03   1.50677334e+04   2.31032578e+04   3.79844208e+02
   1.24876387e+04   8.53015808e+02   2.74925039e+04   4.25056885e+02
   8.05959412e+02   5.48491016e+04   5.24468457e+03   1.36985364e+03
   1.05949359e+05   1.02574023e+03   5.70367891e+04   2.32803086e+04
   5.86796133e+04   5.85866016e+04   2.43215912e+02   1.06371191e+03
   5.55126367e+03   7.11012695e+02   9.05993828e+04   2.55974341e+03
   6.59969922e+04   4.73333545e+03   5.84228809e+03   2.24945190e+03
   1.91991094e+04   2.32632129e+03   6.64734531e+04   5.07279346e+03
   1.69520288e+03   3.35059619e+03   8.73047058e+02   2.46823517e+02
   2.33842363e+04   1.48246768e+04   3.40827057e+02   2.94892891e+04
   1.73580847e+03   3.62676660e+03   2.31644531e+03   1.87030508e+04
   1.53175525e+03   1.75444656e+02   2.93429639e+03   3.86093506e+02
   7.69352881e+03   8.50272363e+03   2.51050488e+04   9.32800625e+04
   1.83726038e+03   9.65534485e+02   1.26800879e+03   1.86519836e+03
   5.14300766e+01   5.19043945e+03   4.46089531e+04   7.02689922e+04
   4.23434531e+04   1.30326533e+04   4.97788672e+03   6.86582260e+01
   1.12599411e+01   2.21724148e+01   1.80757012e+04   1.48301436e+04
   7.76966748e+03   2.80383636e+02   5.42692656e+04   1.96326797e+04
   7.38853027e+02   2.14089941e+04   3.39241641e+04   9.61441797e+03
   5.16781836e+03   7.73805176e+03   4.08328125e+03   8.85181094e+04
   1.01867664e+05   1.25039912e+04   4.30548867e+04   4.45500488e+03
   1.00417586e+05   1.18792639e+03   6.67356628e+02   1.09526191e+04
   7.65258203e+04   5.22406289e+04   2.74633984e+04   2.09026953e+03
   3.62085175e+02   1.09020483e+03   1.98353984e+04   8.93474121e+03
   1.42144580e+04   2.89020288e+03   1.78618945e+04   3.21349907e+00
   0.00000000e+00   2.73440078e+04   1.11832726e+02   6.08077637e+03
   3.32538940e+03   7.18517969e+04   1.18290674e+03   1.12306086e+05
   1.07970029e+04   0.00000000e+00   3.31875562e+03   9.24562836e+00
   1.19405872e+03   2.81684141e+04   7.66666565e+01   2.09055444e+03
   3.06019653e+02   1.44790557e+04   2.97545227e+02   9.41512988e+03
   3.42979180e+04   8.22213516e+04   8.44396729e+02   2.84233303e+01
   1.96140613e+03   5.79952197e+03   1.36059785e+00   1.51919763e+03
   1.22286689e+04   4.41633209e+02   1.82013013e+03   1.98123853e+03
   2.15609746e+04   5.89265967e+03   2.77914551e+04   0.00000000e+00
   3.78901459e+02   1.17240308e+03   7.51664141e+04   2.87900254e+04
   2.91139199e+04   1.76014709e+01   1.67728809e+03   1.17314692e+01
   1.64521816e+04   5.53990906e+02   1.57652406e+05   3.27538269e+02
   1.34268438e+04   6.02660059e+03   2.94944653e+03   4.89643750e+03
   4.54408154e+03   1.27932820e+05   1.27837041e+04   4.86175195e+04
   7.89789404e+03   1.08226303e+02   1.75675659e+01   3.37593398e+04
   4.17555811e+03   7.30574531e+04   4.54458936e+03   1.28418167e+02
   4.17275117e+04   5.53796509e+02   5.15439697e+02   1.58906609e+05]
[  8.17846973e+03   8.71609277e+03   1.98523853e+03   1.85296211e+01
   3.44812812e+04   3.65168476e+00   5.91692734e+04   4.86443945e+04
   7.44716797e+04   1.75289627e+02   6.79015869e+02   1.86166309e+04
   7.04022522e+01   9.64024688e+04   9.62381543e+03   3.89017181e+01
   1.39483533e+03   2.89533472e+03   9.80272827e+02   9.76330627e+02
   5.55436279e+03   4.02799951e+03   2.85854102e+03   1.24710869e+02
   1.49428329e+02   1.42366221e+04   1.75967810e+03   1.49481758e+04
   3.67509937e+03   5.44062988e+02   8.71943283e+00   1.87982117e+02
   1.57325623e+03   4.10019875e+00   5.54028870e+02   6.90026794e+02
   1.10248145e+03   4.12018509e+01   2.44877207e+04   2.82484283e+02
   1.66108828e+04   7.06511963e+03   2.92000160e+01   4.99448398e+04
   2.68849194e+03   6.86130005e+02   5.04018311e+03   8.54253845e+02
   4.37899414e+02   1.45294788e+03   1.15046313e+03   1.28297377e+01
   2.16244054e+00   2.11794414e+04   1.44103772e+03   6.35090137e+03
   7.18700977e+03   8.32483093e+02   3.47432800e+02   5.30434132e+00
   4.41432285e+00   7.96779663e+02   5.82934509e+02   9.58139343e+02
   3.26044250e+02   1.59613831e+02   8.01513574e+03   3.27794873e+03
   7.78926562e+04   1.67176559e+02   4.22349091e+01   5.49410664e+04
   1.21332111e+01   5.95891162e+03   3.07685596e+03   2.78140796e+03
   2.44311050e-01   8.03069971e+03   9.94661438e+02   5.09996643e+02
   1.79120251e+03   1.02042250e+05   3.75879531e+04   1.84254258e+04
   1.90452307e+03   3.06161079e+01   1.89653750e+04   1.30476001e+03
   2.23289429e+03   3.50365295e+02   2.42601328e+04   7.60385205e+03
   2.03539258e+03   1.75406802e+00   5.39644775e+03   8.76596985e+01
   6.77897034e+02   2.14110723e+04   6.24037598e+03   7.77982031e+03
   1.24391699e+03   4.70981299e+03   1.26854749e+03   3.31431627e+00
   1.52076157e+02   1.43780981e+03   2.87215312e+04   4.76932259e+01
   5.67522266e+04   8.79521484e+04   1.02719275e+03   3.86010712e+02
   6.18429260e+02   2.36975220e+03   7.41517969e+04   1.80943762e+03
   1.26008997e+03   1.46947583e+03   2.16677761e+01   5.15096313e+02
   2.05462723e+02   8.56165820e+03   8.28098450e+02   4.84352798e+01
   5.13067461e+04   4.03441132e+02   3.31526294e+03   2.33880280e+02
   2.77459049e+01   2.54808887e+04   9.31824722e+01   1.22747681e+03
   5.68786499e+02   9.05534375e+03   2.12004629e+04   2.17712669e+01
   2.04948898e+02   4.19375153e+02   2.09114766e+04   5.56202948e-01
   1.10938034e+02   2.18170212e+02   2.52195176e+04   1.76339905e+02
   6.97607324e+03   3.29201318e+03   1.10469512e+04   3.72089609e+04
   1.01533417e+03   5.10867725e+03   8.08118047e+04   5.06797461e+03
   2.39452031e+04   6.51630310e+02   2.97482849e+02   7.93050312e+04
   1.00180850e+04   2.47620918e+04   2.73629272e+03   4.88429297e+03
   1.09702246e+04   5.01910107e+03   5.06577206e+00   3.00230774e+02
   5.20152266e+04   1.80722961e+03   1.09184016e+05   9.12812958e+01
   6.29429150e+03   2.03540859e+04   1.14649780e+03   3.31189819e+03
   7.00397344e+04   1.71522734e+04   2.31360512e+01   3.80968970e+03
   2.58779395e+03   1.32139258e+04   8.62446411e+02   1.35229541e+03
   7.22508672e+04   2.31709570e+03   9.37912415e+02   0.00000000e+00
   1.04961094e+04   7.68235469e+04   1.31383190e+01   7.76039856e+02
   1.11435742e+03   7.51497969e+04   1.42149219e+03   7.50540222e+02
   3.42033577e+01   7.52133984e+04   4.03474023e+03   8.16595117e+03
   9.79760132e+01   2.86899688e+04   8.11070679e+02   7.07316875e+04
   3.17646992e+04   4.14484680e+02   1.12101082e+02   5.15284851e+02
   1.47317158e+04   8.12552856e+02   4.13041138e+02   4.44684473e+03
   4.38020134e+01   4.27002051e+03   1.94931348e+03   6.20952454e+02
   5.22649951e+03   9.31797852e+03   4.23184570e+04   8.02306250e+04
   2.94436680e+04   1.64546875e+02   4.40632721e+02   4.18841016e+04
   7.90952344e+03   6.41992416e+01   3.14890869e+03   2.39098633e+02
   9.98150293e+03   4.38342857e+01   6.72260986e+03   4.45618203e+04
   1.47951160e+03   3.54229810e+03   5.75831797e+04   2.69411621e+02
   2.82019073e+02   3.11977832e+04   6.28314114e+00   1.51123797e+05
   9.63410469e+04   8.76616309e+03   3.28424042e+02   7.21195450e+01
   3.71684668e+03   9.05738574e+03   1.51021912e+03   2.97279858e+03
   1.09188975e+04   6.45709570e+03   0.00000000e+00   7.97301719e+04
   2.75436592e+01   1.84939880e+02   1.85263696e+03   4.47761612e+01
   1.16931240e+04   4.64071960e+01   3.31481133e+01   2.27419617e+02
   3.13664062e+02   2.31976147e+03   1.35738369e+04   1.53490322e+04
   1.36354932e+03   1.73223352e+03   9.35337341e+02   1.53331848e+03
   5.73657837e+02   1.55638330e+04   1.80523102e+02   2.83086250e+04
   6.33052246e+03   8.08252002e+03   5.02973999e+02   1.17044714e+03
   6.67319946e+02   3.63200256e+02   1.43910706e+00   5.91003799e+00
   1.70326602e+04   0.00000000e+00   1.66427820e+03   2.07901035e+04
   3.39652271e+03   1.38654358e+02   2.60622363e+04   0.00000000e+00
   4.87539597e+01   8.39498730e+03   2.75604916e+00   3.30136523e+04
   4.26823303e+02   1.22539136e+03   3.42628937e+02   4.37038672e+03
   1.04345672e+05   1.51995244e+04   5.43878906e+03   4.86153027e+03
   5.25876250e+04   9.15232483e+02   1.08986804e+03   1.32035156e+03
   1.76639998e+00   3.00790796e+03   2.19057246e+04   8.09970284e+00
   1.09832246e+04   1.58511953e+04   1.10804944e+03   1.15743906e+05
   3.25114014e+02   3.11929047e+02   1.65809692e+02   4.60777588e+03
   3.66220156e+04   7.66463852e+01   2.14264990e+03   2.02561401e+02
   9.25929062e+04   2.07043934e+01   7.23597336e+01   3.01361328e+02
   1.77483765e+03   2.24180254e+04   1.14588379e+04   3.23866914e+04
   1.13007117e+05   3.38427765e+02   3.04140112e+03   1.49830557e+04
   1.23285193e+03   1.41940985e+01   7.94644141e+04   1.83981230e+04
   5.85234833e+01   5.78561523e+03   3.45043789e+04   2.61895923e+03
   1.37161510e-02   7.74669238e+03   6.06122681e+02   1.20552872e+02
   2.47528125e+04   2.33072578e+04   1.62037061e+03   5.80655117e+04
   2.18577530e+02   1.75967078e+03   1.59628369e+03   4.03152422e+04
   9.16488047e+04   8.84045166e+02   6.08567810e+02   3.99296680e+03
   1.07368408e+03   3.44603027e+03   1.15215773e+05   4.96340391e+04
   4.62016357e+03   4.94616119e+02   9.92200977e+03   4.19877625e+01
   4.64404980e+03   2.11749121e+03   6.27323799e-03   2.50048035e+02
   1.96245312e+04   6.85258906e+04   1.13256030e+03   1.46183975e+04
   1.91479858e+02   4.44129961e+04   9.09103012e+00   3.61397095e+03
   1.22535925e+03   1.14389125e+05   5.17472595e+02   2.81688037e+03
   1.17471924e+02   7.98595337e+02   3.37017993e+03   1.37033389e+04
   2.20161035e+04   3.15156787e+03   2.29199886e+01   1.32131628e+03
   7.07494080e+02   2.99013613e+04   4.63641953e+04   3.72262329e+03
   8.33425625e+04   3.40637427e+03   2.07019734e+00   1.64285202e+02
   1.69016328e+04   7.84095947e+03   1.52262988e+03   9.23167871e+03
   4.53975439e+03   3.60966682e+01   4.29561981e+02   1.83927173e+03
   2.53874268e+02   2.72223340e+03   2.36111367e+04   1.46888984e+04
   2.43330054e+03   2.48758411e+01   9.07014609e+04   6.86076050e+02
   8.98655859e+03   9.17438736e+01   1.92432109e+04   3.42756683e+02
   4.67595459e+03   1.04362656e+04   1.09175659e+02   0.00000000e+00
   4.05820557e+02   2.52575024e+03   8.44955078e+03   4.55076477e+02
   1.26612488e+03   5.03850494e+02   1.81988818e+03   3.55405542e+03
   9.77034180e+03   4.30717227e+04   5.24857117e+02   2.55093765e+00
   4.82621826e+03   2.02934296e+02   3.48047803e+03   2.93300098e+04
   4.56869580e+03   2.07475861e+02   5.18790649e+02   3.83679761e+03
   2.67243750e+03   6.34094971e+02   7.20252969e+04   1.83339707e+04
   1.59645850e+04   8.13261353e+02   3.33514380e+03   5.34245361e+03
   1.98953457e+01   6.68083801e+02   5.49666992e+03   5.05305267e+02
   4.25260254e+02   7.17929810e+02   0.00000000e+00   3.47611481e+02
   0.00000000e+00   0.00000000e+00   3.04099961e+04   0.00000000e+00
   0.00000000e+00   2.04486658e+03   0.00000000e+00   3.34381073e+02
   4.99898633e+03   1.47116553e+03   9.40459180e+03   1.33748779e+03
   8.31620625e+04   3.23309062e+04   2.43006299e+03   3.66325488e+03
   1.86768997e+02   4.04684453e+04   2.76682559e+04   5.44564697e+02
   4.61319702e+02   2.60103779e+01   1.85321558e+03   8.15340283e+03
   3.37845996e+03   1.41889526e+02   6.69405945e+02   0.00000000e+00
   8.83578125e+03   7.96715723e+03   1.66184839e+03   6.88350159e+02
   3.28406982e+02   9.63188416e+02   5.82428555e+04   2.15246582e+00
   4.66584076e+02   1.26910423e+02   1.06432500e+05   1.01139629e+04
   4.85050232e+02   5.32468201e+02   6.39117146e+00   1.00903027e+04
   4.70482727e+02   1.66313614e+02   8.73341003e+02   7.15154980e+03
   1.10278979e+03   1.51570276e+03   1.02936287e+02   7.47812256e+02
   1.52538184e+03   1.16179367e+05   1.78451309e+02   9.05977661e+02
   0.00000000e+00   1.93916699e+04   7.34654199e+03   4.95810156e+03]
[  2.15971375e+02   1.22271377e+04   5.56905457e+02   1.58311414e+03
   7.43786682e+02   3.29634961e+04   2.45321838e+02   1.58337803e+04
   4.46735156e+03   4.70589297e+04   4.13672607e+03   1.29681061e+02
   5.26492090e+03   2.65721289e+04   5.31951611e+03   9.89256226e+02
   2.11892358e+03   1.48117615e+03   6.01087344e+04   3.70438141e+02
   1.10736765e-01   3.52855835e+03   1.69869492e+02   1.20361133e+03
   1.87259141e+04   5.94116821e+01   1.49511650e+04   2.12829647e+01
   8.47239868e+02   2.07399414e+03   2.25006201e+03   2.26721240e+03
   4.99662500e+03   0.00000000e+00   5.76231885e+03   1.64203384e+02
   1.49535266e+03   8.32675234e+04   9.69076037e-01   6.29674414e+03
   6.77461084e+03   1.92027252e+02   1.69946361e+00   3.59976074e+02
   1.50297510e+04   8.16812134e+02   4.40931836e+03   1.43682979e+04
   2.38862961e+02   2.93651333e+01   6.94140625e+02   6.68557373e+02
   7.82805862e+01   1.47522715e+04   1.07352432e+04   4.17812734e+04
   1.44128198e+03   1.77133711e+04   6.90367432e+01   5.19137061e+03
   2.43591602e+03   1.01214850e+03   1.64639380e+03   3.41825806e+02
   3.00279688e+03   9.53297363e+02   9.04923782e+01   1.48068268e+02
   3.20558533e+02   1.43675365e+01   5.58350952e+02   1.78184219e+04
   3.86468984e+04   3.01869537e+02   2.61118418e+04   5.34103966e+01
   1.87789368e+02   1.62954071e+02   5.08894257e+02   2.13271191e+04
   6.43042358e+02   5.28817617e+04   3.03228145e+04   1.52820283e+04
   9.42006875e+04   2.19861115e+02   2.36018335e+03   1.52577686e+04
   1.05017852e+04   4.08276758e+04   9.91710567e+00   5.34175391e+03
   2.07298248e+02   1.39919609e+04   2.20217505e+03   1.43356943e+04
   3.34956328e+04   9.99073684e-02   1.65724375e+04   1.15371362e+03
   8.11227188e+01   1.21540649e+03   1.19533501e+02   4.66352930e+03
   2.14510107e+00   4.71226025e+00   1.91440747e+03   3.45258516e+04
   5.79819775e+00   2.79272598e+04   2.85027527e+02   6.11216172e+04
   1.04749756e+04   3.28925552e+01   6.18201208e+00   6.10499207e+02
   3.00308624e+02   2.94160469e+04   8.20596130e+02   5.40308609e+01
   1.08674574e+00   9.19514587e+02   1.16716758e+04   1.09958694e+02
   5.66699524e+02   1.11502715e+04   5.55422180e+02   3.94250488e+01
   7.58251343e+02   2.90180939e+02   2.77674238e+04   9.98513672e+02
   9.44085541e+01   7.43785645e+03   1.09626099e+03   7.44793457e+03
   4.71752969e+04   0.00000000e+00   8.45493164e+01   1.86614227e+02
   5.71755841e-02   9.83429413e+01   5.81217102e+02   2.60195526e+02
   1.30909149e+02   8.44662500e+03   5.33960986e+03   0.00000000e+00
   1.63647485e+03   6.84573516e+04   1.23326973e+02   1.25475195e+03
   8.13121826e+02   5.12746680e+03   5.72874634e+02   2.19373867e+04
   1.68444328e+01   6.90509399e+02   4.42660919e+02   1.28359658e+04
   2.26875031e+02   3.38406891e+02   4.30421997e+02   3.27085266e+01
   5.53346680e+04   1.18304077e+02   2.39597641e+02   1.78568335e+03
   7.09214062e+03   2.25827383e+04   2.06203318e+00   8.90795441e+01
   6.89540332e+03   8.53263123e+02   4.83912239e+01   5.20386963e+03
   6.03872969e+04   7.95193909e+02   5.75039727e+04   8.00256104e+03
   3.83085898e+04   4.04696445e+04   2.93456650e+01   7.26995459e+03
   3.75132153e+03   0.00000000e+00   2.86666626e+03   4.01290063e+03
   2.81094570e+01   5.62012390e+02   2.94095856e+02   1.89547989e+02
   1.52687500e+03   1.25539873e+04   1.12590967e+03   1.76866133e+04
   1.84207471e+03   4.77894226e+02   2.00037628e+02   7.81519727e+03
   4.88470361e+03   9.45760498e+02   1.33098523e+03   0.00000000e+00
   3.22446387e+03   1.78921310e+02   2.60185913e+03   1.65645532e+03
   8.89537012e+03   7.38218828e+04   1.93401154e+02   1.00917206e+03
   5.17096387e+03   7.77379199e+03   5.41299744e+01   1.35934922e+04
   9.64344766e+04   1.81834229e+02   1.88946579e+02   7.75416113e+03
   1.53973936e+04   2.62476044e+02   7.35276794e+01   1.47100391e+03
   2.66364624e+02   7.28479309e+01   4.10657593e+02   1.19912949e+02
   5.52311829e+02   1.74052750e+02   9.14814835e+01   1.03261787e+02
   6.93945923e+02   3.53868027e+01   6.79791336e+01   5.97758141e+01
   1.77179901e+02   3.52012878e+02   1.19751477e+03   1.07226601e+02
   1.10488625e+01   9.94443512e+01   1.65762097e+03   2.91948164e+04
   4.49279688e+04   9.63974121e+03   1.29279648e+02   2.80834131e+03
   6.33196220e+01   3.07306470e+03   4.61864716e+02   1.19576706e+02
   9.89105273e+03   8.37565186e+02   0.00000000e+00   8.28677444e+01
   3.93589868e+03   1.47209763e+02   8.82635193e+02   8.78544540e+01
   8.90514587e+02   3.03529736e+03   3.54884247e+02   2.83308430e+01
   4.57110273e+04   1.98055994e+03   4.11838008e+04   5.66440283e+03
   2.80251025e+03   3.29442787e+00   2.55383911e+02   1.60445947e+03
   1.84869629e+02   5.66948242e+01   4.53531797e+04   6.29039124e+02
   1.63357568e+03   7.02419800e+02   6.59206592e+03   9.05162207e+03
   4.69982880e+02   1.22392914e+02   8.89887878e+02   1.00892289e+05
   1.33459033e+03   3.80109570e+03   8.50788086e+03   2.86262207e+02
   2.17680054e+02   1.40260273e+04   7.19836487e+02   1.42893286e+03
   1.24868359e+04   2.04304736e+03   2.12405396e+02   9.90721741e+02
   3.88377710e+03   1.95329602e+03   9.57277246e+03   6.51642761e+01
   1.61632538e+01   1.11254883e+03   9.58072461e+03   1.12789558e+02
   2.05986797e+04   8.10463203e+04   1.27050500e+03   9.22854370e+02
   3.26508057e+03   4.32361475e+03   3.35220885e+00   6.69662109e+03
   4.45528221e+00   4.54179639e+03   1.89514355e+03   1.89723398e+04
   4.58587250e+02   7.35533398e+03   4.82147095e+02   1.08849805e+04
   1.17924238e+04   3.49781992e+04   2.18797705e+03   2.92188809e+04
   8.68473053e+01   1.05014587e+03   3.19989917e+03   1.67826794e+03
   1.30906873e+03   1.80282501e+02   1.19856191e+04   5.80741895e+03
   0.00000000e+00   2.43567261e+03   2.07303787e+02   2.11121533e+03
   1.50648209e+02   1.17160557e+04   1.35640454e+03   3.37655039e+04
   4.60627617e+04   1.74668323e+03   1.85498093e+02   3.51266846e+02
   9.02602386e+00   4.69805511e+02   3.94799727e+04   9.41862671e+02
   6.82872900e+03   9.17493359e+03   5.38590430e+03   7.28769453e+04
   2.76830200e+02   2.59049243e+03   1.37615283e+03   1.53940750e+02
   2.68769805e+04   2.45204175e+03   2.64452051e+04   2.93057156e+00
   6.74754688e+04   3.93733002e+02   3.29677852e+04   1.27696948e+03
   1.63530059e+04   3.56838013e+02   1.67728516e+02   5.79796973e+03
   2.62186676e+02   3.08512598e+03   7.71782166e+02   2.04279565e+03
   1.54998596e+02   7.79898242e+03   4.49714386e+02   1.22488250e+05
   1.75177598e+04   1.55566199e+03   7.78089209e+03   2.28235889e+03
   1.32481644e+02   1.78968844e+05   7.91527539e+03   6.44303772e+02
   6.06279297e+02   6.26994775e+03   2.58010620e+02   1.48668919e+01
   1.52928955e+03   1.03337891e+03   7.59982656e+04   5.27723047e+03
   2.21278076e+03   5.29123867e+04   8.32734766e+04   1.84704041e+02
   8.63604965e+01   1.20338398e+04   4.62746436e+03   9.86300391e+03
   2.61108978e+02   1.99220312e+04   1.50108032e+03   3.19529980e+03
   7.68385887e+00   4.38979492e+04   1.08589912e+02   5.30813110e+02
   8.41946045e+02   5.57558398e+03   1.81567310e+03   1.38812656e+04
   1.21544678e+04   2.70630249e+03   1.31337830e+03   1.48889613e+00
   3.14887744e+03   3.48943329e+02   0.00000000e+00   2.03699677e+02
   4.44795654e+02   2.36528691e+04   9.06122363e+03   1.72105331e+01
   4.73348755e+02   6.49692041e+03   1.13206335e+03   8.40237808e+01
   1.99681458e+03   6.71271143e+03   5.51477578e+04   3.60295563e+02
   1.77362676e+04   2.42426712e+02   1.04261658e+02   3.08792450e+02
   1.93271912e+02   2.64424934e+01   2.77075000e+04   3.55447578e+01
   7.66453476e+01   5.26805954e+01   1.85393051e+02   3.17715883e+00
   3.92209358e+01   2.01954375e+04   9.38602478e+02   4.13324341e+02
   1.45879053e+03   4.20350234e+04   1.25107346e+02   9.92404846e+02
   1.34898254e+02   1.78800484e+05   2.99942793e+04   1.46807480e+01
   5.19095801e+03   1.02855781e+04   3.40549141e+04   1.75003047e+04
   2.77002285e+04   1.70069180e+04   1.17087471e+04   3.71408569e+02
   1.64151895e+04   4.52538428e+03   3.44243408e+02   3.47898956e+02
   4.50039307e+02   1.34935287e+02   1.41038848e+04   1.15300508e+04
   1.52306475e+04   1.29196299e+04   8.23091614e+02   1.21151680e+02
   7.34832886e+02   1.10344788e+03   5.94967773e+02   2.89149141e+04
   5.11360840e+03   2.05208206e+02   1.33388770e+04   9.01322403e+01
   2.10333109e+00   0.00000000e+00   5.65099219e+03   8.30508240e+02
   2.67930981e+03   6.54462109e+03   4.35261250e+04   2.11115020e+04
   1.23891777e+04   3.10663501e+03   2.33415802e+02   1.68001904e+03
   2.59957788e+03   6.71390915e+01   2.25325098e+03   9.32238867e+03
   1.94725449e+04   3.03725039e+04   1.38019562e+01   1.17831030e+03
   1.77007402e+04   2.87714512e+04   2.94694336e+02   3.16631699e+01
   1.22990125e+03   1.20131439e+02   5.30348587e+01   1.16739199e+04]
[  1.87824142e+02   1.93244970e+00   0.00000000e+00   6.57636963e+03
   1.19321510e+02   1.27221508e+01   2.30138987e-01   5.26497793e+00
   3.91814728e+02   7.70809402e+01   1.95548553e+01   4.16351532e+02
   2.19056225e+01   3.31362839e+01   5.20589209e+00   0.00000000e+00
   0.00000000e+00   3.49191803e+02   0.00000000e+00   0.00000000e+00
   2.05464874e+02   1.79388691e+04   7.17341309e+03   2.29940506e+02
   6.24128151e+00   0.00000000e+00   0.00000000e+00   1.32966650e+03
   2.25778412e+02   1.39436792e+03   9.12593066e+03   9.21064575e+02
   1.37426367e+03   1.59699051e+02   1.45952165e+00   2.85647095e+03
   2.16298580e+01   1.28693818e+04   2.48049805e+03   1.54158044e+03
   7.94038135e+03   2.68317146e+01   2.20531934e+03   1.83930920e+03
   2.11178951e+01   0.00000000e+00   2.58938794e+03   5.71867981e+02
   1.68301888e+01   5.04757404e+00   5.59998894e+01   2.08756104e+03
   0.00000000e+00   5.02455101e+01   1.86692902e+02   5.32616997e+01
   4.76941846e+03   2.09443924e+02   0.00000000e+00   2.17695465e+02
   3.12488922e+02   1.09585991e+01   1.11456642e+01   7.88966736e+02
   3.88572960e+01   2.71085986e+03   1.78980675e+01   7.53497839e-01
   3.34778168e+02   2.04800146e+03   5.24913574e+02   6.76724854e+01
   3.81849937e+01   4.87472496e+01   2.63073578e+01   1.98385144e+03
   1.81039941e+00   1.79950269e+03   2.69460535e+00   1.38641006e+02
   0.00000000e+00   1.10468521e+02   4.07537842e+02   1.46535645e+03
   9.14753723e+01   7.11643839e+00   2.95241909e+01   2.23505569e+00
   1.45095664e+04   3.01466675e+02   1.31829355e+04   2.64807159e+02
   1.51236650e+04   4.80398132e+02   0.00000000e+00   5.37656311e+02
   1.24454023e+04   1.90531921e+00   4.43184277e+03   8.77431641e+01
   1.69281458e+03   1.48983583e+01   2.69397297e+01   8.15801263e-01
   1.18454480e+03   1.19370190e+03   0.00000000e+00   4.27422607e+02
   2.48917267e-02   7.53664970e-01   2.16385651e+00   1.68229767e+02
   4.41645752e+03   5.22417529e+03   1.63940067e+01   3.29775482e-01
   1.77382275e+03   1.23835132e+03   3.11455173e+01   1.65640381e+02
   0.00000000e+00   5.15506592e+02   1.46872252e-01   7.39097500e+00
   2.67974815e+01   1.10742474e+00   0.00000000e+00   6.56890631e-01
   7.26495667e+01   8.67632690e+02   8.57906250e+02   9.62894043e+02
   0.00000000e+00   2.97351074e+01   5.75676941e+02   9.81875153e+01
   1.43147090e+04   7.40350098e+02   1.60960434e+02   1.99799652e+02
   3.44776978e+03   8.90891113e+01   6.91450958e+01   4.92892285e+03
   2.04923763e+01   1.55850649e+00   3.92460289e+01   9.30063799e-02
   5.33631182e+00   1.50409353e+00   1.67613244e+00   8.77822113e+01
   4.53079720e+01   6.10784292e+00   9.85824203e+01   2.63557358e+01
   3.88801666e+02   3.72425117e+01   3.16407776e+01   7.97649155e+01
   3.33858215e+02   4.36761742e+01   1.80361133e+04   1.73225513e+03
   2.82274487e+03   9.97251660e+03   0.00000000e+00   4.12297656e+03
   5.83812439e+02   6.21975732e+03   3.26963806e+00   1.44690137e+03
   1.43437836e+02   7.42946655e+02   5.76133347e+00   7.36803675e+00
   1.91358795e+02   3.42089868e+00   1.69304001e+02   0.00000000e+00
   2.17400322e+01   1.98698853e+03   0.00000000e+00   1.49697913e+03
   1.71173035e+02   6.25622803e+03   4.07164612e+01   2.09762306e+01
   5.07059033e+03   2.84189728e+02   1.46971359e+01   1.49982586e+01
   1.55524634e+03   5.60112305e+02   5.73153687e+02   2.15843460e+02
   3.45727110e+00   1.98541687e+03   3.56285669e+03   7.32956836e+03
   2.43367500e+01   1.72500820e+04   7.32043886e+00   2.09321918e+01
   8.34215317e+01   6.30740891e+01   1.02205225e+03   1.38990991e+03
   0.00000000e+00   4.07519360e+03   4.96466016e+03   5.50620483e+02
   0.00000000e+00   0.00000000e+00   7.45536118e+01   3.89895752e+03
   8.39790726e+01   5.73699303e+01   1.06824770e+01   4.55119598e+02
   9.03780670e+01   2.55859909e+02   5.63012695e+02   4.82541227e+00
   6.41377930e+03   6.34985791e+03   0.00000000e+00   5.26316643e+00
   3.65299165e-01   8.75680054e+02   1.76288208e+02   8.39709412e+02
   1.42625259e+02   6.31463318e+02   1.77171167e+03   9.85103455e+01
   3.94932861e+01   1.14585029e+04   1.27888703e+00   1.02689441e+03
   0.00000000e+00   1.61749297e+04   4.02058411e+01   7.56130219e-01
   0.00000000e+00   4.41392822e+02   8.63658496e+03   0.00000000e+00
   8.16017509e-01   1.75487671e+01   6.86339844e+03   5.73452110e+01
   3.44130135e+01   2.14097946e+02   6.66751528e+00   1.48393225e+03
   2.13900171e+03   4.08641815e+01   3.16827083e+00   1.32514814e+04
   2.18768749e+01   1.46546600e+02   0.00000000e+00   0.00000000e+00
   0.00000000e+00   0.00000000e+00   3.56258726e+00   1.42330127e+03
   1.52647302e+03   1.45145149e+01   9.82907486e+00   2.03454993e+03
   6.09516668e+00   1.29016152e+04   6.17319092e+03   4.83391266e+01
   6.46799121e+03   7.36686630e+01   4.44881821e+01   1.12833583e+00
   1.40012026e-01   1.44439343e+03   1.21385127e+04   2.85183594e+02
   4.28267479e+00   3.80739594e+02   1.75973950e+03   2.38686859e+02
   0.00000000e+00   4.12904549e+00   9.90161438e+01   1.49366467e+03
   1.26156995e+03   3.54807770e+02   0.00000000e+00   0.00000000e+00
   1.47377060e+02   1.88655853e+02   4.99301910e+00   1.80670681e+01
   4.87306427e+02   3.43085358e+02   9.59823633e+03   3.03260446e+00
   3.50814148e+02   1.38915384e+00   1.10255600e+02   0.00000000e+00
   1.07748574e+04   0.00000000e+00   1.07506006e+04   1.30634470e+01
   4.33984451e+01   0.00000000e+00   1.94232747e-01   6.66580371e+03
   2.69208936e+03   4.92400537e+03   1.25987195e+03   5.93992004e+01
   4.71814209e+03   1.54094803e+02   1.03376932e+01   1.08496643e+02
   2.26207916e+02   0.00000000e+00   1.86124058e+01   7.64211731e+01
   3.49935791e+02   6.71404724e+01   3.08033943e+01   6.85614990e+03
   3.75701828e+01   6.22815063e+02   2.74035553e+02   3.43486719e+03
   1.08925989e+03   4.05910767e+03   6.01762744e+03   8.59618835e+01
   2.20925659e+03   0.00000000e+00   1.06085548e+02   2.81061816e+00
   2.37645068e+03   7.79846525e+00   4.68720703e+03   1.94135757e+02
   1.17763586e+03   2.15040779e+01   1.69143276e+01   0.00000000e+00
   4.18623193e+03   2.44967155e+01   3.53567600e-01   1.31776321e+02
   9.73152734e+03   5.16876318e+03   6.57516260e+03   1.60180130e+01
   2.45288563e+01   0.00000000e+00   2.81121483e+01   2.27861969e+02
   3.57065308e+02   6.04416733e+01   0.00000000e+00   3.30812500e+02
   2.03864197e+02   0.00000000e+00   2.61972382e+02   3.01336914e+03
   1.28865185e+01   2.24144058e+02   1.79644318e+01   4.56789703e+01
   1.35277195e+01   0.00000000e+00   4.86491241e+01   2.06989624e+02
   8.39042282e+01   1.51060088e+04   2.18505840e+01   6.79604297e+03
   2.78183716e+03   2.62342822e+03   2.67006909e+03   9.83684921e+01
   1.61702747e+03   6.18016357e+02   5.55013916e+02   1.99721260e+01
   1.61025116e+02   0.00000000e+00   2.29499100e+02   1.54601097e+01
   0.00000000e+00   3.19956094e-02   1.72227509e+02   2.27527771e+02
   1.24865913e+02   1.68044336e+03   8.24072559e+03   3.86978416e+01
   1.65226135e+02   3.33010864e+01   3.03834625e+02   1.23403215e+01
   1.25514088e+01   1.06446465e+04   2.69572983e+01   2.37606478e+00
   3.18696823e+01   6.84083435e+02   5.02839648e+03   1.78326233e+02
   6.37600488e+03   2.52337250e+02   1.52938204e+01   0.00000000e+00
   1.66036641e+04   6.89749146e+02   6.29811401e+01   2.27325363e+01
   4.65507812e+02   1.45605713e+02   3.06294107e+00   1.54513454e+01
   2.80546188e+00   1.34693250e+03   3.00034912e+03   2.61803913e+01
   2.85373474e+02   1.77881885e+03   9.19393677e+02   2.92410583e+01
   1.95211639e+01   2.24930029e+03   1.27960352e+04   6.71373367e+01
   2.36635151e+01   6.80190611e+00   1.78284893e+01   1.30059662e+02
   3.22463531e+01   1.35595970e+01   7.37912207e+03   7.88627148e+03
   9.88731445e+03   9.77467060e-01   2.12865921e+02   1.86815125e+02
   2.25166431e+03   2.89503306e-01   8.25746216e+02   6.98078430e+02
   8.45730362e+01   1.25086836e+04   1.41258606e+02   1.88078186e+03
   1.31932831e+00   4.50628113e+02   1.60618038e+01   5.87089462e+01
   9.36733594e+03   5.96656227e+00   1.53586609e+02   0.00000000e+00
   2.02250719e+00   3.61044373e+02   3.29635956e+02   2.42673950e+01
   1.82224457e+02   4.76429492e+03   6.79715514e-01   2.48670728e+03
   3.51517517e+02   1.07768091e+03   4.09133447e+03   2.09285477e+02
   6.18359180e+03   3.44212067e+02   1.71556763e+02   4.07158089e+01
   2.55412369e+02   2.53638940e+03   5.01055527e+01   5.71867676e+03
   1.04835958e+01   8.87316799e+00   2.48468819e+01   3.46140527e+03
   1.23202660e+02   2.43113327e+00   6.26248779e+01   0.00000000e+00
   3.18516309e+03   5.20040405e+02   6.97312622e+02   9.66148633e+03
   1.08397438e+02   1.33137146e+02   4.38019580e+03   7.18577832e+03
   0.00000000e+00   5.66124756e+03   6.04277611e+00   1.11537872e+02
   0.00000000e+00   1.11658389e+04   2.02817607e+00   1.11113899e+02]
[  2.42178688e+01   7.97166626e+02   1.20339058e+02   2.05375183e+02
   1.90197388e+02   1.15809192e+03   6.05040169e+01   3.84276794e+02
   1.12858414e+02   8.28253269e+00   1.36006433e+03   1.51115674e+03
   4.84437793e+03   8.04866180e+01   4.44329932e+03   1.10154129e+02
   3.63423228e+00   2.17667130e+02   8.56100342e+02   3.57224060e+02
   1.45720016e+02   3.77057343e+01   4.29702002e+03   1.13633736e+02
   1.46353729e+02   4.40549355e+01   1.80736504e+01   7.53559952e+01
   5.22867969e+03   2.65261745e+01   3.71110106e+00   7.33626480e+01
   5.56898779e+03   9.75272598e+01   2.08815422e+01   1.72516504e+03
   7.17635400e+03   1.12427807e+01   2.15351924e-01   1.92147424e+03
   5.22069238e+03   7.44910156e+02   0.00000000e+00   7.71678329e-01
   1.26382232e+00   6.31910522e+02   2.65434424e+03   6.30925179e+01
   4.77173309e+01   6.35303497e+01   1.38238998e+02   1.07890121e+02
   1.28144397e+03   1.13684033e+03   6.81891846e+02   5.37037891e+03
   1.54923344e+01   4.64917135e+00   2.81329224e+03   4.61152783e+03
   2.03837695e+03   3.03424713e+02   8.21916699e+03   1.31175518e+00
   8.30112934e+00   4.11227203e+02   8.20485001e+01   2.46237671e+02
   7.11350727e+00   8.54100464e+02   2.01025269e+03   5.72034668e+02
   1.78319443e+02   5.32444000e+01   1.25024010e+02   1.10528125e+03
   9.98934326e+01   4.95346924e+02   4.16602881e+03   1.60916591e+00
   8.50715160e+00   2.95629456e+02   2.25662158e+03   2.08224602e+01
   1.38668445e+03   4.78663086e+03   1.69089432e+02   4.82882156e+01
   4.31387158e+03   3.34973938e+02   3.85276398e+02   3.24183472e+02
   0.00000000e+00   4.12746484e+03   8.29326916e+00   3.72841949e+01
   3.26957428e+02   3.36435205e+03   7.95974045e+01   7.46705856e+01
   2.39244118e+01   3.83866196e+01   6.20593872e+01   5.20737457e+01
   1.78132117e+03   7.39995956e-01   9.13534698e+01   6.08530029e+03
   3.97809961e+03   2.19765945e+02   3.87622314e+02   3.08354187e+01
   1.61879138e+03   1.19567419e+03   7.04054932e+02   7.35166311e-01
   1.10138420e+02   5.80903969e+01   2.51899902e+03   5.92540550e+01
   5.83749123e+01   2.69882153e+03   4.63616885e-02   1.17547569e+01
   5.01894646e+01   5.59982300e+02   1.35999634e+02   1.72719574e+02
   4.61236914e+03   4.96718502e+00   2.41753937e+02   3.01977856e+03
   1.57820227e+03   3.13751793e+01   8.63614355e+03   1.58418250e+00
   2.98718834e+00   1.41041824e+02   9.40673981e+01   2.74568224e+00
   3.94132544e+03   0.00000000e+00   5.82796509e+02   1.77687393e+02
   2.45982132e+02   2.51013908e+01   1.51869118e-01   8.33627224e+00
   2.61450827e-01   6.10856819e+01   6.53268337e-01   1.09905627e+03
   3.10653290e+02   3.24653809e+03   1.41889908e+02   1.08817603e+03
   8.77157471e+02   6.01845551e+00   2.64254639e+03   3.07208130e+02
   9.98139709e+02   2.42873755e+03   1.98481979e+01   3.21091949e+02
   4.67929150e+03   1.37852612e+03   2.43508102e+02   2.97797413e+01
   2.24144363e+02   1.97008630e+03   5.00588593e+02   0.00000000e+00
   5.08500092e+02   1.30770433e+00   3.36225433e+01   1.65201104e+00
   2.01404071e+00   5.70844189e+03   2.90412292e+02   2.61339149e+01
   1.13311890e+02   2.99977894e+01   1.44573746e+01   5.75140533e+01
   3.04601880e+03   0.00000000e+00   9.02041626e+01   1.11705446e+00
   2.87400508e+00   6.81595535e+01   1.64850674e+01   3.25533142e+02
   2.94044533e+01   2.82367920e+02   7.16083496e+02   5.95437378e+02
   1.24591972e+02   3.50384598e+01   4.04732971e+01   1.26704149e+01
   1.98834076e+02   2.39969650e+02   1.91940880e+00   9.14003086e+00
   7.07950821e+01   4.38755989e+01   1.49441490e+01   1.44724411e+02
   2.28586292e+01   1.83026295e+01   2.93240161e+03   1.65347565e+02
   8.24676394e-01   0.00000000e+00   6.73983536e+01   2.36957733e+02
   5.35719337e+01   7.90762024e+02   2.42965042e+02   5.36249466e+01
   4.27115784e+02   9.21362000e+02   6.72073288e+01   8.88395752e+02
   1.43035370e+02   2.77817993e+01   3.01385474e+03   1.89372986e+02
   4.62190527e+03   4.98561279e+03   4.55544385e+03   8.86316376e+01
   0.00000000e+00   1.50846161e+02   3.63251801e+02   1.71688879e+03
   1.84951062e+03   1.67684212e+01   4.21228662e+03   5.23461365e+02
   9.79871445e+01   4.46079865e+01   8.32531494e+02   0.00000000e+00
   6.68915588e+02   1.45860437e+03   3.53464722e+02   0.00000000e+00
   1.02148401e+03   5.19485903e+00   4.79087204e-01   4.20776764e+02
   1.94543750e+03   0.00000000e+00   1.22801085e+01   7.16751611e+03
   3.85170126e+00   1.44569443e+02   1.17804993e+02   7.42597656e+01
   4.97433838e+03   0.00000000e+00   7.97818945e+03   3.63742676e+01
   2.37432213e+01   2.65641663e+02   5.91803650e+02   1.46646411e+03
   5.52063751e+01   8.70162048e+02   1.13937088e+02   5.65392151e+02
   0.00000000e+00   1.22290172e-01   3.84192696e+01   6.58112183e+01
   2.33971863e+01   1.13586708e+02   8.54637695e+02   1.46988245e+03
   7.76001167e+00   3.40657806e+01   3.89786499e+03   1.61822376e+01
   0.00000000e+00   2.24111499e+03   2.95019012e+02   1.07171762e+00
   4.44364404e+03   6.53805466e+01   9.98729992e+00   7.62556553e+00
   1.45815833e+03   2.53988800e+02   6.07768506e+03   1.41604828e+02
   1.60797461e+03   6.29595581e+02   5.82702370e+01   8.31421326e+02
   3.96501440e+03   2.07775635e+03   8.51224422e+00   7.77632570e+00
   4.90978564e+03   3.55619360e+03   8.32998926e+03   8.74823303e+02
   2.54214430e+00   8.49482178e+02   3.69398132e+02   2.29203552e+02
   1.05430055e+00   1.13272552e+02   6.67530746e+01   5.28009155e+02
   1.54382507e+03   2.05918091e+02   2.90676697e+02   0.00000000e+00
   7.05609465e+00   2.67176904e+03   2.18602867e+01   4.11472461e+03
   4.83026009e+01   2.55819580e+02   1.39852463e+02   1.59025341e-01
   1.44510107e+01   6.63151611e+02   3.65531802e+00   1.68407707e+01
   7.96259079e+01   1.49525269e+02   5.11564392e+02   1.80018024e+01
   1.77045959e+03   1.13639046e+02   6.11737000e+02   3.03440674e+03
   2.26572656e+03   2.34704590e+03   1.24986060e+03   7.37780952e+00
   1.77601227e+02   9.14033081e+02   2.50383765e+03   1.44176132e+02
   7.21241226e+01   3.90979443e+03   2.00056343e+01   0.00000000e+00
   6.61447607e+03   1.89431076e+01   1.18298730e+03   1.55954504e+01
   2.54692749e+03   8.26350037e+02   5.51935577e+01   1.05008888e+02
   4.79130821e+01   3.32451916e+00   2.18572235e+02   8.91673462e+02
   1.79067419e+03   1.12106438e+01   1.03512726e+02   5.80438309e+01
   2.61193619e+01   7.32587874e-01   7.08982422e+03   0.00000000e+00
   7.44866821e+02   1.32944568e+03   0.00000000e+00   3.09218872e+02
   9.65133423e+02   7.97790723e+03   1.76759354e+02   4.48881470e+02
   5.38367859e+02   1.95114258e+02   1.69551163e+02   1.45105619e+01
   1.92907043e+02   5.16725388e+01   4.95859909e+01   9.47855988e+01
   1.42862329e+03   4.69090233e+01   7.35960645e+03   3.87755585e+01
   8.75890503e+02   3.06848221e+01   0.00000000e+00   1.19504021e+02
   0.00000000e+00   1.21607437e+02   3.46881134e+02   2.76667969e+02
   4.05635693e+03   1.35402161e+02   1.62404053e+02   3.90087231e+03
   5.00297070e+03   2.76272034e+02   6.76357971e+02   0.00000000e+00
   1.12157616e+02   8.83429590e+03   1.01721039e+02   1.55249524e+03
   1.04894775e+02   3.83924127e+00   2.82126293e+01   0.00000000e+00
   3.83322327e+02   4.49456201e+03   1.41165686e+03   4.01263550e+03
   2.21201675e+02   2.15420189e+01   1.82667358e+02   0.00000000e+00
   3.93983040e+01   1.95777187e+01   1.46893326e+02   3.41396606e+03
   1.02089441e+03   1.35343835e+03   1.01274238e+04   3.27464294e+01
   7.44527969e+01   2.50640308e+03   6.72130966e+01   8.90956177e+02
   3.13504126e+03   2.46256065e+01   2.30463638e+02   4.55505280e+02
   1.03580751e+01   1.63509202e+00   4.31443253e+01   1.07278397e+02
   2.04340622e+02   2.13104111e+02   1.20957779e+02   9.72754300e-01
   1.45794964e+01   1.97737885e+01   1.16415358e+00   1.22006702e+03
   9.66648535e+03   1.42411951e+03   9.46736069e+01   7.89430481e+02
   8.35849121e+03   2.88202271e+02   1.62170911e+03   3.12613416e+00
   5.25256531e+02   9.81400604e+01   5.16429901e+01   0.00000000e+00
   2.42658643e+03   9.47237122e+02   1.02073769e+02   6.36989453e+03
   9.63410840e+03   1.29209729e+03   1.18143809e+00   3.92231560e+01
   1.03657532e+01   4.92836243e+02   2.94755077e+01   3.84188293e+02
   3.31137878e+02   1.57182765e+00   2.58494968e+01   1.80238843e+00
   3.93011475e+02   1.54606360e+03   1.56345795e+02   1.16377271e+03
   1.37443390e+02   2.06032181e+00   1.07823172e+01   7.02671240e+03
   3.99947596e+00   5.89125557e+01   8.45293335e+02   2.50689917e+03
   6.15387440e-01   8.63700092e-01   3.55218201e+02   4.76229248e+01
   3.31025963e+01   9.88604614e+02   8.17561157e+02   6.17874805e+03
   2.94058887e+03   4.23612328e+01   4.79410248e+02   3.78469751e+03
   3.22225151e+01   0.00000000e+00   1.75946503e+02   5.85847119e+03
   4.73960533e+01   4.06284851e+02   2.10861145e+02   5.47887061e+03]
[  7.50557068e+02   2.98999271e+01   2.87136149e+00   1.14821682e+01
   4.62602730e+01   1.69544739e+03   5.21134644e+01   3.56982460e+01
   1.37525396e+01   7.10189087e+02   5.66964674e+00   6.82174377e+01
   6.83340515e+02   1.96252588e+03   4.03903961e+02   1.92128217e+00
   3.74549294e+01   4.69506348e+02   1.51908173e+02   1.90485358e+00
   3.47816353e+01   3.98019981e+00   7.14820633e+01   9.52688538e+02
   1.87135410e+00   2.14811649e+01   2.47325087e+00   1.11429596e+01
   3.85205841e+01   1.55647812e+02   4.24504547e+01   1.73095679e+00
   8.11445007e+01   2.38572197e+01   3.23275635e+03   1.48544861e+03
   1.18017673e+01   2.00438525e+03   1.80358028e+01   1.17676598e+02
   8.02131748e+00   6.18444252e+01   2.56266422e+01   4.25398560e+01
   2.86599159e+01   7.72994614e+01   4.71869232e+02   1.40167964e+00
   5.84491234e+01   3.48909721e+01   1.04578943e+03   0.00000000e+00
   3.33498268e+01   5.41325645e+01   0.00000000e+00   1.88844330e+02
   2.21726418e+00   1.67230320e+01   1.45351059e+02   2.44193253e+02
   8.03745651e+00   9.08080902e+01   8.16080761e+00   3.17580070e+01
   4.40677872e+01   1.62248363e+01   2.15522781e+02   6.25288057e+00
   1.02379131e+01   9.35453949e+01   3.01515427e+01   2.17341187e+03
   4.15386581e+01   1.38400547e+04   1.73235413e+03   1.21859875e+01
   1.20931692e+01   1.54923277e+01   1.21124023e+02   1.46061287e+01
   7.68881798e+00   5.08575058e+01   2.78423405e+01   2.49647026e+01
   1.28872849e+02   1.70117211e+00   1.04927771e+03   1.55449696e+01
   1.50816559e+02   7.11560011e+00   6.31592445e+01   3.91395416e+01
   1.56380711e+01   4.61863251e+02   2.65427643e+02   1.97808502e+02
   3.28405113e+01   1.04609474e+02   1.21470406e+02   4.70477982e+01
   5.76231658e-01   5.61259079e+01   7.12888794e+01   1.05525646e+01
   3.63876038e+01   3.72032738e+01   1.04203434e+01   1.45178931e+03
   1.41680193e+01   1.12035191e+00   8.74206665e+02   1.58513784e+01
   7.40387201e+00   8.20095673e+01   0.00000000e+00   6.09704733e-01
   2.52105865e+01   4.56867676e+01   2.32880078e+03   2.16438198e+00
   4.02476654e+02   1.71887493e+01   1.81955166e+01   4.68384504e+00
   1.36441517e+00   1.58221553e+04   1.26318812e+00   2.19538898e+01
   1.04720667e+03   1.68998383e+02   1.97971478e+01   1.60402512e+02
   2.18239029e+02   4.56330299e+01   3.85057373e+03   1.33010788e+01
   1.64827900e+01   8.60704422e+00   2.78719971e+03   3.73825264e+01
   6.95915031e+00   1.26185559e+03   4.25394630e+00   1.42243066e+03
   1.85647564e+01   1.25533844e+02   2.24070511e+01   2.63973206e+02
   8.68072754e+02   2.56736641e+01   5.26863251e+01   2.77092163e+02
   1.41545296e+01   3.29194908e+01   9.78180298e+02   7.03158951e+01
   3.58744087e+01   0.00000000e+00   4.68500328e+00   1.26821558e+03
   6.68123340e+03   2.64304883e+03   6.89661360e+00   6.43099213e+01
   7.28443604e+01   7.95633888e+00   3.79129105e+01   4.56840439e+01
   1.72205791e+01   2.16101665e+01   5.61708641e+01   2.21772170e+00
   4.67397785e+00   8.26486694e+02   5.11565437e+01   1.33992950e+02
   8.19650269e+00   2.06505146e+01   8.97844467e+01   1.17999475e+03
   6.59903015e+02   4.54831848e+01   7.21918518e+02   2.16989182e+02
   7.89879761e+01   1.01144836e+02   7.45480871e+00   9.60772991e-01
   6.43500671e+01   1.72868546e+02   1.14127083e+02   2.10024595e+00
   5.92849512e+03   4.53853912e+01   8.72451901e-01   5.47347145e+01
   3.34952965e+01   6.39147415e+01   5.48877029e+01   1.78217041e+03
   5.38680801e+01   7.24037349e-01   1.32944592e+03   2.05396156e+01
   5.08934860e+01   1.06090279e+01   1.30639709e+03   7.98992014e+00
   1.30343597e+02   5.86037964e+02   2.03289001e+02   3.91516495e+00
   4.10858856e+02   1.01596680e+02   6.46090698e+01   3.06525421e+02
   0.00000000e+00   1.58198898e+02   3.77235986e+03   2.22130997e+02
   0.00000000e+00   7.31014442e+00   1.56857786e+01   3.92327843e+01
   5.85660591e+01   1.31789478e+03   1.31367844e+02   4.06576118e+01
   2.74138045e+00   4.36372528e+01   3.94958916e+01   1.31909216e+03
   6.69678650e+02   1.35388416e+03   0.00000000e+00   0.00000000e+00
   9.76322098e+01   2.31424146e+03   3.48798071e+03   1.19468651e+01
   4.75582504e+01   9.00888824e+01   1.34730057e+02   0.00000000e+00
   1.27528400e+01   0.00000000e+00   1.61441992e+03   1.12312943e-01
   1.62401230e+02   4.78228951e+01   1.40936011e+03   5.79718399e+01
   1.93758965e+01   1.08166565e+03   1.07995776e+03   5.93537617e+00
   9.04732132e+01   6.40545349e+01   2.83838843e+03   1.21516922e+02
   4.58780212e+01   1.31296530e+01   5.81029358e+02   5.69307175e+01
   3.35453453e+01   0.00000000e+00   2.20615356e+02   3.34751740e+01
   8.07014942e+00   5.77564621e+01   2.83583252e+03   4.87271149e+02
   1.22145554e+02   1.53019791e+01   1.42160355e+02   4.77504196e+01
   5.71746338e+02   6.44781952e+01   1.35425949e+01   2.69328475e+00
   8.03694763e+02   1.54495804e+02   3.74920921e+01   1.43874646e+03
   7.96674194e+01   5.39780807e+01   1.19729681e+01   3.29626694e+01
   9.25441895e+01   1.12060532e+02   1.46819604e+03   5.87957764e+01
   9.30313644e+01   2.36876755e+01   5.07934799e+01   1.42534546e+02
   2.39927349e+01   1.15048218e+03   1.16327087e+02   5.14441309e+03
   1.87815384e+02   4.24009514e+01   2.97840796e+03   4.42084137e+02
   1.58573853e+02   2.81069427e+02   3.51747437e+01   4.39666016e+02
   4.50350685e+01   1.05810493e+02   1.19670212e+00   3.69740334e+01
   1.91424313e+01   1.15982742e+02   2.42554077e+03   6.91483231e+01
   2.81473022e+03   1.76135850e+00   9.49470459e+02   6.51172562e+01
   1.74868454e+02   4.00697784e+01   1.09001045e+02   1.85770462e+02
   1.52989914e+02   1.21219185e+02   1.25431509e+01   1.28728714e+02
   2.69356689e+01   2.83473434e+01   0.00000000e+00   2.31821976e+01
   0.00000000e+00   2.72785187e+02   7.10110998e+00   5.21721985e+02
   6.61487532e+00   1.06063461e+02   1.32255173e+02   6.51410156e+02
   8.65217972e+01   0.00000000e+00   4.89243347e+02   2.57323952e+01
   0.00000000e+00   4.87971401e+00   6.93706512e+01   6.29002571e+00
   8.42138004e+00   2.18096638e+01   1.22729149e+02   9.89019012e+00
   0.00000000e+00   8.23326950e+01   3.82676430e+01   6.01560400e+03
   1.19616035e+02   5.37823868e+01   7.72663422e+01   2.30859966e+01
   4.65696621e+00   2.23168198e+02   2.16930695e+02   6.65613098e+01
   1.14865552e+03   1.87239897e+00   5.93949738e+01   2.15088940e+01
   2.27139832e+02   1.85802345e+01   6.58761382e-01   5.65779114e+02
   4.80348129e+01   0.00000000e+00   1.37071772e+01   3.02631950e+00
   2.51864526e+03   4.14450741e+00   4.75875893e+01   1.30351334e+01
   5.46473656e+01   2.62326587e+03   1.99540881e+03   0.00000000e+00
   6.13792297e+02   8.79259262e+01   1.92050400e+01   3.79095793e+00
   5.42901917e+01   0.00000000e+00   2.63438696e+03   7.18525925e+01
   2.28618164e+02   1.36365723e+02   1.83053015e+03   8.19875671e+02
   3.39600891e+02   4.62536087e+01   6.33432961e+01   1.73364844e+03
   2.30927917e+02   8.45619011e+00   1.78763142e+01   1.31007314e+00
   1.74237839e+02   2.23537524e+03   4.26288223e+01   2.32224655e+02
   6.24214821e+01   1.22475563e+02   1.12068152e+03   1.51024109e+03
   5.34822178e+00   6.67764099e+02   6.94781799e+02   7.75111973e-01
   1.17489250e+02   5.82327795e+00   1.22548755e+03   3.07447090e+01
   6.92203735e+02   3.66662407e+01   1.52596130e+02   1.68039227e+01
   2.33367935e+02   1.30863708e+03   2.21009521e+02   4.10960770e+01
   1.23399639e+04   4.28924286e+02   8.18603287e+01   2.59067516e+01
   1.02293739e+02   1.31352917e+03   7.39275665e+01   2.06343652e+03
   1.71323523e+03   1.48535919e+02   5.31832047e+01   4.09456863e+01
   2.53739905e+00   1.00572107e+03   2.50883789e+02   5.38162384e+01
   2.18426208e+01   7.33513489e+01   0.00000000e+00   1.00933228e+02
   1.30176344e+01   5.84716845e+00   5.37420177e+00   2.79310265e+01
   1.40396557e+01   2.10484390e+02   4.45920563e+01   4.61237842e+03
   3.15286179e+01   3.23102612e+03   4.48372711e+02   5.77802238e+01
   9.08226471e+01   1.52354138e+03   6.25233154e+01   1.99530048e+01
   8.35912048e+02   2.08194561e+01   2.45985718e+03   1.60964279e+02
   5.59889793e+00   4.18411674e+01   4.18253212e+01   1.21149948e+02
   8.32204163e+02   1.83962512e+03   1.12468605e+02   2.41714160e+03
   8.50812197e-01   2.33389282e+00   2.90756302e+01   4.82259214e-01
   7.62894211e+01   5.29503059e+01   1.36956958e+03   0.00000000e+00
   1.37431335e+02   4.44249992e+01   3.69680176e+01   1.73360962e+03
   6.77696381e+01   0.00000000e+00   4.54926147e+01   9.89911423e+01
   5.22639122e+01   1.21840161e+03   8.60428650e+02   1.24435474e+03
   1.90194055e+03   6.05282715e+02   9.88617325e+01   4.92296944e+01
   2.44278296e+03   7.80682297e+01   5.49496555e+00   2.06457983e+03
   3.32659378e+01   1.61788223e+02   4.82071342e+01   3.75084900e+02
   2.14417090e+03   1.20544580e+03   2.03131470e+03   9.95476961e-01]
