bicycle
motorbike
person
[ 20459360.       36397432.       34612616.       43164168.       39341680.
  30076742.        8352358.5       3429604.75     26893784.       29501848.
  20510314.       16974588.        2323103.        4301156.       15891011.
  22003898.       10174283.        2984626.25     44324184.        7700441.
  16177114.       26826198.        5469639.5      10883178.         844484.125
  40370696.       28631068.       24524266.        1846156.125    10155072.
  18828714.       23740114.       28806056.        1818728.375    57423120.
  10034058.        4528239.5       5870758.5      29968722.        5543211.
  37312564.        6312585.5      67835944.       38837984.       34542492.
  21078450.       21242660.       10735456.        3507561.25     19820764.
  72622712.        5126653.5      11130158.        9963501.        3845984.5
  19054258.       26602788.         193735.46875  28289562.       11770499.
  27073100.        6939651.5      22340786.        2704559.75   ]
[  5.28795000e+07   1.08962440e+07   1.84395460e+07   1.70863156e+05
   1.96099020e+07   6.52848350e+06   2.99054900e+07   4.41010625e+04
   2.21104140e+07   9.39712300e+06   3.40325240e+07   2.91082340e+07
   6.75745469e+04   4.61326250e+05   1.53663110e+07   1.44805670e+07
   1.55072450e+07   4.94683400e+07   5.75132760e+07   1.52807375e+06
   6.08336602e+04   6.31438440e+07   4.30895938e+05   3.07682120e+07
   4.61803500e+05   2.54636020e+07   1.41712230e+07   6.28562062e+05
   2.14142380e+07   6.85248203e+04   1.53575720e+07   1.45317812e+05
   1.23030891e+05   3.11926900e+07   3.63274840e+07   6.00369188e+05
   3.29844188e+05   7.24102050e+06   2.51525420e+07   4.30148400e+07
   3.75388975e+06   9.94775625e+04   2.15517680e+07   1.33030740e+07
   7.40832240e+07   3.93065600e+07   9.13237500e+04   3.99360040e+07
   1.84340600e+07   8.75303938e+05   1.60790200e+07   3.23589640e+07
   5.82394960e+07   2.29521680e+07   2.60171850e+06   3.65005240e+07
   1.72849160e+07   5.74904360e+07   2.06485362e+06   1.80799080e+07
   4.07749640e+07   1.55464541e+04   1.82927940e+07   6.12837680e+07]
[  3.61831900e+06   1.01380000e+07   1.26982453e+05   1.10082930e+05
   1.76197141e+05   1.72402695e+04   7.98128750e+05   2.52452100e+06
   6.76320781e+04   1.91327975e+06   1.25787170e+07   7.42083438e+05
   5.20801400e+06   4.80255250e+06   7.91746016e+04   2.20828613e+04
   5.03747600e+06   3.13778312e+05   1.14748062e+06   8.62699400e+06
   1.59310672e+05   2.01339432e+02   1.46168830e+07   1.60630270e+07
   6.29130500e+06   0.00000000e+00   3.21287575e+06   3.54450550e+06
   4.98608672e+04   1.01621450e+07   2.06697793e+04   9.61885300e+06
   4.23905850e+06   4.77737400e+06   7.88854850e+06   7.02499850e+06
   3.18177200e+06   1.98173180e+07   4.38835438e+05   2.81137285e+04
   7.36930750e+06   7.76548850e+06   2.73540275e+06   1.30610600e+07
   7.54585850e+06   2.34753141e+05   1.97702180e+07   2.48212910e+04
   2.67147438e+05   4.17473562e+05   3.27834312e+05   2.34726348e+04
   6.29054450e+06   5.06959719e+05   1.69230840e+07   9.58998600e+06
   3.49702469e+05   5.97423984e+04   1.55585875e+05   4.67087500e+05
   7.27032688e+05   1.65856960e+07   1.37135380e+07   7.26223550e+06
   2.42193840e+07   2.34917525e+06   1.89121180e+07   8.73438000e+06
   5.02285312e+05   5.31166100e+06   8.00862300e+06   1.23177940e+07
   1.35293712e+06   3.73357031e+03   0.00000000e+00   2.24570525e+06
   1.50450664e+04   1.17060010e+07   6.71105150e+06   1.39371212e+06
   2.40787754e+04   4.58961350e+06   4.13813775e+06   2.38484238e+04
   9.21987900e+06   5.62403350e+06   5.71111600e+06   1.59112412e+04
   9.37360600e+06   7.53767312e+05   1.18235040e+07   5.33684150e+06
   2.46890900e+06   5.67385400e+06   3.71099375e+05   1.12859060e+07
   3.37916718e+01   2.06601825e+06   1.00488742e+05   1.05998604e+04
   7.77482150e+06   9.93892480e+03   1.26153788e+06   4.03053900e+06
   3.26420068e+03   3.27697925e+06   1.73001816e+04   6.39657875e+05
   3.72434675e+06   4.89112656e+05   1.40453266e+05   1.01374440e+07
   1.66645450e+06   6.44946400e+06   1.10449460e+07   7.15142000e+06
   3.17134225e+06   1.27438138e+06   6.41289350e+06   5.07581250e+06
   4.05658650e+06   8.52296800e+06   7.51232125e+05   8.87733900e+06
   5.86521250e+05   9.54498145e+03   2.58797980e+07   3.78326683e+01]
[  3.41489575e+06   1.60922112e+06   1.84749875e+05   0.00000000e+00
   6.41097031e+04   6.47129000e+06   1.41631375e+06   6.70576438e+05
   1.60863750e+07   7.01260450e+06   1.34650920e+07   6.69683100e+06
   3.73257175e+06   1.85490638e+06   1.63240439e+04   2.07468275e+06
   5.53855700e+06   3.53287700e+06   1.53832900e+06   1.25227412e+04
   9.62235700e+06   7.79556800e+06   8.81037688e+05   8.51557344e+04
   1.72396388e+06   9.46285125e+05   9.12821062e+05   1.08031830e+07
   2.14499297e+05   6.79857550e+06   1.19170576e+04   2.02665260e+07
   5.96785800e+06   1.66010338e+06   1.18837888e+06   6.32989550e+06
   4.16328450e+06   1.59473790e+07   4.16071406e+05   6.80770156e+04
   8.96563875e+05   8.29182969e+04   6.85609424e+03   1.87645312e+05
   1.78839938e+06   7.51385550e+06   7.04387200e+06   1.15517190e+07
   2.84402350e+06   2.28401000e+07   2.29397100e+06   5.75211200e+06
   5.74771600e+06   5.60317750e+06   1.11317988e+06   1.85970406e+05
   1.12881710e+07   1.30100344e+05   9.55401794e+02   6.25616400e+06
   6.12110300e+06   6.19637650e+06   1.18801780e+07   5.70510550e+06
   2.43152781e+05   1.26760870e+07   3.07394824e+04   1.05357200e+07
   5.83818100e+06   9.53106700e+06   6.52088250e+05   1.56681030e+07
   1.32802380e+07   4.87029300e+06   2.06691080e+07   6.65782520e+03
   5.81598950e+06   2.89952675e+06   2.55428220e+07   4.59128550e+06
   4.64169950e+06   3.88338320e+04   1.59800610e+07   4.48125350e+06
   2.41704234e+05   6.70181900e+06   1.08171070e+05   3.58428125e+06
   1.24405305e+05   2.53052650e+06   3.59045469e+04   1.01827320e+07
   3.43983562e+05   1.41600730e+07   3.18994062e+05   8.05118550e+06
   5.74129414e+04   7.94425000e+06   6.24623312e+05   1.80537040e+07
   1.72011609e+05   6.94367188e+04   1.47327270e+07   4.16487158e+03
   2.43781719e+04   1.99254100e+07   4.48227600e+06   4.88363000e+06
   1.53017760e+07   6.27674450e+06   5.56620508e+03   7.19170700e+06
   1.14370422e+05   3.24401560e+07   5.64862050e+06   2.82157225e+06
   2.18220475e+06   5.41640500e+06   2.43514902e+04   2.11921938e+05
   1.44891170e+07   1.47891250e+06   4.29652344e+03   5.37723300e+06
   4.15030075e+06   9.37647375e+05   1.15717950e+07   5.18586050e+06]
[  0.00000000e+00   8.39711816e+03   1.18082350e+06   2.41171387e+04
   2.76713477e+03   4.43513916e+03   3.41265167e+02   1.88257275e+01
   3.97764250e+06   1.47064453e+03   7.65947571e+02   5.52552734e+03
   0.00000000e+00   2.75863105e+04   1.76165859e+04   7.73902734e+03
   9.22018438e+04   1.27259212e+06   1.33077112e+03   3.50071688e+05
   4.13903027e+03   1.15081123e+04   3.63617281e+05   1.27357783e+04
   3.34348945e+04   4.12709912e+03   2.82325725e+06   0.00000000e+00
   8.83021484e+03   1.99789984e+05   0.00000000e+00   1.04923547e+03
   0.00000000e+00   4.75523688e+05   6.19452773e+04   1.88763500e+06
   2.25317500e+06   2.05088848e+04   2.75405975e+02   7.42632617e+03
   5.28258594e+03   3.24359009e+03   1.66603809e+03   3.27585562e+05
   5.53722510e+03   3.11757088e+01   0.00000000e+00   2.19545715e+02
   1.91821230e+04   2.07203086e+04   7.43953125e+03   8.25760254e+02
   1.80707738e+06   2.34022359e+05   2.16561317e+01   8.76678809e+03
   7.93920250e+05   8.37936312e+05   3.47755078e+03   2.00798454e+01
   3.24041125e+05   6.73904375e+04   6.82508188e+05   1.73809516e+05
   1.89983177e+01   7.81824158e+02   3.90158386e+02   6.89073303e+02
   1.03273901e+03   8.40579609e+04   1.22798375e+06   2.46102075e+06
   0.00000000e+00   1.18990059e+04   4.24433823e+01   2.56884918e+01
   1.47801260e+04   5.35543625e+05   7.39231188e+05   8.53078125e+05
   3.89574938e+05   6.22740967e+03   3.43296680e+03   7.61468555e+03
   1.83191750e+06   3.77216300e+06   1.47740750e+05   2.64453325e+06
   1.65837750e+05   1.00927143e+01   3.24933960e+03   2.56407930e+04
   1.17534375e+06   1.04298467e+04   0.00000000e+00   8.08945508e+03
   1.43942500e+04   2.02782125e+06   2.15474854e+02   1.19903453e+05
   1.14258330e+04   2.08586062e+05   1.58618362e+06   3.49981688e+05
   1.01563154e+04   2.26600449e+04   3.02242871e+03   8.44588165e+01
   9.06495476e+00   7.07880938e+05   9.72242812e+05   3.77332617e+04
   1.24449440e+02   6.21444824e+03   8.05042109e+04   2.01212939e+03
   6.25468788e+01   3.79774141e+04   1.25218811e+03   3.11389800e+06
   8.82578594e+04   2.45962048e+00   1.09950869e+04   2.09404761e+03
   7.66246533e+03   4.21431750e+05   1.28166699e+03   0.00000000e+00
   8.12256688e+05   4.63081250e+03   4.54324219e+03   1.73456152e+04
   1.29385811e+04   1.10685962e+06   3.05358734e+02   2.81223462e+03
   4.19071250e+06   2.87311750e+05   5.93970000e+04   0.00000000e+00
   1.54005732e+04   8.52057324e+03   7.76566553e+03   1.16516925e+06
   1.65569250e+03   2.65813475e+06   4.62411523e+03   3.48709619e+03
   4.42268438e+05   1.60458374e+02   2.36562305e+03   1.17446924e+03
   7.71720264e+03   7.60429531e+04   6.26697062e+05   7.69100732e+03
   6.76308984e+03   2.54693766e+05   6.91230062e+05   1.12566600e+06
   5.58757715e+03   5.59985469e+04   6.57226812e+05   4.97086060e+02
   2.74456281e+05   4.33581450e+06   1.63042075e+06   7.38934812e+05
   8.46629875e+05   2.19798625e+06   1.89191975e+06   8.75760132e+02
   2.40480957e+04   5.86457688e+05   8.27202832e+03   9.69314355e+03
   1.42018462e+06   1.69217793e+04   1.88758138e+06   2.34914453e+05
   6.41725750e+05   9.50956016e+04   4.11638812e+05   3.21641992e+04
   4.00871484e+04   8.52176953e+03   1.01330742e+05   2.68234648e+04
   4.94460688e+05   7.71899561e+03   3.31901074e+03   2.85693725e+06
   0.00000000e+00   1.84113525e+06   0.00000000e+00   3.53699425e+06
   1.04507490e+04   9.41715000e+05   2.28498300e+06   1.13930500e+06
   1.70877246e+03   1.85067988e+06   4.13263050e+06   1.89837631e+02
   5.27747734e+04   1.85106995e+02   4.59578711e+03   6.88234912e+03
   1.04094131e+04   9.13347125e+05   1.19459262e+06   6.62567375e+05
   5.42300342e+03   2.59272070e+04   3.18055763e+01   2.68443770e+04
   5.92593384e+02   2.12717950e+06   4.04184219e+04   1.91753247e+03
   1.80635284e+02   3.65701685e+03   1.68344824e+03   5.81713812e+05
   1.51605250e+06   0.00000000e+00   8.70950851e+01   3.65068750e+04
   1.38345605e+03   1.47012488e+06   1.21150445e+05   6.17008133e+01
   2.07767422e+05   6.11766052e+02   1.01866375e+06   1.42871399e+03
   1.23867908e+03   3.14639281e+05   7.10017250e+05   4.15750928e+03
   2.54077094e+05   1.83424938e+06   6.82162793e+03   1.34278030e+02
   5.51350742e+04   3.96810889e+03   5.36894580e+03   1.98526917e+03
   2.93488086e+03   4.20778188e+05   4.23800635e+03   3.22611401e+03
   4.31696143e+03   4.99896288e+00   1.00373936e+04   5.65327750e+05]
[  1.17325062e+06   6.57068848e+03   3.37802417e+03   2.58790991e+03
   2.56881575e+06   1.51085662e+06   4.32325719e+05   3.03269928e+02
   4.18263789e+04   1.25521313e+03   2.85072845e+02   2.18838301e+04
   8.12427917e+02   1.52930967e+04   4.14226465e+03   2.82967090e+03
   4.70741558e+00   4.81232758e+02   1.69064962e+06   4.10130859e+04
   0.00000000e+00   3.57667198e+01   1.06138802e+02   2.67367406e+05
   8.24724731e+01   2.94498584e+03   0.00000000e+00   3.39315594e+05
   1.49799648e+04   4.20716524e-01   1.35757422e+05   1.37513838e+04
   1.68279395e+04   2.40011281e+05   2.36275020e+04   2.28600078e+05
   4.86091553e+03   9.22008423e+02   5.90730420e+03   2.23176980e+00
   4.64151750e+05   4.75119629e+03   3.08637842e+03   5.22194580e+03
   3.93161060e+03   4.81885156e+03   4.47707875e+05   5.86940781e+04
   1.56329000e+05   3.69145294e+02   4.92174854e+03   2.36109082e+03
   9.15150940e+02   7.68721094e+03   4.78575656e+05   9.30109750e+05
   1.02745898e+05   1.86031891e+05   5.15856934e+03   1.12852917e+03
   5.14189014e+03   3.68900547e+04   8.41024935e-01   2.15267143e+01
   5.66946030e-01   4.97291484e+04   6.43716797e+04   3.75566528e+02
   1.45819061e+02   7.77565332e+03   1.24094200e+06   2.31310692e+01
   4.57314844e+04   6.77915430e+03   4.81248047e+04   7.98041406e+04
   1.01993742e+05   6.11994922e+03   5.99421719e+04   4.08637812e+05
   1.59643738e+02   2.60357891e+04   0.00000000e+00   5.21423555e+04
   4.70534863e+03   5.90598164e+04   5.85002258e+02   2.09830254e+04
   1.28064785e+04   5.11890195e+04   1.11726172e+04   5.95335400e+03
   1.72935332e+04   3.07282531e+05   2.65829785e+03   2.75867015e-01
   1.66003750e+05   3.05216999e+01   1.62726924e+04   8.47725375e+05
   1.13968096e+04   9.37209375e+04   6.08277438e+05   1.33309221e+01
   3.66537872e+02   1.05136086e+05   6.26471719e+04   1.94236230e+04
   5.03740742e+04   1.64290788e+06   1.75352222e+03   1.46055988e+06
   8.29745972e+02   2.60132202e+03   1.46499725e+02   3.61471240e+03
   4.51851611e+03   8.15867334e+03   8.24193828e+04   2.64711031e+05
   3.02364355e+04   1.11439026e+02   9.36488379e+03   4.74265500e+05
   3.60373462e+03   1.11964661e+02   0.00000000e+00   3.07024727e+04
   1.68783459e+03   2.12355725e+06   5.44875742e+04   1.78637142e+01
   4.13321973e+03   1.72926425e+06   2.90191675e+03   1.10682939e+04
   1.21313281e+04   7.34283750e+05   4.41092188e+03   4.47828827e+01
   0.00000000e+00   6.72201965e+02   1.53554170e+04   2.51758613e+04
   3.53708696e+00   6.42176807e+03   2.50248438e+03   0.00000000e+00
   5.14402962e+01   8.29842529e+02   5.50173569e+01   2.96782051e+04
   7.22618750e+05   9.55931406e+04   1.45537073e+03   2.60056141e+05
   7.24002502e+02   4.44407196e+01   5.90611914e+04   1.72926250e+06
   7.37980811e+03   4.28242480e+03   1.93779089e+03   0.00000000e+00
   1.15542562e+06   0.00000000e+00   4.46319336e+04   2.26925537e+03
   9.05354438e+05   2.21416875e+06   3.44702850e+02   3.67466784e+00
   7.47692383e+02   3.61372719e+05   5.55957688e+05   3.07834741e+03
   7.79394824e+03   1.79726465e+03   1.76943933e+03   3.94322395e+01
   5.26113672e+03   2.33427090e+04   1.04630295e+02   1.92577070e+04
   0.00000000e+00   1.11521399e+03   1.56585047e+05   7.83860547e+03
   1.59383374e+03   1.77630463e+02   6.89720625e+05   3.52205542e+03
   7.99585648e+01   4.28284473e+03   5.67559883e+04   1.51877490e+03
   2.89594160e+04   2.63795859e+04   8.67096188e+05   1.40295807e+02
   2.46404839e+01   0.00000000e+00   8.69304438e+05   4.31942188e+04
   5.22315039e+04   7.58871918e+01   2.30018965e+04   1.18061925e+06
   8.32296016e+04   2.85568750e+06   1.02424841e+01   3.37308228e+03
   4.42420801e+03   5.92957188e+04   7.38580444e+02   3.79761812e+05
   1.05471383e+05   3.17343730e+04   5.47577197e+03   1.58397080e+04
   2.81823779e+03   6.19830713e+03   1.87149048e+03   1.47974341e+03
   6.95714855e+00   7.20601094e+04   7.47588203e+04   6.43929180e+04
   3.11129639e+03   1.05188675e+01   2.23669647e+02   4.27910107e+03
   4.59905188e+05   2.90087109e+03   1.11127925e+06   9.91152539e+03
   9.06485840e+03   8.25467188e+05   0.00000000e+00   0.00000000e+00
   1.12104150e+04   3.73532875e+05   0.00000000e+00   0.00000000e+00
   1.22008423e+03   8.65845337e+01   5.49534424e+03   3.42076733e+03
   4.94264438e+05   3.38392750e+05   4.52304102e+03   2.44385488e+04
   1.03717461e+04   8.56926812e+05   5.12507861e+03   1.28899180e+05]
[  9.03333047e+04   2.01257773e+04   7.86020447e+02   8.18048889e+02
   3.21791750e+05   3.02940210e+03   1.65858000e+05   1.37418787e+03
   5.29536682e+02   1.48642712e+06   5.80947734e+04   2.71275801e+04
   2.97964600e+03   3.20130096e+02   3.22811865e+03   3.29071777e+02
   0.00000000e+00   1.48515717e+02   5.22673340e+01   1.22714832e+03
   1.35815771e+04   7.86520625e+04   2.95668438e+04   8.94930664e+03
   3.79754175e+03   6.45635781e+04   7.11735596e+03   2.45402461e+04
   5.09172734e+04   8.40744375e+05   5.42710938e+02   2.84621270e+04
   1.44274000e+05   1.05109312e+05   5.55373230e+02   2.13168145e+04
   6.62135812e+05   1.44709000e+06   1.66020691e+03   1.79137162e+06
   0.00000000e+00   5.22770215e+03   2.19540957e+04   1.98633500e+05
   6.13125391e+04   1.05785459e+04   1.56912585e+03   6.26301953e+03
   6.41181602e+04   6.66161621e+03   1.63645137e+04   9.24503375e+05
   3.17540710e+02   2.22387753e+01   2.14487427e+03   2.85707642e+03
   1.78698516e+04   1.21794562e+05   0.00000000e+00   6.58359863e+03
   5.55015576e+03   8.88391094e+04   1.61356702e+03   6.04754248e+03
   4.60935156e+03   3.15352012e+04   5.80604541e+03   1.76740449e+04
   3.62883844e+05   4.60463828e+04   1.98713172e+05   1.55786982e+04
   6.70426875e+04   1.75052676e+04   2.34436781e+05   1.41975609e+05
   5.84684883e+04   6.04699453e+04   4.52674219e+04   4.61944336e+03
   1.04331702e+03   2.66844208e+02   6.46699297e+04   8.93078674e+02
   2.43180664e+04   8.41164246e+01   4.69948984e+04   7.17968445e+01
   8.06926819e+02   3.30760400e+03   3.39140259e+02   2.40810425e+02
   1.03669980e+04   1.05303314e+02   1.27776062e+05   2.14553360e+02
   1.05484146e+02   1.85377172e+05   9.00199688e+05   4.05590375e+05
   2.83315750e+05   2.14348281e+05   5.83220154e+02   2.54658081e+03
   9.09475156e+04   3.96689160e+03   4.89734781e+05   2.22385605e+04
   9.33685242e+02   1.01832715e+04   1.21387945e+05   3.24538428e+03
   3.04509766e+04   3.86189819e+03   1.49035840e+03   2.50444922e+05
   4.30252812e+04   9.14416250e+04   3.04315875e+05   9.07256094e+04
   4.46422043e+01   7.21533812e+05   1.01696445e+05   5.54713555e+04
   3.32500125e+05   2.73777393e+03   1.06335547e+04   0.00000000e+00
   2.94398682e+02   1.78753662e+02   4.82489355e+03   2.44846230e+04
   8.78886719e+03   3.04462354e+03   3.05458379e+04   8.17722949e+03
   2.88865801e+04   2.05088469e+05   6.45942539e+04   4.14763397e+02
   1.11101236e+01   6.38012852e+04   3.03578308e+02   5.29088242e+04
   3.68918555e+03   1.20694289e+05   7.50754922e+04   4.46946907e+01
   4.31379250e+05   7.57076367e+03   8.80839941e+03   4.35109492e+04
   2.01617432e+01   4.13402594e+05   4.60153542e+01   2.07463232e+03
   1.82508766e+05   7.58291797e+03   3.61128156e+05   6.72156250e+02
   1.80720862e+03   1.23059583e+03   5.82673945e+04   1.09656455e+04
   2.28992163e+03   1.03150312e+04   2.14259199e+04   1.02485008e+05
   2.22201709e+03   1.13247500e+04   3.54657257e+02   4.87877539e+03
   2.85897510e+03   4.32634717e+03   8.23374531e+04   2.68523145e+03
   3.33495352e+04   3.89119946e+03   3.81536344e+05   2.28863633e+04
   5.80697784e+01   2.92054180e+04   1.82959609e+05   7.89590000e+04
   7.63972969e+04   1.00829941e+02   8.04982812e+04   1.62119019e+02
   7.01604150e+03   6.88270250e+05   3.47654414e+04   3.81889160e+03
   1.01805872e+03   5.75581289e+04   5.59727821e+01   2.40941235e+03
   5.79230391e+04   7.86692139e+03   9.77387578e+04   1.32416141e+05
   1.67669375e+04   5.47059387e+02   2.83688613e+04   9.81184141e+04
   1.22445500e+05   8.13492489e+00   2.23421660e+04   2.24860059e+04
   3.04561973e+04   1.24874668e+01   1.95778809e+04   4.50464209e+03
   2.24990742e+04   1.45121523e+04   1.09971680e+05   3.52889729e+00
   2.07242358e+03   4.86273125e+04   1.90951123e+03   2.64886312e+05
   6.15948438e+04   3.98085205e+03   2.21286914e+03   2.67503047e+04
   6.33668555e+04   0.00000000e+00   2.03691196e+01   2.50735352e+04
   1.94991895e+03   2.76044297e+04   1.11167441e+04   1.40586172e+04
   1.06927759e+03   3.33254883e+04   1.18787875e+06   4.58810508e+04
   1.88315771e+03   4.99689258e+03   9.77423938e+05   3.02158911e+03
   6.98546021e+02   3.22899567e+02   3.71611646e+03   1.38849457e+02
   2.79599785e+04   7.98757438e+05   1.77366531e+02   6.48333435e+01
   1.26155023e+05   2.97850566e+04   0.00000000e+00   5.14606680e+04
   4.99634375e+03   1.11089368e+03   2.31891159e+02   6.82809688e+04]
[  2.28382251e+03   4.26007422e+03   1.13713184e+04   4.10763164e+04
   6.20673706e+02   1.22550836e+05   4.49866699e+02   1.68754333e+03
   1.07963018e+01   1.54855331e+02   4.66836914e+04   2.71784668e+03
   4.23298047e+03   1.99918340e+04   6.03365283e+03   3.16077423e+02
   1.10380713e+04   3.60282227e+04   8.45337031e+04   4.67217432e+03
   2.18535620e+03   1.28525234e+05   4.22223340e+03   2.20020950e+02
   8.43880000e+04   1.66825566e+04   1.00169453e+05   2.26817236e+03
   1.10497828e+05   1.37709268e+04   1.50405859e+04   1.70004984e+05
   1.79909824e+04   1.01334160e+04   8.03792188e+03   1.82094141e+05
   5.24113945e+04   1.64541931e+03   1.99504715e+02   3.01757070e+04
   4.20467186e+01   7.82762500e+04   3.74102148e+04   8.29616719e+04
   1.60290674e+03   3.18467310e+03   1.11596738e+04   2.41493125e+04
   1.64011688e+01   6.43744453e+04   8.47601562e+04   5.77924988e+02
   0.00000000e+00   3.82552734e+04   1.35312256e+04   2.22925625e+04
   6.13810791e+02   1.40601699e+04   1.30245316e+02   3.26412170e+02
   5.30246436e+03   1.70146469e+05   2.45754160e+04   4.44382227e+03
   7.52956494e+03   1.96228457e+04   3.19002106e+02   9.74939423e+01
   3.91679648e+04   1.67202124e+03   4.70032148e+04   1.30931311e+03
   1.13910852e+05   3.02852319e+03   6.07541561e+00   1.44660486e+03
   1.71171472e+03   2.01542740e+01   8.30925391e+04   4.69041445e+04
   3.40846596e+01   1.11984424e+04   3.97089531e+04   9.77411641e+04
   2.11165371e+04   4.65590935e+01   3.22068994e+03   1.02789355e+03
   1.24567641e+05   5.31710195e+04   6.21022412e+03   8.68506592e+02
   1.38804766e+05   9.83275879e+03   1.21421492e+05   1.51490371e+04
   8.55006953e+04   3.25232147e+02   6.71639297e+04   5.72230586e+04
   4.67040156e+04   7.65266495e+01   1.44956953e+05   9.59382031e+03
   1.76607305e+04   1.49331152e+04   1.13706311e+03   1.42210953e+05
   7.43326328e+04   1.18646729e+02   1.71910312e+04   1.49125769e+03
   2.94242505e+03   9.88766384e+00   4.47605591e+02   7.53577578e+04
   1.89943874e+00   7.57280469e+04   1.30922571e+03   2.78606484e+04
   7.95123840e+02   4.21269414e+04   3.99950586e+04   2.73310229e+03
   6.36563135e+03   8.84459062e+04   3.40205957e+03   2.74368496e+04
   2.65809492e+04   3.13382422e+03   7.91527283e+02   5.28045264e+03
   2.57099102e+04   5.61410273e+04   3.58645898e+04   5.30551987e+01
   1.88989453e+04   0.00000000e+00   1.06604225e+02   0.00000000e+00
   2.67237793e+04   1.79094666e+02   1.92365859e+04   3.80567384e+00
   5.52672913e+02   6.13937939e+03   1.07015381e+03   2.48669121e+04
   2.13513580e+02   5.43889697e+03   1.14526648e+05   7.02142578e+03
   1.74172278e+03   2.74153198e+03   4.89388351e+01   0.00000000e+00
   1.48865633e+01   6.47409058e+01   7.47313843e+01   1.41527219e+05
   9.96297168e+03   1.55799036e+03   1.02298867e+04   9.11977905e+02
   6.09570312e+04   2.69642520e+04   1.06090695e+05   2.23373703e+02
   6.79567500e+04   1.18429500e+05   2.46832886e+02   3.21543848e+03
   9.95150781e+03   1.26923877e+03   6.63149609e+04   4.25743125e+04
   2.19604434e+04   1.02434648e+04   7.86568750e+03   1.07924890e+03
   3.94351055e+04   4.47896631e+03   4.91844141e+04   2.38431562e+04
   2.39900039e+04   8.93572188e+04   1.05152766e+05   5.08549756e+03
   1.15737476e+03   6.81404102e+03   5.20387207e+02   1.93358398e+04
   1.23258447e+04   1.75573141e+05   1.17645297e+05   1.09821570e+05
   4.62323320e+04   5.87483838e+03   1.56869004e+04   3.25316711e+02
   1.08796117e+05   4.66516064e+03   1.69732837e+03   9.45142266e+04
   6.24792969e+04   1.09968628e+03   4.21169883e+04   4.51594453e+04
   2.34795170e+01   4.07715034e+00   3.64163940e+03   3.15589081e+02
   3.25030548e+02   3.51599945e+02   2.97039941e+04   6.90116455e+03
   1.08167559e+04   1.22933535e+04   3.89886094e+04   2.79871445e+04
   2.66416953e+04   6.08166016e+04   8.13866043e+00   0.00000000e+00
   2.52456113e+04   2.95483337e+02   4.19928894e+02   0.00000000e+00
   7.85397797e+01   8.88282520e+03   1.22919205e+02   1.79087631e+02
   6.63571484e+04   3.09533125e+04   7.30952578e+04   1.46408135e+04
   9.39068438e+04   1.36951611e+03   2.89840234e+04   5.98721953e+04
   1.26210000e+04   3.32973086e+04   2.72356616e+03   5.24861484e+04
   3.36011566e+02   8.52175234e+04   1.49396162e+04   3.18259869e+01
   2.93847285e+04   1.10525303e+04   1.07822217e+04   1.11502141e+05
   1.86085371e+04   1.06289430e+05   7.68815859e+04   1.34832334e+04
   1.51147812e+05   4.60031097e+02   9.07857609e+00   1.26876086e+05
   9.60872812e+04   1.47467959e+00   2.41949844e+04   2.34008057e+03
   4.16017342e+01   3.72547031e+04   9.97895508e+02   1.47589250e+05
   3.43228320e+04   4.76200256e+02   3.07805204e+00   9.64025208e+02
   1.53497729e+03   9.00227844e+02   1.34185516e+05   4.40645078e+04
   0.00000000e+00   3.28723633e+02   8.54382031e+04   2.87863403e+03
   1.07828045e+01   9.46951538e+02   1.27462627e+04   9.10241953e+04
   5.69641846e+02   6.49159521e+03   4.00730286e+01   3.66867615e+02
   2.31269482e+03   3.26685195e+04   9.97625293e+03   7.23156592e+03
   5.10969805e+04   2.99860566e+04   3.60835234e+04   7.43771240e+03
   4.07911644e+01   8.64515381e+02   9.64465137e+03   5.09608516e+04
   6.98722107e+02   2.41890869e+03   7.56527832e+03   1.97954056e+02
   9.43028931e+02   1.31901543e+04   1.93531812e+03   1.04127112e+03
   4.91937539e+04   4.02845764e+01   1.87091560e+01   9.69181250e+03
   1.11854420e+01   9.81162354e+02   9.87361094e+04   6.92134766e+04
   8.65437088e+01   8.45016172e+04   2.09384336e+04   4.17373633e+03
   5.21478516e+03   2.98772031e+04   1.51319484e+05   8.15231262e+02
   1.50498703e+05   1.12030086e+05   9.48797422e+04   2.56687949e+04
   1.24896602e+04   9.68240601e+02   7.25958438e+04   6.75170947e+03
   6.18489531e+04   5.17772217e+03   5.99922981e+01   5.09906875e+04
   7.42818054e+02   1.50548203e+04   2.18932227e+03   1.80584355e+04
   1.14245219e+05   7.01398730e+03   1.31112695e+04   1.08261487e+03
   1.36515789e+01   1.76359160e+04   2.06767891e+04   3.50336694e+03
   4.63259717e+03   6.53329590e+02   7.82427344e+04   3.64257736e+01
   4.73719757e+02   4.91751328e+04   1.21380957e+04   5.90459900e+02
   5.71505078e+04   4.10536102e+02   6.57393359e+04   1.00430117e+04
   5.15261328e+04   2.36752637e+04   5.75906677e+02   1.03794922e+02
   5.06051855e+03   2.05177643e+02   1.49474719e+05   3.40525806e+03
   4.00679180e+04   2.44830391e+04   2.11259844e+04   4.04992114e+03
   1.13766572e+04   7.86403711e+03   7.02282031e+04   1.16645430e+04
   2.83973656e+01   5.57882568e+03   7.00111816e+02   3.63375214e+02
   4.42194492e+04   8.51221680e+03   4.67004150e+02   7.66635703e+04
   4.19203633e+04   3.43769580e+03   6.86605225e+02   1.22078604e+04
   7.99767639e+02   2.54705475e+02   1.40628506e+04   3.11497900e+03
   2.11968335e+03   2.74863027e+04   4.28143359e+04   7.47894062e+04
   4.19078662e+03   1.99565234e+03   4.73186914e+03   8.78057678e+02
   7.58135071e+01   3.96873438e+04   5.18619727e+04   7.14521875e+04
   2.49623027e+04   2.23049863e+04   4.91844775e+03   8.64513016e+01
   2.95355141e-01   3.65149002e+01   2.54756367e+04   2.06676348e+04
   1.44805752e+04   1.83723602e+02   3.14624219e+04   5.88020703e+04
   4.51489014e+03   2.62233574e+04   3.44928750e+04   4.73886035e+03
   5.18109912e+03   1.00296416e+04   8.45934143e+02   7.97158047e+04
   1.10474805e+05   1.26253457e+04   2.41745879e+04   1.72224390e+03
   1.04911703e+05   1.42838977e+03   1.82605542e+03   7.35454492e+03
   3.19405586e+04   6.60346406e+04   1.75769590e+04   1.56522424e+03
   1.42159595e+03   3.82247070e+02   4.41144727e+04   1.12613662e+04
   2.61742539e+04   6.62902246e+03   3.83312744e+03   4.90058327e+00
   0.00000000e+00   1.17226680e+05   7.32820358e+01   3.53712070e+04
   1.10780554e+03   1.12868891e+05   6.59285986e+03   1.32288641e+05
   3.88565195e+04   0.00000000e+00   3.26876660e+03   0.00000000e+00
   3.69978241e+02   1.40537100e+04   1.02263702e+02   1.28942334e+03
   1.03397290e+03   1.34394160e+04   2.78963104e+02   6.16779248e+03
   3.62696484e+04   8.68985469e+04   1.61412146e+03   7.32761383e+00
   7.10252502e+02   7.40282666e+03   3.48218193e+01   1.57265654e+04
   1.19274414e+04   1.29764008e+02   4.35944678e+03   6.10016211e+03
   4.70292773e+03   5.54486914e+03   1.09709688e+05   0.00000000e+00
   9.34148071e+02   3.68791602e+04   5.39839180e+04   3.68285234e+04
   6.18504922e+04   4.01146729e+02   5.26662354e+02   2.48306930e-01
   1.86379844e+04   1.71748010e+03   1.56800203e+05   8.86035095e+02
   1.32110146e+04   2.95607695e+04   5.60043640e+02   1.64035901e+03
   1.97158032e+03   1.56520859e+05   1.90459766e+03   3.71742305e+04
   6.35638428e+03   5.17488174e+01   0.00000000e+00   2.32022598e+04
   1.95711875e+04   1.46854391e+05   1.23701270e+03   1.14496880e+01
   6.27410273e+04   8.56364258e+02   1.85349640e+02   1.69028047e+05]
[  3.01079077e+03   1.17886504e+04   3.12547900e+03   9.37298203e+01
   7.08716484e+04   9.06213684e+01   1.04219039e+05   3.85569688e+04
   7.93494375e+04   1.32828613e+03   6.34616760e+02   1.89806677e+03
   1.10977325e+01   8.13597656e+04   6.82279150e+03   3.16394691e+01
   1.38159473e+04   3.90532324e+03   4.16135938e+03   8.10503369e+03
   3.92912988e+03   2.02432852e+04   7.26406494e+02   3.59995422e+02
   4.27337769e+02   5.16067617e+04   3.16856592e+03   2.11139668e+04
   9.09405518e+02   4.23197876e+02   4.84935341e+01   6.47403946e+01
   3.89719556e+03   9.99616241e+00   3.47312256e+02   2.05159326e+03
   5.73020312e+03   1.80027733e+01   2.01644766e+04   8.16415955e+02
   1.56214834e+04   1.16958145e+04   6.20670586e+01   3.00774082e+04
   1.26823252e+04   1.08519669e+02   3.98351880e+03   1.63557532e+03
   3.82492371e+02   5.30293335e+02   3.56162949e+01   0.00000000e+00
   0.00000000e+00   2.35203398e+04   3.81460815e+03   3.04663989e+03
   3.39766797e+04   7.71214844e+02   1.34594482e+03   7.67958355e+00
   2.95182943e+00   1.46395706e+02   7.88563904e+02   1.10119958e+03
   8.64122131e+02   4.21282806e+02   2.71915308e+03   4.21027246e+03
   1.23496734e+05   1.68367151e+03   1.19986696e+01   3.86873867e+04
   1.98067033e+00   3.31546509e+02   3.14935913e+03   2.19137054e+02
   0.00000000e+00   2.14597119e+03   6.03351624e+02   2.45522873e+02
   2.91109644e+03   1.26757148e+05   7.15389375e+04   2.04290137e+04
   1.36060791e+03   9.63297272e+00   2.33163301e+04   1.24212036e+03
   9.07583740e+02   2.70766772e+03   1.96322383e+04   2.25797383e+04
   4.02245288e+03   5.74531019e-01   1.83676685e+03   2.31771530e+02
   4.71060715e+01   1.14841797e+04   6.38143213e+03   3.22020410e+03
   4.21353271e+02   8.29089111e+02   1.12603259e+03   0.00000000e+00
   1.49535889e+03   3.17448022e+03   8.39648145e+03   7.55334320e+01
   6.19340469e+04   9.04382031e+04   1.29522363e+04   6.15405469e+03
   1.43415024e+02   1.04266855e+04   4.85180430e+04   2.55080713e+03
   7.97166626e+02   1.01419098e+03   2.58304352e+02   5.41155396e+02
   1.38333603e+02   1.71917070e+04   4.20444775e+03   2.88970757e+01
   4.12675078e+04   2.20943985e+02   4.72648340e+03   3.24969238e+02
   8.84946060e+01   4.54550547e+04   3.92038822e+00   1.85941071e+02
   6.83940967e+03   3.83728516e+04   8.62028125e+03   1.59067326e+01
   1.12040759e+03   5.46126213e+01   2.78882129e+04   1.28714590e+01
   4.37719971e+02   6.96322327e+02   6.37393018e+03   1.16910782e+02
   7.64765625e+03   1.20412811e+02   3.92006274e+03   4.28846445e+04
   2.01314529e+02   9.57104187e+02   1.13470375e+05   6.85387390e+02
   4.25200273e+04   8.26589966e+02   7.38309174e+01   5.41722227e+04
   2.14721953e+04   6.55832422e+04   3.48082349e+03   1.21538379e+04
   2.71819336e+03   1.92677368e+03   1.40022469e+00   1.20725471e+02
   4.11392031e+04   8.08494141e+02   8.90604766e+04   5.81058235e+01
   3.00684424e+03   1.33282275e+04   1.36389526e+03   5.68486719e+03
   7.36096641e+04   1.46376406e+04   5.25885849e+01   1.38758643e+03
   5.98356873e+02   6.85151611e+03   1.78830432e+03   1.60190869e+03
   8.93169141e+04   5.66160034e+02   3.66463525e+03   0.00000000e+00
   1.32498818e+04   9.43446250e+04   2.14701995e-01   2.25415137e+03
   2.02976761e+02   5.38289570e+04   8.66714401e+01   3.17107361e+02
   2.78333683e+01   9.31890625e+04   1.47327852e+04   1.54875537e+03
   4.26167267e+02   2.62508145e+04   2.41323975e+02   6.56837734e+04
   4.23429570e+04   1.83943527e+02   0.00000000e+00   7.39585876e+01
   1.01702686e+04   3.06369934e+02   4.81333733e+01   7.99601074e+03
   1.53456602e+01   1.77253552e+03   2.94336548e+03   1.15053741e+02
   8.58671289e+03   7.70160400e+03   2.69619980e+04   1.11896656e+05
   1.80949141e+04   1.27805824e+02   1.50588943e+02   7.20506875e+04
   1.90665857e+03   2.56750546e+01   3.50963086e+03   4.30946960e+01
   5.09744678e+03   1.59179596e+02   2.91052612e+03   4.70208711e+04
   1.96549939e+03   1.33854614e+03   8.16088750e+04   2.02369858e+02
   4.11246307e+02   1.47297100e+04   1.91228831e+00   1.06717453e+05
   7.33514844e+04   8.72530566e+03   1.30666107e+02   5.49665527e+02
   1.10910925e+03   5.86448828e+03   3.67273828e+03   1.08950088e+04
   5.59250342e+03   2.86858105e+03   0.00000000e+00   1.05985844e+05
   7.47698879e+00   6.90113403e+02   1.10261926e+03   1.47641051e+00
   2.11988730e+04   5.79070282e+01   6.05225563e+00   3.31923828e+02
   9.11278625e+02   3.18702124e+03   1.33313232e+03   1.67713809e+04
   7.80640625e+03   1.88445236e+02   7.68822205e+02   3.93798370e+02
   1.23234985e+03   4.17278984e+04   1.11093567e+03   3.57773945e+04
   3.42542480e+03   9.85684082e+03   5.10871307e+02   9.65509827e+02
   2.47977441e+03   6.65284546e+02   1.20039263e+01   3.33010788e+01
   1.07231367e+04   0.00000000e+00   6.68538208e+02   4.93067969e+03
   2.14466797e+03   1.54010452e+02   1.94056113e+04   0.00000000e+00
   4.40667868e+00   1.85922051e+04   8.87159824e+00   7.93152031e+04
   3.87567352e+02   3.63153656e+02   5.97403183e+01   5.37437256e+03
   7.47038828e+04   2.34660234e+04   8.95497168e+03   8.68617188e+03
   6.05583750e+04   1.77842346e+02   4.59453857e+02   4.58029327e+02
   1.41254044e+00   1.36535144e+03   4.20731406e+04   1.29702469e+02
   2.38571602e+04   1.50283994e+04   3.92691553e+03   9.30285938e+04
   1.23800652e+02   2.01650269e+02   8.22164249e+00   3.46388818e+03
   1.14962549e+04   1.15826180e+02   3.41062927e+02   3.27791382e+02
   1.03329953e+05   6.77741272e+02   1.51560974e+02   5.44736389e+02
   1.79154961e+04   5.03588818e+03   1.13354688e+04   2.16989688e+04
   6.01674688e+04   2.52991760e+02   2.89906421e+03   5.10253828e+04
   7.74696045e+02   2.83428917e+01   1.02136000e+05   3.28227617e+04
   1.90638458e+02   8.90171509e+02   3.74237422e+04   2.13764331e+03
   3.43717265e+00   8.58533752e+02   4.78959778e+02   2.22625137e+02
   1.42427148e+04   1.63122729e+03   5.55791309e+03   3.83379219e+04
   6.77554016e+01   4.07234033e+03   4.93321960e+02   2.58108477e+04
   5.32713516e+04   1.32192291e+02   5.01949707e+03   2.90589785e+04
   3.48527808e+03   4.19397500e+04   9.57659297e+04   2.74562012e+04
   1.73591125e+03   8.14701904e+02   6.17409814e+03   4.94108047e+01
   4.95473730e+03   9.16051270e+02   1.55236692e+01   1.46680664e+02
   1.02268633e+04   4.30343711e+04   2.48694595e+02   1.16778564e+04
   1.77537506e+02   9.83353047e+04   1.92403961e+02   1.70048950e+03
   6.10798877e+03   8.86746016e+04   1.61084778e+03   7.18079736e+03
   4.57030487e+02   3.14235107e+02   2.41757593e+03   3.24844805e+04
   8.92975391e+03   4.82878540e+02   1.43007708e+01   1.14960229e+03
   5.36866112e+01   4.60004531e+04   4.11770938e+04   8.24864844e+03
   1.27568484e+05   1.59933118e+03   4.15972757e+00   1.92255737e+02
   7.65480371e+03   1.97425293e+04   1.25443018e+03   1.10855850e+04
   2.21831055e+03   8.26730371e-01   1.43923294e+02   1.05333054e+02
   1.49880524e+02   5.88547559e+03   4.30772969e+04   2.08804375e+04
   5.76604541e+03   2.74881058e+01   6.35465820e+04   3.96010284e+02
   1.27796357e+04   3.56242409e+01   2.23050781e+04   5.89532814e+01
   1.28408262e+04   1.60467549e+04   3.73962021e+01   3.01188856e-01
   3.67422333e+02   3.02257538e+02   9.77348438e+03   1.11759422e+02
   1.49753320e+03   5.42871777e+03   1.14330920e+03   6.16338037e+03
   1.90457910e+03   6.12605977e+04   4.01602356e+02   1.08892155e+01
   1.62572676e+04   1.02005127e+02   4.21935840e+03   6.92775547e+04
   9.51554004e+03   5.61249573e+02   2.01679901e+02   5.46130811e+03
   1.55623877e+03   5.01317810e+02   1.24285836e+05   7.41357520e+03
   1.83924805e+04   8.85389648e+02   3.46039014e+03   1.70290100e+03
   2.79847984e+01   6.49205872e+02   6.49471973e+03   1.23702075e+03
   1.47746887e+02   5.61497620e+02   0.00000000e+00   4.66035156e+02
   1.09121239e+02   4.05213213e+00   1.51104561e+04   6.59995747e+00
   0.00000000e+00   1.06473831e+02   0.00000000e+00   1.10131653e+03
   2.93150024e+03   1.98746533e+03   9.78436719e+03   2.72612823e+02
   1.12561820e+05   3.88318594e+04   2.30380875e+02   9.60650085e+02
   7.45718628e+02   3.46815000e+04   8.98333203e+04   1.50384506e+02
   1.47827393e+02   5.79414444e+01   1.74585693e+03   5.86604639e+03
   4.98905957e+03   4.67457247e+00   5.01624298e+02   6.81650620e+01
   3.08277832e+04   8.84074707e+03   6.58722778e+02   1.42133698e+02
   6.23206177e+02   7.05106995e+02   5.55962031e+04   7.48175125e+01
   7.42065674e+03   2.55186096e+02   1.13775805e+05   1.94063574e+04
   8.73507324e+02   3.88080505e+02   4.59514713e+00   2.12375820e+04
   4.30365918e+03   9.67083359e+01   3.40435059e+02   1.10422822e+04
   9.62381543e+03   2.87036934e+04   2.58797455e+02   1.66395248e+02
   3.83601624e+02   1.09719992e+05   2.56267181e+02   1.06473474e+03
   0.00000000e+00   1.65298770e+04   4.06335469e+04   2.87161157e+03]
[  3.55758667e+02   1.95713574e+04   5.62613708e+02   2.02894775e+03
   1.61489661e+03   4.50575352e+04   2.32589005e+02   9.63774023e+03
   3.58582690e+03   3.46506406e+04   2.21998022e+03   1.35233139e+02
   2.77758325e+03   4.53976484e+04   2.76504199e+03   5.48878540e+02
   2.99878198e+03   1.42048184e+04   1.14857867e+05   4.58828979e+02
   2.82601547e+00   6.67122559e+03   1.41838806e+02   2.83599341e+03
   7.56504492e+03   1.01445663e+02   2.04267402e+04   6.36174583e+01
   1.46432800e+03   4.35057617e+03   2.50929199e+03   1.17498164e+04
   5.60276416e+03   0.00000000e+00   3.05516821e+03   6.37698975e+01
   6.40494751e+02   8.29956875e+04   6.68410158e+00   1.57007207e+04
   7.30888232e+03   4.84147453e+01   1.39974957e+01   1.81755798e+02
   9.84857812e+03   4.22111908e+02   7.61683545e+03   8.33759766e+03
   6.46991272e+02   1.07380379e+02   1.61851184e+03   7.55183334e+01
   7.20430832e+01   1.82129590e+04   2.90667402e+04   2.54320781e+04
   6.59953064e+02   2.84148008e+04   1.27531059e+02   1.67919287e+03
   9.69231995e+02   1.02583386e+03   1.42315186e+02   5.79490805e+00
   2.67817383e+03   2.93475494e+02   3.39547119e+02   1.40707321e+02
   1.83713943e+02   3.02679958e+01   5.59644836e+02   1.33397148e+04
   5.16258359e+04   7.62646790e+01   3.78165664e+04   2.90328255e+01
   1.46006378e+02   2.64278198e+02   5.22027539e+03   2.10295586e+04
   3.35646729e+03   2.54191484e+04   2.62068574e+04   3.07546172e+04
   9.28833125e+04   1.22855423e+02   8.42859558e+02   7.03896826e+03
   4.29047021e+03   2.28829883e+04   5.80076647e+00   1.90472656e+03
   4.18237610e+02   1.93515215e+04   8.94348145e+02   1.92018418e+04
   1.25629248e+04   0.00000000e+00   1.55956367e+04   3.26843945e+03
   2.71647186e+01   4.00555786e+03   2.82899536e+02   2.36132666e+03
   1.61584306e+00   2.20368156e+01   7.58265076e+02   4.56374844e+04
   1.20700140e+01   1.76652109e+04   4.69021698e+02   6.95422188e+04
   1.12327520e+04   1.10220471e+03   2.51516781e+01   1.16408655e+03
   7.89336914e+02   4.14755781e+04   3.52979340e+02   6.83978653e+00
   1.77068448e+00   4.96388855e+02   4.13197754e+03   9.78305176e+02
   1.25119177e+03   1.69428477e+04   1.23196686e+02   1.25333794e+02
   5.49101624e+02   7.53802490e+02   1.49311768e+04   7.16334839e+02
   5.36133003e+01   1.86559607e+03   1.07383032e+03   1.11328623e+04
   4.30797188e+04   2.89679974e-01   2.45751816e+02   3.35777931e+01
   4.73811960e+00   2.79041840e+02   1.93415543e+02   2.92192108e+02
   1.69256485e+02   5.63374756e+03   1.77121167e+03   0.00000000e+00
   3.26833069e+02   9.13139531e+04   1.67938904e+02   1.27311865e+03
   1.98282730e+02   9.83901465e+03   1.01567474e+03   1.61722031e+04
   3.61573029e+01   1.46574585e+03   1.72692749e+03   3.86370020e+03
   5.09583893e+02   3.88282227e+02   1.02831982e+03   1.99749405e+02
   6.68279453e+04   1.27905800e+02   2.11668381e+02   3.09502295e+03
   1.10576475e+04   1.57278340e+04   1.33553362e+01   2.80113831e+02
   6.92627637e+03   3.27285736e+02   3.72222805e+00   1.40735706e+03
   6.23334258e+04   9.35116821e+02   4.14469727e+04   3.44433228e+03
   5.34914141e+04   4.19457383e+04   2.54759560e+01   1.17224731e+03
   3.76921143e+02   0.00000000e+00   2.72535664e+04   7.81917822e+03
   2.03150826e+01   3.72147400e+02   2.08708344e+02   5.25707825e+02
   5.68423096e+03   4.09197266e+03   1.00526324e+03   1.66732617e+04
   1.94734937e+03   1.23221423e+03   1.19743286e+02   2.12851294e+03
   7.79667871e+03   1.43502759e+03   5.59684509e+02   0.00000000e+00
   6.93935498e+03   3.22248352e+02   1.48261450e+03   5.24747192e+02
   8.31851660e+03   9.23470938e+04   5.33801941e+02   5.43154907e+02
   1.81700769e+03   2.48179663e+03   1.72994431e+02   9.15511035e+03
   8.06420859e+04   1.08198784e+02   5.19722023e+01   1.76630586e+04
   1.63152822e+04   5.18106445e+02   1.96493942e+02   1.01504181e+03
   1.78439224e+02   9.79698639e+01   4.07766113e+02   2.23757889e+02
   2.17030664e+03   2.63399902e+02   7.70409241e+02   7.10493240e+01
   4.11043066e+03   5.10811768e+01   5.12834167e+01   2.05431557e+01
   4.00760651e+02   1.97335571e+02   3.51068359e+03   1.29581360e+02
   1.39281403e+02   9.80044708e+01   1.28645520e+03   4.29925117e+04
   1.35156270e+04   8.78201367e+03   2.67024017e+02   4.25795508e+03
   5.65820618e+01   9.82914062e+02   2.46984009e+02   1.13120316e+02
   9.61507910e+03   2.49435156e+03   2.33196092e+00   2.96959747e+02
   6.04847070e+03   2.30292153e+00   1.25640894e+03   9.59475098e+01
   8.07910156e+02   3.12568066e+03   7.37402161e+02   1.37339621e+01
   5.75587812e+04   6.40649475e+02   8.05747578e+04   4.74441406e+03
   7.35541309e+03   3.37707275e+02   8.84820557e+01   9.01429443e+02
   3.12549255e+02   2.75219612e+01   4.51191758e+04   2.11497559e+02
   5.70974915e+02   3.92715668e+02   4.61404688e+03   3.49658281e+04
   2.03792267e+02   1.37159210e+02   6.85654785e+02   8.27845000e+04
   6.61307129e+02   3.02250903e+03   1.89359883e+04   2.26752121e+02
   1.52169019e+03   6.07079150e+03   7.53847559e+03   9.45758789e+03
   4.26455469e+03   3.50051733e+03   3.23277435e+01   8.11712830e+02
   1.26892598e+04   7.86520142e+02   1.64684531e+04   4.03944321e+01
   4.09952202e+01   3.67315649e+03   3.26175234e+04   2.11982117e+02
   5.28571924e+03   7.92594688e+04   5.93760681e+02   2.65448999e+03
   4.09735938e+03   3.27766162e+03   4.68959856e+00   2.37987280e+03
   1.80706632e+00   1.44066680e+04   6.85791260e+02   1.43593281e+04
   4.81752533e+02   1.41691396e+04   2.12811646e+02   1.29824678e+04
   5.88638623e+03   5.33242734e+04   4.04733496e+03   2.45261484e+04
   1.98790479e+03   1.55759521e+03   9.26853943e+02   2.92673950e+02
   3.64307953e+02   4.44007080e+02   8.28267188e+03   3.77640356e+03
   0.00000000e+00   1.08845020e+03   2.29935577e+02   2.51521313e+03
   9.77316284e+01   9.59959766e+03   1.09320142e+03   5.47447422e+04
   5.10358867e+04   2.01032666e+03   3.72648621e+02   3.62758453e+02
   5.89832764e+01   1.38352249e+02   2.22220645e+04   3.36189575e+03
   1.84745566e+04   1.98645898e+04   3.84364062e+03   5.56724844e+04
   7.11407104e+02   3.91483667e+03   1.38827466e+03   7.45370361e+02
   1.79382832e+04   1.63161560e+03   1.48027373e+04   3.09535561e+01
   1.17119672e+05   5.93460144e+02   3.73124766e+04   1.10382593e+03
   7.53989502e+03   1.41448608e+02   7.11952515e+01   1.01400283e+04
   2.42149460e+02   9.18713965e+03   2.54286102e+02   5.63946106e+02
   1.71879623e+02   9.22412988e+03   6.40967346e+02   1.00163258e+05
   9.23683887e+03   9.01416809e+02   3.05505493e+03   1.98865247e+03
   1.06372839e+03   1.77855250e+05   3.48333594e+03   3.41949219e+02
   4.08568115e+02   1.39720283e+04   6.85536118e+01   2.84036922e+01
   3.49675928e+03   8.96969299e+02   5.94521406e+04   4.69962109e+03
   1.15329236e+03   6.72296875e+04   6.16662031e+04   7.92855530e+02
   3.33891693e+02   7.07973633e+03   2.91352344e+03   1.01292891e+04
   1.88468647e+01   2.32136758e+04   1.19485400e+03   2.79428589e+03
   5.33818674e+00   2.46746719e+04   1.40989792e+02   7.12496582e+02
   2.80700854e+03   5.05463867e+03   4.27799805e+02   1.70218574e+04
   1.42823877e+04   8.33820984e+02   7.43686340e+02   4.07846222e+01
   4.18796143e+03   5.62043018e+03   0.00000000e+00   9.39663452e+02
   3.14895874e+02   2.49703418e+04   7.54990576e+03   9.06261749e+01
   1.16200769e+03   2.18088496e+04   2.24352686e+03   8.39230804e+01
   5.95282654e+02   7.91365186e+03   4.93032734e+04   3.46536713e+01
   1.64910996e+04   1.44896289e+03   2.09711273e+02   1.20896240e+03
   1.18533752e+02   5.54211712e+00   3.08033809e+04   2.47517471e+02
   4.15329834e+02   7.75668869e+01   2.95747467e+02   0.00000000e+00
   2.13294067e+01   2.35794023e+04   7.16586792e+02   4.56403931e+02
   5.05173309e+02   2.50033438e+04   1.51453400e+02   7.64845398e+02
   7.14879303e+01   1.76579641e+05   6.28601797e+04   9.38354874e+00
   1.64227087e+03   1.19542002e+04   1.55967803e+04   8.64998730e+03
   2.27605605e+04   6.70013770e+03   8.85378809e+03   5.96997009e+02
   8.79020410e+03   7.01347656e+03   2.77983734e+02   1.05441696e+02
   9.67994080e+02   2.09601092e+00   3.04116333e+03   2.93464590e+04
   7.96417090e+03   1.89670449e+04   8.25635437e+02   3.52850838e+01
   7.70168457e+02   1.72980286e+03   2.32466675e+02   1.45111045e+04
   5.33775928e+03   1.32100098e+02   5.61114404e+03   2.69859467e+02
   2.70575485e+01   5.46568513e-01   5.76516553e+03   6.36563354e+02
   6.43739197e+02   9.09875195e+03   6.73527188e+04   4.28366680e+04
   1.87661914e+04   8.40292053e+02   1.99585352e+03   8.64334045e+02
   2.98500732e+03   6.00083084e+01   3.01833691e+03   1.94609485e+03
   1.89885684e+04   6.49801992e+04   9.93147850e+00   7.52301147e+02
   1.61844619e+04   2.94353086e+04   1.15642601e+02   2.31536102e+01
   9.26983826e+02   1.93754063e+01   4.28410263e+01   7.93222070e+03]
[  2.40682098e+02   5.27939529e+01   1.92094982e+00   7.79624023e+03
   8.20637360e+01   1.21083336e+01   4.34122276e+00   6.25390196e+00
   2.41466415e+02   1.27223297e+02   3.42670364e+01   2.99158234e+02
   1.30504036e+01   1.76397888e+02   7.18736553e+00   1.64932859e+00
   0.00000000e+00   1.89443268e+02   0.00000000e+00   0.00000000e+00
   2.50634064e+02   1.85412852e+04   3.33339844e+03   4.72834686e+02
   5.22157097e+00   0.00000000e+00   0.00000000e+00   4.44423370e+02
   4.40899200e+01   9.33032593e+02   1.42557117e+03   3.31597214e+01
   2.77180786e+02   9.70466843e+01   6.15766048e+00   1.37331787e+03
   2.63952026e+02   1.25378506e+04   1.28312976e+03   1.42367554e+03
   8.51270898e+03   1.11002716e+02   1.24965466e+03   1.84465369e+03
   6.71894598e+00   1.44645065e-01   5.53208008e+03   4.23384056e+01
   9.49210548e+00   1.73954544e+02   2.58741684e+01   1.88972485e+03
   1.74993229e+00   4.91703308e+02   1.74060959e+02   5.85203972e+01
   4.18704639e+03   7.36154053e+02   6.22057736e-01   4.12815971e+01
   4.12299500e+02   1.07776787e+02   0.00000000e+00   9.21358093e+02
   1.98387390e+02   1.66312598e+03   9.31276016e+01   3.70074391e-01
   4.91499695e+02   9.56933228e+02   7.28672058e+02   7.17073517e+01
   5.32231827e+01   2.26946468e+01   5.74751377e+00   3.92708252e+02
   1.20537126e+00   1.35434668e+03   3.27941895e+00   4.02515106e+01
   0.00000000e+00   1.60307007e+02   4.45913422e+02   4.88863281e+03
   5.16421852e+01   5.89978714e+01   2.45025992e+00   1.70252085e+00
   1.09128096e+04   2.10832169e+02   1.39411523e+04   9.04601364e+01
   2.23999805e+04   4.90647675e+02   0.00000000e+00   6.46036621e+02
   1.22914258e+04   3.92261162e+01   2.08787280e+03   8.41190796e+01
   2.59334326e+03   9.66282272e+01   1.94893341e+01   0.00000000e+00
   4.75200586e+03   1.40631445e+03   0.00000000e+00   9.70231247e+01
   5.53147659e+01   0.00000000e+00   1.48638086e+01   2.21790237e+02
   5.57590479e+03   6.51805078e+03   6.19570971e+00   7.77896464e-01
   1.94262268e+03   9.73624939e+02   1.93021896e+02   2.01672668e+01
   0.00000000e+00   2.73174377e+02   6.42843008e-01   6.02416182e+00
   1.19525700e+01   5.03176403e+00   3.49891663e+01   1.49459648e+00
   7.68932190e+01   6.70429980e+03   2.53669800e+03   5.77610901e+02
   0.00000000e+00   2.41959686e+01   2.82005920e+02   1.05301567e+02
   1.08320645e+04   1.80744675e+02   1.25465515e+02   7.90681992e+01
   3.30424976e+03   2.36126907e+02   5.05353394e+01   6.60793506e+03
   4.30200577e+01   4.82762814e+00   7.53207626e+01   5.46518326e+00
   3.47269630e+00   2.54689713e+01   6.60378397e-01   6.44719238e+01
   2.18252121e+02   6.50043392e+00   1.47795782e+01   1.62582791e+00
   7.95848083e+02   2.12286873e+01   1.28147644e+02   4.42697573e+00
   3.04586609e+02   2.40017212e+02   1.75141660e+04   7.37089539e+02
   1.24501978e+03   1.29818428e+04   0.00000000e+00   4.50516895e+03
   1.02395135e+03   9.18306445e+03   0.00000000e+00   3.96611963e+03
   5.19496298e+00   4.50604614e+02   4.25354862e+00   6.63107681e+00
   1.09504944e+02   2.52126074e+00   1.39358627e+02   0.00000000e+00
   1.34279051e+01   3.54579785e+03   0.00000000e+00   3.89501245e+03
   2.32111862e+02   8.59383789e+03   2.29384811e+02   3.08813362e+01
   8.19180762e+03   8.31274185e+01   5.06747894e+01   1.31649847e+01
   1.15026990e+03   2.23901596e+02   5.09348969e+02   1.74632919e+02
   1.63249564e+00   2.11605957e+03   4.81746143e+03   4.56558398e+03
   1.47080555e+01   1.12820967e+04   6.79024658e+01   1.30704794e+01
   5.91859093e+01   2.15611763e+01   4.17911621e+03   2.57842139e+03
   0.00000000e+00   1.56296594e+03   3.58452124e+03   1.31933484e+03
   0.00000000e+00   0.00000000e+00   1.23843628e+02   1.92590051e+03
   1.12459862e+02   3.48537397e+00   1.95085281e+02   4.25869232e+02
   1.18060350e+00   1.08819160e+02   1.83809143e+02   1.02650285e+00
   7.38064014e+03   8.03789111e+03   0.00000000e+00   7.02959290e+01
   1.08507609e+00   1.01624072e+03   3.61716690e+01   6.75367188e+02
   2.08020569e+02   8.65272034e+02   1.35301562e+03   5.02095528e+01
   1.78011642e+02   1.24925684e+04   0.00000000e+00   2.70444800e+03
   0.00000000e+00   1.90796914e+04   1.35505981e+02   7.09996510e+00
   0.00000000e+00   2.91066528e+02   8.32325000e+03   0.00000000e+00
   0.00000000e+00   1.34591589e+01   9.91059180e+03   4.19300652e+00
   3.64109993e+01   7.90951309e+01   3.75167007e+01   1.22292065e+03
   4.84292786e+02   2.75941887e+01   3.49677420e+00   1.03333496e+04
   1.05360153e+02   1.61515549e+02   0.00000000e+00   0.00000000e+00
   8.80547911e-02   0.00000000e+00   3.74940586e+00   6.59927490e+02
   1.40557092e+03   1.16471272e+01   4.75425601e-01   2.16047827e+03
   1.46615362e+00   1.83007051e+04   8.63362109e+03   7.00488968e+01
   7.44892773e+03   7.07640743e+00   2.96997032e+01   3.42937410e-01
   2.17871380e+01   2.16504288e+02   1.83426953e+04   5.24645569e+02
   2.39105148e+01   1.44139999e+02   1.95525330e+03   5.59111519e+01
   0.00000000e+00   1.00797777e+01   1.15336275e+01   3.24698071e+03
   4.10163135e+03   3.53118317e+02   0.00000000e+00   0.00000000e+00
   2.43926773e+02   3.59362976e+02   0.00000000e+00   8.09934378e-01
   4.82591614e+02   1.67521289e+03   1.77783496e+04   4.42787826e-01
   4.33879913e+02   0.00000000e+00   6.58275223e+01   1.93305063e+00
   1.29802227e+04   0.00000000e+00   1.12886152e+04   1.77166481e+01
   3.55329666e+01   0.00000000e+00   4.98047709e-01   9.83665918e+03
   3.13261914e+03   3.87683008e+03   9.71909363e+02   3.00180550e+01
   2.06456958e+03   1.59811831e+01   6.85671926e-01   2.32435211e+02
   2.58820152e+01   0.00000000e+00   2.10369453e+01   8.60723209e+00
   2.45801788e+02   6.29800262e+01   1.60701637e+01   3.80708594e+03
   2.31960564e+01   4.23821075e+02   2.70948700e+02   5.37256543e+03
   2.02217114e+03   1.11273340e+03   7.79599414e+03   3.02323425e+02
   1.63996814e+03   1.13718808e+00   2.49255737e+02   2.13772273e+00
   6.00289502e+03   0.00000000e+00   6.67557275e+03   1.35239044e+02
   1.24330530e+03   1.85065365e+01   3.64400902e+01   9.66442049e-01
   3.11854053e+03   5.10860300e+00   0.00000000e+00   7.91190338e+01
   6.38884717e+03   4.53418555e+03   3.00669897e+03   5.79791718e+01
   1.13918884e+02   3.25414038e+00   3.13314018e+01   1.30457657e+02
   1.38738052e+02   7.67330780e+01   0.00000000e+00   3.06007477e+02
   3.61950684e+02   0.00000000e+00   9.50621262e+01   6.92909619e+03
   1.01064978e+01   2.68265045e+02   9.08338261e+00   2.17328033e+02
   1.92749805e+01   0.00000000e+00   2.84994268e+00   1.36167435e+02
   6.91923599e+01   1.96996094e+04   1.09069192e+00   3.78348438e+03
   1.34778699e+03   9.59521729e+02   1.11320264e+03   3.82638588e+01
   3.13397217e+03   2.53875626e+02   8.11748901e+02   3.11698017e+01
   2.68213928e+02   4.65307283e+00   8.10840454e+01   1.26307173e+01
   0.00000000e+00   8.19069862e+00   8.12361221e+01   9.19596634e+01
   1.25551865e+02   2.13026831e+03   5.93696582e+03   2.23342848e+00
   1.76369743e+01   3.34468126e+00   1.70106125e+02   1.41227407e+01
   3.91086936e+00   8.63854688e+03   1.49795599e+01   8.36951981e+01
   2.62044754e+01   4.76084808e+02   3.86225879e+03   1.86229401e+02
   6.71624170e+03   6.23107971e+02   3.96257257e+00   7.19445348e-01
   2.54948574e+04   6.08070618e+02   1.53047333e+02   4.82873440e+00
   6.53462158e+02   4.67940399e+02   0.00000000e+00   1.09674606e+01
   1.92620392e+01   1.25615869e+03   8.38122754e+03   1.27789507e+01
   1.03883461e+02   1.07016809e+03   1.73448767e+03   4.44796333e+01
   1.17237699e+00   1.46770007e+03   1.37778750e+04   2.15508842e+01
   7.15397120e+00   4.11637421e+01   1.98497818e+02   1.86267029e+02
   8.54186249e+01   2.11744843e+01   8.71839062e+03   4.60637939e+03
   8.32467090e+03   0.00000000e+00   4.46480408e+02   3.11923676e+02
   3.60945215e+03   2.00257092e+01   4.48822784e+02   6.86574097e+02
   1.07995281e+01   1.10801650e+04   1.82216003e+02   3.50814819e+03
   0.00000000e+00   3.27203064e+02   6.68122559e+01   4.41799072e+02
   7.51249707e+03   1.64113388e+01   8.76540947e+00   0.00000000e+00
   0.00000000e+00   6.14962280e+02   2.48108475e+02   5.39219284e+01
   1.57448792e+02   5.08113867e+03   2.17147619e-01   2.10057959e+03
   4.09300964e+02   6.81181641e+02   6.82561084e+03   1.05265186e+03
   2.23685815e+03   1.11021338e+03   5.50241638e+02   1.11997261e+02
   4.27915833e+02   1.53639148e+03   4.53198280e+01   1.00766416e+04
   0.00000000e+00   2.92083502e+00   7.30662918e+01   6.37061230e+03
   1.27888928e+03   6.44125061e+01   1.35646038e+01   0.00000000e+00
   2.21262231e+03   5.65188293e+02   1.37920483e+03   6.61965039e+03
   1.01991295e+02   2.94186306e+01   1.78283459e+03   3.76728345e+03
   0.00000000e+00   5.17468848e+03   8.42529106e+00   2.40429825e+02
   0.00000000e+00   1.39487100e+04   8.43222332e+00   1.85066040e+02]
[  4.32463303e+01   5.65066162e+02   7.69001617e+01   3.53598663e+02
   1.03784508e+02   5.12192688e+02   9.93353195e+01   4.17798035e+02
   2.92637424e+01   9.58414841e+01   1.41683960e+03   3.28349091e+02
   1.83920654e+03   2.48949387e+02   1.92332483e+03   7.01410370e+01
   9.37866783e+00   6.62526001e+02   4.58547943e+02   4.20075073e+02
   1.72606750e+02   2.73433475e+01   2.38307837e+03   8.19967117e+01
   1.46944351e+02   1.10340395e+01   1.11319294e+01   2.46960468e+01
   5.53978613e+03   8.14541817e-01   8.64096165e+00   6.54792786e+01
   8.06903613e+03   9.22159271e+01   1.46839867e+01   3.99966614e+02
   6.10193359e+03   8.40108204e+00   0.00000000e+00   3.42909888e+03
   8.83753418e+03   3.57614716e+02   0.00000000e+00   8.67423832e-01
   8.10896993e-01   3.53309937e+02   5.73797266e+03   4.44649086e+01
   1.16991940e+01   2.63652935e+01   3.98724442e+01   1.04356949e+02
   4.58649109e+02   3.54696045e+02   4.09754120e+02   2.75442383e+03
   1.90579815e+01   7.87756443e+00   2.72990332e+03   6.75102930e+03
   5.69933716e+02   2.78393646e+02   8.72184766e+03   1.47420883e+00
   1.23917913e+00   3.43259979e+02   3.87048149e+00   5.72876244e+01
   3.83320198e+01   3.01612457e+02   1.42861047e+03   1.39436414e+03
   4.82572083e+02   2.97953758e+01   6.83954544e+01   6.61329041e+02
   5.07530746e+01   5.59676819e+02   2.80665674e+03   8.35002899e+00
   5.50439835e-01   7.07776428e+02   4.42362207e+03   1.14223549e+02
   9.70792664e+02   7.28040381e+03   5.30139503e+01   4.07048759e+01
   4.28949316e+03   1.93907669e+02   1.53927460e+02   5.18962524e+02
   0.00000000e+00   3.51750464e+03   1.56543903e+01   1.87650356e+01
   3.72005249e+02   3.48595044e+03   1.42294769e+02   8.68938751e+01
   5.30282617e-01   6.06244888e+01   1.98118027e+02   3.17907524e+00
   2.58510913e+03   0.00000000e+00   1.78795528e+01   4.87222998e+03
   3.72139111e+03   1.12253937e+02   1.81064270e+02   8.15897942e+00
   2.55546802e+03   8.04071777e+02   5.47069336e+02   0.00000000e+00
   2.33832760e+01   3.73589058e+01   1.91915723e+03   3.10601807e+01
   4.53414421e+01   2.17838696e+03   6.58006012e-01   1.27508326e+01
   6.61660004e+01   4.04931793e+02   1.37553024e+02   1.42432693e+02
   5.66571338e+03   2.95868206e+00   6.63767578e+02   3.25410669e+03
   1.84804993e+03   1.83702793e+01   1.31068682e+04   1.48559713e+00
   5.17925692e+00   8.83575623e+02   5.29489059e+01   5.74868536e+00
   3.93997632e+03   0.00000000e+00   6.47108154e+02   4.87885628e+01
   3.77292633e+02   9.90224361e-01   0.00000000e+00   1.20380430e+01
   1.64211124e-01   2.19923058e+01   0.00000000e+00   2.67159241e+02
   5.25119995e+02   3.50609229e+03   1.64501556e+02   5.49913269e+02
   7.99781250e+02   6.56511736e+00   2.55106641e+03   4.34557861e+02
   3.08469995e+03   5.52532031e+03   2.68584418e+00   1.08040871e+02
   4.88002393e+03   1.46468799e+03   5.49194580e+02   8.32354126e+01
   4.13312683e+01   1.64235852e+03   4.92924377e+02   4.61931586e-01
   1.64005966e+02   1.32998872e+00   2.47098179e+01   5.39744473e+00
   0.00000000e+00   3.19950269e+03   1.22478577e+02   9.73651314e+00
   2.08512787e+02   4.95113525e+01   1.59031811e+01   2.94682980e+01
   5.60071875e+03   0.00000000e+00   7.82450867e+01   0.00000000e+00
   3.63103890e+00   1.15393677e+01   8.69733334e+00   3.70209473e+02
   3.39537392e+01   2.59875244e+02   8.02404846e+02   1.51789902e+02
   8.02965027e+02   3.29608192e+01   6.59474411e+01   7.50331497e+01
   5.93363495e+01   7.06143036e+01   0.00000000e+00   3.11607599e+00
   7.72158127e+01   1.27757998e+01   7.75028646e-01   4.57760239e+01
   2.92174244e+01   7.16352701e+00   1.88243689e+03   9.83768982e+02
   0.00000000e+00   0.00000000e+00   1.45076508e+02   1.15730125e+02
   7.69784927e+01   2.01199902e+03   4.14136230e+02   2.63960648e+01
   1.63070511e+02   1.44202515e+03   3.73823280e+01   4.82672150e+02
   7.39235916e+01   1.10837412e+00   3.44762720e+03   2.64941498e+02
   4.25464941e+03   7.65509570e+03   5.41088916e+03   1.27089661e+02
   0.00000000e+00   1.68345810e+02   4.17110443e+02   3.14013477e+03
   1.20790747e+03   4.46329546e+00   2.99130103e+03   1.70612228e+02
   2.03471508e+01   3.45148392e+01   8.34340088e+02   0.00000000e+00
   5.37837952e+02   4.55822266e+02   1.79349777e+02   6.93553090e-01
   7.52274780e+02   1.14877176e+00   0.00000000e+00   2.69136078e+02
   2.35523486e+03   1.06916308e+00   1.05709152e+01   5.85819043e+03
   0.00000000e+00   1.81865005e+02   1.62792778e+01   3.04377918e+01
   4.09577466e+03   0.00000000e+00   1.01835039e+04   8.57360077e+01
   1.52618151e+01   9.93022003e+01   3.68768921e+02   1.07929626e+03
   1.15498909e+02   1.17543347e+03   1.80938690e+02   5.66222107e+02
   0.00000000e+00   8.22505474e-01   2.71026497e+01   3.13515053e+01
   1.64223213e+01   4.99394875e+01   1.03113696e+03   1.80794861e+03
   8.76339149e+00   1.43132133e+01   2.12564624e+03   1.38008571e+00
   1.04003000e+01   2.03055273e+03   2.52182159e+02   7.48267937e+00
   8.45425293e+03   5.66667671e+01   5.43399668e+00   2.47981572e+00
   6.27461914e+02   2.19200830e+03   4.56341113e+03   1.84829254e+01
   3.23901025e+03   1.07655609e+02   9.93127670e+01   7.71495361e+02
   3.80831982e+03   5.07271912e+02   1.58186054e+00   1.26645212e+01
   7.46443018e+03   2.74279785e+03   1.12399590e+04   4.62650146e+02
   2.44120789e+00   5.62117493e+02   1.95110580e+02   6.27460938e+01
   2.33710337e+00   2.58377136e+02   2.82752972e+01   1.26161108e+03
   1.53984265e+03   3.11889935e+01   6.75908447e+02   8.74417365e-01
   1.04933095e+00   3.78033545e+03   4.61927261e+01   4.71309131e+03
   1.63539017e+02   4.22302795e+02   2.26582016e+02   1.25584297e+01
   1.28315144e+01   1.48304962e+02   8.09876502e-01   3.29864025e+00
   5.65160599e+01   2.88845253e+01   2.79008972e+02   2.28906798e+00
   1.60100708e+03   9.19667664e+01   1.16875587e+02   3.63126367e+03
   2.65558545e+03   1.24226416e+03   1.28176367e+03   5.44042408e-01
   4.91514221e+02   9.34129517e+02   7.85576538e+02   1.18265419e+02
   5.41851311e+01   3.31464258e+03   2.30650973e+00   0.00000000e+00
   4.55344922e+03   1.29551077e+01   1.31769104e+03   4.19806194e+00
   3.08980273e+03   6.50146118e+02   2.51623230e+01   8.35399017e+01
   2.67905235e+01   9.59261703e+00   9.75652847e+01   3.27230811e+03
   1.88413330e+03   1.32585173e+01   2.80831013e+01   4.15211487e+01
   1.49723320e+01   0.00000000e+00   4.87789600e+03   1.93100929e+00
   5.00960236e+02   3.54829126e+03   0.00000000e+00   3.52664795e+02
   8.31243530e+02   7.81428223e+03   2.05455902e+02   2.82028046e+02
   4.81318512e+02   2.08455048e+01   8.95367966e+01   1.29063477e+02
   5.57217102e+02   3.15883751e+01   1.42322135e+00   2.52004211e+02
   2.79023315e+03   5.45690269e+01   8.43217773e+03   4.13362541e+01
   1.26824316e+03   1.98948669e+01   0.00000000e+00   2.21635880e+02
   1.14081013e+00   6.37020302e+01   2.86524750e+02   4.32395966e+02
   1.87928650e+03   2.01343460e+02   2.98289127e+01   3.05203418e+03
   2.92358398e+03   1.86334244e+02   7.86259399e+02   2.91433752e-01
   1.05039497e+02   1.08608906e+04   4.82383842e+01   5.61685364e+02
   1.35132217e+02   1.54297876e+01   1.23704767e+01   0.00000000e+00
   1.14458020e+03   4.00016211e+03   1.04193225e+03   2.02766528e+03
   1.24324051e+02   6.33893204e+00   6.15948547e+02   2.94224974e-02
   5.82026443e+01   3.28807564e+01   1.04909187e+02   2.75185864e+03
   4.57569580e+02   7.49182800e+02   9.22009375e+03   2.88778381e+01
   4.94813347e+01   2.55765259e+03   9.24986496e+01   1.30779663e+02
   1.73571582e+03   2.34260235e+01   4.00600464e+02   9.76938629e+01
   7.86916924e+00   1.67795677e+01   5.25172157e+01   1.40187836e+02
   1.55705986e+01   3.40155548e+02   1.76141251e+02   1.17954454e+01
   1.81601181e+01   2.08174057e+01   1.20603609e+00   1.80837549e+03
   1.23994219e+04   1.61901099e+03   6.48736267e+01   1.17232300e+03
   1.19180029e+04   1.36587265e+02   2.70552832e+03   4.28265429e+00
   9.00245239e+02   2.90264130e+02   6.05051765e+01   1.53272820e+00
   1.22559851e+03   6.68537109e+02   1.29810440e+02   5.44069434e+03
   1.09146855e+04   1.12224646e+03   9.56118047e-01   4.67234268e+01
   5.01245880e+01   3.36893738e+02   4.31054068e+00   1.04717102e+03
   1.91889191e+02   2.03803375e-01   2.26997547e+01   0.00000000e+00
   1.17120285e+02   6.93610413e+02   2.19264252e+02   8.72654358e+02
   8.00609665e+01   3.34681821e+00   4.01623154e+00   1.10141348e+04
   2.74566364e+00   6.00118217e+01   4.93786163e+02   4.17178772e+02
   0.00000000e+00   5.91686070e-01   1.97404785e+02   1.25044891e+02
   1.51652851e+01   1.19294788e+03   2.07536084e+03   5.80406885e+03
   1.77813025e+03   1.58768265e+02   3.06635956e+02   2.71327710e+03
   7.86090012e+01   0.00000000e+00   3.71820068e+01   6.67955273e+03
   5.79044075e+01   8.51994781e+01   2.11609772e+02   3.56487451e+03]
[  4.78846191e+02   1.27745600e+01   9.09069657e-01   1.38070316e+01
   1.91933765e+01   1.35671313e+03   8.66958160e+01   6.14956665e+00
   1.12032866e+00   5.80420166e+02   6.17806358e+01   1.90952454e+01
   1.75659314e+03   1.07191321e+03   2.08209045e+02   0.00000000e+00
   4.50301743e+01   9.01301758e+02   1.45935394e+02   1.01342678e+00
   2.09705639e+00   7.66183615e-01   1.73144779e+01   2.38921436e+03
   0.00000000e+00   2.22666979e+00   4.52431679e+00   1.78392334e+01
   3.10814214e+00   4.13421204e+02   1.99079113e+01   1.15641430e-02
   1.42210068e+02   8.45345497e+00   3.26208765e+03   2.95222559e+03
   2.11558208e+01   1.50619666e+03   9.42513371e+00   7.33129196e+01
   1.44057283e+01   2.43928204e+01   4.58678055e+00   6.91633072e+01
   6.79447699e+00   1.46083389e+02   1.25477869e+03   0.00000000e+00
   9.66376877e+01   2.90340252e+01   8.61727539e+02   0.00000000e+00
   4.37247238e+01   9.32071400e+00   0.00000000e+00   4.39035368e+00
   5.37816525e-01   1.91937370e+01   7.22481003e+01   5.31213760e+01
   9.04288006e+00   2.13309784e+01   2.94970989e+00   5.09225130e+00
   9.28560333e+01   3.56230392e+01   4.29371490e+01   3.71928543e-01
   1.57910299e+01   4.89655037e+01   2.36935635e+01   2.54015430e+03
   2.66749439e+01   1.38238164e+04   2.03715540e+03   1.01499687e+02
   1.38318882e+01   1.52139997e+01   1.50266251e+02   1.86011374e+00
   2.34691563e+01   6.22089958e+01   1.48246861e+00   1.74859505e+01
   1.26345001e+02   3.84408325e-01   1.45118994e+03   4.30282211e+00
   1.06999947e+02   4.63410664e+00   4.88209839e+01   2.70087662e+01
   6.90137625e+00   1.33576080e+02   9.54323196e+01   2.33511143e+01
   2.47700081e+01   4.78959045e+01   6.56302643e+01   1.09857092e+01
   4.88944978e-01   5.45463791e+01   5.69445534e+01   4.41198273e+01
   9.14579487e+00   2.20154834e+00   2.93389487e+00   3.98253760e+03
   6.93363714e+00   2.82702208e-01   1.91898376e+02   1.71346807e+00
   2.88167076e+01   8.00149918e+01   0.00000000e+00   4.80153877e-03
   6.16695023e+00   1.21435242e+02   2.35261792e+03   1.43390059e+00
   2.57602875e+02   2.92141647e+01   2.81367850e+00   3.71605492e+00
   5.04025698e-01   1.79570488e+04   9.97118652e-01   1.62057419e+01
   5.87773621e+02   4.31562233e+01   2.31208763e+01   2.46572021e+02
   2.22724548e+02   1.75197277e+01   3.72844189e+03   1.10120809e+00
   0.00000000e+00   2.25367308e+00   1.24603320e+03   8.34754257e+01
   1.06238117e+01   1.93974719e+03   0.00000000e+00   7.31392517e+02
   1.60178623e+01   1.09475594e+02   5.83828032e-01   1.28686996e+02
   1.01140363e+03   2.22666988e+01   1.09089174e+01   1.16755237e+03
   2.43686371e+01   6.55925903e+01   8.19130798e+02   6.06383419e+00
   1.64538288e+01   0.00000000e+00   1.82813244e+01   1.52552795e+03
   6.28495166e+03   5.83436230e+03   0.00000000e+00   1.38376970e+01
   3.29211349e+01   2.18881392e+00   5.67482529e+01   2.66037769e+01
   3.82183456e+00   2.89777145e+01   7.69125175e+00   2.47701500e-02
   1.06935167e+00   1.80126453e+03   3.39799271e+01   1.92360706e+01
   3.57710409e+00   8.80701733e+00   7.19301224e+01   5.97464966e+02
   3.60234619e+02   2.66825218e+01   4.68615845e+02   1.33157532e+02
   1.03396210e+02   1.18515388e+02   3.26584667e-01   1.07630742e+00
   4.30644722e+01   1.51551529e+02   1.08177368e+02   2.67558962e-01
   8.36114160e+03   6.12981834e+01   8.86259913e-01   2.21677170e+01
   4.90445709e+00   5.41771278e+01   6.43548889e+01   2.25080322e+03
   5.29940319e+00   4.05302376e-01   1.90145374e+03   5.92938004e+01
   4.68871593e-01   1.11177385e+00   2.70208472e+03   2.08653297e+01
   3.81392441e+01   2.10700989e+02   1.58726486e+02   1.64826310e+00
   3.11265320e+02   1.15373192e+01   1.16311356e+02   1.64658371e+02
   0.00000000e+00   2.44037308e+02   4.08249194e+03   3.73857025e+02
   0.00000000e+00   9.65275288e+00   6.88482857e+00   1.37072210e+01
   7.69835281e+01   9.11839233e+02   9.65202332e+01   6.88962708e+01
   1.90016413e+00   4.47239571e+01   2.93172855e+01   2.20022217e+03
   1.20811829e+03   4.11232361e+02   0.00000000e+00   1.65247071e+00
   9.60032120e+01   4.65977051e+03   2.43105615e+03   1.50936565e+01
   9.09057236e+00   8.38507080e+01   8.78878632e+01   0.00000000e+00
   1.95104563e+00   0.00000000e+00   1.03998157e+03   0.00000000e+00
   1.53456299e+02   6.55075989e+01   1.33700330e+03   1.20985260e+01
   5.52416229e+00   1.91062158e+03   8.98262634e+02   5.36341524e+00
   4.14891529e+00   5.44456215e+01   1.03257666e+03   1.15705917e+02
   1.48919327e+02   2.48679771e+01   1.44352271e+03   3.50012398e+01
   3.43580933e+01   0.00000000e+00   3.14467285e+02   1.88635159e+00
   6.72538579e-02   5.35437851e+01   1.80875354e+03   1.30457312e+03
   6.22898140e+01   5.47072029e+00   1.10394318e+02   4.20836487e+01
   3.32101166e+02   2.21450024e+01   9.89729309e+00   3.41402411e+00
   8.90395508e+02   1.47868073e+02   4.56464882e+01   2.93806250e+03
   4.41637993e+01   7.16329432e+00   9.25604343e+00   1.50689936e+01
   3.19016388e+02   1.76050129e+01   9.92507202e+02   2.84541435e+01
   5.39897871e+00   3.57529068e+01   4.57594376e+01   1.22740974e+02
   2.01836929e+01   1.22219275e+03   1.16448107e+01   7.46878174e+03
   2.01590317e+02   7.43860245e+00   1.98831653e+03   7.48078552e+02
   1.66323288e+02   1.00904739e+02   5.15302086e+00   7.47711304e+02
   3.89549637e+01   4.92102814e+01   4.26787794e-01   1.39090061e+01
   3.00189185e+00   1.13462273e+02   1.53052563e+03   3.27791367e+01
   2.41051538e+03   0.00000000e+00   1.89583081e+03   1.11412382e+01
   2.03072372e+02   2.58738823e+01   1.97986038e+02   5.37059814e+02
   5.31216583e+01   1.69464874e+01   9.64265704e-01   1.13975914e+02
   1.60219364e+01   2.97449341e+01   1.76829487e-01   2.83292890e+00
   0.00000000e+00   3.30908142e+02   6.53899193e+00   9.54328552e+02
   9.11314011e+00   7.18551025e+01   8.04608612e+01   8.27317200e+02
   2.01937847e+01   1.69660795e+00   1.12874435e+02   5.11115303e+01
   0.00000000e+00   9.40524006e+00   3.50357933e+01   4.12487755e+01
   3.20657897e+00   2.85271378e+01   2.61382389e+01   5.28108597e-01
   3.95207167e-01   6.50713120e+01   4.06289482e+01   7.35065527e+03
   8.06516571e+01   1.57146711e+01   1.54342194e+01   8.63836765e+00
   1.35462895e-01   1.60030899e+02   5.27159615e+01   1.36485062e+02
   2.02467944e+03   1.02415657e+00   4.58964844e+01   1.67343006e+01
   1.06473320e+02   3.18710384e+01   0.00000000e+00   2.98257996e+02
   4.02228546e+01   0.00000000e+00   6.42167139e+00   4.17990398e+00
   1.62136987e+03   2.13388586e+00   2.09870663e+01   2.55990815e+00
   6.05791206e+01   4.13699951e+03   9.56113281e+02   0.00000000e+00
   2.06064377e+02   4.29713402e+01   7.09506273e+00   2.00299025e-01
   3.86721802e+01   0.00000000e+00   3.65175562e+03   2.77459812e+01
   1.39601013e+02   9.04313889e+01   1.22300830e+03   7.68024109e+02
   7.91750574e+00   3.48999939e+01   1.39557983e+02   1.29942456e+03
   5.32827072e+01   2.00964794e+01   5.47355509e+00   4.95943308e-01
   8.55258484e+01   1.48071143e+03   1.25099669e+01   8.79520416e+01
   3.24256783e+01   9.01758041e+01   7.18314209e+02   9.17211731e+02
   3.85320616e+00   1.63773694e+03   6.36828186e+02   0.00000000e+00
   2.85091553e+01   4.24320316e+00   2.24609326e+03   5.35995150e+00
   5.94754883e+02   1.41687050e+01   2.20069485e+01   6.64683580e+00
   4.36355133e+01   7.29839478e+02   9.37918243e+01   1.70844383e+01
   1.33679209e+04   2.21504486e+02   6.80914764e+01   5.62091947e-01
   6.62670059e+01   1.39679529e+03   9.37263794e+01   2.23879224e+03
   1.07094824e+03   5.47004509e+01   7.22157974e+01   6.36884155e+01
   5.59547901e+00   9.36071777e+02   6.05221634e+01   8.35837555e+01
   1.11595793e+01   5.94374313e+01   0.00000000e+00   1.21392120e+02
   4.97509460e+01   1.86777472e-01   1.01333027e+01   3.84030571e+01
   3.03832948e-01   1.42230637e+02   4.25671806e+01   2.82834546e+03
   2.62951603e+01   3.13675928e+03   2.85829468e+02   1.82911644e+01
   1.76009872e+02   1.32508411e+03   9.76868153e+00   2.05702133e+01
   2.28854321e+03   2.02554941e+00   8.34388611e+02   2.18675095e+02
   7.59540939e+00   1.09939156e+01   1.41753204e+02   8.80940247e+01
   8.08101135e+02   2.77788574e+03   5.19102936e+01   2.39712769e+03
   2.43865967e-01   0.00000000e+00   2.20407200e+01   1.15702331e+00
   3.99375992e+01   4.53234673e+00   1.63541577e+03   2.00720057e-01
   1.50830292e+02   1.42164106e+01   3.68200645e+01   3.86864478e+03
   4.96654123e-01   0.00000000e+00   1.24762184e+02   3.33189697e+01
   3.14220810e+01   8.16390259e+02   5.05042542e+02   1.23755701e+03
   1.05001672e+03   2.78675140e+02   7.82485352e+01   3.06601562e+01
   4.49700830e+03   1.84344158e+01   1.06955874e+00   1.62777393e+03
   3.28803444e+00   2.16940598e+02   8.50777721e+00   1.62764679e+02
   5.28107056e+02   6.39923950e+02   1.80886633e+03   8.59782338e-01]
