bicycle
bus
car
motorbike
person
[ 13748342.    11549820.    22468336.    16285759.    24319604.    10498279.
   9361819.     3913366.75  12414761.    10496530.     9489809.    14113645.
  13424306.     6242721.    12436989.     9268500.    11471812.     8178934.5
  26089096.     6218738.5    5882301.    15161727.     4288499.5   15483053.
   4871980.    14815101.    10236844.     9623020.     3606608.25
   8498298.    14203389.    20178176.    23968636.     2920703.5   23864062.
   3820947.25  11542930.     5470891.    11058883.     2675582.75
  12977399.    11746913.    31558094.    27318566.    13164840.    14636039.
  11351392.    13519230.     3785390.5   26430328.    27296886.     7832244.
   9459585.     8189428.5    5457334.    10754084.    16158658.     9797353.
  11635271.     4834270.     8824105.     3398454.    12033470.     2898734.  ]
[  2.39070380e+07   6.56591300e+06   2.33502360e+07   4.41173344e+05
   8.16135100e+06   3.13556275e+06   1.18186510e+07   2.90120371e+04
   9.05633900e+06   4.86811850e+06   2.41898380e+07   1.88027860e+07
   5.52158516e+04   2.32444000e+06   1.63521150e+07   8.69871300e+06
   6.22365150e+06   3.30418400e+07   1.99983680e+07   7.93494900e+06
   1.50197297e+05   2.81737880e+07   1.69102375e+06   2.08142660e+07
   7.46157500e+05   1.96813920e+07   5.22426950e+06   1.02916075e+06
   1.05876020e+07   4.55996953e+04   1.93655820e+07   7.64684297e+04
   1.85781475e+06   1.37183470e+07   1.19301830e+07   3.64035975e+06
   4.32217719e+05   6.28926600e+06   1.49395940e+07   1.81475180e+07
   1.18548480e+07   1.79964112e+06   5.35950400e+06   7.51351750e+06
   3.02842740e+07   1.78185200e+07   1.06222675e+06   2.87020120e+07
   1.49680890e+07   6.49207850e+06   1.43273480e+07   1.79640220e+07
   3.31602920e+07   1.69546700e+07   1.83942900e+06   1.84719820e+07
   1.03005050e+07   3.94634560e+07   4.29758550e+06   9.75910700e+06
   2.67539960e+07   1.60918828e+04   1.00082170e+07   3.21018780e+07]
[  2.74945475e+06   7.43655950e+06   6.91781875e+04   1.23858289e+05
   4.74424570e+04   2.68467109e+04   3.42512375e+05   3.18269700e+06
   7.18252500e+04   1.36443438e+06   4.91451150e+06   5.19878156e+05
   2.01127012e+06   1.77748988e+06   3.65965039e+04   3.07696152e+04
   3.22464925e+06   7.16862062e+05   1.34888725e+06   4.50792200e+06
   1.69365938e+06   1.87818398e+04   8.88709400e+06   9.23009700e+06
   6.83206400e+06   0.00000000e+00   1.06629700e+06   2.25939075e+06
   6.20972250e+05   5.64926100e+06   1.41089678e+04   6.68461150e+06
   1.13673950e+06   2.48535250e+06   2.88994950e+06   3.53535300e+06
   1.07545275e+06   1.32917730e+07   2.52905025e+06   2.30583262e+04
   5.09317250e+06   3.66462325e+06   2.90791525e+06   9.87365500e+06
   2.70770650e+06   1.60898781e+05   9.65400200e+06   3.77548281e+04
   1.85909862e+06   3.15932656e+05   9.51518312e+05   9.45073281e+04
   2.81130075e+06   7.46722250e+05   1.12350890e+07   7.86544350e+06
   7.45198250e+05   2.24596562e+04   1.56757188e+05   3.40292719e+05
   1.06462175e+06   1.11688950e+07   7.40578400e+06   2.73217875e+06
   1.41677240e+07   2.15677900e+06   1.04820840e+07   4.71272500e+06
   5.40731062e+05   1.89042425e+06   5.43248650e+06   8.13969350e+06
   1.10389825e+06   1.23187275e+06   0.00000000e+00   3.10512950e+06
   5.70646797e+04   5.24907150e+06   3.90876375e+06   3.48639219e+05
   6.33633203e+04   3.38151800e+06   2.93914600e+06   1.73785039e+04
   3.30634200e+06   4.49809700e+06   3.63027275e+06   1.83349141e+04
   4.45885950e+06   7.06846438e+05   6.23012200e+06   3.71918475e+06
   1.01691212e+06   3.49249925e+06   5.56055750e+05   6.37714650e+06
   1.60644495e+03   3.03228275e+06   7.88393375e+05   2.04938016e+05
   3.24952900e+06   3.58944094e+05   4.50812500e+05   1.41478650e+06
   5.05691846e+03   1.13880800e+06   2.81003969e+05   4.76790719e+05
   2.53698250e+06   2.38107406e+05   7.36154609e+04   5.32441700e+06
   9.36954000e+05   4.73127500e+06   4.80777400e+06   5.07440700e+06
   1.40492038e+06   6.50346812e+05   2.66896225e+06   1.53555112e+06
   2.10019850e+06   4.26116300e+06   2.56115031e+05   4.65846100e+06
   1.33271988e+06   2.25042285e+04   1.60315030e+07   7.53570618e+02]
[  3.00449775e+06   1.67276100e+06   2.03393141e+05   0.00000000e+00
   3.23687773e+04   2.96697325e+06   1.36780100e+06   8.27620812e+05
   1.04508380e+07   4.61264700e+06   7.01930750e+06   5.12569850e+06
   1.92483388e+06   8.81132125e+05   9.26949121e+03   1.95304900e+06
   1.96011762e+06   2.80656750e+06   1.87533800e+06   1.40834502e+04
   7.48116750e+06   3.50830125e+06   9.20657062e+05   7.19127266e+04
   6.50394438e+05   7.85775500e+05   8.38683312e+05   4.89120450e+06
   1.29569500e+05   4.92690800e+06   3.18965566e+04   1.10554540e+07
   3.30729600e+06   4.64729156e+05   1.07775750e+06   2.39266600e+06
   2.45441875e+06   8.84496200e+06   1.99081125e+05   6.39265312e+04
   8.47990062e+05   7.72451562e+04   1.61763223e+04   4.62666000e+05
   7.62037688e+05   6.24649350e+06   4.40896650e+06   5.00893550e+06
   2.82340375e+06   1.25654920e+07   1.63225812e+06   3.17104075e+06
   3.57094500e+06   1.76783738e+06   3.22413719e+05   1.51894391e+05
   4.55215700e+06   9.06785312e+05   5.20462280e+02   3.01448100e+06
   3.67187425e+06   4.23767600e+06   5.87851700e+06   2.69257475e+06
   5.16764281e+05   8.60072800e+06   1.97076266e+05   4.24441250e+06
   2.71050000e+06   6.41895350e+06   9.51378625e+05   1.00546710e+07
   7.88967950e+06   3.68883300e+06   1.44337730e+07   3.27691211e+03
   3.60072400e+06   1.43052875e+06   1.29597360e+07   2.81507050e+06
   2.66391575e+06   2.67014473e+04   7.82889600e+06   2.41064150e+06
   1.04860008e+05   4.96442150e+06   1.19582788e+06   2.28830050e+06
   1.15990898e+05   1.19617912e+06   4.51869141e+04   5.49269100e+06
   2.77113750e+05   9.10490400e+06   6.61930062e+05   3.16183650e+06
   3.52914375e+05   6.17814400e+06   5.32604625e+05   1.04227690e+07
   1.42091266e+05   1.52109156e+05   1.12599430e+07   1.47425635e+03
   9.86967578e+04   1.16396120e+07   2.47588525e+06   4.57345800e+06
   7.38300750e+06   4.24088650e+06   7.02317920e+03   3.85730675e+06
   2.43944953e+05   1.79796300e+07   3.36098000e+06   1.09631088e+06
   6.91648938e+05   3.67327575e+06   7.29467031e+04   9.30226641e+04
   1.01756010e+07   1.85393400e+06   1.26864795e+04   4.75796000e+06
   3.77348800e+06   1.19968050e+06   9.00128600e+06   5.37551600e+06]
[  0.00000000e+00   7.05769482e+03   8.92050312e+05   1.14039043e+04
   4.95216522e+02   1.32474976e+03   9.48305359e+02   6.04325523e+01
   2.24273800e+06   1.34223457e+04   2.68488953e+02   1.09076895e+04
   9.42643356e+00   5.97695234e+04   2.74441797e+04   3.47706372e+03
   3.59052773e+04   6.33792625e+05   1.08230481e+03   1.14612062e+05
   1.55753830e+02   1.03332549e+04   2.94974594e+05   9.58624805e+03
   7.13681787e+03   2.32932300e+03   1.77150775e+06   0.00000000e+00
   5.30901465e+03   6.03391055e+04   1.06036499e+02   5.45110779e+02
   3.86704588e+00   6.25704938e+05   5.10645703e+04   1.28571425e+06
   1.53430125e+06   1.03482715e+04   1.43378952e+02   3.70810474e+03
   4.17554883e+03   1.66073889e+03   5.82238477e+03   2.84976438e+05
   5.35481445e+03   1.76052856e+02   6.38438416e+01   2.00419693e+02
   7.55646406e+04   1.96389414e+04   2.93335840e+04   4.46320801e+02
   1.20754688e+06   1.43916297e+05   4.32854080e+01   5.16081914e+04
   4.59618531e+05   5.96027938e+05   4.11392139e+03   1.89208031e+01
   9.38471172e+04   5.01994375e+04   3.05032188e+05   9.34188906e+04
   5.10462952e+01   1.20010020e+04   2.38636133e+03   1.02847351e+03
   2.48844434e+03   1.25654727e+05   8.92722188e+05   1.53347888e+06
   1.42639577e+00   1.75713438e+04   0.00000000e+00   1.40348557e+02
   2.28911445e+04   3.23625812e+05   3.95350406e+05   2.14880422e+05
   1.91171969e+05   7.08420215e+03   6.34855518e+03   2.39641187e+03
   1.30902438e+06   2.24410625e+06   2.63736250e+05   1.23379875e+06
   1.51609750e+05   2.06875900e+02   5.42084912e+03   4.60967734e+04
   4.90433844e+05   8.10033447e+03   0.00000000e+00   2.53891040e+03
   2.90380127e+03   7.61271250e+05   1.18285400e+03   5.97882539e+04
   3.86858555e+04   4.77734922e+04   1.27975750e+06   1.35280188e+05
   4.87706592e+03   1.64871719e+04   7.86485645e+03   3.90952240e+02
   1.11291252e+02   1.86945312e+05   8.04040062e+05   1.70718906e+04
   0.00000000e+00   1.44552861e+04   4.01764492e+04   3.66305371e+03
   2.74161072e+01   2.11166699e+04   9.09941406e+02   1.83408100e+06
   5.18253789e+04   0.00000000e+00   1.21164336e+04   2.16191016e+03
   1.40817549e+04   6.28348375e+05   2.07497345e+02   0.00000000e+00
   6.33577375e+05   1.42054375e+04   7.39336914e+03   7.64378809e+03
   1.11906133e+04   1.05056338e+06   4.74868622e+02   4.82417773e+03
   2.51412300e+06   3.78257000e+05   2.99009746e+04   0.00000000e+00
   1.03517402e+04   3.18136230e+03   6.35751660e+03   6.99002062e+05
   1.50826221e+03   1.50316300e+06   2.20039038e+03   3.49469312e+03
   1.87498266e+05   3.58956055e+02   2.50131592e+03   3.46115576e+03
   7.02118750e+04   6.17585352e+04   5.60112812e+05   3.34853882e+03
   4.90312744e+03   2.08538656e+05   9.75539250e+05   3.76528562e+05
   2.77164355e+03   1.66129094e+05   8.68971500e+05   7.95705029e+03
   5.53079219e+04   2.31214350e+06   9.17489750e+05   2.92870438e+05
   2.08073094e+05   1.35164562e+06   1.27084925e+06   3.22923065e+02
   1.04696064e+04   4.08833031e+05   8.24273242e+03   1.07580752e+04
   1.15134638e+06   4.95441992e+03   1.97408362e+06   7.68006484e+04
   4.06360969e+05   1.27972336e+05   2.63384469e+05   1.68981426e+04
   1.08196797e+04   1.65884590e+04   1.01966773e+05   3.62812344e+04
   6.83585688e+05   1.77157266e+04   4.28991309e+03   1.71554375e+06
   1.77249924e+02   8.96165938e+05   2.57475338e+01   1.64191800e+06
   9.17226367e+03   4.80870031e+05   1.65212300e+06   7.41016875e+05
   1.01286633e+03   1.21625788e+06   1.49213775e+06   5.63199524e+02
   1.02967156e+05   2.19406860e+02   1.88445923e+03   4.78744922e+03
   1.06603748e+03   5.97900188e+05   5.74893812e+05   1.13603462e+06
   2.76215088e+03   3.25588105e+04   1.70690429e+00   2.13437812e+04
   1.62512244e+03   9.95997375e+05   3.47372109e+04   1.08299170e+03
   4.27793915e+02   3.16686304e+03   1.56875574e+03   2.49341578e+05
   5.85140188e+05   0.00000000e+00   1.36673317e+01   1.05443133e+05
   2.26278717e+02   7.52399000e+05   3.37686562e+04   1.43898285e+02
   6.53176062e+05   6.02113525e+03   7.08985875e+05   6.00113770e+02
   1.66378894e+03   1.04719945e+05   5.63584625e+05   7.29925171e+02
   4.91318031e+05   8.77742812e+05   1.72059436e+03   1.64272278e+02
   4.36046250e+04   8.34685742e+03   5.34362451e+03   2.91965527e+03
   4.19212930e+04   1.57430156e+05   4.20172900e+03   3.41557153e+03
   1.22520479e+04   1.53038063e+01   3.92652246e+03   4.03113375e+05]
[  1.26289012e+06   7.35490918e+03   1.32304382e+03   2.56068945e+03
   1.18865375e+06   1.24135312e+06   2.22658062e+05   6.71469360e+02
   2.41642031e+04   1.33804370e+03   6.01782593e+02   1.26407480e+04
   1.81108716e+03   3.19040137e+04   5.86881201e+03   5.10497705e+03
   1.11142761e+03   5.49769287e+02   1.02385275e+06   5.76583828e+04
   0.00000000e+00   2.27394058e+02   2.16546585e+02   2.91824750e+05
   5.06491814e+01   3.94915771e+03   0.00000000e+00   2.05046219e+05
   1.69419883e+04   6.76737747e+01   3.89525938e+04   1.74202832e+04
   1.30453525e+04   9.20197891e+04   1.39559121e+04   6.52329023e+04
   1.11345752e+04   8.08626526e+02   4.59124609e+03   0.00000000e+00
   1.44016250e+05   3.72882578e+04   7.51979053e+03   6.47896826e+03
   6.06888428e+03   1.20626924e+04   2.47934125e+05   3.26110352e+04
   1.17644617e+05   7.79349182e+02   7.63240137e+03   2.47413623e+03
   2.13480908e+03   1.26488252e+04   2.03848500e+05   2.95760031e+05
   8.10497969e+04   3.24245844e+05   2.18920391e+04   6.18037415e+02
   8.48487793e+03   5.75025039e+04   0.00000000e+00   1.75420288e+02
   0.00000000e+00   3.68047656e+04   1.76181375e+05   5.79343384e+02
   6.44456909e+02   3.57164648e+04   7.56063750e+05   1.10143986e+01
   2.59417598e+04   1.49250566e+04   3.78747070e+04   5.58221250e+04
   7.25526641e+04   7.55378418e+03   4.12201289e+04   3.15445500e+05
   1.74831009e+02   9.38112305e+03   1.04931135e+01   5.16249297e+04
   2.50668872e+03   7.25916250e+04   6.21137512e+02   1.64267012e+04
   6.74129980e+03   1.76233320e+04   1.60357510e+04   1.33101357e+04
   2.77534707e+04   2.32462141e+05   1.07479297e+03   1.58388329e+01
   7.70191953e+04   1.98261070e+01   1.64676582e+04   2.03970484e+05
   4.20784473e+03   4.38832969e+04   7.83855750e+05   8.99190140e+01
   1.30130005e+03   4.09792852e+04   6.97149766e+04   4.31486797e+04
   2.44935352e+04   1.26735938e+06   1.61868274e+03   7.10726062e+05
   1.10427353e+02   1.36847180e+03   3.18521362e+03   1.47950088e+04
   5.34674707e+03   1.03811055e+04   5.08603945e+04   8.47187891e+04
   1.08120371e+04   2.30742706e+02   8.16646045e+03   3.19235031e+05
   2.94475781e+03   2.69208813e+03   7.71582031e+00   2.41364961e+04
   8.24710449e+02   1.42988300e+06   3.37176094e+04   4.09065308e+02
   3.58977466e+03   1.07408800e+06   2.04672107e+03   1.61503535e+04
   1.40081660e+04   6.43957250e+05   1.86275940e+03   2.61147842e+01
   5.70264854e+01   8.58808105e+02   9.56687402e+03   6.75016875e+04
   0.00000000e+00   4.17057471e+03   1.67421509e+03   0.00000000e+00
   0.00000000e+00   1.59618628e+03   8.81039307e+02   9.98574414e+03
   6.23536375e+05   9.63018984e+04   4.85622498e+02   2.01818344e+05
   7.35846497e+02   4.49850159e+01   1.79872637e+04   1.16105538e+06
   1.98227551e+03   5.10432373e+03   1.95939209e+03   4.69340973e+01
   3.31224156e+05   0.00000000e+00   1.53074344e+05   7.12546777e+03
   2.95392094e+05   1.42754225e+06   3.93804260e+02   0.00000000e+00
   9.51522754e+03   2.63429125e+05   4.78550844e+05   2.04510010e+03
   3.44892090e+03   3.08967432e+03   7.55328271e+03   8.92737274e+01
   4.90621875e+03   1.04412910e+04   2.61258698e+02   2.75629160e+04
   1.70254021e+01   1.68501477e+03   8.16710469e+04   1.32989678e+04
   9.92833801e+02   8.55050659e+01   5.18304875e+05   3.34923853e+03
   9.12556305e+01   8.56396289e+03   3.33899844e+04   2.10880615e+03
   4.69044102e+04   2.36297266e+04   4.46204938e+05   4.30531693e+01
   1.18275169e+02   1.52028856e+01   4.22895156e+05   2.57489531e+04
   2.33265000e+04   2.25150967e+01   1.66642559e+04   8.60566812e+05
   1.01565352e+05   1.12225075e+06   5.86648560e+01   2.33686182e+03
   5.20023438e+03   4.11196211e+04   5.68131897e+02   2.20435484e+05
   1.76311047e+05   8.85894238e+03   1.60279619e+04   4.61326465e+03
   6.22478076e+03   1.51621895e+04   1.75200830e+03   6.33270874e+02
   6.75504398e+00   7.85633906e+04   9.44395312e+04   1.08967412e+04
   2.34288696e+03   2.24967432e+00   3.42812256e+02   7.23791895e+03
   1.66831812e+05   4.61528711e+03   7.74213562e+05   4.97705371e+03
   6.13470752e+03   7.98054750e+05   0.00000000e+00   1.01029456e+00
   3.45659839e+03   1.64496672e+05   1.66810429e+00   0.00000000e+00
   7.21792969e+02   1.27271515e+02   8.45048828e+03   2.72557007e+03
   3.67773969e+05   1.25674484e+05   1.97994043e+04   7.90721016e+04
   1.21621035e+04   4.81799250e+05   1.04195977e+04   3.70373789e+04]
[  2.45122234e+05   3.77228984e+04   1.31493286e+03   8.85903442e+02
   3.91207562e+05   4.07986426e+03   4.96506562e+04   2.87329082e+04
   4.35046295e+02   6.71804188e+05   2.16322871e+04   5.00691641e+04
   1.21680156e+04   1.89580164e+03   3.16186816e+03   5.58980164e+02
   7.96221018e-01   2.61445215e+03   8.88995361e+01   2.41914404e+03
   2.38677012e+04   7.34502109e+04   2.49512871e+04   1.14609355e+04
   9.97723389e+02   1.69444727e+04   3.31611060e+03   5.95489688e+04
   2.27945059e+04   3.27878844e+05   3.29868896e+02   1.80530508e+04
   6.11118164e+04   6.97501641e+04   3.49634546e+03   1.18093164e+04
   3.70251844e+05   1.08016738e+06   2.16128955e+03   1.05216538e+06
   2.86276794e+02   1.71664490e+03   6.80307178e+03   8.43580078e+04
   3.04491758e+04   7.07964258e+03   1.96253015e+03   1.27372412e+04
   2.68131621e+04   3.55102979e+03   5.59223125e+04   7.58503688e+05
   2.10312042e+02   5.22865524e+01   8.74964417e+02   4.31107178e+03
   2.85761768e+03   1.02621852e+05   1.07161388e+01   1.18992314e+04
   1.89899548e+03   5.99093047e+04   2.35661255e+03   7.40585205e+03
   7.50600098e+03   3.03811309e+04   5.94908105e+03   8.34408105e+03
   1.31407375e+05   5.83746836e+04   5.22916055e+04   4.29743457e+03
   1.12636398e+05   1.39185273e+04   2.47454625e+05   1.26670609e+05
   1.47108234e+05   5.03818398e+04   1.45665234e+04   3.16534106e+03
   3.09056213e+02   3.11097473e+02   6.37231992e+04   2.12024887e+02
   5.27979297e+04   5.16209717e+02   8.00231172e+04   5.72226990e+02
   0.00000000e+00   1.27329797e+03   5.39058289e+02   6.01855835e+02
   1.48569756e+04   4.61717194e+02   1.14957383e+05   9.95578320e+03
   1.65680695e+02   1.72161469e+05   5.03471562e+05   1.15555844e+05
   1.27903531e+05   6.56646484e+04   8.31110596e+02   1.08975354e+03
   5.92356602e+04   3.13778418e+03   2.96435562e+05   2.40399609e+04
   8.23318054e+02   7.99542041e+03   3.66876445e+04   7.77352637e+03
   2.36117500e+04   4.28728418e+03   1.06448303e+03   8.44320781e+04
   9.31550000e+03   5.20651328e+04   9.01086250e+04   5.99165430e+04
   3.29353547e+00   5.23672844e+05   5.47574648e+04   1.39543922e+05
   7.77225938e+04   2.24948853e+03   1.48928311e+04   1.34705448e+00
   5.55876770e+02   2.63284363e+02   2.52941577e+03   2.73203984e+04
   8.07929248e+03   2.53794458e+03   2.18119961e+04   8.56721387e+03
   1.19173906e+04   9.22534219e+04   2.41304434e+04   1.17364722e+03
   3.16306381e+01   4.14233711e+04   9.94917175e+02   4.12731719e+04
   1.55074531e+04   2.68562598e+04   4.09976562e+04   6.05736694e+01
   1.10233844e+05   7.88431689e+03   1.14751201e+04   1.00786609e+05
   1.09715491e+03   2.22902172e+05   1.55550903e+02   1.06489834e+04
   8.59501953e+04   4.95399414e+03   1.73505406e+05   7.91660645e+02
   9.31353149e+02   7.59444214e+02   2.36838359e+04   2.85655444e+03
   2.13447852e+03   7.15774316e+03   3.10654824e+04   1.78212547e+05
   1.19186633e+03   3.07325781e+04   3.93595551e+02   4.98685693e+03
   2.50386450e+03   3.49071484e+03   2.27373418e+04   3.85207202e+03
   5.59870117e+04   4.89135742e+03   1.32875422e+05   3.27260391e+04
   2.26380295e+02   3.50944141e+04   3.82265547e+04   1.98930645e+04
   7.00231016e+04   8.82603516e+02   1.09036992e+05   1.25042078e+03
   8.84820703e+04   4.51815000e+05   5.49164531e+04   6.64254150e+03
   9.94253540e+02   9.19982109e+04   1.93773613e+01   2.39317749e+03
   3.38439023e+04   8.49167676e+03   2.95733691e+04   7.14669141e+04
   8.45233691e+03   4.67116302e+02   3.30550586e+04   2.15107672e+05
   8.04362266e+04   1.29039429e+02   1.67129824e+04   1.15325713e+04
   9.83831797e+04   1.17896528e+01   2.81664429e+03   5.91865576e+03
   2.74426934e+04   2.18338574e+04   1.04687203e+05   4.56744194e+00
   8.64805371e+03   2.16545234e+04   7.09349121e+02   1.77484188e+05
   2.39353164e+04   4.00872607e+03   1.41711748e+04   1.56860674e+04
   2.22283340e+04   7.60535908e+00   1.74564560e+02   1.84167148e+04
   2.71666284e+03   3.56749102e+04   1.27230693e+04   2.87452500e+04
   1.23124597e+03   2.75971602e+04   8.79242250e+05   9.64407910e+03
   2.03729761e+03   7.19508936e+03   7.22048188e+05   4.05041455e+03
   2.19130005e+03   2.18638489e+02   1.95645447e+03   3.82780487e+02
   4.12886172e+04   3.99251438e+05   1.09403183e+02   6.10767059e+01
   1.39739469e+05   2.78373926e+04   4.43442497e+01   4.73519219e+04
   7.27604150e+03   1.38275500e+03   6.82471741e+02   1.08433252e+04]
[  4.48092896e+02   9.82662988e+03   2.29903066e+04   2.11225293e+04
   1.22249927e+03   4.70340664e+04   2.73575134e+02   1.85647375e+03
   5.04894676e+01   4.69472313e+01   5.57016797e+04   5.43078223e+03
   2.86417700e+03   7.02031445e+03   4.86395215e+03   4.22996429e+02
   1.21534805e+04   1.70293867e+04   2.98221816e+04   4.50268408e+03
   2.76830780e+02   8.22105156e+04   3.98404663e+03   2.43865555e+02
   6.24063750e+04   1.30663125e+04   6.79683125e+04   5.98262256e+03
   5.31974531e+04   5.83869238e+03   1.01057295e+04   1.05713492e+05
   1.27204189e+04   2.26537988e+04   2.03630586e+04   8.06292344e+04
   5.39952266e+04   2.44880591e+03   1.73531494e+02   2.32251504e+04
   4.59491806e+01   8.29588516e+04   3.56840312e+04   3.30264688e+04
   5.17547119e+02   7.44523145e+03   9.82161426e+03   1.66180195e+04
   0.00000000e+00   3.19588926e+04   9.33428750e+04   8.37784241e+02
   1.84833634e+00   2.16096621e+04   9.05426367e+03   8.53271484e+03
   1.62279434e+02   4.49362842e+03   3.96169006e+02   1.22804187e+03
   2.70211597e+03   9.55511250e+04   1.40704424e+04   1.93002588e+03
   6.28791211e+03   1.25400859e+04   6.99096375e+02   6.24309883e+01
   1.01792861e+04   9.44952942e+02   1.99671426e+04   1.86988965e+03
   5.86794453e+04   1.58245032e+03   3.70679379e+00   6.68778259e+02
   6.40217468e+02   1.09713316e+01   8.19768203e+04   3.57721133e+04
   6.68133698e+01   9.48950098e+03   1.57635645e+04   7.16387891e+04
   4.35808447e+03   0.00000000e+00   1.32054846e+03   1.05239844e+03
   6.91833984e+04   3.77994062e+04   1.04484893e+04   7.00253143e+01
   8.31536406e+04   8.59228711e+03   4.82161172e+04   2.03083555e+04
   2.21355820e+04   2.64826874e+02   2.31979082e+04   3.69300508e+04
   1.20996494e+04   2.49530426e+02   8.50291484e+04   2.61449268e+03
   1.63678066e+04   2.27524414e+04   8.94929626e+02   8.28977734e+04
   4.12362695e+04   1.24311340e+03   1.05439453e+04   5.44316284e+02
   1.70763828e+04   2.55378189e+01   3.52071228e+02   2.55792656e+04
   3.43939352e+00   4.03987656e+04   1.82234543e+02   2.80137578e+04
   4.29582336e+02   5.78606289e+04   2.25260469e+04   2.08647192e+03
   5.73876367e+03   4.29808516e+04   2.62998511e+03   2.06770312e+04
   1.99865234e+04   4.17375098e+03   7.84702332e+02   1.38835469e+04
   2.10588887e+04   3.26613945e+04   1.96635332e+04   6.91635666e+01
   8.02205859e+03   1.90539513e+01   6.90979248e+02   4.38795042e+00
   2.33851445e+04   8.25594666e+02   1.71787910e+04   1.90297115e+00
   2.32315015e+03   6.58118042e+02   1.75277002e+03   6.58252002e+03
   1.86973633e+02   9.93472461e+03   5.42587969e+04   5.75627686e+03
   7.18519897e+02   3.06655176e+03   1.27628716e+02   2.52371460e-01
   1.10873100e+02   5.56311462e+02   3.27224518e+02   6.65363281e+04
   9.02217578e+03   3.80147144e+03   1.39931338e+04   6.19565725e+00
   4.23432656e+04   4.94535693e+03   6.63989609e+04   2.14697372e+02
   4.22543125e+04   6.12536172e+04   4.86132751e+02   7.25234912e+03
   1.50217432e+04   2.05268286e+03   6.42713633e+04   2.48698066e+04
   3.27713594e+04   4.71689453e+03   8.67297852e+03   1.11757886e+03
   2.61506445e+04   5.48621399e+02   1.28029502e+04   2.36687109e+04
   6.39808936e+03   4.52632188e+04   4.96322070e+04   8.15838037e+03
   1.29538159e+03   1.97115540e+03   2.15244019e+03   1.53285791e+04
   1.18124072e+04   1.10258977e+05   1.01176969e+05   4.40632031e+04
   1.25499258e+04   1.45179922e+04   7.64540576e+03   1.07202283e+03
   7.71791797e+04   8.44600977e+03   3.84728088e+02   6.99176875e+04
   6.59760859e+04   1.01478889e+02   3.26814141e+04   2.48570586e+04
   2.77164021e+01   1.20107002e+01   1.03460852e+03   4.48875580e+02
   3.15421814e+02   7.46966125e+02   3.32219531e+04   3.85003955e+03
   5.29251562e+03   1.36867451e+04   2.04105957e+04   1.71695352e+04
   1.26621260e+04   5.16941172e+04   9.39362259e+01   5.61858025e+01
   2.17118164e+04   1.91255420e+03   9.36865112e+02   0.00000000e+00
   5.33143066e+02   3.83266626e+03   1.32434097e+02   6.84724121e+01
   3.24748379e+04   2.55044219e+04   6.64950391e+04   1.87950989e+03
   4.34956992e+04   2.50645166e+03   1.40131543e+04   1.76645391e+04
   8.26028418e+03   2.81944766e+04   6.61111963e+03   4.74690391e+04
   5.13183655e+02   9.07822188e+04   1.01416309e+04   1.93009377e+01
   1.50325635e+04   1.69327676e+04   1.88835625e+04   6.71323750e+04
   8.18803027e+03   9.67189766e+04   2.60367695e+04   4.85668086e+04
   7.47795703e+04   1.08441064e+03   4.25991058e+01   4.47901953e+04
   4.36148555e+04   1.98066521e+01   7.70671582e+03   1.93067041e+03
   1.59154453e+01   1.64821562e+04   8.48607788e+02   8.46030312e+04
   2.29875918e+04   5.79472412e+02   1.07670803e+01   1.07531189e+03
   3.63417725e+03   3.95937695e+03   8.88990547e+04   2.63626602e+04
   0.00000000e+00   7.99609604e+01   5.19710547e+04   5.96819238e+03
   1.11427307e+01   5.80233215e+02   1.17411494e+04   8.12282188e+04
   1.12811182e+03   4.22722998e+03   5.15446548e+01   6.44136536e+02
   1.19444238e+03   1.46306436e+04   1.40605918e+04   6.74565186e+03
   5.38223398e+04   3.22023105e+04   3.05935195e+04   2.46034863e+03
   4.70077171e+01   1.74146851e+02   3.17794492e+04   4.09024570e+04
   4.84672394e+01   1.75921204e+03   1.63838994e+04   3.69857391e+02
   9.60179443e+02   3.30758945e+04   2.88243457e+03   5.96572815e+02
   4.55782266e+04   4.12419495e+02   8.43318787e+01   5.27611133e+03
   1.45428162e+02   8.42014954e+02   6.38812617e+04   6.20706523e+04
   1.11878983e+02   4.34489492e+04   1.04729980e+04   7.90406543e+03
   6.77371643e+02   9.78666602e+03   7.11700391e+04   3.15418286e+03
   9.66389922e+04   7.11361875e+04   1.02952297e+05   3.05958223e+04
   2.00993066e+04   5.65876404e+02   4.00215703e+04   1.11474658e+04
   5.21209609e+04   2.13880566e+03   2.82897095e+02   3.47085742e+04
   2.38960190e+02   2.77156973e+04   2.75090942e+03   1.36788506e+04
   6.30415156e+04   2.42137427e+03   7.98548438e+03   3.43095367e+02
   1.57597351e+02   1.30107930e+04   2.36768750e+04   1.00189868e+03
   3.86103174e+03   7.27392151e+02   2.42708066e+04   2.61988434e+02
   6.43080933e+02   4.35448359e+04   7.21250195e+03   1.14065173e+03
   8.44940312e+04   5.82730652e+02   3.77119258e+04   1.55793037e+04
   4.12943867e+04   3.34739531e+04   1.35995239e+02   5.27422607e+02
   4.35826562e+03   5.32266235e+02   8.31846406e+04   2.80228223e+03
   4.46228594e+04   8.60845605e+03   6.18203857e+03   2.29776709e+03
   1.53238047e+04   2.24099463e+03   4.10165039e+04   5.38451172e+03
   1.02104486e+03   6.17149707e+03   4.01595490e+02   7.14812683e+02
   2.26260801e+04   1.15470146e+04   3.71086304e+02   3.50590039e+04
   8.69383594e+03   3.13992310e+03   1.68110107e+03   6.62494971e+03
   1.10629089e+03   1.99539078e+02   3.97981299e+03   1.39775623e+03
   3.96391064e+03   1.01429229e+04   1.75921406e+04   7.24536406e+04
   3.12218457e+03   6.33921814e+02   1.86970300e+03   9.27849304e+02
   4.25420990e+01   1.22683154e+04   2.20662559e+04   5.07435000e+04
   1.67150488e+04   8.63765625e+03   4.68205762e+03   5.62331467e+01
   1.78643584e+00   2.32792072e+01   1.18275449e+04   1.25417539e+04
   3.85871045e+03   6.93168640e+02   2.20293535e+04   2.36319473e+04
   2.63923486e+03   1.65492148e+04   2.15264746e+04   7.77707910e+03
   5.21137061e+03   6.66921387e+03   3.02092041e+03   5.68961562e+04
   7.73713125e+04   8.92855273e+03   2.42495762e+04   2.85899487e+03
   7.34173828e+04   1.24153882e+03   1.23478284e+03   7.85291797e+03
   5.38843984e+04   4.28449297e+04   1.49062539e+04   3.15098682e+03
   5.39085999e+02   6.22239197e+02   1.66418125e+04   7.28413623e+03
   1.00655986e+04   3.05093286e+03   5.59805225e+03   6.85407352e+00
   0.00000000e+00   4.25801328e+04   5.23781357e+01   1.07571807e+04
   1.87476404e+03   6.02908555e+04   3.15019336e+03   9.15690703e+04
   1.31726074e+04   0.00000000e+00   3.86733325e+03   0.00000000e+00
   7.01483337e+02   1.01532051e+04   6.10802231e+01   2.19030371e+03
   4.19581665e+02   1.19926309e+04   1.73612335e+02   4.86173926e+03
   2.09482617e+04   5.07939180e+04   1.18751782e+03   1.14997578e+01
   1.12567737e+03   4.39752344e+03   2.50784798e+01   2.86839624e+03
   1.21575635e+04   1.57186218e+02   1.87001807e+03   2.37047534e+03
   1.91619102e+04   4.48412549e+03   3.43369453e+04   0.00000000e+00
   3.28717438e+02   7.08608203e+03   3.48108867e+04   1.11537646e+04
   3.39221367e+04   1.69329102e+02   1.71160217e+03   3.38979053e+00
   1.70553711e+04   7.75544006e+02   8.25121016e+04   7.83718689e+02
   7.79698438e+03   5.23430811e+03   5.21960938e+03   4.02051245e+03
   2.68366113e+03   8.28087969e+04   1.05327136e+03   2.83064434e+04
   6.70982275e+03   1.16718903e+02   2.64722519e+01   1.55331289e+04
   8.25879785e+03   6.12865039e+04   2.73194019e+03   3.83549461e+01
   2.87494336e+04   8.76272827e+02   2.14496475e+02   1.13340273e+05]
[  3.23787695e+03   7.11110352e+03   1.45998840e+03   4.32125854e+01
   2.90781582e+04   3.39806938e+01   3.22173418e+04   2.46113379e+04
   4.25937383e+04   4.72362030e+02   7.54156128e+02   7.69180273e+03
   6.08148232e+01   5.66936836e+04   6.79610205e+03   1.06901827e+01
   3.66341309e+03   4.04126709e+03   1.58471619e+03   1.50168884e+03
   4.83937891e+03   5.90700342e+03   1.08012561e+03   2.84979095e+02
   2.08890823e+02   1.51784688e+04   2.28848022e+03   1.28445020e+04
   2.61987793e+03   3.91367676e+02   7.25003815e+01   1.03352890e+02
   1.92647791e+03   7.01613951e+00   8.37926453e+02   6.81986267e+02
   2.04202234e+03   3.13461437e+01   1.82580996e+04   6.24507019e+02
   1.35063730e+04   4.96920703e+03   2.13896065e+01   2.55924258e+04
   4.97610840e+03   7.56859741e+02   3.92985132e+03   1.15564221e+03
   4.02639221e+02   1.34378442e+03   3.35014771e+02   1.22066469e+01
   6.09138370e-01   1.19991025e+04   1.38719910e+03   1.65237488e+03
   1.06268691e+04   6.68200378e+02   5.91254333e+02   1.50119381e+01
   1.39937890e+00   1.54010522e+03   6.91508484e+02   8.77466980e+02
   5.02206787e+02   3.53887543e+02   4.90388672e+03   3.75357935e+03
   5.60937500e+04   2.17138931e+02   5.01349640e+01   2.14502559e+04
   4.03857422e+00   2.37798193e+03   2.57138989e+03   1.03714441e+03
   0.00000000e+00   6.05160205e+03   5.76694336e+02   6.89413147e+02
   1.48287463e+03   6.50099531e+04   3.60880078e+04   1.72496387e+04
   1.25058215e+03   4.06868172e+01   1.27864980e+04   1.45864880e+03
   1.41463892e+03   1.46061072e+03   2.59526855e+04   5.40425195e+03
   3.20214722e+03   1.49151042e-01   3.52353589e+03   9.24406891e+01
   9.83244202e+02   1.73258770e+04   3.51916260e+03   4.64652051e+03
   1.74743506e+03   2.49946069e+03   1.68153210e+03   1.43868446e+00
   6.18799500e+02   2.06271826e+03   1.31258926e+04   4.02657814e+01
   4.01232461e+04   6.21770625e+04   4.07091553e+03   1.62307239e+03
   5.08729980e+02   5.05752051e+03   5.77466367e+04   2.13817456e+03
   1.12677002e+03   1.06781616e+03   1.20212158e+02   4.57733093e+02
   3.03168762e+02   8.42129688e+03   1.70578748e+03   8.61899090e+00
   3.58981367e+04   4.69863495e+02   2.65121460e+03   3.41974518e+02
   3.66398087e+01   2.12526953e+04   5.99758434e+00   3.34046722e+02
   1.42694324e+03   1.40458340e+04   1.98913867e+04   1.37958021e+01
   2.20653290e+02   1.97419128e+02   1.51139355e+04   0.00000000e+00
   4.80913086e+01   4.29194183e+02   1.01491006e+04   4.16696930e+01
   4.57843262e+03   1.04487244e+03   7.30776855e+03   3.21740586e+04
   7.48391357e+02   1.46661792e+03   5.11686758e+04   4.73469482e+03
   2.09222148e+04   5.49780457e+02   1.44891235e+02   5.44786719e+04
   9.42188379e+03   3.01203828e+04   3.03157666e+03   5.18995312e+03
   4.82891943e+03   7.40326123e+03   0.00000000e+00   3.13038452e+02
   3.62167969e+04   1.49725781e+03   7.13430078e+04   8.15158997e+01
   5.67277588e+03   1.40932402e+04   3.26741425e+02   4.85988379e+03
   4.97967852e+04   1.17181982e+04   2.25864563e+01   1.12547058e+03
   1.44370935e+03   2.70186328e+03   9.38888184e+02   1.43038843e+03
   4.81121094e+04   1.10852576e+03   5.78094604e+02   1.23339266e-01
   8.04697900e+03   4.87158906e+04   0.00000000e+00   9.01260254e+02
   2.67802338e+02   3.28831016e+04   1.36385205e+03   5.61122864e+02
   1.47623701e+01   4.12784023e+04   4.55203711e+03   4.99471436e+03
   2.98855042e+02   1.98837695e+04   4.28639984e+02   4.40288281e+04
   1.49241943e+04   2.74549988e+02   1.49363537e+01   1.95407043e+02
   1.20598750e+04   5.25576416e+02   1.23965218e+02   4.76117920e+03
   4.18054428e+01   2.95757861e+03   2.10924121e+03   2.60562561e+02
   5.82870459e+03   9.71420703e+03   1.85744375e+04   4.83689453e+04
   1.58018047e+04   2.02352463e+02   8.55431366e+01   2.74872852e+04
   1.76791162e+03   3.91683235e+01   3.45668457e+03   5.88032227e+01
   3.25619629e+03   1.93572235e+01   4.99435938e+03   4.26600078e+04
   1.90290906e+03   2.38300659e+03   4.88573086e+04   1.60262344e+02
   9.38420105e+01   1.22846602e+04   4.83125448e+00   7.20224141e+04
   6.01833281e+04   6.87712744e+03   1.64295914e+02   1.21177887e+02
   2.97996216e+03   2.69690625e+03   1.70603247e+03   4.11366992e+03
   6.01991650e+03   5.30560156e+03   0.00000000e+00   3.56984141e+04
   7.44019165e+01   2.46822189e+02   1.13419788e+03   1.49479523e+01
   1.23073320e+04   2.83710480e+01   3.33742905e+01   5.09547455e+02
   4.12678986e+02   1.41256592e+03   2.53817310e+03   1.28309727e+04
   3.67211133e+03   1.30786707e+03   5.49914795e+02   8.63111694e+02
   1.19790234e+03   1.79675215e+04   2.46133347e+02   2.89697715e+04
   5.40176172e+03   4.46655566e+03   4.41776581e+02   5.37087830e+02
   1.31417163e+03   1.77209152e+02   6.18775463e+00   3.44418945e+01
   7.00006689e+03   0.00000000e+00   1.26425769e+03   7.38137939e+03
   4.77864062e+03   2.11005081e+02   2.09478281e+04   0.00000000e+00
   3.28223991e+01   8.23004590e+03   1.12355280e+01   2.88958008e+04
   4.23622559e+02   7.80731201e+02   1.11304024e+02   4.43664502e+03
   7.36829844e+04   1.78134316e+04   4.82796826e+03   4.24126270e+03
   2.45229297e+04   6.16356262e+02   4.94636658e+02   6.86821045e+02
   4.37013702e+01   2.33909668e+03   2.48081035e+04   6.97802448e+00
   6.04490039e+03   1.19038213e+04   1.35696631e+03   7.47142578e+04
   7.63354263e+01   2.11006927e+02   3.02475311e+02   3.44364307e+03
   1.97469023e+04   1.13133179e+02   1.78069312e+03   2.06174881e+02
   7.20083359e+04   3.45149841e+01   4.77161903e+01   2.88940247e+02
   3.46534790e+03   3.57201392e+03   4.71108496e+03   1.92421699e+04
   5.26658750e+04   5.71913147e+02   3.12163623e+03   2.41523633e+04
   1.56488965e+03   2.76350555e+01   5.83613516e+04   1.00750225e+04
   5.36848717e+01   2.35677979e+03   1.54517070e+04   2.36785474e+03
   5.02194166e-01   6.68898877e+03   2.50217392e+02   1.49872864e+02
   1.84984551e+04   5.64787891e+03   3.48353613e+03   3.52819492e+04
   4.74411812e+01   4.21625781e+03   1.07078198e+03   2.51408926e+04
   5.17908750e+04   3.84808838e+02   8.42903870e+02   6.64732910e+03
   1.23372522e+03   9.63468164e+03   7.28829141e+04   3.70153516e+04
   3.14979028e+03   6.33578674e+02   5.59058691e+03   4.50605202e+01
   1.42253320e+03   1.23218811e+03   2.48723531e+00   1.15732117e+02
   8.90907520e+03   3.83123438e+04   6.12283264e+02   1.12763477e+04
   1.67513275e+02   4.00229688e+04   9.74731266e-01   2.85815210e+03
   2.91161963e+03   7.60958047e+04   9.18439453e+02   3.20918066e+03
   3.11228516e+02   1.06124121e+03   4.98089111e+03   1.18152871e+04
   1.10124961e+04   2.59674829e+03   1.05262012e+01   6.30625854e+02
   6.61274841e+02   3.11549980e+04   2.86986973e+04   8.62725977e+03
   7.43405703e+04   3.20990601e+03   2.32642174e+00   6.64273987e+01
   7.88408887e+03   1.37483281e+04   1.04096582e+03   8.63196387e+03
   4.72109961e+03   2.90835419e+01   1.93124283e+02   1.74981189e+03
   2.96214142e+02   5.39090771e+03   2.45343477e+04   1.01789531e+04
   4.57004443e+03   1.27291117e+01   5.85205195e+04   5.67226135e+02
   8.52097754e+03   3.20844612e+01   5.79440674e+03   1.19765465e+02
   5.47443896e+03   1.15042080e+04   7.69825974e+01   0.00000000e+00
   3.92801178e+02   2.02671704e+03   7.91313379e+03   2.99028687e+02
   1.89708105e+03   2.37401855e+03   4.07097229e+02   4.43309766e+03
   1.06614734e+03   2.95988281e+04   3.39780884e+02   1.26719928e+00
   4.71223193e+03   2.06686310e+02   4.08446948e+03   3.28164688e+04
   8.70054626e+02   3.73361237e+02   5.34093262e+02   4.02119482e+03
   1.07188367e+03   1.36595435e+03   4.41785273e+04   6.82453418e+03
   1.06978174e+04   4.45961884e+02   3.68766895e+03   2.75439868e+03
   5.06468506e+01   7.05830505e+02   4.88555371e+03   5.59934082e+02
   2.40368469e+02   5.19337524e+02   0.00000000e+00   3.02413879e+02
   7.73004723e+00   0.00000000e+00   1.59057080e+04   1.50026226e+00
   5.59729576e-01   7.10085999e+02   0.00000000e+00   7.42460815e+02
   4.07521021e+03   2.01546960e+03   9.07006641e+03   9.00225525e+02
   6.87969062e+04   2.85988242e+04   4.18881622e+02   1.93768677e+03
   3.13982452e+02   2.90074941e+04   3.36065625e+04   2.81853882e+02
   3.20290161e+02   2.72003059e+01   1.27292981e+03   7.70954639e+03
   3.40579199e+03   8.25870819e+01   3.29385498e+02   8.55673885e+00
   1.14969902e+04   7.73168555e+03   1.52129700e+03   2.08853577e+02
   2.68882446e+02   7.93065674e+02   4.10872773e+04   1.87197590e+00
   2.37555640e+03   8.52172012e+01   8.05556406e+04   7.30237012e+03
   5.33603027e+02   5.13826416e+02   6.98675203e+00   9.34698926e+03
   5.32548035e+02   1.09030907e+02   5.60694641e+02   5.69784033e+03
   2.40790552e+03   5.81064941e+03   6.57774734e+01   5.44326050e+02
   5.74713989e+02   7.23275312e+04   1.43560440e+02   9.30769409e+02
   0.00000000e+00   1.60411631e+04   1.16904053e+04   5.00246875e+03]
[  2.46802307e+02   8.76848340e+03   7.94711609e+02   1.67021863e+03
   1.23808911e+03   2.20616016e+04   1.90970963e+02   1.37703750e+04
   4.30760059e+03   3.18873945e+04   1.74902002e+03   1.63966553e+02
   3.99135645e+03   2.53804199e+04   3.49550220e+03   7.89863464e+02
   2.42040967e+03   3.66401953e+03   4.69345898e+04   4.97144104e+02
   1.92696881e+00   3.79955615e+03   2.36915375e+02   2.37602588e+03
   9.72532129e+03   1.03345406e+02   1.07134658e+04   6.49462662e+01
   9.62513306e+02   3.85665869e+03   2.36576611e+03   4.25646631e+03
   4.70679736e+03   9.14714098e-01   5.94798877e+03   6.55901184e+01
   4.74029968e+02   5.81368750e+04   9.71425623e-02   6.70312549e+03
   6.15247559e+03   1.25183495e+02   6.25454617e+00   4.81909943e+02
   9.14206934e+03   7.73070251e+02   4.07191016e+03   1.22609385e+04
   8.03847717e+02   6.97622147e+01   1.49317664e+03   3.05258392e+02
   1.32840469e+02   1.85728340e+04   1.25344795e+04   2.38997070e+04
   6.52296326e+02   8.19390430e+03   5.27034683e+01   2.90546289e+03
   1.72760339e+03   9.31802856e+02   1.05711145e+03   2.21010315e+02
   2.91444482e+03   9.14194641e+02   2.59460083e+02   1.09820648e+02
   1.76042694e+02   6.22541962e+01   6.23162292e+02   1.59018701e+04
   2.36330293e+04   2.65129974e+02   1.59033936e+04   7.81180801e+01
   1.41575607e+02   1.38954666e+02   1.99946704e+03   1.28728281e+04
   2.01733398e+03   3.29316328e+04   1.55608213e+04   1.44127227e+04
   6.30255898e+04   1.47941818e+02   2.15596948e+03   1.45005049e+04
   9.05972461e+03   2.62773262e+04   9.27207184e+00   2.31094263e+03
   5.06573425e+02   1.11211064e+04   1.23936084e+03   1.17169834e+04
   1.10365537e+04   4.93075788e-01   1.34283770e+04   2.19754272e+03
   3.70280304e+01   1.32482117e+03   9.70597382e+01   4.34118213e+03
   4.62679338e+00   1.40492010e+01   1.92571069e+03   1.97706113e+04
   1.04118948e+01   2.02725449e+04   4.66780243e+02   3.93038086e+04
   6.82418896e+03   9.20538025e+01   1.32297926e+01   5.28806702e+02
   7.61741272e+02   2.37612285e+04   5.08148651e+02   5.06290054e+01
   4.56980228e-01   1.71402832e+03   1.07105273e+04   6.81154297e+02
   6.53285828e+02   1.08969385e+04   3.86266968e+02   4.76762276e+01
   6.09547058e+02   4.24818604e+02   1.23874688e+04   6.32084900e+02
   3.86038971e+01   1.64920569e+03   1.16090332e+03   9.48946191e+03
   3.11514375e+04   1.83462214e+00   1.55533508e+02   1.50402756e+02
   7.14857757e-01   1.18387863e+02   4.05485596e+02   3.83516876e+02
   2.56526764e+02   5.89133740e+03   1.85537305e+03   0.00000000e+00
   5.17405884e+02   4.43280781e+04   1.34418671e+02   5.64487793e+02
   6.64848328e+02   3.58972021e+03   8.82614197e+02   1.93424668e+04
   6.95146103e+01   6.69589966e+02   3.81388947e+02   1.00873369e+04
   4.07504120e+02   4.18673309e+02   6.22399109e+02   1.42976532e+02
   4.13934688e+04   1.00237526e+02   1.15978638e+02   1.24107874e+03
   6.91892920e+03   1.28918281e+04   1.89138341e+00   1.87532639e+02
   6.68815625e+03   6.85827271e+02   3.42881241e+01   4.09087793e+03
   4.29155703e+04   8.42048157e+02   3.51020039e+04   3.28991846e+03
   3.08869531e+04   2.85335391e+04   1.61556187e+01   5.19026807e+03
   6.02057373e+02   8.20135772e-01   7.49340576e+03   4.70793213e+03
   5.01210785e+01   6.58290405e+02   3.58076355e+02   2.26089600e+02
   2.91985571e+03   1.00446445e+04   1.32911548e+03   1.35057939e+04
   1.36533447e+03   5.58183167e+02   2.06985321e+02   3.49294043e+03
   2.99122144e+03   1.03527551e+03   1.66013171e+03   0.00000000e+00
   3.60292773e+03   1.60411591e+02   2.19512061e+03   1.37862158e+03
   8.70312500e+03   4.46080664e+04   2.69507263e+02   8.41786987e+02
   4.08174512e+03   3.22300220e+03   6.08756409e+01   8.52450781e+03
   6.09026484e+04   1.50898972e+02   1.18974648e+02   5.10114600e+03
   1.35261816e+04   3.36370331e+02   1.40052765e+02   1.38005566e+03
   5.91242310e+02   1.85908298e+01   2.94305939e+02   8.05319595e+01
   1.12447375e+03   1.97690933e+02   1.37422867e+02   2.21187668e+02
   9.79975647e+02   4.80950050e+01   3.17625904e+00   3.45599442e+01
   5.38951721e+02   3.36659149e+02   1.72116162e+03   1.26594482e+02
   3.33939476e+01   3.75141983e+01   1.70257886e+03   2.64266875e+04
   2.55729688e+04   8.97927051e+03   2.89600281e+02   2.88840845e+03
   2.50074100e+01   1.01612140e+03   1.26398766e+02   9.52283554e+01
   9.82399609e+03   1.53081750e+03   3.05792034e-01   1.17740562e+02
   3.60418018e+03   7.95956497e+01   1.04090454e+03   5.80980988e+01
   5.28133667e+02   1.82395728e+03   4.81460663e+02   3.86002121e+01
   3.37088008e+04   1.44746436e+03   3.23522676e+04   2.41159766e+03
   3.45094434e+03   4.86762505e+01   1.02682304e+02   1.19870020e+03
   3.47050842e+02   4.34480324e+01   3.14354199e+04   3.83900543e+02
   7.61460938e+02   8.71649475e+02   6.12246826e+03   1.19088203e+04
   2.61753967e+02   1.33379440e+02   7.92108765e+02   5.62686641e+04
   2.12928784e+03   2.54972583e+03   6.86735791e+03   1.14111542e+02
   8.30200989e+02   1.26921787e+04   2.17565283e+03   2.58850635e+03
   1.03219688e+04   2.45117700e+03   1.77610245e+02   8.25117188e+02
   4.29050342e+03   1.47383777e+03   6.20387695e+03   3.35022316e+01
   2.06330204e+01   8.90768738e+02   1.12338213e+04   7.14553223e+01
   1.39196699e+04   5.22095117e+04   7.76131409e+02   1.21341162e+03
   1.97254187e+03   3.88314746e+03   1.29959977e+00   4.99513037e+03
   1.37076020e+00   7.22307764e+03   1.64235950e+03   1.41634287e+04
   4.24339417e+02   7.95360693e+03   3.30491119e+02   8.65793066e+03
   9.88364941e+03   2.80462832e+04   2.22156836e+03   1.69199180e+04
   4.67575378e+02   9.82648804e+02   1.86546533e+03   3.81059998e+02
   1.42052502e+03   2.32967148e+02   9.32946973e+03   4.66370801e+03
   2.95687294e+00   3.04019019e+03   2.51248322e+02   1.12960840e+03
   2.17166763e+02   1.11153105e+04   1.34664148e+03   3.08762188e+04
   3.64368906e+04   2.22469922e+03   1.35781342e+02   2.42807770e+02
   2.46049366e+01   3.14481049e+02   2.94641348e+04   1.32821216e+03
   6.67984912e+03   6.43143457e+03   3.15167041e+03   4.17274375e+04
   4.78837891e+02   2.05743408e+03   9.81906860e+02   3.05598328e+02
   9.06611426e+03   2.66135449e+03   1.47359922e+04   1.06061478e+01
   5.71539961e+04   3.89274536e+02   2.76876094e+04   4.16561646e+02
   1.16443281e+04   3.99598724e+02   1.10260162e+02   7.06809814e+03
   4.74952026e+02   3.88852051e+03   6.22361816e+02   7.45465088e+02
   1.61933167e+02   7.68101123e+03   5.92107056e+02   7.60159219e+04
   1.50504785e+04   1.75527881e+03   3.06606104e+03   2.14861768e+03
   3.03226959e+02   1.10473258e+05   4.57655078e+03   4.60312378e+02
   4.78832367e+02   6.26666748e+03   1.34695892e+02   9.84571171e+00
   2.07417676e+03   1.09599780e+03   4.56158164e+04   2.17717578e+03
   2.18101392e+03   3.94165781e+04   5.27220508e+04   5.08044037e+02
   2.29887878e+02   9.06315918e+03   3.80524243e+03   1.00501982e+04
   2.18830597e+02   1.20193789e+04   2.23866919e+03   2.94195654e+03
   1.21424322e+01   2.69759434e+04   1.04804329e+02   4.52098297e+02
   9.89605347e+02   1.83409924e+03   1.22260400e+03   1.01828350e+04
   1.11215176e+04   1.31251184e+03   9.50702026e+02   3.00376797e+00
   3.77039795e+03   1.26298535e+03   0.00000000e+00   3.72242310e+02
   4.62536316e+02   1.42288213e+04   5.62584082e+03   1.65491699e+02
   6.44683838e+02   6.00022217e+03   7.28767334e+02   3.29115181e+01
   1.67769763e+03   5.75378711e+03   4.37098281e+04   2.15736237e+02
   1.07513799e+04   7.60877625e+02   1.09110115e+02   3.96248199e+02
   1.70014145e+02   1.03751564e+01   1.99780410e+04   2.56830235e+01
   3.06522186e+02   5.43837318e+01   2.93339874e+02   2.94980097e+00
   1.06354084e+01   1.35466699e+04   5.88096313e+02   5.35134399e+02
   1.15317407e+03   2.14490527e+04   3.57264801e+02   9.49196594e+02
   1.78603134e+02   1.04766500e+05   3.40056797e+04   2.07421246e+01
   3.36514526e+03   4.91183887e+03   1.81838711e+04   9.53977051e+03
   1.73831543e+04   4.76367285e+03   1.20832285e+04   3.43738373e+02
   9.20972949e+03   4.03584155e+03   5.54246521e+02   2.52530243e+02
   3.01743286e+02   8.18673019e+01   1.01663594e+04   1.48316465e+04
   1.29602227e+04   1.26535801e+04   8.94619446e+02   6.50449677e+01
   7.40840576e+02   6.56520996e+02   9.41587341e+02   1.72107598e+04
   5.54138672e+03   9.88180161e+01   1.00466738e+04   4.01156654e+01
   2.76833515e+01   0.00000000e+00   3.43264526e+03   1.08392029e+03
   2.52084253e+03   4.63444434e+03   2.63719375e+04   2.41318711e+04
   1.15418838e+04   1.50514050e+03   6.75769409e+02   8.08076904e+02
   1.41882996e+03   7.51841812e+01   2.51329248e+03   4.95067334e+03
   1.71006074e+04   2.47923496e+04   5.31907692e+01   1.37164478e+03
   1.35205693e+04   1.66067676e+04   2.89529419e+02   2.59055367e+01
   1.19935779e+03   5.98316994e+01   5.46507759e+01   1.06134951e+04]
[  2.44261826e+02   3.04372168e+00   1.01160109e+00   3.51428784e+03
   1.18168411e+02   2.47552528e+01   6.96582508e+00   5.15263605e+00
   1.51046677e+02   1.83504395e+02   1.71495743e+01   3.09239777e+02
   2.05357304e+01   2.51543674e+01   7.34579134e+00   2.33523154e+00
   0.00000000e+00   2.72264374e+02   0.00000000e+00   0.00000000e+00
   2.11028870e+02   1.13459023e+04   3.06851685e+03   3.03251129e+02
   5.05810928e+00   0.00000000e+00   0.00000000e+00   1.23631116e+03
   1.26229118e+02   1.15899878e+03   4.27807178e+03   2.72583904e+01
   5.64433533e+02   1.62846817e+02   1.71534801e+00   1.64052075e+03
   1.17678833e+01   9.55467383e+03   8.85395996e+02   1.37880261e+03
   6.50591016e+03   1.57590008e+01   2.27962964e+03   9.54501099e+02
   1.60155315e+01   1.17877996e+00   1.82484924e+03   1.74428635e+01
   6.01684570e+00   2.50891781e+01   2.51474400e+01   1.27810327e+03
   2.19994950e+00   1.10456604e+02   1.35210587e+02   6.21940384e+01
   4.06066821e+03   3.64313049e+02   0.00000000e+00   2.14752579e+02
   3.80803711e+02   6.65264940e+00   2.60147381e+00   6.22724060e+02
   1.07510757e+02   2.14393018e+03   8.32213211e+00   4.20620799e-01
   2.31730774e+02   4.67113037e+02   7.65870972e+02   4.18890038e+01
   2.28328323e+01   8.30742874e+01   8.24264908e+00   5.19106445e+02
   1.45327234e+00   8.83052979e+02   1.88551736e+00   3.49103851e+01
   0.00000000e+00   1.25707153e+02   5.13386169e+02   1.09968677e+03
   6.35143509e+01   6.14369736e+01   4.77835999e+01   4.30625868e+00
   1.01952373e+04   1.90834976e+02   9.14123926e+03   1.47638397e+02
   1.08144951e+04   5.40902344e+02   0.00000000e+00   3.71900543e+02
   1.10291191e+04   5.37728882e+00   1.90820667e+03   9.86860809e+01
   2.01222607e+03   5.92922974e+01   9.59577370e+00   6.41018867e-01
   2.14282104e+03   1.07746057e+03   0.00000000e+00   2.44623337e+02
   1.46278162e+01   8.30823839e-01   6.32138157e+00   1.99194656e+02
   3.53832275e+03   4.29634082e+03   1.59043198e+01   1.16837740e+00
   1.68931238e+03   4.80020325e+02   2.95131111e+01   4.71962471e+01
   0.00000000e+00   5.92207031e+02   9.85156968e-02   6.18295479e+00
   1.32119999e+01   9.40296650e-02   5.74683285e+00   1.60388780e+00
   6.17869110e+01   1.40069324e+03   1.31937781e+03   8.29035645e+02
   1.93528861e-01   2.34164066e+01   2.01034821e+02   4.39190178e+01
   1.10838789e+04   2.66561462e+02   1.56310883e+02   2.29076981e+02
   2.99861523e+03   1.19241013e+02   1.48944931e+01   2.15301440e+03
   2.14941463e+01   5.98834085e+00   3.56777496e+01   5.76035440e-01
   2.51469593e+01   3.42649031e+00   6.22581780e-01   2.73925323e+01
   3.00807705e+01   9.37130356e+00   5.32908592e+01   3.15573597e+00
   5.60670471e+02   1.14238291e+01   2.24004822e+01   8.94880581e+00
   1.50281876e+02   9.42076645e+01   1.18356934e+04   1.14222058e+03
   1.42907458e+03   8.89431738e+03   0.00000000e+00   2.82933374e+03
   4.65565613e+02   5.58068262e+03   0.00000000e+00   1.67692224e+03
   6.70194092e+01   5.18529907e+02   2.36413622e+00   8.61405945e+00
   1.06678925e+02   3.46248221e+00   2.04768402e+02   0.00000000e+00
   5.42040176e+01   1.71135388e+03   0.00000000e+00   1.73286633e+03
   1.45788437e+02   5.22571289e+03   3.18469276e+01   8.49714518e-01
   4.95062158e+03   1.73721725e+02   9.59674644e+00   3.85764542e+01
   4.57913544e+02   1.62595459e+02   2.87779968e+02   1.60853607e+02
   1.43956041e+01   1.69786279e+03   1.62743933e+03   4.64591211e+03
   4.04462090e+01   1.10640674e+04   3.39318695e+01   2.83834648e+01
   4.20460205e+01   4.21536751e+01   1.61209155e+03   6.16982849e+02
   0.00000000e+00   2.92873242e+03   3.49166895e+03   7.45126160e+02
   0.00000000e+00   0.00000000e+00   8.29587708e+01   2.76445654e+03
   1.98581161e+02   3.32423897e+01   2.92399426e+01   2.19931290e+02
   6.54954987e+01   1.29393997e+02   5.45484558e+02   8.49231339e+00
   4.02287720e+03   4.91219922e+03   1.22260809e+00   3.90632343e+00
   3.09357285e-01   9.07302551e+02   9.10871124e+01   8.08995483e+02
   1.11084160e+02   8.37616394e+02   1.47341199e+03   1.10066711e+02
   5.54055519e+01   7.31907666e+03   8.46605062e-01   9.78966125e+02
   0.00000000e+00   1.15931035e+04   1.60486237e+02   2.32556057e+00
   0.00000000e+00   3.05705841e+02   7.66163330e+03   6.39666557e-01
   5.93725348e+00   5.87685728e+00   3.70021509e+03   8.00503254e+00
   1.73361320e+01   1.31827255e+02   8.08577576e+01   8.65200134e+02
   1.29397754e+03   1.15358877e+01   1.02160635e+01   1.09133633e+04
   5.83688736e+01   1.34158752e+02   0.00000000e+00   0.00000000e+00
   0.00000000e+00   0.00000000e+00   3.72766757e+00   8.00153442e+02
   7.40108032e+02   0.00000000e+00   6.40803242e+00   7.05277649e+02
   2.35542793e+01   9.34841113e+03   3.55375952e+03   7.32316132e+01
   4.68847217e+03   2.68918743e+01   8.93592453e+01   1.28769565e+00
   4.56084967e+00   7.29596680e+02   9.51887305e+03   2.33203583e+02
   3.92213516e+01   2.28959564e+02   1.56985291e+03   7.45672684e+01
   0.00000000e+00   4.86886412e-01   4.77288895e+01   6.10105835e+02
   1.63823389e+03   3.15589783e+02   0.00000000e+00   0.00000000e+00
   2.00811584e+02   9.74359741e+01   7.23011672e-01   3.31707692e+00
   6.16900330e+02   4.22808014e+02   9.31692383e+03   3.34983796e-01
   3.24750519e+02   0.00000000e+00   8.50226746e+01   1.61342037e+00
   8.85265039e+03   0.00000000e+00   9.86249609e+03   2.83680935e+01
   3.09832897e+01   0.00000000e+00   4.60964966e+00   4.87937061e+03
   2.84007446e+03   2.65322314e+03   3.25520874e+02   7.93550491e+01
   3.42729150e+03   6.05833397e+01   3.55144310e+00   6.61569901e+01
   2.38498596e+02   0.00000000e+00   2.22595768e+01   1.05355598e+02
   1.32266541e+02   4.53037720e+01   2.00032921e+01   4.90325977e+03
   3.65329018e+01   5.65093323e+02   1.95011246e+02   2.16296387e+03
   1.28602197e+03   7.51100525e+02   4.45345850e+03   8.38314972e+01
   1.86260059e+03   1.59797454e+00   1.42518402e+02   3.78049183e+00
   2.63801294e+03   8.17715406e-01   4.20809033e+03   8.18485870e+01
   6.79165161e+02   2.03224602e+01   7.03967285e+00   0.00000000e+00
   3.25002246e+03   1.77282887e+01   0.00000000e+00   7.28477249e+01
   6.43487891e+03   3.57337280e+03   5.30034131e+03   4.19609261e+00
   6.92415466e+01   0.00000000e+00   3.75564575e+01   1.15856079e+02
   2.65021759e+02   7.68741150e+01   0.00000000e+00   3.01742401e+02
   1.63971710e+02   0.00000000e+00   1.11774422e+02   3.09005981e+03
   1.48618174e+01   2.07977859e+02   2.53921299e+01   5.32539444e+01
   2.05170326e+01   2.14060411e-01   6.12899494e+00   6.35278435e+01
   6.77066879e+01   1.04711201e+04   4.65603352e+00   6.58575049e+03
   1.54197046e+03   1.30865869e+03   1.36486829e+03   6.94184418e+01
   1.67845374e+03   4.39396759e+02   5.19817383e+02   1.92694740e+01
   1.19221695e+02   1.56887317e+00   1.03070686e+02   1.92267933e+01
   0.00000000e+00   1.78590512e+00   2.19872360e+02   8.72190170e+01
   1.08035507e+02   1.68025256e+03   6.41121680e+03   7.16639709e+00
   8.12429047e+01   2.31590710e+01   3.07333862e+02   5.74608803e+00
   2.04413319e+01   8.46027832e+03   1.88407078e+01   2.36988258e+01
   3.67120590e+01   4.30748322e+02   3.07401587e+03   9.56244812e+01
   4.02064966e+03   2.69654579e+01   3.71845484e+00   1.95752883e+00
   1.31755381e+04   8.66211670e+02   1.17284851e+02   7.56047487e-01
   4.00598206e+02   1.20310593e+02   0.00000000e+00   2.03315792e+01
   2.41894174e+00   1.32102576e+03   3.84746021e+03   3.63126717e+01
   2.27075592e+02   1.37349414e+03   1.01868463e+03   3.10118656e+01
   1.55319719e+01   1.19052466e+03   8.33738086e+03   4.13554955e+01
   1.02038851e+01   3.78126335e+00   1.30876968e+02   2.18528275e+02
   8.80381241e+01   2.97328043e+00   6.05364453e+03   4.46061865e+03
   8.01891895e+03   1.19561350e+00   2.27346130e+02   1.87818268e+02
   1.32598840e+03   1.94936323e+00   7.43439636e+02   6.74852722e+02
   6.71990967e+00   9.01853711e+03   1.73320358e+02   1.86741028e+03
   0.00000000e+00   5.59248352e+02   1.00416746e+01   1.20623322e+02
   7.43512842e+03   2.72882247e+00   9.25587006e+01   2.55188376e-01
   3.42234910e-01   4.06412628e+02   2.22410004e+02   1.39279318e+01
   1.62796600e+02   4.56272168e+03   0.00000000e+00   2.43382178e+03
   3.02122009e+02   4.20449951e+02   3.27544604e+03   1.38831039e+02
   3.34621387e+03   2.26466553e+02   2.42629440e+02   9.19622650e+01
   5.61480255e+01   1.43914160e+03   3.51150856e+01   3.10306665e+03
   8.02869916e-01   9.18209839e+00   1.75648193e+01   2.67247314e+03
   4.57806335e+02   1.62971096e+01   6.46614761e+01   0.00000000e+00
   1.41764966e+03   5.24833069e+02   5.88329712e+02   5.58006641e+03
   1.70325577e+02   1.85089035e+01   1.47516980e+03   3.21390576e+03
   6.51429415e-01   5.27424268e+03   7.80480099e+00   2.73852417e+02
   0.00000000e+00   9.05306250e+03   2.31039429e+00   8.04386063e+01]
[  1.86210594e+01   4.69676025e+02   1.05080338e+02   2.42975296e+02
   1.18054665e+02   6.23119873e+02   8.81118469e+01   2.16254700e+02
   7.78000565e+01   5.59727058e+01   1.49468921e+03   5.71823975e+02
   2.83814233e+03   2.33250549e+02   2.99703296e+03   8.90169754e+01
   1.37695503e+00   1.56048843e+02   6.26399536e+02   2.53291336e+02
   1.24777748e+02   3.33104286e+01   3.77634155e+03   9.21378784e+01
   1.66425217e+02   2.66503944e+01   1.96385365e+01   3.60060120e+01
   4.04877686e+03   2.27051373e+01   9.55409050e+00   1.24357100e+01
   4.04869141e+03   1.46333176e+02   3.99761086e+01   8.26552734e+02
   5.27366357e+03   1.87714911e+00   3.46636963e+00   1.81588074e+03
   3.80332959e+03   6.05254272e+02   2.51504278e+00   1.43376783e-01
   1.72605681e+00   3.47606476e+02   1.87266125e+03   5.72328720e+01
   1.59570990e+01   5.56882286e+01   2.69510708e+01   6.02939072e+01
   9.99225708e+02   4.03578705e+02   5.13093872e+02   3.58583130e+03
   1.62497272e+01   8.90474701e+00   2.14307397e+03   4.00466895e+03
   1.63734729e+03   2.32607452e+02   5.25628271e+03   1.83791387e+00
   2.98961735e+00   4.73426880e+02   4.38504868e+01   2.03806641e+02
   4.61406565e+00   4.84197998e+02   8.48418640e+02   4.72431458e+02
   3.28569275e+02   1.73304691e+01   7.85753937e+01   7.48703735e+02
   8.10252762e+01   2.72925446e+02   2.78339722e+03   5.13812065e-01
   2.14903793e+01   2.50210236e+02   1.79825549e+03   2.45303116e+01
   1.11402747e+03   4.69192920e+03   1.19631775e+02   8.37449875e+01
   2.91239722e+03   2.52447708e+02   2.31780853e+02   3.35162964e+02
   0.00000000e+00   2.38420874e+03   9.08827877e+00   1.54679441e+01
   2.47656311e+02   2.78482788e+03   5.71733932e+01   5.49926567e+01
   6.49568081e+00   5.03694344e+01   7.37995911e+01   1.73004704e+01
   1.09544775e+03   6.85652569e-02   4.88183784e+01   4.74041260e+03
   3.10966919e+03   1.25503105e+02   4.62843231e+02   3.00203705e+01
   1.07198254e+03   1.09173596e+03   4.85246613e+02   6.60405517e-01
   7.69058838e+01   4.52126884e+01   1.46487195e+03   4.65806847e+01
   5.81174545e+01   1.39176294e+03   1.13282382e+00   1.06871948e+01
   1.50190115e+01   4.45371948e+02   7.30184174e+01   8.42256393e+01
   4.64075537e+03   8.41608822e-01   3.75493347e+02   2.18834009e+03
   8.98878296e+02   4.21787224e+01   7.32257568e+03   6.23670292e+00
   1.26053162e+01   2.20396362e+02   9.89883423e+01   2.72888660e+00
   3.31789478e+03   0.00000000e+00   5.10456635e+02   1.56979919e+02
   3.43452667e+02   1.11876993e+01   1.27971637e+00   9.39168549e+00
   5.92156887e-01   4.09226494e+01   1.20171010e+00   4.96554901e+02
   1.62165527e+02   2.58486279e+03   1.77546906e+02   6.78742371e+02
   5.27864258e+02   3.27201509e+00   1.08031116e+03   3.56263824e+02
   1.06863049e+03   3.21246753e+03   4.19336367e+00   3.54899445e+02
   3.45260620e+03   1.06562573e+03   3.73371918e+02   9.74058685e+01
   6.37941628e+01   1.30718677e+03   5.17069153e+02   5.18214479e-02
   3.40256561e+02   1.50634336e+00   3.84106102e+01   1.48067713e+00
   1.02301779e+01   3.72868701e+03   2.14761612e+02   2.60686016e+01
   9.02753372e+01   3.99528732e+01   6.84315300e+00   4.35301018e+01
   2.50101953e+03   1.17372870e-01   1.12931808e+02   1.20674610e+00
   7.02877808e+00   4.86754646e+01   1.26310749e+01   6.41672287e+01
   1.26286440e+01   1.82306824e+02   3.62284180e+02   6.38241920e+01
   2.10008057e+02   1.86782722e+01   6.13516159e+01   2.88298550e+01
   1.01934944e+02   2.92433441e+02   5.14263153e+00   7.65359306e+00
   3.11095142e+01   3.95653000e+01   2.05670327e-01   2.04881546e+02
   1.80179253e+01   2.07501736e+01   1.72893494e+03   2.34738739e+02
   6.93228662e-01   0.00000000e+00   9.03255615e+01   1.09460854e+02
   1.32492371e+02   9.69984192e+02   2.31007874e+02   1.03635933e+02
   3.74638397e+02   9.64482361e+02   6.21942368e+01   7.54860596e+02
   8.58514786e+01   1.91629529e+00   1.85641321e+03   6.22648735e+01
   2.99789600e+03   3.52864160e+03   2.56324951e+03   1.09213829e+02
   0.00000000e+00   6.28343048e+01   3.13250702e+02   1.51678955e+03
   8.33610413e+02   2.28289814e+01   2.39022241e+03   4.69585114e+02
   3.57024307e+01   2.66862850e+01   7.63582031e+02   1.30882546e-01
   4.28997192e+02   1.08106128e+03   4.22977081e+02   1.80534625e+00
   8.11834412e+02   5.67774677e+00   2.04490328e+00   4.12648102e+02
   1.28255347e+03   0.00000000e+00   1.01851921e+01   6.05673633e+03
   1.35995567e+00   1.49939636e+02   9.79351196e+01   4.89552956e+01
   3.07612183e+03   0.00000000e+00   5.69717480e+03   7.36476135e+01
   4.82851934e+00   8.29650879e+01   4.16665436e+02   6.92782715e+02
   9.11051331e+01   6.15187439e+02   1.07882088e+02   3.75616272e+02
   0.00000000e+00   0.00000000e+00   6.03641548e+01   5.78614998e+01
   2.84334164e+01   4.45855713e+01   6.08074890e+02   7.27972534e+02
   7.99826574e+00   2.09510498e+01   2.81390161e+03   1.77368717e+01
   3.35046649e-01   1.93126660e+03   2.08695648e+02   0.00000000e+00
   4.02371802e+03   8.47074203e+01   9.45684338e+00   6.47789717e-01
   3.13860931e+02   3.68154785e+02   4.14849121e+03   5.33134880e+01
   2.09837085e+03   1.58537277e+02   3.49540215e+01   7.15733643e+02
   2.14038721e+03   1.23576709e+03   5.65842342e+00   7.02165222e+00
   3.76049072e+03   3.12266992e+03   6.22229150e+03   3.60558289e+02
   1.15833652e+00   7.08435608e+02   2.02364075e+02   4.43438530e+01
   3.43262482e+00   7.96508865e+01   8.64670029e+01   7.77593262e+02
   1.57531067e+03   9.11460190e+01   4.05286743e+02   0.00000000e+00
   3.06165004e+00   1.48008191e+03   9.35404968e+01   3.01254224e+03
   5.33773842e+01   2.27439026e+02   4.60360794e+01   1.18775241e-01
   2.13319874e+01   1.09631821e+02   3.14816236e+00   7.16058159e+00
   5.63075600e+01   1.11991081e+02   1.83997711e+02   3.31372261e+01
   3.93927002e+02   3.25771523e+01   2.72673645e+02   2.19950049e+03
   1.41071960e+03   1.39188281e+03   1.14445813e+03   3.16390657e+00
   2.15274368e+02   4.96973236e+02   1.67690063e+03   5.59273109e+01
   5.29731255e+01   2.60991040e+03   1.14788942e+01   0.00000000e+00
   4.17454688e+03   3.03110600e+01   8.18003662e+02   5.92016315e+00
   2.10856030e+03   4.29846680e+02   3.90220795e+01   1.19720093e+02
   4.84381027e+01   1.96859503e+00   1.30976913e+02   1.38542017e+03
   1.97768164e+03   2.11080432e+00   5.03115921e+01   3.07360706e+01
   1.01511314e+02   4.30391359e+00   4.57911621e+03   1.05090058e+00
   5.87904846e+02   1.93760034e+03   0.00000000e+00   3.80001434e+02
   8.90857727e+02   5.92198828e+03   1.27250740e+02   1.71276810e+02
   4.51759338e+02   5.51025810e+01   1.20769226e+02   4.64316797e+00
   1.74666077e+02   4.05360565e+01   6.33750534e+01   8.14122543e+01
   9.62573975e+02   3.05485935e+01   3.77191333e+03   9.73439178e+01
   5.05527435e+02   2.62189903e+01   1.06869531e+00   1.37036392e+02
   7.48884583e+00   1.91463608e+02   6.03568497e+01   1.54884872e+02
   3.21058887e+03   2.03106384e+02   9.50543518e+01   2.52384253e+03
   4.06009277e+03   1.35742432e+02   5.96580688e+02   1.60555542e-01
   7.44254608e+01   7.63882568e+03   5.79759026e+01   8.66626831e+02
   1.90873886e+02   3.92677784e-01   3.86911011e+01   0.00000000e+00
   4.22537506e+02   3.17045190e+03   1.44251746e+03   2.02247742e+03
   9.95793610e+01   1.85696716e+01   2.60746094e+02   0.00000000e+00
   3.33854904e+01   3.79003143e+01   9.80737381e+01   2.29178320e+03
   8.22596069e+02   3.91041138e+02   6.60714209e+03   1.16069736e+01
   1.78469803e+02   2.31950220e+03   3.85838966e+01   2.03516937e+02
   2.41808716e+03   1.29560776e+01   3.27220001e+02   1.83749512e+02
   2.43017159e+01   1.61311436e+01   5.27992897e+01   7.65736313e+01
   1.78117340e+02   1.59372070e+02   1.20558456e+02   1.71802270e+00
   3.52240906e+01   3.24084435e+01   4.62559521e-01   7.30455933e+02
   7.29702686e+03   1.01335577e+03   5.24967308e+01   5.79204834e+02
   5.67484180e+03   3.36242401e+02   1.39579517e+03   7.41363406e-01
   4.55052002e+02   1.23977455e+02   7.24742203e+01   1.86748505e-01
   1.51185620e+03   8.44194336e+02   1.15319191e+02   4.99029639e+03
   7.59063135e+03   1.15906494e+03   9.88426387e-01   4.32452965e+01
   8.49030209e+00   4.07444427e+02   5.46684113e+01   3.45756195e+02
   1.84711334e+02   2.46132421e+00   3.17680988e+01   2.48032522e+00
   1.88310593e+02   1.29271606e+03   9.68932800e+01   1.06632251e+03
   6.31114273e+01   2.25246954e+00   1.40060558e+01   5.19412988e+03
   6.66549492e+00   6.23089561e+01   5.93836975e+02   1.20680383e+03
   6.27831817e-01   0.00000000e+00   3.05044769e+02   6.21272888e+01
   7.75866318e+00   6.89328003e+02   9.95034058e+02   3.55407593e+03
   2.15451929e+03   4.56995811e+01   4.67818451e+02   3.11778784e+03
   7.01869049e+01   0.00000000e+00   2.11533691e+02   3.88674927e+03
   7.24022751e+01   3.02654175e+02   1.14223877e+02   3.14526538e+03]
[  6.18764404e+02   1.96207047e+01   7.98960805e-01   8.58634758e+00
   1.05254078e+01   1.40035486e+03   3.55968819e+01   4.92282181e+01
   5.51201153e+00   5.66235168e+02   1.02728720e+01   5.11749115e+01
   5.57289429e+02   1.52234912e+03   1.94515640e+02   9.68589306e-01
   4.05847397e+01   4.25028351e+02   1.52372040e+02   1.28316247e+00
   6.70267105e+00   2.22446829e-01   6.56465912e+01   9.00924622e+02
   0.00000000e+00   2.05662370e+00   6.55670023e+00   2.87041035e+01
   2.54405155e+01   2.14734329e+02   1.90022392e+01   1.38473797e+00
   1.30752747e+02   2.73917408e+01   1.88185718e+03   1.73746582e+03
   7.11476755e+00   1.49472900e+03   1.81594620e+01   7.39519348e+01
   3.62699676e+00   1.70126915e+01   1.71024742e+01   6.54410019e+01
   9.40727806e+00   1.20135452e+02   3.97526764e+02   4.88169819e-01
   5.24030228e+01   2.63417244e+01   8.16898499e+02   0.00000000e+00
   1.63519535e+01   5.45864372e+01   3.55798990e-01   5.62710810e+00
   1.49626303e+01   1.77753372e+01   1.26886139e+02   2.06965347e+02
   1.14298544e+01   3.76336327e+01   1.08645954e+01   1.51536655e+01
   7.08381653e+00   1.05015697e+01   6.14877739e+01   4.72616673e+00
   4.16064692e+00   3.86508904e+01   1.00527124e+01   1.28946692e+03
   5.03742256e+01   1.02668174e+04   1.09113074e+03   2.20261555e+01
   1.38919382e+01   2.35891266e+01   4.22682686e+01   1.09333925e+01
   1.50281458e+01   2.85646706e+01   1.43916616e+01   1.12304878e+01
   2.40900631e+01   4.78387140e-02   1.24116821e+03   2.95864677e+01
   9.48648682e+01   1.43543301e+01   4.15821762e+01   2.36249905e+01
   5.30427980e+00   4.86709473e+02   2.01338821e+02   2.72320385e+01
   4.41375580e+01   7.47098923e+01   9.44359741e+01   7.76664429e+01
   3.19051057e-01   3.50609970e+01   5.23128586e+01   2.79483776e+01
   7.08737850e+00   4.25302353e+01   1.09618354e+00   1.60388049e+03
   1.75836926e+01   1.95348769e-01   4.57496368e+02   7.72579765e+00
   1.29292374e+01   1.00846443e+02   0.00000000e+00   2.41729721e-01
   1.09700632e+01   7.75973434e+01   1.96388892e+03   9.78910506e-01
   2.54528961e+02   2.73953285e+01   2.62942543e+01   7.18304682e+00
   2.93715268e-01   1.14728125e+04   7.61230230e+00   2.03205986e+01
   1.02572778e+03   4.99082108e+01   2.57835960e+01   1.25524086e+02
   2.51868103e+02   2.19916725e+01   2.77984473e+03   6.81131077e+00
   6.54556704e+00   9.29963589e+00   2.09244385e+03   3.56380348e+01
   6.22556877e+00   1.14526575e+03   2.15173674e+00   8.14586609e+02
   2.19443092e+01   1.39600159e+02   1.62487972e+00   1.86010712e+02
   2.79403229e+02   3.03276024e+01   3.91603851e+01   3.77432037e+02
   2.12912884e+01   4.26865654e+01   6.17708496e+02   5.47748070e+01
   5.22426300e+01   0.00000000e+00   8.91571712e+00   1.28165369e+03
   4.46302881e+03   2.43887671e+03   5.59812260e+00   1.94224968e+01
   5.24698448e+01   1.83746510e+01   4.32223854e+01   2.45254536e+01
   1.40708361e+01   2.12619572e+01   5.06917686e+01   1.70679080e+00
   3.22350955e+00   7.81775452e+02   1.05299463e+01   5.35177917e+01
   1.80004883e+01   3.85730028e+00   4.99649391e+01   7.50732971e+02
   2.85074982e+02   4.36383400e+01   6.30311218e+02   1.11627068e+02
   9.61402512e+01   8.43898773e+01   1.56562254e-01   1.55311656e+00
   5.35136147e+01   1.11876404e+02   9.22190094e+01   2.50733590e+00
   4.01692041e+03   4.17983971e+01   1.04570818e+00   1.66749134e+01
   2.57684803e+01   5.15903397e+01   4.51593628e+01   1.38578699e+03
   4.03786354e+01   3.66248965e+00   1.44274182e+03   4.97441559e+01
   3.48471236e+00   5.66468382e+00   1.32147339e+03   9.57058811e+00
   1.05736618e+02   3.32928833e+02   1.18076401e+02   1.08615649e+00
   3.14456726e+02   7.19148026e+01   8.67499161e+01   1.26290588e+02
   0.00000000e+00   8.75722275e+01   2.00252051e+03   3.20153717e+02
   0.00000000e+00   5.46587849e+00   5.76004171e+00   1.40874710e+01
   5.70478477e+01   9.91104858e+02   7.24525681e+01   5.66004639e+01
   9.47316468e-01   7.28557587e+01   1.18705902e+01   1.19852502e+03
   5.50553467e+02   1.21200024e+03   0.00000000e+00   5.20415664e-01
   1.44001480e+02   2.11108740e+03   2.24578442e+03   4.35641785e+01
   2.68881416e+01   4.60448227e+01   5.83385124e+01   0.00000000e+00
   1.22775888e+01   0.00000000e+00   1.27367419e+03   5.00896096e-01
   1.85068527e+02   2.23841267e+01   9.38939087e+02   5.87735100e+01
   2.89745388e+01   8.67915283e+02   6.46816956e+02   2.30938339e+00
   9.71416321e+01   3.72748451e+01   1.58549976e+03   4.78490601e+01
   3.52977066e+01   6.33094168e+00   4.69577942e+02   4.09268036e+01
   4.36699562e+01   0.00000000e+00   2.06607574e+02   4.04395962e+00
   9.87232590e+00   2.41823769e+01   1.99557971e+03   6.09342651e+02
   2.22775860e+01   3.91465974e+00   1.47283920e+02   6.24658585e+01
   3.33784088e+02   5.37638054e+01   1.04801311e+01   4.84220219e+00
   8.06410095e+02   2.25853363e+02   2.60666447e+01   1.52349597e+03
   8.93372421e+01   1.41760101e+01   1.46819916e+01   2.05507908e+01
   1.16621628e+02   1.14411249e+01   1.35952539e+03   4.42450294e+01
   2.42852707e+01   2.58132133e+01   3.04527493e+01   2.07765549e+02
   1.49333639e+01   1.03480847e+03   2.65373688e+01   3.49482788e+03
   1.58324905e+02   8.57502556e+00   1.67018127e+03   3.88686890e+02
   1.41562302e+02   3.78336395e+02   1.80350151e+01   6.64040405e+02
   2.23110657e+01   9.48860016e+01   7.16192067e-01   2.70257607e+01
   1.71867008e+01   3.72538948e+01   2.19542139e+03   3.19281864e+01
   1.93982239e+03   8.03463042e-01   8.10160339e+02   6.88748779e+01
   9.93296814e+01   3.45192146e+01   9.85857468e+01   2.32649734e+02
   1.09492455e+02   1.29426468e+02   1.91707528e+00   4.33234406e+01
   1.08308477e+01   2.67423897e+01   2.48903203e+00   1.82445107e+01
   0.00000000e+00   1.89219284e+02   5.84626818e+00   4.69237701e+02
   2.62486482e+00   1.66668457e+02   1.04230057e+02   2.02787033e+02
   5.62663727e+01   2.58635469e-02   1.71700638e+02   6.81445026e+00
   0.00000000e+00   1.83894849e+00   6.29716263e+01   5.12055874e+00
   3.88118672e+00   1.74528313e+01   4.80978241e+01   9.58790302e+00
   0.00000000e+00   8.33984528e+01   2.23965321e+01   4.56181494e+03
   5.26470299e+01   3.80585403e+01   4.78700333e+01   1.13553801e+01
   1.93308902e+00   1.07222641e+02   1.47546616e+01   5.19098587e+01
   8.78849121e+02   3.45041156e+00   5.32847328e+01   1.07542372e+01
   1.17213943e+02   1.49320650e+01   1.17151260e-01   3.04204559e+02
   3.13713150e+01   0.00000000e+00   1.14041996e+01   8.93476200e+00
   2.15321753e+03   2.87883568e+00   1.61206417e+01   8.65641403e+00
   1.43266916e+01   2.35271021e+03   1.35940686e+03   0.00000000e+00
   3.21733002e+02   2.23433609e+01   1.41356258e+01   3.86299640e-01
   3.49326172e+01   0.00000000e+00   1.67763062e+03   3.39524117e+01
   1.16524323e+02   4.35151978e+01   1.51687659e+03   5.94277954e+02
   3.17668304e+02   4.61536102e+01   9.27919693e+01   1.45023010e+03
   6.10208702e+01   4.98399582e+01   1.19366922e+01   3.33711743e+00
   1.17781143e+02   1.36077808e+03   3.30979843e+01   8.69676361e+01
   6.05124626e+01   9.74114990e+01   6.23153442e+02   9.86695557e+02
   1.66243923e+00   4.84831665e+02   4.27647491e+02   0.00000000e+00
   2.98599911e+01   1.17932978e+01   9.92146362e+02   7.26945019e+00
   6.00639526e+02   5.55403709e+00   9.17105789e+01   4.68983936e+00
   4.26734657e+01   1.07219531e+03   1.47679398e+02   4.41853790e+01
   9.58632617e+03   3.53490875e+02   6.99959717e+01   1.26134281e+01
   8.08105698e+01   1.03365234e+03   7.60383606e+01   2.06261694e+03
   1.02347766e+03   5.40793228e+01   2.49988823e+01   1.98896618e+01
   2.03842735e+00   8.59141907e+02   1.68195267e+02   4.01436729e+01
   3.50930977e+01   4.61467247e+01   0.00000000e+00   6.12438087e+01
   1.98184299e+01   3.73572063e+00   8.09260178e+00   3.15017071e+01
   4.97579145e+00   1.76394409e+02   8.25665894e+01   3.07650122e+03
   2.62601357e+01   2.50947974e+03   1.00567337e+02   6.92464447e+01
   8.31798935e+01   4.20388000e+02   7.07838821e+01   5.69078875e+00
   7.70047546e+02   5.71039248e+00   1.54864197e+03   1.63880646e+02
   1.15460157e+01   1.41510115e+01   5.70473938e+01   9.14696121e+01
   7.78118225e+02   1.52572327e+03   8.19824524e+01   1.46009790e+03
   4.31499541e-01   1.92318428e+00   1.90314503e+01   4.88281161e-01
   4.86975365e+01   4.20846138e+01   1.14391699e+03   1.65599108e-01
   1.27762985e+02   2.75345116e+01   3.36220131e+01   1.71848145e+03
   5.22319984e+00   0.00000000e+00   2.70281239e+01   1.06945793e+02
   1.78495522e+01   1.03175842e+03   6.89402039e+02   9.15594666e+02
   1.36199426e+03   1.78172287e+02   5.48699455e+01   2.60675735e+01
   1.84721082e+03   1.24307899e+01   1.36295309e+01   1.33130786e+03
   6.21156311e+01   1.58902985e+02   7.35333061e+00   2.42113449e+02
   1.47836975e+03   3.79941071e+02   1.68105981e+03   2.55887985e+00]
