bicycle
bus
car
motorbike
person
[  6721597.     11209472.     37560124.     10432612.     37579104.
  13989356.      9975601.      3442315.     20354056.      7222395.
  16198031.     19468344.      4919577.5    15126468.      5555095.5
   7160123.      7703089.5     6401190.5    45650544.     15984648.
   6415625.      6729577.     12668672.     24863948.      3404884.5
   9325746.      7357583.5     5513433.      7001892.5    14389258.
  27047940.      7065167.     47904720.      4863934.5    13808755.
   8672645.     14082290.      6661078.5    10157816.      3249353.5
   8155863.      4088863.     16410940.     49413004.     13314515.
  26629940.      5767126.5     5510292.5     3970326.     27474040.
  16548049.      7196676.     14224856.     11630064.     18524908.
  15836115.     31298406.      2593849.     16749176.      5048404.
   9980052.      8120545.     24881726.      1174294.875]
[  2.44938680e+07   1.44332420e+07   2.13677320e+07   4.56657500e+05
   9.14307900e+06   6.72183800e+06   1.11662700e+07   2.22250664e+04
   4.63968550e+06   1.34035440e+07   2.22865320e+07   3.67029080e+07
   1.42575250e+05   4.37606250e+06   2.07976240e+07   1.45099030e+07
   7.74239950e+06   3.22957260e+07   2.34936380e+07   6.88819550e+06
   7.78551500e+05   3.47323560e+07   3.94339175e+06   3.22521240e+07
   8.00896875e+05   2.83661280e+07   2.54146050e+06   2.73991575e+06
   2.19534260e+07   2.65190188e+05   7.68135600e+06   1.25437781e+05
   2.75208250e+06   1.29933340e+07   8.30142650e+06   4.40381400e+06
   1.04147088e+06   3.01796875e+06   9.71849500e+06   1.06553560e+07
   5.18040350e+06   3.66880250e+06   3.46523325e+06   1.21034160e+07
   3.38358760e+07   9.64856400e+06   3.27194469e+05   2.51815620e+07
   1.68665760e+07   2.93563100e+06   3.04690640e+07   6.93126650e+06
   3.17218700e+07   8.60875400e+06   2.73616450e+06   8.79112000e+06
   1.71905640e+07   3.04059020e+07   3.58694975e+06   2.05723520e+07
   1.06602600e+07   9.28145898e+03   1.87096720e+07   3.53600920e+07]
[  1.04779481e+06   7.99732150e+06   7.32218750e+04   2.52157391e+05
   4.31970508e+04   4.35826797e+04   3.38244344e+05   3.87572050e+06
   1.19046539e+05   2.69006200e+06   2.80078750e+06   1.03191425e+06
   2.05416488e+06   1.00447012e+06   3.38909648e+04   2.10727000e+05
   1.86384250e+06   3.26463094e+05   8.40902500e+05   7.51382700e+06
   6.66678375e+05   8.73511523e+03   8.75044200e+06   9.38546000e+06
   5.44451800e+06   0.00000000e+00   1.36045688e+06   3.49635150e+06
   2.66830781e+05   3.17670325e+06   5.28092539e+04   1.26559780e+07
   8.31573625e+05   1.91892562e+06   1.67147762e+06   3.14212250e+06
   5.55910125e+05   1.74098340e+07   1.66001688e+06   7.42512891e+04
   5.37409600e+06   7.24952500e+06   1.80583212e+06   8.36141400e+06
   2.24010225e+06   4.24853969e+05   1.07179870e+07   8.20457578e+04
   8.63966938e+05   2.35494234e+05   8.57469125e+05   1.15303883e+05
   1.98745862e+06   6.51397188e+05   1.45050010e+07   5.43386750e+06
   1.26210838e+06   6.13928359e+04   2.35612094e+05   1.31625238e+06
   2.31986175e+06   1.20393750e+07   6.06353800e+06   1.52051925e+06
   1.38772660e+07   2.92182325e+06   9.17175900e+06   2.65845450e+06
   9.25841188e+05   1.13628600e+06   5.15023150e+06   9.35135800e+06
   1.28134775e+06   3.18477949e+04   0.00000000e+00   3.88274575e+06
   1.38619834e+04   4.71315600e+06   4.67880700e+06   3.41651250e+05
   2.52254238e+04   4.61498200e+06   3.28925775e+06   4.36332695e+04
   2.19501025e+06   8.91821400e+06   6.23029350e+06   3.46079141e+04
   2.10856575e+06   3.79241000e+05   6.06473150e+06   6.94078200e+06
   1.87633562e+06   5.99978650e+06   1.13450062e+06   8.19169550e+06
   8.29876953e+04   5.26891350e+06   7.17547500e+05   1.00884359e+05
   2.33048125e+06   2.63524750e+05   1.61392000e+05   1.60344575e+06
   3.73970825e+03   8.04763062e+05   5.61741758e+04   3.65911438e+05
   2.36568500e+06   1.00719414e+05   2.99976625e+05   4.10475400e+06
   1.39787988e+06   8.35151250e+06   7.68323450e+06   2.52000500e+06
   2.36413850e+06   4.62283625e+05   2.11533500e+06   7.53464312e+05
   3.78253925e+06   5.33528050e+06   3.05821906e+05   8.01359900e+06
   1.25487062e+06   1.00743320e+05   1.81648440e+07   1.10401729e+04]
[  4.81454950e+06   2.63291675e+06   2.02947953e+05   0.00000000e+00
   2.21018066e+04   4.68823300e+06   7.02684625e+05   8.61616000e+05
   1.40349780e+07   3.45718150e+06   9.97267200e+06   8.66235000e+06
   2.73875200e+06   1.11257025e+06   1.37401748e+04   1.24470925e+06
   2.83868525e+06   3.13545025e+06   3.51115625e+06   4.69162461e+04
   5.68310850e+06   2.71138800e+06   1.78737350e+06   4.29801938e+05
   1.21742900e+06   1.59543156e+05   6.93743562e+05   3.42352050e+06
   3.35707938e+05   3.93966200e+06   8.96867109e+04   1.23759410e+07
   4.13536825e+06   4.44165156e+05   2.56698225e+06   2.49180050e+06
   5.25025400e+06   1.16507480e+07   3.46303781e+05   2.26545797e+05
   1.31643200e+06   2.41398062e+05   2.46957988e+04   8.88863438e+05
   5.18782156e+05   5.77768400e+06   8.31421400e+06   5.69637000e+06
   2.55234725e+06   1.06611670e+07   2.52250300e+06   3.73834375e+06
   6.60317450e+06   1.13044625e+06   3.96572406e+05   3.55576250e+05
   4.30957450e+06   9.32258312e+05   9.42176270e+02   4.34036750e+06
   3.19979400e+06   6.59049550e+06   5.88133000e+06   2.14667425e+06
   3.87977969e+05   1.07174430e+07   2.40025125e+05   2.79736225e+06
   2.19183050e+06   1.05610530e+07   2.34264725e+06   1.29432820e+07
   4.15821700e+06   5.46661100e+06   1.49135940e+07   9.10681213e+02
   3.16996675e+06   1.92610675e+06   1.31700240e+07   5.99853350e+06
   4.98774050e+06   5.32181641e+04   8.13789350e+06   2.85092625e+06
   6.37146211e+04   6.09723800e+06   8.95169125e+05   3.51042175e+06
   1.66706125e+05   1.60810088e+06   5.46639102e+04   6.46496450e+06
   7.05018062e+05   1.09486480e+07   1.03437975e+06   3.13673050e+06
   2.40913219e+05   7.21815200e+06   8.68344312e+05   1.40674090e+07
   1.74670922e+05   2.46166328e+05   1.40722320e+07   2.25239258e+04
   1.99002609e+05   1.17581740e+07   2.48719025e+06   6.25550800e+06
   7.49755250e+06   5.74716700e+06   5.74892334e+03   3.08984750e+06
   5.22671219e+05   1.98594440e+07   6.74235850e+06   1.32872425e+06
   1.13206162e+06   3.09856850e+06   3.24876816e+04   1.02177508e+05
   1.07902990e+07   1.08376625e+06   1.56551465e+04   4.02126250e+06
   1.96754212e+06   2.10672000e+06   1.29944480e+07   6.98272750e+06]
[  0.00000000e+00   5.78869531e+03   8.85413688e+05   7.56527734e+03
   2.88983569e+03   2.86202734e+03   5.62161816e+03   7.52373695e+00
   2.32530800e+06   2.27629531e+04   5.45275940e+02   1.54282959e+04
   0.00000000e+00   7.96729922e+04   1.07829609e+05   6.24854053e+03
   8.66129922e+04   1.33787538e+06   3.92400269e+03   3.86732383e+04
   1.66325546e+02   8.68428027e+03   3.51486469e+05   6.73525244e+03
   1.33877900e+04   1.91153613e+03   2.27142650e+06   0.00000000e+00
   7.02215381e+03   1.96783438e+04   5.62555504e+00   4.36843750e+02
   1.42406654e+01   4.41046312e+05   5.46238125e+04   1.41266238e+06
   1.31629450e+06   7.83255811e+03   2.15940576e+03   5.58563672e+03
   6.90071594e+02   1.06244128e+03   1.28632080e+04   5.26716625e+05
   4.50906689e+03   1.87873755e+03   1.49185669e+02   1.73769638e+02
   1.60216000e+05   2.39174746e+04   1.23955645e+04   1.39633948e+03
   1.06595675e+06   2.10778156e+05   7.64855042e+01   2.51535254e+04
   5.81985938e+05   8.18174938e+05   5.21386865e+03   1.20171967e+01
   3.33018164e+04   5.97820312e+04   4.90471969e+05   1.09274641e+05
   1.15863180e+01   6.62973486e+03   2.04891895e+03   2.77792212e+03
   5.47472754e+03   3.02086094e+05   1.64723438e+06   2.40628925e+06
   1.77766800e+01   1.30030527e+04   1.29062073e+02   4.27316864e+02
   2.30134297e+04   4.65638125e+05   2.91702219e+05   9.29351562e+04
   2.58849406e+05   4.61413281e+03   8.16636426e+03   2.67857349e+03
   2.21474525e+06   2.78724675e+06   1.95280594e+05   1.43950288e+06
   3.69358867e+04   4.33884491e+02   1.39071357e+04   4.11386719e+04
   4.86788938e+05   3.57496250e+04   0.00000000e+00   1.68073828e+03
   1.11090518e+04   1.25283125e+06   2.40690503e+03   6.14689180e+04
   9.60452832e+03   1.35060215e+04   1.02039581e+06   9.32946484e+04
   8.33834766e+03   1.30318271e+04   3.04755615e+03   3.42131665e+03
   1.35173767e+02   4.07577062e+05   9.82032250e+05   1.32299697e+04
   4.39256172e+01   2.54514980e+04   5.74241016e+04   6.79721240e+03
   3.40634842e+01   3.81771875e+04   1.27443323e+03   2.83111325e+06
   6.01435625e+04   2.94581871e+01   1.37994414e+04   1.94776074e+03
   3.71927222e+03   6.72376625e+05   7.62568542e+02   0.00000000e+00
   4.10818188e+05   1.29003828e+04   1.44491191e+04   6.75260059e+03
   1.93220254e+04   2.15775100e+06   6.48202896e+01   1.19785339e+03
   2.93185650e+06   6.31369125e+05   1.46616387e+04   2.31948853e+00
   1.19785576e+04   5.57323193e+03   4.57790576e+03   1.42253612e+06
   9.70801575e+02   1.19865362e+06   4.06468042e+03   8.84947937e+02
   3.24959344e+05   4.17475800e+02   3.38573389e+03   8.69417676e+03
   5.53026445e+04   1.03919648e+05   1.06873500e+06   2.99579834e+03
   6.38949463e+03   2.68502031e+05   7.27061500e+05   2.77018250e+05
   2.10001538e+03   1.04753312e+05   9.80522750e+05   1.72792109e+04
   3.09515703e+04   3.29154350e+06   1.40940488e+06   3.97254688e+05
   1.29462008e+05   1.91465575e+06   1.64324112e+06   8.17206116e+01
   1.78572656e+04   3.39484469e+05   1.15624961e+04   1.27579961e+04
   8.71428938e+05   9.11648730e+03   2.98530600e+06   8.91480938e+04
   5.81319312e+05   2.10942359e+05   8.26775703e+04   2.24159824e+04
   1.85363730e+04   1.22796445e+04   1.87199016e+05   3.22453105e+04
   1.06514962e+06   1.83347402e+04   4.85938086e+03   2.19455925e+06
   0.00000000e+00   1.03628412e+06   9.12003250e+01   1.92798662e+06
   2.03539121e+04   2.23942031e+05   2.09014212e+06   9.58184188e+05
   2.68820166e+03   6.85222062e+05   9.51562750e+05   3.49998718e+02
   6.97002422e+04   2.93999725e+02   3.65535522e+03   9.20202344e+03
   3.96412378e+03   2.58544703e+05   9.35365938e+05   1.20379338e+06
   2.01786340e+03   2.25733574e+04   6.13457909e+01   5.70817969e+04
   2.52087158e+03   1.06373000e+06   4.26979141e+04   1.81022034e+02
   1.69237610e+03   9.22862891e+03   1.99365326e+02   3.89541250e+05
   6.82498625e+05   0.00000000e+00   1.08575134e+03   7.81170625e+04
   1.04340576e+03   5.36036312e+05   5.40821602e+04   2.85277290e+01
   5.43865188e+05   2.70881250e+03   1.63505038e+06   9.18328552e+02
   3.44065277e+02   1.56939422e+05   1.04954925e+06   4.58452820e+02
   7.10737312e+05   7.53232750e+05   1.17501453e+03   1.63110754e+03
   7.15728984e+04   2.29333926e+04   6.48304492e+03   1.14827217e+04
   5.38962695e+03   1.77851281e+05   1.23344736e+04   3.19038110e+03
   1.95618091e+03   8.98192139e+01   3.28336743e+03   7.96008562e+05]
[  2.26665500e+06   1.00345537e+04   6.75036438e+02   3.15236523e+03
   1.58213062e+06   1.94830825e+06   1.73864328e+05   2.39221216e+03
   2.90592461e+04   9.35397644e+02   1.80157532e+03   1.51281689e+04
   3.34679858e+03   3.73191641e+04   3.76934033e+03   2.54079028e+03
   3.67738419e+01   6.23681824e+02   1.80730312e+06   7.87208359e+04
   0.00000000e+00   1.22707878e+02   2.80303223e+02   2.47979328e+05
   1.29814514e+02   1.22668213e+04   0.00000000e+00   5.26408438e+05
   1.65503027e+04   4.23541403e+00   5.59818594e+04   6.78358359e+04
   9.53378223e+03   7.80135859e+04   1.92668398e+04   3.69522109e+04
   5.88026953e+03   3.56212402e+02   9.05083496e+03   0.00000000e+00
   7.74276875e+04   4.61440000e+04   1.17095508e+04   1.20326035e+04
   1.14657119e+04   2.27945625e+04   2.82877906e+05   6.15156758e+04
   1.28943555e+05   1.49375891e+03   4.07729453e+04   2.35622852e+03
   1.53732739e+03   2.38571855e+04   1.80125031e+05   4.26897312e+05
   1.31241500e+05   3.82768531e+05   1.44765312e+04   1.26577644e+02
   1.12663340e+04   1.20704367e+05   4.46186218e+01   2.65768158e+02
   1.20583696e+01   9.18946641e+04   6.73432578e+04   1.30841589e+03
   6.58056885e+02   4.45936836e+04   7.91018500e+05   1.18183228e+02
   2.87258281e+04   1.05780820e+04   3.88754570e+04   1.26365539e+05
   2.20939266e+05   1.18006299e+04   8.51169141e+04   4.79995812e+05
   5.45007751e+02   1.36443467e+04   2.52643738e+01   7.64504766e+04
   6.57113464e+02   4.97853555e+04   1.07147144e+03   1.75361113e+04
   2.10298320e+04   2.46034785e+04   3.25295898e+04   2.12040859e+04
   2.04116531e+05   2.99659938e+05   2.25574268e+03   6.50691376e+01
   5.74652344e+04   1.57518707e+02   6.02873750e+04   7.10244922e+04
   1.09701143e+04   4.32281875e+04   8.13144312e+05   6.87160645e+01
   1.89460376e+03   3.32202188e+04   7.64368594e+04   4.69594688e+04
   4.90975000e+04   1.32967138e+06   2.01591089e+03   1.13195000e+06
   1.09577690e+02   1.35880896e+03   5.64961816e+03   1.88541641e+04
   1.50616467e+03   9.92834570e+03   1.07743250e+05   8.29483672e+04
   1.26990771e+04   4.61239990e+02   8.76193262e+03   8.94025750e+05
   1.64836084e+03   1.83227222e+03   1.42200289e+01   6.24491836e+04
   3.24087158e+02   9.03960438e+05   8.52515469e+04   5.67519775e+02
   8.62153809e+03   1.35013938e+06   1.91735315e+03   2.73557520e+04
   3.35432266e+04   8.48176750e+05   4.24943945e+03   1.64570198e+01
   3.67698908e+00   1.13791919e+03   1.33256621e+04   3.97932539e+04
   1.04985132e+01   6.38899365e+03   1.82553088e+03   0.00000000e+00
   4.58859291e+01   2.09287573e+03   4.32331268e+02   7.14077588e+03
   1.04637644e+06   1.69753797e+05   5.52243103e+02   2.33451656e+05
   2.12707739e+03   3.08289986e+01   3.57085859e+04   8.06173438e+05
   3.37950391e+03   5.33554199e+03   1.58023645e+03   0.00000000e+00
   1.59471312e+05   0.00000000e+00   2.52827375e+05   1.50602637e+04
   1.61662547e+05   1.51677112e+06   1.08943542e+02   1.91922927e+00
   2.26640479e+03   2.64813781e+05   1.07165062e+06   3.49493481e+03
   8.95196973e+03   2.64004395e+03   1.67993398e+04   7.06356201e+01
   1.60674502e+04   1.99786230e+04   4.88540802e+01   3.34875586e+04
   0.00000000e+00   4.99859326e+03   1.49278031e+05   1.66514258e+04
   3.41325146e+03   5.41759827e+02   3.41744312e+05   5.61581592e+03
   4.95079803e+02   9.83745898e+03   3.91820938e+04   3.15708789e+03
   1.87189000e+05   1.74347930e+04   1.03602119e+06   9.05335846e+01
   4.15518860e+02   0.00000000e+00   8.96661625e+05   3.37395859e+04
   2.48714785e+04   1.07054604e+02   2.28242656e+04   1.89449050e+06
   1.98846906e+05   1.13321800e+06   5.07045567e-01   8.05358057e+03
   6.33951465e+03   5.17405195e+04   3.25721582e+03   7.03015078e+04
   3.60526812e+05   6.80512305e+03   1.31706543e+04   7.72189355e+03
   9.60666309e+03   3.60442461e+04   2.07338110e+03   2.41030786e+03
   2.00783463e+01   2.97953945e+04   3.54382125e+05   1.20770654e+04
   1.50068994e+03   3.50660973e+01   5.07981873e+02   3.16180469e+03
   4.44876094e+04   3.37976050e+03   1.12358862e+06   9.63251367e+03
   1.09623779e+04   6.80627125e+05   0.00000000e+00   0.00000000e+00
   4.89271484e+03   2.28708422e+05   1.37801323e+01   0.00000000e+00
   8.42497681e+02   1.65167404e+02   1.68370938e+04   1.51686853e+03
   5.10385531e+05   9.03380078e+04   2.32617617e+04   8.52201016e+04
   6.80700391e+03   1.21201212e+06   1.44148438e+04   4.69308828e+04]
[  1.99877344e+05   3.81778555e+04   1.62321375e+03   1.71947424e+03
   8.08425750e+05   8.73500488e+03   1.98736188e+05   2.62903296e+03
   5.50960022e+02   5.02178688e+05   1.40585469e+04   1.14143422e+05
   6.45446826e+03   2.89875049e+03   4.29841553e+03   1.85020264e+02
   2.22174911e+01   9.10524023e+03   6.23054848e+01   4.62582275e+03
   8.71693906e+04   4.57764766e+04   1.61323389e+04   3.31227383e+04
   2.41081909e+02   1.71725996e+04   5.41163916e+03   3.51952266e+04
   3.63000117e+04   5.61121625e+05   1.12953662e+03   4.42808945e+04
   6.65298984e+04   1.95800797e+05   1.23393145e+04   7.78125078e+04
   1.67528859e+05   1.26653275e+06   2.65053320e+03   1.60880662e+06
   1.48557922e+02   1.59588721e+03   5.97833496e+03   1.17722195e+05
   5.64377344e+04   1.18503154e+04   2.77302466e+03   8.57183984e+04
   7.86765156e+04   3.62097437e+03   2.19888453e+05   1.29962262e+06
   3.75263123e+02   1.56490278e+01   4.32988892e+02   2.72418530e+03
   2.58713843e+03   5.20175703e+04   6.26695156e+00   1.19428838e+04
   3.20543213e+03   5.17632773e+04   2.73038794e+03   8.72641504e+03
   1.70399238e+04   7.18268594e+04   1.24355127e+04   5.60051904e+03
   4.78162656e+04   4.42513711e+04   2.83986953e+04   5.85272412e+03
   4.93295031e+05   1.67245781e+04   6.13435625e+05   5.94329250e+05
   4.47922031e+05   7.07805234e+04   6.30769092e+03   6.96526025e+03
   5.10802441e+03   6.03709412e+02   1.15082914e+05   3.82289459e+02
   8.97401406e+04   9.75155640e+02   1.91893922e+05   1.17609143e+03
   1.11340950e+02   6.41269470e+02   8.81449890e+01   6.77173584e+02
   1.18789004e+04   3.59391418e+02   1.96946000e+05   8.38779663e+02
   1.17877251e+02   2.45796125e+05   2.75279281e+05   5.36486758e+04
   4.47181406e+05   1.19147367e+05   4.14480713e+03   2.95994897e+03
   3.32819492e+04   3.26382349e+03   4.01743500e+05   3.44095977e+04
   9.92431763e+02   7.12861279e+03   2.46438262e+04   4.51486084e+03
   2.15168008e+04   1.30555859e+04   2.76090039e+03   1.77882094e+05
   7.33401758e+03   5.50838984e+04   4.75874648e+04   6.22185781e+04
   2.38395729e+01   4.23251375e+05   8.04330234e+04   2.44919047e+05
   1.88596297e+05   4.47256396e+03   2.55421133e+04   9.58864288e+01
   6.07365967e+02   8.31107941e+01   3.55262817e+03   3.92069766e+04
   5.37243408e+03   5.75491016e+03   9.50451641e+04   9.86429199e+03
   3.08570781e+04   6.26431680e+04   2.15573477e+04   4.50056854e+02
   2.17547882e+02   8.60749844e+04   2.88649756e+03   6.98626641e+04
   8.24385352e+03   1.48424336e+04   4.88718359e+04   1.61313599e+02
   9.74940234e+04   6.88267188e+03   2.94708438e+04   8.36738203e+04
   5.06987915e+02   3.90063375e+05   2.54296936e+02   4.21520312e+03
   6.02918516e+04   5.68297656e+04   2.90116062e+05   3.84940479e+03
   8.92886902e+02   1.51827539e+03   9.92028711e+03   4.56878613e+03
   3.51041650e+03   1.93345879e+04   6.24719180e+04   1.87217141e+05
   2.14107959e+03   3.22488887e+04   4.67156769e+02   1.46629062e+04
   1.78416504e+04   2.64765747e+03   2.28264375e+04   3.53637744e+03
   1.23297234e+05   2.29941309e+03   1.10805539e+05   1.07540461e+05
   6.62414856e+02   1.28590672e+05   2.40773047e+04   1.68600762e+04
   9.41304453e+04   3.46178680e+02   1.73212812e+05   1.20741321e+03
   1.32273330e+04   7.46855188e+05   5.91168242e+04   8.00592139e+03
   8.69413025e+02   1.91507203e+05   3.35332764e+02   3.40316553e+03
   4.90351758e+04   3.91679883e+04   2.73459043e+04   2.56670719e+05
   1.46793535e+04   5.75106140e+02   4.64031758e+04   3.43471094e+05
   1.06306773e+05   9.66555420e+02   7.14474062e+04   1.11489512e+04
   1.57297234e+05   8.31035519e+00   1.70969348e+03   4.51890039e+03
   3.25880332e+04   1.90261758e+04   2.24854844e+05   2.81250267e+01
   3.47244883e+04   3.05798457e+04   1.05062646e+03   5.93322062e+05
   8.30147559e+03   4.33721533e+03   3.84063940e+03   7.05148779e+03
   2.82219863e+04   7.54864216e+00   6.99816818e+01   1.96021270e+04
   1.08488486e+04   5.29102656e+04   9.75555371e+03   1.39089873e+04
   2.64410278e+03   2.17251641e+04   9.48143938e+05   5.60593652e+03
   7.62305566e+03   6.21366309e+03   1.20051700e+06   1.16351436e+04
   8.15224304e+02   9.54540222e+02   8.81160742e+03   1.12328613e+03
   2.48928266e+05   6.15438750e+05   7.93249283e+01   1.86048080e+02
   1.39271172e+05   3.05383633e+04   0.00000000e+00   7.62752812e+04
   2.09718242e+04   2.03793542e+03   6.24866821e+02   5.81989893e+03]
[  1.80871109e+02   5.54849170e+03   5.48295703e+04   1.33231211e+04
   7.28966602e+03   1.93921504e+04   8.64091614e+02   5.04675140e+02
   2.17150848e+02   1.01333099e+02   6.09481914e+04   1.34855664e+04
   2.45219800e+03   4.65369922e+03   8.05959424e+03   1.34840576e+03
   7.43306152e+03   2.56832852e+04   1.47495713e+04   4.61748975e+03
   6.07405029e+02   1.38192875e+05   1.23278203e+04   1.43192017e+03
   1.17308172e+05   2.39973594e+04   3.99231914e+04   1.06674060e+03
   3.21788906e+04   4.97359668e+03   1.75857285e+04   1.43216875e+05
   4.32041455e+03   2.27913652e+04   4.18480430e+04   7.63817188e+04
   4.38093047e+04   6.83981396e+03   2.87651154e+02   1.62927266e+04
   9.38609390e+01   6.73341016e+04   4.65274766e+04   1.96288320e+04
   2.19240204e+02   3.25052539e+03   1.92767207e+04   2.30822480e+04
   0.00000000e+00   2.85896680e+04   1.80038359e+05   4.28552979e+03
   8.24809551e+00   2.93336914e+04   2.98785410e+04   8.93762012e+03
   9.95521545e+01   6.85096484e+03   7.32575867e+02   6.51698730e+03
   3.98041162e+03   1.10658266e+05   1.77278184e+04   2.93622534e+03
   2.61430957e+04   1.90196152e+04   1.09627161e+03   2.48219131e+02
   9.32742090e+03   1.21040698e+03   1.53803291e+04   2.49302002e+03
   8.98894062e+04   7.55473206e+02   0.00000000e+00   1.50567535e+02
   2.06826279e+02   4.00875282e+01   1.58860984e+05   2.57215879e+04
   1.40957535e+02   3.17048809e+04   4.74220781e+04   1.10823953e+05
   1.25585449e+03   1.28146458e+00   4.22528955e+03   5.58051880e+02
   3.34030273e+04   6.56522734e+04   7.02838330e+03   9.58922729e+01
   5.74322500e+04   1.32380039e+04   8.52626953e+04   6.89889453e+04
   9.61618555e+03   8.26828857e+02   2.60367832e+04   1.08750812e+05
   2.96302173e+03   3.34007019e+02   1.23253484e+05   3.65266211e+03
   1.03061172e+04   7.87283672e+04   1.17161426e+03   1.37309234e+05
   1.80907793e+04   2.82951538e+03   3.09543281e+04   8.91780579e+02
   1.08420684e+04   5.35031242e+01   5.13340625e+03   1.64468750e+04
   0.00000000e+00   1.01963672e+05   1.65985123e+02   4.25477969e+04
   2.71093079e+02   1.27889164e+05   2.22664629e+04   5.63762207e+03
   2.90512964e+03   5.56609141e+04   6.93810547e+03   1.30214346e+04
   5.82144336e+04   6.53425928e+03   3.11833740e+02   2.97943242e+04
   3.97443906e+04   1.34567234e+05   3.34850586e+04   1.28634888e+02
   9.38227344e+03   6.38116169e+00   3.40248779e+02   1.22710562e+00
   4.90927305e+04   6.06071594e+02   3.04883438e+04   1.03699432e+02
   1.33036377e+03   3.39789490e+02   2.22452637e+03   5.72161279e+03
   3.15417511e+02   9.80424316e+03   5.09767500e+04   1.17205469e+04
   9.14136841e+02   5.31662305e+03   7.26324692e+01   4.26470804e+00
   3.53238251e+02   8.07468933e+02   5.58294373e+02   6.26414375e+04
   6.56569092e+03   4.73415967e+03   1.78412246e+04   1.42868504e-01
   3.19233320e+04   3.83818359e+02   7.21656875e+04   8.80901367e+02
   1.31743625e+05   1.21569195e+05   1.12555872e+03   5.96438965e+03
   7.51848389e+03   5.33533752e+02   1.73135312e+05   3.54679609e+04
   4.43406953e+04   1.53983240e+03   4.84797607e+03   6.43576416e+03
   4.86491289e+04   3.41544189e+02   1.07235127e+04   3.14514453e+04
   5.26970557e+03   1.00518414e+05   6.91936250e+04   1.84034355e+04
   1.86552795e+03   1.08108752e+03   3.87169495e+02   1.42948955e+04
   2.15806738e+04   1.49410906e+05   1.87971266e+05   5.36053398e+04
   2.24580938e+04   2.08557363e+04   3.41906133e+04   7.35087463e+02
   7.73920312e+04   7.58031006e+03   3.44703674e+02   1.07556031e+05
   1.39365344e+05   1.65709778e+02   4.82179648e+04   6.85093115e+03
   1.30711670e+02   7.76817656e+00   7.15708154e+03   2.41305008e+02
   1.10475632e+02   6.20288391e+02   4.67830859e+04   5.06609375e+03
   4.52312549e+03   3.91103125e+04   2.10618223e+04   4.29371562e+04
   3.17442441e+04   7.87708125e+04   1.87779431e+03   4.98622894e+00
   2.61063984e+04   2.02959192e+03   1.38821448e+03   1.14001274e+00
   5.40291687e+02   2.73634741e+03   2.33218674e+02   6.05051422e+01
   1.52826553e+04   1.75718926e+04   1.65058391e+05   1.50406616e+03
   5.66998320e+04   3.33014185e+03   2.42269766e+04   7.81240918e+03
   5.93308643e+03   5.87726797e+04   1.54359365e+04   1.24076930e+05
   7.77757568e+02   1.31619219e+05   3.71233633e+04   1.33395981e+02
   2.52163208e+03   2.32469707e+04   1.29146904e+04   1.57389750e+05
   9.85005469e+03   2.23702641e+05   4.69196914e+04   5.63996445e+04
   7.66981953e+04   8.69940491e+02   2.45199951e+02   2.97078008e+04
   3.50001953e+04   1.15048630e+02   1.30177402e+04   2.13883789e+03
   2.08358002e+01   2.45828828e+04   1.66404443e+03   1.40734375e+05
   3.80395195e+04   1.45400513e+02   2.16389236e+01   6.72765381e+02
   6.56955957e+03   2.95016528e+03   1.12728125e+05   3.02997539e+04
   4.91986632e-01   3.61098557e+01   3.76093320e+04   6.03674561e+03
   5.20758390e+00   2.31277191e+02   3.42981953e+04   8.66283984e+04
   7.32855469e+02   1.25621982e+04   2.02725830e+02   1.53823596e+03
   2.71210645e+03   8.53691504e+03   1.74131621e+04   1.24340889e+04
   1.47456266e+05   7.43612656e+04   2.08985488e+04   7.79181152e+02
   9.76614914e+01   4.72493347e+02   6.90740547e+04   1.63218301e+04
   7.29185562e+01   2.31797095e+03   4.75414883e+04   2.18729150e+03
   9.05700989e+02   3.89305391e+04   4.13073340e+03   8.37707764e+02
   7.93439609e+04   9.80708771e+01   4.46122475e+01   8.05475732e+03
   7.45212158e+02   5.14773132e+02   8.02527656e+04   8.50670703e+04
   3.24192017e+02   8.68906562e+04   1.72213984e+04   2.17345190e+03
   8.64907227e+02   8.76267969e+03   9.49586562e+04   3.72246387e+03
   1.22955336e+05   7.87221328e+04   1.50330969e+05   9.74638828e+04
   1.22201406e+04   7.94336121e+02   4.45530781e+04   4.31817266e+04
   7.43756875e+04   1.39110059e+03   6.10920677e+01   1.31218701e+04
   8.58809662e+01   1.67538016e+05   5.52380518e+03   1.12690039e+04
   1.27262648e+05   1.42656238e+03   1.60074658e+04   1.25674248e+02
   8.36978027e+03   2.36543301e+04   3.93399727e+04   1.21335522e+03
   9.57235168e+02   6.69893799e+02   1.85949375e+04   7.61071472e+02
   1.08561450e+03   4.00930664e+04   8.29607520e+03   1.64845288e+03
   1.07768367e+05   1.92008618e+03   6.98803359e+04   5.17236719e+04
   8.70490938e+04   1.38262881e+04   4.79902077e+01   4.40365820e+03
   2.75823848e+04   4.38179108e+02   8.08625000e+04   4.97736816e+03
   8.36269375e+04   3.81501855e+03   1.56972900e+03   1.23313123e+03
   2.22575059e+04   2.75056055e+03   1.25507297e+05   2.75002271e+03
   1.04616936e+02   3.56663696e+03   1.62287952e+03   6.41230698e+01
   3.41838320e+04   2.81662285e+04   3.78962830e+02   6.65706797e+04
   3.38621777e+03   3.37306738e+03   1.63265039e+03   2.11960352e+03
   1.71493250e+03   2.56774384e+02   2.08859033e+03   3.14844269e+02
   4.01004028e+03   6.53285742e+03   1.56138828e+04   6.72423516e+04
   1.09769980e+04   1.62813257e+03   1.47937390e+03   4.95243115e+03
   2.08768845e+02   1.58262949e+04   2.67218750e+04   2.41226816e+04
   3.20218555e+04   5.51651514e+03   5.65983984e+03   1.18993027e+02
   3.80061035e+01   2.01443081e+01   1.64715000e+04   9.05989551e+03
   5.92454199e+03   7.18443970e+02   9.32787891e+03   2.22005410e+04
   1.81318909e+03   4.76119922e+04   4.14315469e+04   1.21666855e+04
   7.48923096e+03   1.77349844e+04   3.47017432e+03   1.07130750e+05
   1.80231266e+05   6.38385742e+03   3.65837617e+04   8.94603638e+02
   1.01578773e+05   2.75197021e+03   2.01962646e+03   2.39484609e+04
   5.86738164e+04   1.04495133e+05   2.37541914e+04   1.75909326e+03
   4.14986786e+02   5.26192139e+02   9.77924609e+03   6.01454199e+03
   6.97597461e+03   2.37943530e+03   3.47035625e+04   2.45639992e+00
   0.00000000e+00   3.70585117e+04   3.30933624e+02   4.59280908e+03
   1.64064590e+04   7.21276719e+04   2.67816260e+03   1.83661391e+05
   5.03710742e+03   0.00000000e+00   5.44094678e+03   0.00000000e+00
   2.17917310e+03   5.40647803e+03   2.63707256e+01   2.96178027e+03
   2.85197083e+02   1.55160898e+04   2.37694778e+02   2.06206689e+03
   6.16884688e+04   3.55479336e+04   3.89097925e+03   6.49607620e+01
   5.07445166e+03   1.21825781e+04   2.72178402e+01   6.99191895e+02
   2.56881133e+04   2.66730566e+03   1.07590918e+03   3.86496124e+02
   5.22575684e+03   2.37715674e+03   2.03406934e+04   0.00000000e+00
   8.88249207e+01   2.70859644e+03   5.58672695e+04   2.44997246e+04
   1.02743188e+05   8.99456863e+01   1.51995984e+03   2.26060162e+01
   3.28121328e+04   8.13353210e+02   6.54637930e+04   2.37253006e+02
   1.13397090e+04   1.53435339e+03   1.03530591e+03   4.99804883e+03
   2.46697363e+03   1.01847703e+05   2.32693348e+01   3.41949961e+04
   3.05044102e+04   2.83838520e+01   7.78600235e+01   4.61767930e+04
   2.26380566e+04   6.07038086e+04   4.33672949e+03   1.01840881e+03
   1.91491875e+04   3.88789337e+02   2.71125000e+02   1.46248812e+05]
[  1.94331897e+03   1.17042881e+04   1.65359314e+03   4.74522209e+01
   1.89239551e+04   2.17169476e+01   2.71053594e+04   5.81518672e+04
   1.61413281e+04   4.77938110e+02   1.40328589e+03   1.90969116e+03
   1.14122307e+02   5.88197227e+04   1.28239180e+04   1.96749527e+02
   1.90334790e+03   9.96279004e+03   1.33990100e+03   1.95031665e+03
   4.40230566e+03   3.31400317e+03   1.46457275e+03   5.77632019e+02
   6.35115417e+02   6.87356543e+03   1.43488538e+03   7.70994531e+03
   2.45189258e+04   8.09872742e+02   4.81592140e+01   7.99069290e+01
   3.73466528e+03   1.04233980e+01   6.12360046e+02   1.72012366e+03
   1.31346143e+03   1.81100960e+01   1.30500996e+04   1.03797449e+03
   1.99809492e+04   1.90063223e+04   6.21225243e+01   3.68285312e+04
   2.76468262e+03   4.41668121e+02   7.18315869e+03   5.21469421e+02
   3.50985382e+02   3.82664160e+03   1.47886755e+03   4.71574497e+00
   3.69546920e-01   4.92546055e+04   1.23386694e+03   2.14692245e+02
   5.75478564e+03   9.29326904e+02   2.28304352e+02   4.64410973e+00
   8.33710074e-01   1.00524878e+03   2.38905655e+02   1.12447424e+03
   1.57471021e+03   1.06178154e+02   4.65452051e+03   1.38695886e+03
   1.13482250e+05   1.16957336e+02   6.43047523e+00   2.73849980e+04
   4.95609570e+00   6.89922180e+02   1.68547461e+04   7.76865137e+03
   0.00000000e+00   1.16287217e+04   3.18661743e+03   1.63742828e+02
   3.09569629e+03   7.80641953e+04   2.25411973e+04   3.64991016e+04
   3.28427368e+03   5.33933372e+01   3.29578086e+04   1.82486267e+03
   5.59003540e+02   1.39644482e+03   2.62163848e+04   4.61015430e+03
   7.00599023e+03   3.79175186e-01   1.02613750e+04   4.28863019e-01
   2.17859085e+02   3.66741484e+04   2.80585352e+03   1.43131387e+04
   7.50725952e+02   6.57616797e+03   2.16517749e+03   2.22223969e+01
   4.83940948e+02   2.56283838e+03   3.85501587e+03   3.45659729e+02
   5.94063555e+04   6.35388555e+04   2.39383496e+03   1.42720422e+03
   1.07843726e+03   8.62801172e+03   8.62027266e+04   1.90635229e+03
   8.07689990e+03   2.92956738e+03   8.89507675e+01   4.76131744e+02
   3.54659393e+02   2.56904531e+04   9.65438782e+02   3.09036231e+00
   6.87040156e+04   1.35142249e+03   1.52761340e+03   1.33080231e+02
   8.90846024e+01   2.38872910e+04   9.30867958e+00   5.87679443e+02
   7.46573853e+02   9.72067871e+03   1.56953887e+04   3.67436028e+01
   4.80962601e+01   3.67618164e+02   1.16255742e+04   5.57598019e+00
   7.66486588e+01   6.10083496e+02   3.83351055e+04   2.52346325e+01
   1.07817266e+04   3.72972931e+02   5.58262539e+04   4.58560312e+04
   4.33891016e+03   6.18514282e+02   7.45493594e+04   7.65827832e+03
   1.85625117e+04   2.54556427e+02   2.28447662e+02   7.21887578e+04
   1.37202090e+04   4.92550430e+04   7.28624854e+03   4.88301221e+03
   2.37222773e+04   4.93268457e+03   0.00000000e+00   3.12576782e+02
   5.81701094e+04   1.22638928e+03   1.03967039e+05   4.74702240e+02
   9.54278223e+03   1.59859932e+04   3.93751892e+02   1.11582031e+04
   3.44835273e+04   1.86792734e+04   1.58447714e+01   4.91191992e+03
   1.48572937e+03   7.72817383e+02   1.08317456e+03   5.61414941e+03
   2.65385723e+04   1.08920000e+04   5.54477112e+02   0.00000000e+00
   3.18468604e+03   7.65975547e+04   1.61840045e+00   8.28970703e+02
   5.14610791e+03   2.10013770e+04   2.03152847e+02   4.20724512e+03
   1.74134388e+01   1.90505723e+04   8.83589648e+03   1.06483887e+04
   2.87391357e+03   4.71588086e+04   3.82967682e+02   9.97924844e+04
   1.31311289e+04   1.86267303e+02   9.47821274e+01   8.61354553e+02
   1.07891270e+04   2.76091113e+03   1.97032104e+02   2.76032202e+03
   1.09348061e+02   3.04707153e+03   2.99344702e+03   2.20178345e+02
   4.67389990e+03   8.13178760e+03   9.36278027e+03   6.03999219e+04
   3.42573999e+03   5.10110596e+02   5.96552200e+01   1.78014414e+04
   3.88644440e+02   1.06781189e+02   2.12761572e+03   1.38472397e+02
   5.81211914e+03   2.81346703e+00   1.02414600e+04   5.06691016e+04
   4.07611646e+03   1.82014124e+03   4.66101523e+04   4.49348785e+02
   4.04187546e+01   5.32845000e+04   5.53810883e+00   1.61698172e+05
   8.17787031e+04   2.58063086e+04   1.34195557e+03   7.14846268e+01
   5.19911230e+03   7.28365918e+03   1.07558809e+04   1.25344609e+04
   9.62577051e+03   1.40505020e+04   0.00000000e+00   2.16639629e+04
   2.15437698e+02   2.07767548e+02   2.67147095e+02   1.92465401e+01
   2.45245859e+04   6.42739792e+01   2.72665024e+01   9.62997925e+02
   1.76180389e+02   2.28641211e+03   6.10473047e+03   6.48123242e+04
   2.60074438e+03   1.82718237e+03   8.44521057e+02   1.42451575e+03
   4.32211243e+02   2.24207852e+04   3.00732666e+02   6.39663047e+04
   8.15752930e+03   6.63933936e+03   3.00294373e+02   1.02037231e+03
   2.49483301e+03   2.59107056e+02   3.16619625e+01   1.72256203e+01
   2.41574585e+03   0.00000000e+00   2.40908960e+03   9.41607129e+03
   9.15300354e+02   2.64903931e+02   4.48656836e+04   0.00000000e+00
   2.08738117e+01   2.74779663e+03   9.51902390e-01   2.85883887e+04
   7.54885559e+02   8.78833740e+02   4.19351349e+02   6.76298193e+03
   1.31628453e+05   2.88826309e+04   4.94275732e+03   3.71342017e+03
   2.07795742e+04   3.64555328e+02   2.28903638e+03   6.47566589e+02
   2.14310665e+01   2.98965088e+03   1.82503926e+04   1.95826550e+01
   1.01723564e+04   9.78454492e+03   8.90259338e+02   1.61657422e+05
   9.97816010e+01   7.19089294e+02   1.18935555e+02   3.98956030e+03
   1.14136064e+04   2.13071915e+02   9.30811719e+03   1.13842079e+02
   1.22443180e+05   1.08726425e+01   9.83959274e+01   1.50929797e+03
   1.47285327e+03   9.14007874e+02   8.76471680e+03   1.82989668e+04
   1.13268602e+05   3.79623779e+02   3.59152026e+03   3.19216621e+04
   5.95161230e+03   2.19332218e+01   5.88802266e+04   2.17424219e+03
   2.10417652e+01   3.39729766e+04   4.09128203e+04   1.12388477e+03
   0.00000000e+00   2.85142871e+03   1.70071228e+02   2.71429504e+02
   2.76935957e+04   4.19390547e+04   3.11642456e+03   3.40685469e+04
   2.76814804e+01   4.04327466e+03   1.19395664e+04   7.20359531e+04
   1.13933922e+05   2.21611499e+03   1.25005591e+03   3.38427075e+03
   1.48839587e+03   4.63017920e+03   7.62400469e+04   6.20470195e+04
   7.19007910e+03   5.63898987e+02   2.69636523e+03   1.20546761e+02
   7.90720459e+02   2.70055957e+03   8.48344994e+00   3.35869232e+02
   1.36550615e+04   8.41672656e+04   5.14708374e+02   7.64899805e+03
   3.06796509e+02   4.05841250e+04   5.44287682e+00   2.42100415e+03
   3.04698267e+03   1.20432062e+05   3.54983551e+02   1.39796875e+04
   3.01523621e+02   1.38085376e+03   5.63488574e+03   4.18842627e+03
   3.16912871e+04   1.09677307e+03   8.08883591e+01   1.71098083e+03
   1.85530243e+02   1.62155635e+04   3.84533984e+04   8.78465039e+03
   1.08226148e+05   8.20449414e+03   1.12406235e+01   1.24221954e+01
   3.74424492e+04   2.13884707e+04   1.03175940e+03   5.74327783e+03
   5.45685645e+03   7.73292694e+01   5.57138000e+02   2.39756445e+03
   3.71482697e+02   2.84783862e+03   2.64963105e+04   1.15332949e+04
   1.72270337e+03   7.77080460e+01   5.94747695e+04   4.74611420e+02
   3.35979609e+04   5.95296402e+01   6.06274536e+02   2.19970276e+02
   7.69039600e+03   2.60566875e+04   2.85413971e+02   0.00000000e+00
   1.24909229e+03   2.18625879e+03   1.03935127e+04   6.95838623e+01
   2.84274414e+03   3.35323364e+03   5.58704651e+02   3.17965894e+03
   9.00312805e+02   3.80978750e+04   2.30123804e+03   1.11300964e+01
   3.15351270e+03   4.84150330e+02   9.14850781e+03   2.51169785e+04
   1.69864734e+03   3.94243744e+02   1.53771167e+03   1.17606709e+04
   5.85991821e+02   4.90598145e+02   6.32188633e+04   1.48291670e+04
   2.13818604e+03   1.31388330e+03   2.81103857e+03   1.19076924e+04
   8.75402527e+01   2.84701904e+02   6.44773682e+03   6.50647949e+02
   4.31910950e+02   1.25376636e+03   0.00000000e+00   7.76411438e+02
   2.74287224e+01   0.00000000e+00   6.35170938e+04   0.00000000e+00
   0.00000000e+00   3.15071686e+02   0.00000000e+00   8.51791748e+02
   3.85016577e+03   5.10833545e+03   5.58847119e+03   1.93477881e+03
   6.66318750e+04   3.51227227e+04   2.99724634e+03   4.14614258e+03
   3.52388336e+02   9.27812812e+04   2.45278184e+04   2.34063049e+02
   6.86128052e+02   4.98427849e+01   1.73654260e+03   2.12182441e+04
   8.52491992e+03   4.19871140e+01   2.23673538e+02   2.14314890e+00
   1.50353945e+04   9.06836621e+03   1.85727515e+03   1.80026147e+03
   1.71198929e+02   3.91555328e+02   8.76268906e+04   1.01711311e+01
   2.25080371e+03   1.64836349e+02   1.23229891e+05   2.62945044e+03
   7.73641357e+02   3.20042944e+03   4.48977113e-01   6.54980762e+03
   2.61315826e+02   3.84085175e+02   7.33101501e+02   2.88006543e+03
   2.58761743e+03   5.16374316e+03   6.11233063e+01   7.19447327e+02
   4.67487939e+03   1.01045117e+05   2.62178162e+02   9.37652466e+02
   0.00000000e+00   1.99179355e+04   5.91490674e+03   7.73614453e+03]
[  2.04641296e+02   8.46234961e+03   2.64254907e+03   1.24178748e+03
   2.12638916e+03   3.60223164e+04   2.54094238e+02   2.16335508e+04
   3.68624292e+03   3.66549766e+04   5.90177881e+03   1.44750687e+02
   3.43509570e+03   2.44185879e+04   1.12046152e+04   1.92859570e+03
   3.68821460e+03   2.53404785e+03   4.28184922e+04   8.19461853e+02
   5.86883366e-01   6.52174316e+03   5.74911865e+02   1.56000012e+03
   2.69734473e+04   4.75076256e+01   1.52301191e+04   1.94339561e+01
   8.17402466e+02   8.59244336e+03   8.31240137e+03   6.22794141e+03
   2.67701055e+04   0.00000000e+00   7.64498193e+03   4.34309906e+02
   4.35094287e+03   5.49360859e+04   6.19248509e-01   1.13240928e+04
   5.15405811e+03   1.08129837e+02   3.37317491e+00   1.46618057e+02
   2.93298926e+04   1.52177759e+03   2.49563916e+03   1.99275430e+04
   1.04477283e+03   9.01281204e+01   1.15872888e+03   6.51021042e+01
   1.62135574e+02   2.10021270e+04   7.85863916e+03   1.87978652e+04
   3.29063574e+03   9.04649219e+03   6.63595047e+01   3.56957275e+03
   1.22006982e+03   1.34090833e+03   2.04811157e+03   3.05684834e+01
   3.42248486e+03   1.22650391e+03   1.89401184e+02   2.29907043e+02
   4.55949005e+02   5.34384918e+01   6.30531494e+02   2.33649082e+04
   8.07252441e+03   2.79295380e+02   1.63692578e+04   1.23265762e+02
   2.40425430e+02   4.19889908e+01   8.25697144e+02   1.27487217e+04
   1.59659412e+03   8.50469297e+04   3.45441758e+04   2.82808242e+04
   1.08265969e+05   7.49262573e+02   7.30435547e+03   2.14334648e+04
   7.26326855e+03   4.99135078e+04   2.06357460e+01   2.36183936e+03
   4.52760956e+02   2.29548105e+04   5.47246484e+03   3.32634531e+04
   5.60765898e+04   1.41063175e+01   8.70768359e+03   2.84251050e+03
   8.84046936e+01   1.76364624e+03   3.99630585e+02   7.93119678e+03
   4.09032583e+00   3.74607620e+01   1.51706946e+03   9.73423926e+03
   1.11791487e+01   1.98796992e+04   3.66557953e+02   6.55985781e+04
   1.35583711e+04   9.11752930e+01   6.05511513e+01   1.79230505e+03
   8.27784973e+02   3.65746914e+04   1.95004797e+03   2.63055298e+02
   1.01072636e+01   1.48658423e+03   1.56566201e+04   3.61258148e+02
   2.89744751e+02   1.28372949e+04   7.12807495e+02   9.71842041e+01
   8.65280579e+02   5.18181763e+02   2.90372070e+04   1.57029175e+03
   1.34820007e+02   5.86820508e+03   3.07648682e+03   1.11080049e+04
   1.76110234e+04   0.00000000e+00   7.97594910e+01   5.28844055e+02
   1.23863757e+00   2.41580181e+01   6.17949341e+02   3.19498474e+02
   5.38228264e+01   1.72040625e+04   1.44833984e+03   6.41934454e-01
   2.31801660e+03   6.05159648e+04   1.02721634e+02   3.88731519e+03
   1.55756067e+03   1.41698596e+03   5.92329468e+02   1.88207812e+04
   2.88297272e+01   7.01728577e+02   2.38539261e+02   1.73814043e+04
   7.74396912e+02   9.01515747e+02   4.54189117e+02   3.01054306e+01
   5.63219648e+04   1.01075134e+02   3.02152985e+02   8.87234192e+02
   1.19250889e+04   2.31134844e+04   1.08454628e+01   2.34920853e+02
   5.43968896e+03   4.68077179e+02   2.90798248e+02   8.57650293e+03
   5.06941133e+04   1.61232153e+03   4.52314609e+04   9.41194336e+03
   3.19937949e+04   5.03867539e+04   6.16683731e+01   6.04439209e+03
   2.07401416e+03   0.00000000e+00   1.51170684e+04   5.68148633e+03
   2.08303642e+01   1.15964111e+03   7.54003052e+02   5.30858337e+02
   3.33643799e+03   1.79524316e+04   7.94796204e+02   2.07855254e+04
   2.20760864e+03   4.78232147e+02   2.62819397e+02   7.20206689e+03
   8.56540332e+03   7.35421936e+02   1.45357007e+03   0.00000000e+00
   5.20314209e+03   5.01344788e+02   2.59013599e+03   1.69720605e+03
   1.03183730e+04   2.86813887e+04   2.77062866e+02   2.09204883e+03
   6.39474609e+03   5.96544434e+02   1.99814625e+01   8.96054883e+03
   9.93510000e+04   3.23838715e+02   1.10710083e+03   1.15068535e+04
   2.13353066e+04   8.26689026e+02   8.98907623e+01   7.64267456e+02
   2.22507797e+02   3.62915306e+01   6.90398438e+02   8.56889648e+01
   9.47307434e+02   4.19660217e+02   1.39890945e+02   2.75573761e+02
   7.38949402e+02   1.75277557e+01   3.17823935e+00   1.15930298e+02
   2.55346603e+02   3.38777771e+02   9.36643066e+02   3.97751862e+02
   4.34140511e+01   9.01334381e+01   1.71796094e+03   1.94136855e+04
   3.10226309e+04   1.63982656e+04   1.23863388e+02   5.82541748e+03
   1.15469894e+01   1.97377670e+02   3.07343109e+02   2.58074890e+02
   9.31700879e+03   2.41009229e+03   3.26624203e+00   9.64111176e+01
   9.35527637e+03   1.32007858e+02   1.33802563e+03   1.77433640e+02
   1.45787488e+03   4.95987744e+03   9.94906616e+02   1.48619747e+01
   4.02540586e+04   2.84738184e+03   3.13791465e+04   2.04900859e+04
   3.85759351e+03   2.59300709e+01   2.75326019e+02   3.01092651e+03
   5.04554749e+02   1.75281708e+02   2.79360039e+04   4.43993561e+02
   9.72916931e+02   5.24831116e+02   1.06150811e+04   6.09455420e+03
   1.07063184e+03   4.57188759e+01   3.34905664e+03   1.00428898e+05
   1.18652026e+03   7.69771143e+03   5.66031299e+03   1.43333740e+02
   2.88874207e+02   1.71738203e+04   7.15943298e+02   9.51990479e+02
   1.17793320e+04   3.02735669e+03   2.01726624e+02   6.14868164e+02
   9.88451965e+02   3.06317065e+03   5.64705762e+03   1.85997757e+02
   7.47009430e+01   5.40079407e+02   8.91750781e+03   1.09041374e+02
   2.13379453e+04   6.22338984e+04   4.82959076e+02   8.07182983e+02
   1.05973938e+03   2.16369116e+03   1.40687895e+00   1.51044854e+04
   2.88975549e+00   1.17000342e+04   4.07108789e+03   3.66111250e+04
   1.88335620e+03   9.49484082e+03   1.39403418e+03   9.43110449e+03
   3.11168750e+04   3.87053320e+04   4.04247559e+03   1.01031387e+04
   2.84552948e+02   7.76319824e+02   1.53697009e+03   3.39062134e+03
   2.14441553e+03   3.75256744e+02   1.40923223e+04   6.60262988e+03
   1.20900941e+00   9.36441211e+03   2.50548599e+02   3.32370941e+02
   2.24657917e+01   3.72142070e+04   1.28896692e+03   6.02854375e+04
   5.95644492e+04   2.49042212e+03   1.07892097e+02   3.66023132e+02
   1.60782013e+01   3.22833679e+02   6.22819961e+04   2.44231934e+02
   5.01119922e+03   3.73751660e+03   5.90236670e+03   3.98713828e+04
   7.56374390e+02   3.14870093e+03   2.18207199e+02   3.03575043e+02
   7.32305225e+03   2.57062207e+03   2.01326172e+04   1.59859066e+01
   7.35557500e+04   5.11993469e+02   2.57309141e+04   3.65364136e+02
   2.55638008e+04   1.35701401e+02   5.44060402e+01   8.82073145e+03
   2.02385239e+02   7.10169141e+03   1.74337903e+03   4.95852814e+02
   2.31361496e+02   7.42971143e+03   1.34597424e+03   9.06295547e+04
   2.27385234e+04   2.31177832e+03   6.11624658e+03   5.18362842e+03
   4.95568390e+02   1.75801062e+05   1.69272109e+04   7.17792053e+02
   4.89711365e+02   4.88794434e+03   1.42084869e+02   3.46136017e+01
   1.03439075e+03   7.03774719e+02   5.50905742e+04   2.03267151e+03
   2.28486108e+03   4.80061289e+04   7.00193672e+04   5.31212830e+02
   8.15343399e+01   3.03076055e+04   4.00677979e+03   8.41217383e+03
   7.10122452e+01   1.76537305e+04   8.42737012e+03   5.63777637e+03
   5.35858393e+00   8.34103750e+04   4.62668266e+01   3.00576263e+02
   5.03379242e+02   1.70483044e+03   1.71801892e+03   1.85186406e+04
   1.03245645e+04   1.29851406e+04   1.26905774e+03   1.13416088e+00
   1.08914834e+04   5.85863464e+02   0.00000000e+00   3.71739288e+02
   9.32732117e+02   1.37068457e+04   6.81431104e+03   3.46373405e+01
   4.97398163e+02   4.74234766e+03   7.02896729e+02   1.13704262e+02
   1.81105798e+03   5.80336133e+03   6.50303477e+04   7.89051361e+01
   2.05287930e+04   4.23601990e+02   1.32477020e+02   2.01347122e+02
   2.12652405e+02   3.73593559e+01   1.36840098e+04   1.42109518e+01
   1.34070923e+02   1.15945511e+02   6.03200928e+02   3.47648787e+00
   4.55422668e+01   1.05946602e+04   8.25819397e+02   8.42373352e+02
   1.91556445e+03   6.04421680e+04   8.61429810e+02   4.57360809e+02
   4.96309113e+02   1.54831078e+05   2.89196348e+04   4.67912064e+01
   1.92286074e+04   2.98976440e+03   4.53817695e+04   2.32739629e+04
   5.56807695e+04   6.72977734e+03   1.52119980e+04   2.64312714e+02
   1.03839854e+04   1.12610352e+04   2.45065186e+02   6.86831787e+02
   1.64485596e+02   2.99380096e+02   1.27764775e+04   1.24254248e+04
   1.92422227e+04   1.42415195e+04   1.91216553e+03   1.95630615e+02
   6.96974121e+02   1.05057056e+03   9.46102722e+02   2.59516113e+04
   4.79817285e+03   6.81230011e+01   2.97505371e+03   4.08107338e+01
   2.81405220e+01   2.12938094e+00   3.90382642e+03   1.82555200e+03
   4.56823193e+03   1.94529333e+03   1.10625732e+04   3.56098359e+04
   9.66549219e+03   3.73944067e+03   1.59963303e+02   1.69103833e+03
   2.81763013e+03   3.58770966e+02   3.14894800e+03   1.30161025e+04
   1.26924834e+04   5.18708359e+04   3.68411217e+01   1.26609998e+03
   2.57314766e+04   1.61846494e+04   2.01257507e+02   2.78631363e+01
   3.06682910e+03   1.67035309e+02   7.71960602e+01   7.79639697e+03]
[  2.04397308e+02   8.81731272e-01   7.50630260e-01   3.69698535e+03
   8.03197327e+01   2.41148720e+01   0.00000000e+00   1.19969978e+01
   5.28139526e+02   1.22863457e+02   1.45493555e+01   5.40580688e+02
   1.72270870e+01   2.90643806e+01   9.04751015e+00   3.36104035e+00
   2.15210781e-01   2.60165710e+02   0.00000000e+00   0.00000000e+00
   1.14703583e+02   1.85028262e+04   2.56232593e+03   2.61333832e+02
   8.70604610e+00   0.00000000e+00   0.00000000e+00   1.47063232e+03
   3.90948601e+01   2.49102637e+03   6.78834521e+03   4.85842590e+01
   7.45905273e+02   1.02714638e+02   3.99439707e-02   5.30877100e+03
   2.71565018e+01   1.02109951e+04   1.13055664e+03   1.49707263e+03
   1.10508301e+04   3.37710915e+01   1.76004712e+03   9.62128784e+02
   4.54604301e+01   1.95373523e+00   1.22564282e+03   9.38336365e+02
   8.68696308e+00   1.33023682e+01   1.51867332e+01   1.78949695e+03
   7.89310277e-01   1.11892265e+02   2.46016235e+02   5.20245781e+01
   5.00956494e+03   1.00189873e+02   0.00000000e+00   7.70710693e+02
   4.36151978e+02   1.49184103e+01   3.93359795e+01   8.36315857e+02
   1.70362274e+02   2.19171729e+03   1.31920710e+01   8.13016474e-01
   2.02563263e+02   3.14853878e+01   2.40950928e+03   2.44825134e+01
   1.42616074e+02   3.37409515e+01   2.22255459e+01   6.13645706e+01
   4.84000158e+00   1.75451062e+03   5.99833641e+01   6.63966141e+01
   0.00000000e+00   1.08937759e+02   1.41705261e+03   5.06268250e+02
   4.16145782e+01   2.63347588e+01   1.91409016e+01   2.96274692e-01
   1.43967129e+04   2.05065918e+02   1.30274727e+04   3.01843811e+02
   1.06872598e+04   8.23245605e+02   0.00000000e+00   7.42702881e+02
   1.20368330e+04   1.31209269e+01   4.82942773e+03   2.09509491e+02
   3.13619824e+03   9.14071045e+01   2.42619190e+01   2.39458227e+00
   3.48440381e+03   2.11881030e+03   0.00000000e+00   8.26978760e+02
   6.14259815e+00   0.00000000e+00   0.00000000e+00   2.27974045e+02
   8.57370215e+03   9.12610645e+03   1.58489170e+01   1.86199796e+00
   1.60920459e+03   1.57536401e+03   7.82182217e-01   6.26170692e+01
   0.00000000e+00   2.53965942e+02   2.08489761e+01   2.02052746e+01
   2.20921268e+01   6.47364557e-01   4.55874252e+00   4.29830611e-01
   6.01768761e+01   1.62006226e+03   2.31047705e+03   8.77386658e+02
   0.00000000e+00   3.13512115e+01   1.10519424e+02   1.98281799e+02
   2.12880449e+04   2.12119189e+03   1.22539246e+02   1.77301239e+02
   5.54981250e+03   1.94174515e+02   1.75919571e+01   5.76227979e+03
   1.16380320e+01   7.14379930e+00   8.55950451e+00   2.74695897e+00
   8.21003151e+00   7.41616011e+00   1.10603549e-01   4.16725960e+01
   4.34330597e+01   7.83650875e+00   5.14433411e+02   1.27760067e+01
   1.87679077e+02   5.23392754e+01   4.20033550e+00   1.40103470e+02
   2.36768082e+02   8.81578217e+01   2.04118242e+04   5.40321631e+03
   5.25732373e+03   1.43299502e+04   0.00000000e+00   4.53870166e+03
   4.40625610e+02   8.99068848e+03   5.57622242e+00   7.31183655e+02
   8.63060608e+02   2.14846634e+02   8.63650990e+00   8.26188183e+00
   6.20162720e+02   1.97278714e+00   1.80066025e+02   0.00000000e+00
   3.06246624e+01   1.21613513e+03   0.00000000e+00   1.89280273e+03
   8.10307007e+01   3.12551685e+03   1.20084572e+02   2.91812458e+01
   4.72414746e+03   4.08273010e+02   7.05318527e+01   1.37919312e+01
   1.27284889e+02   9.16834259e+01   7.84269958e+02   7.22219925e+01
   1.58387070e+01   1.11536145e+03   5.22486389e+02   1.13992119e+04
   4.32789459e+01   1.54269717e+04   4.53647308e+01   5.95906792e+01
   3.10307503e+01   1.84763718e+02   7.77002625e+02   6.78741272e+02
   0.00000000e+00   6.51467627e+03   2.62111108e+03   8.06257141e+02
   0.00000000e+00   0.00000000e+00   9.58316803e+01   5.65113086e+03
   4.83681183e+02   1.04221878e+02   8.05038166e+00   7.26876892e+02
   1.72392063e+01   2.31536514e+02   5.31084656e+02   5.00417328e+00
   6.07019580e+03   5.98265820e+03   5.09729795e-02   2.82399769e+01
   8.51836205e+00   1.75149023e+03   6.57560043e+01   1.14266455e+03
   2.73548553e+02   7.55632935e+02   7.85990295e+02   9.35485077e+01
   5.78272133e+01   1.26330225e+04   0.00000000e+00   1.25821973e+03
   0.00000000e+00   1.84417715e+04   1.76537415e+02   3.96148533e-01
   0.00000000e+00   4.86137665e+02   1.14114766e+04   2.19104260e-01
   7.95662212e+00   9.70310497e+00   1.13744238e+03   1.13207960e+00
   2.22104645e+01   4.17238678e+02   7.42106552e+01   1.25930261e+03
   2.19862305e+03   1.52781555e+02   2.51039009e+01   2.18109902e+04
   1.42584238e+01   1.80909500e+02   0.00000000e+00   0.00000000e+00
   0.00000000e+00   0.00000000e+00   5.64416552e+00   7.28201172e+02
   5.80656860e+02   0.00000000e+00   8.96444738e-01   4.84895111e+02
   1.59569979e+01   9.77072656e+03   6.00128174e+03   7.87656097e+01
   1.01032354e+04   7.96216125e+01   8.09536514e+01   3.67284834e-01
   1.85216484e+01   3.42705640e+03   1.32087490e+04   3.96788879e+02
   2.90930182e-01   8.05911621e+02   3.20489429e+03   1.72416840e+01
   3.51637483e-01   3.22589397e+00   6.36989288e+01   1.92332245e+02
   1.69890137e+03   1.83861664e+02   0.00000000e+00   0.00000000e+00
   1.77133209e+02   1.72318802e+02   3.69881058e+00   8.45703602e-01
   5.18416199e+02   9.40803299e+01   1.20168975e+04   0.00000000e+00
   1.48251343e+02   2.67912149e-01   4.54140358e+01   0.00000000e+00
   9.98589551e+03   0.00000000e+00   1.16990137e+04   5.48452415e+01
   4.07916985e+01   0.00000000e+00   4.49240828e+00   6.10315234e+03
   1.67610486e+03   6.57921826e+03   4.30421539e+02   8.43439178e+01
   1.04757217e+04   8.30126526e+02   1.76985474e+01   1.65745926e+01
   2.43436375e+01   0.00000000e+00   9.71419373e+01   5.56806030e+01
   4.94593109e+02   1.39911728e+02   1.69330330e+01   9.27453809e+03
   1.31800613e+01   7.48797729e+02   3.45028503e+02   1.75731763e+03
   2.34901147e+03   1.75416138e+03   5.29222510e+03   2.65109436e+02
   3.24466992e+03   2.69379020e+00   2.32856873e+02   3.45543361e+00
   2.95051587e+03   1.79859042e+00   5.09407031e+03   2.56034027e+02
   5.07046967e+02   5.88982925e+01   1.17758255e+01   0.00000000e+00
   3.96063086e+03   6.81350327e+00   0.00000000e+00   1.39167328e+02
   1.78644434e+04   1.49677246e+03   6.67316699e+03   1.38356876e+01
   4.12166939e+01   7.84955382e-01   1.59256592e+01   1.11561203e+02
   7.09283203e+02   5.07261734e+01   0.00000000e+00   2.36011307e+02
   1.73780991e+02   0.00000000e+00   5.79104805e+01   4.02426660e+03
   2.16511898e+01   4.46794312e+02   5.17758989e+00   3.32194977e+01
   2.78117027e+01   4.88167000e+00   1.44761154e+02   3.36589622e+01
   1.69280991e+02   1.31322324e+04   9.88232422e+00   6.00625732e+03
   5.89634180e+03   6.76331543e+02   2.40270337e+03   4.01970184e+02
   1.87070190e+03   8.75711426e+02   1.93909988e+02   1.25486832e+01
   5.39634033e+02   3.09508532e-01   1.69761627e+02   3.10824108e+00
   0.00000000e+00   6.39743567e+00   2.04584351e+01   1.74758423e+02
   1.18574554e+02   1.64507898e+03   7.58694971e+03   3.25896912e+01
   2.95311317e+01   1.96791077e+01   1.62586258e+02   2.87637234e+00
   1.83984852e+01   1.14573809e+04   1.82919636e+01   3.70545006e+01
   4.73066177e+01   9.18047363e+02   5.87497412e+03   2.62178223e+02
   3.38112329e+03   6.01318703e+01   1.55938807e+01   1.71111345e+00
   1.20434004e+04   9.64966003e+02   1.01838104e+02   2.88281536e+01
   4.03487762e+02   8.85332184e+01   2.43206596e+00   5.44290009e+01
   2.27751656e+01   5.04090723e+03   4.38694873e+03   2.43593979e+01
   1.67427747e+03   8.40940979e+02   6.34605713e+02   3.77198563e+01
   1.51272240e+01   5.06270850e+03   1.22385430e+04   5.30370636e+01
   5.21356316e+01   9.93848705e+00   7.32616043e+01   1.51167114e+02
   7.50136948e+01   0.00000000e+00   4.77424414e+03   6.73038721e+03
   8.07321729e+03   2.22482324e+00   1.95515045e+02   4.86765564e+02
   2.66834198e+02   0.00000000e+00   5.51176636e+02   3.40191260e+03
   5.36314774e+00   8.20578516e+03   1.38474838e+02   2.15254248e+03
   0.00000000e+00   7.47783875e+02   7.87714157e+01   7.17815475e+01
   1.23246016e+04   2.13773060e+00   6.08566399e+01   0.00000000e+00
   2.72754097e+00   5.39920044e+02   2.97298584e+02   1.22194901e+01
   2.35196518e+02   5.53409375e+03   7.59941757e-01   4.92169580e+03
   3.81063354e+02   3.08754468e+03   1.63196313e+03   4.79660721e+01
   4.53864404e+03   4.78569641e+01   2.14830170e+02   9.24268188e+01
   3.53896484e+01   2.34382129e+03   3.90779800e+01   9.36015747e+02
   1.16618834e+01   2.27812573e-01   9.35101032e+00   8.56517883e+02
   2.40350937e+02   7.49944115e+00   4.40455780e+01   0.00000000e+00
   1.80390125e+03   5.88355164e+02   1.86613876e+02   1.56700020e+04
   1.13097664e+02   2.11676102e+01   7.73154785e+03   8.66730566e+03
   1.01651013e+00   6.88783350e+03   1.20386705e+01   2.15196213e+02
   5.54754853e-01   1.42900840e+04   3.39481125e+01   3.16443005e+01]
[  2.52084541e+01   6.84887695e+02   1.80749817e+02   2.40927414e+02
   2.23850342e+02   2.15940811e+02   4.92650490e+01   6.66827576e+02
   4.83263428e+02   9.73784561e+01   2.17741553e+03   9.50826111e+02
   5.31004053e+03   1.19665245e+02   6.47326221e+03   7.21485901e+01
   1.24769878e+01   8.74432449e+01   4.10567291e+02   2.71670563e+02
   1.36694794e+02   5.84281845e+01   4.18608838e+03   2.47626343e+01
   1.52992773e+01   2.09598274e+01   9.03197002e+00   1.58344650e+02
   5.26300000e+03   1.94326572e+01   6.43019056e+00   5.57535553e+01
   8.80055566e+03   1.57484314e+02   4.96454887e+01   1.70210217e+03
   9.03122949e+03   1.66148269e+00   3.08973122e+00   2.87515015e+03
   2.55935156e+03   1.59353796e+03   0.00000000e+00   0.00000000e+00
   4.50745869e+00   2.10028793e+02   1.15824719e+03   8.57199783e+01
   1.33593006e+01   3.08919258e+01   7.75844269e+01   9.25481720e+01
   4.63882874e+02   1.07541223e+03   6.43727417e+02   6.58466016e+03
   2.31895733e+01   9.74386883e+00   3.04803125e+03   6.46811084e+03
   1.37596448e+03   4.44662750e+02   8.84692871e+03   1.76590502e-01
   7.24176407e+01   5.59537231e+02   4.50313234e+00   2.29115906e+02
   1.23212123e+00   1.76430756e+02   1.39142590e+03   2.83445312e+02
   1.24174728e+02   2.73713207e+01   2.47076263e+02   7.57312500e+02
   9.96239700e+01   2.64130829e+02   4.54569873e+03   1.08055997e+00
   5.76699219e+01   3.04779510e+02   1.16042249e+03   2.51254044e+01
   8.62788879e+02   4.71010498e+03   5.56366234e+01   6.01769638e+01
   2.16938916e+03   3.90112701e+02   2.85165710e+02   5.89286865e+02
   0.00000000e+00   5.41632080e+03   7.75069904e+00   2.86407681e+01
   2.90687439e+02   2.16243018e+03   7.64358902e+01   1.22333481e+02
   3.82753372e+00   1.50229721e+02   8.05543823e+01   1.86832829e+01
   1.15668103e+03   0.00000000e+00   1.30862989e+01   5.07547217e+03
   2.31795923e+03   2.11590256e+02   4.54589203e+02   3.60943985e+01
   6.33261536e+02   1.01282281e+03   1.43378906e+03   0.00000000e+00
   2.49779587e+02   2.32041748e+02   2.34037012e+03   3.74067001e+01
   7.13797836e+01   1.32823975e+03   0.00000000e+00   2.49736643e+00
   5.57962303e+01   3.83576294e+02   3.73427094e+02   6.57503281e+01
   4.51975195e+03   2.08385900e-01   4.90403473e+02   4.01455664e+03
   1.21889966e+03   3.41174278e+01   6.32736475e+03   1.50079679e+00
   1.08842838e+00   7.89733459e+02   4.54930481e+02   5.92491055e+00
   3.27414136e+03   0.00000000e+00   7.86771667e+02   1.67355560e+02
   5.26200989e+02   5.96459007e+00   4.12132597e+00   1.07978201e+01
   1.37755072e+00   2.32864799e+01   1.18608141e+00   2.07528992e+02
   2.93425507e+02   3.39688525e+03   1.31645111e+02   8.96436401e+02
   3.29769379e+02   1.97951174e+00   1.57524133e+03   3.32107208e+02
   7.61226196e+02   2.32678394e+03   1.28099976e+01   3.10397888e+02
   3.80379785e+03   2.05281934e+03   1.44063751e+02   2.07923599e+02
   6.40002441e+02   1.84493250e+03   3.78311981e+02   1.84243298e+00
   6.69039917e+02   7.65887451e+00   1.45934544e+01   1.33165431e+00
   1.24395294e+01   7.95887061e+03   6.57323608e+01   9.43365860e+01
   9.00197296e+01   1.12981560e+02   6.83271942e+01   4.95173788e+00
   1.66860645e+03   1.23453367e+00   1.20814285e+02   3.92540514e-01
   2.10606346e+01   2.21658096e+02   2.18993835e+01   3.22780731e+02
   2.87918358e+01   2.13643234e+02   2.15145477e+02   1.40403786e+01
   1.64906403e+02   4.84990931e+00   1.03927299e+02   1.57104282e+01
   4.70953979e+02   1.15811584e+03   1.62870765e+00   5.78599596e+00
   1.65349922e+01   4.32471657e+01   0.00000000e+00   4.71348076e+01
   6.84789991e+00   2.61521816e+01   2.28300098e+03   9.31526108e+01
   0.00000000e+00   0.00000000e+00   2.05843906e+01   5.34874695e+02
   1.88725677e+02   9.04942322e+02   1.66396088e+02   8.65931702e+01
   4.80070618e+02   8.83917969e+02   7.28232574e+01   3.21464447e+02
   2.96385498e+02   4.58476961e-01   2.91047534e+03   6.52569866e+00
   6.62546094e+03   5.67426221e+03   5.86205762e+03   1.14499092e+02
   0.00000000e+00   1.42188583e+02   3.85875977e+02   4.09103931e+03
   6.34328308e+02   7.44371719e+01   4.66799512e+03   2.24854111e+02
   3.56215393e+02   3.70337715e+01   1.94130640e+03   0.00000000e+00
   2.86594940e+02   2.53945630e+03   5.45942688e+02   0.00000000e+00
   3.14044849e+03   1.37254038e+01   0.00000000e+00   2.55077682e+02
   7.62116089e+02   9.01316822e-01   6.14748573e+01   6.61425195e+03
   1.00670218e+00   1.00726753e+02   3.90102730e+01   5.75586624e+01
   4.42133398e+03   0.00000000e+00   8.20153125e+03   3.82958069e+01
   1.58780832e+01   6.45285645e+02   8.87755432e+02   9.79197876e+02
   1.02811356e+02   1.40777515e+03   3.32672607e+02   4.06675568e+02
   0.00000000e+00   0.00000000e+00   7.88602905e+01   3.46695480e+01
   1.02447777e+01   3.34817657e+01   4.27093781e+02   1.74016296e+03
   1.65855007e+01   1.45874233e+01   2.41846948e+03   1.69935646e+01
   8.29450727e-01   9.68449890e+02   3.10744812e+02   3.57042527e+00
   4.69161670e+03   1.54289246e+02   4.12776709e+00   9.94938791e-01
   1.19989307e+03   3.00072357e+02   6.99222852e+03   2.28047516e+02
   1.61962537e+03   5.59672119e+02   4.41349602e+01   1.88812488e+03
   2.92866260e+03   4.13477002e+03   8.15362091e+01   3.45544672e+00
   6.56236084e+03   3.34646655e+03   7.52498779e+03   7.83759155e+02
   5.51628685e+00   2.63604443e+03   1.64129562e+02   2.61550808e+01
   4.60156441e+00   6.36682930e+01   7.33313446e+01   9.43149841e+02
   4.04829932e+03   1.74230515e+02   3.18627106e+02   0.00000000e+00
   1.29086084e+01   2.10826953e+03   9.49755096e+01   2.15985620e+03
   4.94159546e+01   3.44136871e+02   1.35292130e+01   0.00000000e+00
   1.48727369e+01   1.62679996e+01   4.62401581e+00   6.68843365e+00
   7.17946320e+01   8.02791214e+01   1.22430260e+02   8.57240677e+00
   4.70001953e+02   6.33592606e+00   3.36314697e+01   2.84389355e+03
   2.66235425e+03   3.71010303e+03   3.53266571e+02   5.77750492e+00
   4.41779785e+02   6.15944946e+02   2.42208130e+03   5.61421700e+01
   3.12170906e+01   1.90756409e+03   4.11448708e+01   0.00000000e+00
   7.34307520e+03   1.12556686e+01   5.57883789e+02   1.01738424e+01
   4.41425830e+03   6.81485901e+02   1.05693840e+02   2.33572601e+02
   3.22187958e+01   7.08026826e-01   1.94635635e+02   6.69041443e+02
   3.22144507e+03   8.05865765e+00   2.01679783e+01   2.30578976e+01
   4.50335960e+01   9.22805977e+00   6.85301270e+03   0.00000000e+00
   1.50074353e+03   1.97613525e+03   0.00000000e+00   1.60693909e+02
   4.38784149e+02   4.44207129e+03   1.55119461e+02   3.32829803e+02
   4.72741638e+02   7.27619812e+02   2.05551361e+02   6.95786572e+00
   5.14119644e+01   3.86707306e+01   1.31166735e+01   7.42515259e+01
   6.40173706e+02   4.51617775e+01   5.25325732e+03   8.17262268e+01
   3.99271271e+02   1.31082184e+02   7.65591919e-01   1.61464279e+02
   3.50720525e+00   7.99467163e+01   4.79417458e+01   2.13423294e+02
   3.79157495e+03   1.12847534e+02   3.56284363e+02   1.54927344e+03
   6.31067432e+03   1.71232635e+02   6.27307129e+02   1.14326322e+00
   4.05128479e+01   1.18037715e+04   1.23576193e+01   5.24869934e+02
   1.21342415e+02   3.11247563e+00   8.79089127e+01   0.00000000e+00
   3.14825439e+02   4.98991992e+03   1.38748474e+03   4.87434961e+03
   2.76471039e+02   1.70370998e+01   2.10261368e+02   2.20090941e-01
   2.39368343e+01   8.39433975e+01   1.30856293e+02   2.74097485e+03
   9.36959839e+02   3.62280518e+02   6.73488916e+03   2.60260048e+01
   8.81822586e+01   3.65880518e+03   4.16117172e+01   1.62778223e+03
   4.58628760e+03   3.32034874e+01   3.54724213e+02   3.23075378e+02
   3.09120140e+01   1.17249355e+01   8.08687897e+01   9.43523941e+01
   2.18946243e+02   3.84953735e+02   1.18597801e+02   3.65952373e+00
   1.52179785e+01   3.80273933e+01   1.01939678e+01   5.62472046e+02
   7.98450586e+03   1.39808643e+03   1.02973427e+02   1.55109497e+03
   5.50115967e+03   3.20313843e+02   1.64920581e+03   4.22865331e-01
   3.66482025e+02   7.43764420e+01   7.51182785e+01   1.66451144e+00
   3.92477930e+03   5.67071228e+02   1.53945801e+02   4.38999414e+03
   1.19754307e+04   3.91603076e+03   6.10743332e+00   4.89671745e+01
   4.47510414e+01   3.96377869e+02   1.70105019e+01   2.05638321e+02
   1.28066064e+03   1.89100635e+00   6.02175293e+01   2.02814078e+00
   7.60202576e+02   2.83759497e+03   9.77056046e+01   1.72846973e+03
   1.95279449e+02   1.40956926e+00   1.81741772e+01   4.84057764e+03
   0.00000000e+00   1.44039520e+02   1.70624402e+03   2.57293970e+03
   0.00000000e+00   1.84178410e+01   1.96828415e+02   4.28660870e+00
   1.72033615e+01   5.20643799e+02   1.11821375e+03   7.18884668e+03
   6.51001660e+03   3.39767189e+01   7.13978821e+02   2.01291052e+03
   9.80825272e+01   0.00000000e+00   7.06706619e+01   6.13463037e+03
   7.56357574e+01   8.04075928e+01   6.32012711e+01   4.66475830e+03]
[  4.61743317e+02   1.51439342e+01   4.07274151e+00   2.81295872e+01
   2.15801449e+01   1.99663806e+03   3.36593704e+01   6.62991638e+01
   2.12063389e+01   3.51493347e+02   2.42071609e+01   1.80593739e+01
   6.93641357e+02   1.94001245e+03   1.69325027e+02   4.65726405e-01
   4.50321083e+01   2.04029587e+02   3.71292236e+02   1.13573146e+00
   1.33579683e+00   7.10932016e-02   4.40727730e+01   4.60862213e+02
   3.41516137e-01   9.30196285e+00   2.28325629e+00   2.31145573e+01
   2.65808067e+01   4.14943939e+02   7.79833984e+01   1.03551853e+00
   2.32393784e+02   2.73022137e+01   3.32312354e+03   1.89038232e+03
   3.18192005e+00   1.03180444e+03   8.58433247e-01   1.11224609e+02
   5.46843033e+01   7.05207748e+01   7.78029823e+00   1.26670334e+02
   6.35319595e+01   2.71083710e+02   6.06222412e+02   6.76824212e-01
   1.57464714e+01   1.09101982e+01   5.65683167e+02   4.83118802e-01
   3.58374825e+01   5.89017944e+01   0.00000000e+00   4.73702288e+00
   2.43438263e+01   3.98777046e+01   2.68434772e+01   3.81783325e+02
   2.41113033e+01   7.90303268e+01   2.99227834e+00   4.04311295e+01
   2.76707687e+01   1.85334969e+01   1.86838821e+02   6.45998669e+00
   1.07101016e-01   1.43035172e+02   4.78613853e+01   2.54325146e+03
   7.68614197e+01   1.27355059e+04   1.97101965e+03   4.04054909e+01
   1.81547680e+01   4.73125458e+01   1.48794052e+02   1.37929499e+00
   2.44347858e+00   4.03693962e+01   4.15821266e+01   1.66497440e+01
   7.29245605e+01   3.95848721e-01   1.10266138e+03   8.10558128e+00
   2.56297974e+02   2.93048859e+01   8.74526825e+01   1.27232933e+01
   7.38905817e-02   5.12644104e+02   3.78680695e+02   3.14343262e+02
   2.25343723e+01   6.38559647e+01   2.13617828e+02   3.66173363e+01
   0.00000000e+00   2.39226074e+01   1.45875992e+02   2.29761543e+01
   5.46813917e+00   2.45342598e+01   7.81439304e+00   5.86628296e+02
   2.00984421e+01   3.42619717e-01   6.58591919e+02   4.24160385e+00
   1.50721560e+01   5.69247780e+01   0.00000000e+00   0.00000000e+00
   4.33063889e+01   5.37038002e+01   8.06682129e+02   1.67762864e+00
   7.14752197e+02   1.61680813e+01   8.11641216e+00   0.00000000e+00
   1.02621388e+00   1.29655273e+04   1.79127216e+00   1.35459757e+01
   1.30212219e+03   2.04872379e+01   2.63894329e+01   8.29027634e+01
   2.03363464e+02   5.00342026e+01   5.16564014e+03   9.46102715e+00
   4.07303085e+01   1.25763929e+00   2.34440381e+03   3.48211250e+01
   1.55288982e+01   1.14631409e+03   9.75778461e-01   1.84683984e+03
   3.22488403e+01   1.76087784e+02   5.74742556e+00   3.43791321e+02
   4.66126068e+02   5.40362511e+01   1.22407703e+01   1.21111679e+02
   1.37352600e+01   2.16490555e+01   6.85197266e+02   1.56720657e+01
   7.72243271e+01   0.00000000e+00   5.89391899e+00   9.42575806e+02
   7.55204590e+03   1.17247461e+03   4.98050213e+00   4.85121613e+01
   6.65980606e+01   5.33967733e+00   1.30132965e+02   2.99959373e+01
   1.75943832e+01   2.69662609e+01   3.56179771e+01   3.79280138e+00
   3.18889284e+00   1.22533679e+03   1.24309978e+01   6.16289978e+01
   1.00387430e+01   3.51123390e+01   8.69154282e+01   4.52973633e+02
   8.54525757e+01   7.27071991e+01   5.88282715e+02   5.97941437e+01
   1.83455017e+02   1.23207489e+02   2.78657937e+00   2.82364416e+00
   1.76803589e+02   1.87368317e+02   1.21745415e+02   0.00000000e+00
   5.21686230e+03   1.11948364e+02   0.00000000e+00   2.10973618e+02
   6.47072220e+01   1.12579681e+02   5.36132774e+01   1.35823804e+03
   1.83827095e+01   8.55726433e+00   3.11409399e+03   2.20425930e+01
   1.60472565e+01   1.07055864e+01   5.91093079e+02   9.34059334e+00
   3.63581177e+02   1.37945557e+03   2.97397766e+02   2.77862644e+00
   6.90991699e+02   1.59910965e+01   8.74674072e+01   9.15800629e+01
   0.00000000e+00   4.50991173e+01   4.71520361e+03   2.29383698e+02
   0.00000000e+00   8.08047676e+00   8.27427368e+01   2.32847996e+01
   6.59643021e+01   1.06077856e+03   1.48829453e+02   5.48173180e+01
   1.45957959e+00   5.71006470e+01   2.47868938e+01   9.18982910e+02
   1.45657883e+02   8.04263367e+02   0.00000000e+00   6.15649670e-02
   1.16889862e+02   1.72829797e+03   3.46342358e+03   6.43834534e+01
   5.71550083e+00   6.19127655e+01   2.52462433e+02   5.66605143e-02
   1.41163921e+01   9.87004414e-02   1.47730139e+03   2.42083430e+00
   3.28731506e+02   1.15090881e+02   1.56358740e+03   2.91875610e+01
   5.04542046e+01   8.69626831e+02   7.79977295e+02   2.92872047e+00
   2.13413437e+02   6.77401962e+01   3.72308130e+03   1.33337814e+02
   9.44531097e+01   1.15095367e+01   1.78035858e+02   4.17056274e+01
   6.10513458e+01   1.74067497e-01   2.10949387e+02   7.39112329e+00
   8.71769714e+00   5.30968361e+01   2.53311646e+03   4.77844788e+02
   3.64241882e+02   1.52766876e+01   2.55369080e+02   4.32530937e+01
   7.09643677e+02   3.90339317e+01   7.47847271e+00   2.86775708e+00
   7.96239868e+02   8.03803024e+01   2.36098785e+01   1.23009229e+03
   9.32299500e+01   1.01557854e+02   1.11949892e+01   4.65724754e+01
   5.54886055e+01   2.07457916e+02   7.11565247e+02   1.31685120e+02
   8.20792999e+01   3.20137711e+01   2.16611366e+01   7.21096878e+01
   6.34090500e+01   1.03415320e+03   1.08748789e+01   3.53772583e+03
   9.11484985e+01   7.22238016e+00   2.43061865e+03   3.69121521e+02
   1.08436455e+02   5.72182190e+02   2.11829319e+01   1.44372925e+03
   4.87798042e+01   2.31189102e+02   8.50346446e-01   3.57949715e+01
   2.66627445e+01   1.96607780e+01   3.14861353e+03   5.57176208e+01
   3.62545679e+03   6.43715501e-01   3.91192810e+02   6.32978134e+01
   2.06479168e+01   3.54321442e+01   2.73336853e+02   2.07143509e+02
   5.55775566e+01   2.52652008e+02   3.86691713e+00   7.39471207e+01
   6.35577240e+01   6.33646393e+01   5.98178005e+00   4.92612953e+01
   0.00000000e+00   5.96240692e+01   2.67133927e+00   4.35233032e+02
   5.30290079e+00   1.52865906e+02   5.28849976e+02   3.63408325e+02
   1.68798630e+02   0.00000000e+00   1.19225073e+03   8.06433392e+00
   1.74793720e+00   5.20988941e+00   1.16553307e+02   6.29429770e+00
   1.67874527e+01   2.37839394e+01   7.86982727e+00   4.24476191e-02
   0.00000000e+00   6.54028473e+01   1.76225452e+01   6.58686035e+03
   7.70659180e+01   9.27199841e+00   8.33215714e+01   2.37914600e+01
   1.23640490e+00   2.06193268e+02   4.42844696e+01   2.05547314e+01
   7.20473022e+02   1.54004514e+00   1.87673798e+02   1.18349228e+02
   4.09840546e+02   6.95179901e+01   1.28477657e+00   1.39330902e+02
   1.22035934e+02   0.00000000e+00   4.94394112e+01   1.51222486e+01
   1.63155872e+03   1.35217756e-01   1.15141884e+02   8.05832100e+00
   2.97706013e+01   2.60833594e+03   2.96319849e+03   0.00000000e+00
   6.93256592e+02   4.82367630e+01   2.65856705e+01   3.63516174e-02
   5.81473808e+01   0.00000000e+00   2.61811987e+03   6.24602203e+01
   9.85427704e+01   2.26085251e+02   1.16788550e+03   1.01826520e+03
   6.87489471e+01   1.23470230e+02   2.61264801e+02   1.28173865e+03
   2.18662472e+01   3.23737907e+01   6.99186087e+00   1.07062137e+00
   2.07316376e+02   3.31246289e+03   1.20343475e+01   6.44741821e+02
   1.34213242e+02   1.11636887e+02   6.04425049e+02   2.33474756e+03
   1.48244691e+00   1.52277191e+02   1.02691003e+03   1.00419259e+00
   1.28009506e+02   3.35135603e+00   3.44119598e+02   8.35342789e+00
   6.50712524e+02   1.42683468e+01   2.31583672e+01   4.89939594e+00
   4.38659729e+02   4.58693604e+02   3.04542847e+02   3.26882057e+01
   1.10548398e+04   7.95897156e+02   9.00796967e+01   1.69632988e+01
   9.34516449e+01   1.49364172e+03   8.23573761e+01   3.17826782e+03
   1.42565955e+03   5.08841934e+01   2.64112930e+01   6.52287674e+00
   1.05197585e+00   4.14868042e+02   7.83495102e+01   6.12229385e+01
   2.76831207e+01   8.94705200e+01   1.53706002e+00   7.80843658e+01
   1.36025028e+01   1.55352821e+01   1.99474049e+01   2.30587196e+01
   3.45559769e+01   2.12964828e+02   7.56745453e+01   5.02080469e+03
   1.70174370e+01   1.26135474e+03   1.73115524e+02   3.04199829e+01
   1.64911957e+02   1.48896021e+03   8.81048203e+00   2.38730454e+00
   4.18669006e+02   1.01910009e+01   2.76828906e+03   7.43651657e+01
   3.73324943e+00   3.54912567e+01   2.76025105e+01   7.70694122e+01
   7.72324463e+02   1.45824353e+03   2.66523804e+02   2.81841162e+03
   0.00000000e+00   2.08773041e+00   5.36829948e+01   0.00000000e+00
   5.79843140e+01   1.41408558e+01   5.24523743e+02   0.00000000e+00
   1.92780350e+02   1.40242599e+02   6.07703733e+00   6.75824829e+02
   1.42493378e+02   0.00000000e+00   2.65881958e+01   3.82703522e+02
   4.07975349e+01   5.98261780e+02   5.48243042e+02   6.55717285e+02
   1.66582922e+03   6.10064331e+02   6.33164482e+01   4.60436897e+01
   1.97620508e+03   3.78506393e+01   3.37822962e+00   1.09316492e+03
   1.15512505e+01   8.52975769e+01   3.50091782e+01   2.41347473e+02
   8.61050659e+02   7.80741455e+02   1.43740710e+03   2.94583023e-01]
