bicycle
bus
car
motorbike
person
[ 21709328.     10846509.     28600118.     23584018.     32479522.
   6760286.      8511481.      2952945.75   15843745.     13782223.
  10651651.     15725757.      8882532.      5032525.     19197574.
  14242629.     17095122.     11088656.     35041744.      6603194.
   6864418.     23742836.      3903476.25   14504925.      5854558.
  20725680.     13109683.     14453177.      1908306.25    9185825.
  16421130.     31519454.     27427616.      1209548.875  36518288.
   2348613.75    9250201.      2878514.5    15372985.      2915546.
  17262838.     16420213.     50210512.     33795276.     19474320.
  18047306.     16791374.     19663450.      2422474.5    24062452.
  40484732.      6766283.5     9928053.      8921843.      5490793.5
  13584867.     20154094.      8497450.     13617877.      6256822.
   6897015.      2640594.     14854738.      4122469.25 ]
[  3.48882680e+07   8.12678400e+06   2.33082220e+07   1.22889836e+05
   8.29561000e+06   3.35892000e+06   1.33727990e+07   3.36185107e+03
   1.60538580e+07   6.23783050e+06   2.64703320e+07   1.94897780e+07
   1.18588242e+04   1.01323962e+06   1.50491330e+07   1.04137220e+07
   4.26288150e+06   3.84824960e+07   2.24207660e+07   6.95799450e+06
   7.47721953e+04   3.20520680e+07   3.83429500e+05   2.46298180e+07
   1.95560109e+05   2.46959360e+07   6.44418500e+06   7.95406438e+05
   1.33841980e+07   8.85204407e+02   2.79224780e+07   1.89379272e+03
   8.75698438e+05   1.85841920e+07   1.27289960e+07   3.17217875e+06
   1.21910992e+05   1.09868510e+07   2.92156120e+07   2.03967460e+07
   6.29753350e+06   3.25795275e+06   1.66189225e+06   8.89220300e+06
   4.02748240e+07   2.54066000e+07   1.63740031e+05   4.34756120e+07
   1.92354980e+07   2.63859450e+06   1.70662480e+07   2.73192360e+07
   4.13690600e+07   2.51848320e+07   3.94840781e+05   2.30164580e+07
   1.14653160e+07   5.67327720e+07   2.92121150e+06   1.23006130e+07
   3.28664020e+07   1.21716711e+03   1.20744620e+07   4.77045480e+07]
[  3.83937100e+06   1.02777540e+07   2.93507625e+05   8.59587188e+04
   2.33267285e+04   4.18464414e+04   1.07169016e+05   2.90743950e+06
   9.15293945e+03   9.62353875e+05   8.09701550e+06   4.01004219e+05
   2.71872438e+05   2.25848075e+06   2.59256523e+04   1.90296895e+04
   2.11145500e+06   2.38110172e+05   2.66981969e+05   4.73564250e+06
   9.40565938e+05   2.53174634e+03   9.47900200e+06   1.25273610e+07
   8.49640200e+06   0.00000000e+00   2.33835734e+05   2.97926350e+06
   8.17288250e+05   6.12174950e+06   7.45250781e+03   7.95238150e+06
   8.48237188e+05   4.97207250e+06   2.77338025e+06   4.33084400e+06
   6.19797773e+04   1.46365420e+07   1.94779325e+06   4.08213599e+03
   6.37726750e+06   3.88421675e+06   5.26433700e+06   1.25445120e+07
   3.56799450e+06   1.36988172e+05   1.12222230e+07   1.88549062e+04
   2.11264275e+06   9.25784125e+05   2.31849675e+06   3.26188379e+04
   3.93605650e+06   1.04062888e+06   1.20105600e+07   9.91667400e+06
   1.11657800e+06   5.13741846e+03   1.25228359e+05   2.28976062e+05
   1.50400888e+06   1.36136010e+07   8.34319400e+06   3.78423800e+06
   1.64577100e+07   1.53038600e+06   1.14626400e+07   7.00027500e+06
   7.75998906e+04   1.12556975e+06   7.38659050e+06   8.60486500e+06
   7.87651875e+05   1.98419516e+05   0.00000000e+00   1.49973575e+06
   3.73546375e+05   5.51694000e+06   2.85767050e+06   5.70636562e+05
   1.07845664e+04   4.73069350e+06   3.22215925e+06   1.44047241e+03
   5.35908200e+06   4.99358500e+06   3.20117625e+06   1.90306580e+03
   6.40781400e+06   1.34491475e+06   6.18894550e+06   3.68147550e+06
   9.83588000e+05   4.08023125e+06   3.39886375e+05   5.26587150e+06
   2.26550366e+03   2.56900425e+06   9.61601562e+05   2.61693453e+05
   4.98369250e+06   6.00401812e+05   8.88166562e+05   1.20951012e+06
   3.49293652e+03   1.18205688e+06   7.51768594e+04   1.17864388e+06
   2.47478500e+06   4.84749625e+05   2.83548809e+04   7.30880550e+06
   6.47305000e+05   5.33355200e+06   4.84147700e+06   8.24752100e+06
   1.93227738e+06   8.63833312e+05   3.51026575e+06   1.39100312e+06
   2.72845950e+06   4.25612000e+06   2.73915281e+05   3.97293675e+06
   1.50927438e+06   5.94082764e+03   1.89455860e+07   3.59384460e+02]
[  2.90440375e+06   2.58199150e+06   1.02456414e+05   0.00000000e+00
   3.75337280e+03   2.93995825e+06   5.08425156e+05   1.61249625e+06
   1.30692680e+07   4.49161750e+06   6.47092350e+06   6.13759650e+06
   1.64851425e+06   5.43323438e+05   1.60608008e+03   2.69815100e+06
   1.37529888e+06   3.88432925e+06   1.38864638e+06   6.66510205e+03
   8.74937000e+06   3.82843525e+06   1.33132262e+06   4.29343281e+04
   9.99993500e+05   2.17221891e+05   1.81849662e+06   7.00310800e+06
   1.82789891e+05   5.53049300e+06   1.88335371e+04   1.30805030e+07
   4.07655900e+06   1.07692450e+06   7.38673562e+05   1.68940725e+06
   2.67805675e+06   8.84372100e+06   6.96752734e+04   1.06709971e+04
   1.17009138e+06   1.54448301e+04   1.26332949e+04   2.88455188e+05
   5.46448000e+05   7.98909950e+06   4.14679575e+06   6.60062150e+06
   2.60230925e+06   1.39555300e+07   2.37112500e+06   4.18876450e+06
   4.65981450e+06   2.11213675e+06   5.75018320e+04   4.70950156e+04
   6.34127850e+06   3.14845062e+05   1.13240952e+02   3.03128625e+06
   3.60758225e+06   5.08266100e+06   6.78297500e+06   3.03291700e+06
   3.20655562e+05   9.89181500e+06   2.29536531e+05   4.33391050e+06
   3.91805050e+06   6.06946150e+06   1.31894325e+06   1.13699440e+07
   1.06755970e+07   4.68439100e+06   1.70585480e+07   9.16966919e+02
   4.61764300e+06   1.79769950e+06   1.41115990e+07   2.52980725e+06
   2.57914225e+06   7.37224316e+03   8.73388200e+06   3.31463425e+06
   8.19244824e+03   4.97024250e+06   3.09740438e+05   2.68547100e+06
   1.23745889e+04   6.24534750e+05   2.69570098e+04   5.20119850e+06
   4.83343531e+05   8.76010500e+06   8.15386562e+05   2.52581725e+06
   3.80490969e+05   4.90239600e+06   8.90168250e+05   1.15129260e+07
   3.92902891e+04   1.50528250e+05   1.39069040e+07   1.33187366e+03
   9.72433203e+04   1.28544670e+07   2.12970325e+06   4.62117550e+06
   9.50055300e+06   4.80965650e+06   1.05764775e+04   5.23056400e+06
   2.53567891e+05   2.07970860e+07   4.09635575e+06   6.96827625e+05
   7.24345062e+05   4.29884900e+06   1.40370781e+04   4.21844727e+04
   1.21019140e+07   2.72017200e+06   1.14815771e+04   6.48962100e+06
   5.50567650e+06   1.60626625e+06   1.03510500e+07   6.68131400e+06]
[  0.00000000e+00   4.59520801e+03   1.03676000e+06   6.99859180e+03
   3.19879150e+03   9.06437866e+02   1.08228775e+02   0.00000000e+00
   2.17079950e+06   9.83787207e+03   1.19674400e+02   4.51096729e+03
   0.00000000e+00   4.32826211e+04   4.59157539e+04   3.63734766e+03
   8.78909062e+04   7.35351250e+05   1.15098096e+03   4.08374375e+04
   1.65578485e+00   6.28258252e+03   3.53690062e+05   4.36485059e+03
   1.16579199e+04   3.98515045e+02   1.49075250e+06   0.00000000e+00
   1.69150439e+03   3.39770947e+03   6.20052299e+01   1.01258537e+02
   2.08874941e+00   5.96736875e+05   4.90118945e+04   1.38500262e+06
   1.88408850e+06   4.76923193e+03   2.34316589e+02   9.69740039e+03
   2.99199316e+03   2.91812683e+02   1.73654651e+03   2.34491812e+05
   2.92429224e+03   2.01008008e+03   1.73239779e+00   3.49527779e+01
   4.37503320e+04   8.06638379e+03   2.58099727e+04   4.33767670e+02
   1.22378638e+06   2.97377312e+05   1.92999535e+01   4.73572422e+04
   4.24559406e+05   7.56748500e+05   2.85697601e+02   0.00000000e+00
   5.94112656e+04   7.17279492e+03   3.88075031e+05   3.35591406e+04
   1.60430794e+01   4.91773730e+03   4.21605103e+02   2.33707788e+03
   2.75571948e+03   8.68270547e+04   1.37144962e+06   1.13162475e+06
   0.00000000e+00   1.19212764e+04   1.24483437e+02   7.27629395e+02
   7.54342346e+02   2.43241906e+05   8.09910750e+05   1.56190688e+05
   2.58343047e+05   5.74610535e+02   3.45364038e+03   6.38301819e+02
   1.70706775e+06   2.15600050e+06   6.24432375e+05   1.51133462e+06
   1.87815266e+05   1.10979752e+02   2.42916870e+03   5.21092188e+04
   2.67157000e+05   5.03583203e+03   0.00000000e+00   7.13140283e+03
   1.71900671e+03   6.44854000e+05   1.83959814e+03   1.32231797e+04
   2.19416211e+04   3.59468945e+03   1.29817000e+06   1.96223750e+04
   9.22021118e+02   4.56693066e+03   6.07003613e+03   1.33236182e+03
   0.00000000e+00   8.00551875e+04   6.57909625e+05   9.73915527e+03
   0.00000000e+00   2.22164512e+04   2.09817246e+04   2.47358960e+03
   7.93776169e+01   5.46031562e+04   1.02866101e+03   1.72574450e+06
   9.59222266e+04   8.16150382e-02   1.99793242e+04   2.80393402e+02
   5.29938428e+03   7.69215875e+05   4.06372070e+02   0.00000000e+00
   7.95323188e+05   7.23060791e+03   1.02129175e+03   1.02850713e+04
   6.31666895e+03   1.11165050e+06   0.00000000e+00   1.69890063e+03
   2.93990725e+06   4.98670875e+05   1.88845645e+04   0.00000000e+00
   4.61617188e+03   4.52548584e+03   7.87063660e+02   5.08148375e+05
   1.05939407e+02   1.86696600e+06   5.98541565e+02   8.69112793e+02
   8.16631328e+04   1.70182381e+01   4.67588525e+03   1.75919861e+03
   7.62964844e+04   3.06667285e+04   4.33957188e+05   3.74935620e+03
   2.68690601e+03   2.64270219e+05   1.01249350e+06   4.02033812e+05
   2.01317841e+02   7.12738750e+04   8.10474625e+05   5.98887207e+03
   1.37882500e+04   2.25994750e+06   1.07397662e+06   4.45718086e+04
   1.66367266e+04   1.42691638e+06   1.39956888e+06   4.80030811e+03
   5.92984473e+03   4.09862156e+05   4.24489893e+03   9.52013574e+03
   1.47125938e+06   4.30928986e+02   1.87280288e+06   1.35998594e+05
   2.84763469e+05   5.90161484e+04   7.11642438e+05   4.63997930e+04
   1.43432520e+04   5.95397412e+03   3.05860430e+04   1.96528027e+04
   5.22538500e+05   3.30207593e+03   2.05229443e+03   1.83277862e+06
   0.00000000e+00   8.16248000e+05   2.81903172e+00   1.75918275e+06
   1.10659219e+04   4.34689594e+05   1.63234962e+06   6.20451500e+05
   5.73461121e+02   1.75833100e+06   1.44260612e+06   3.92767334e+02
   2.94846699e+04   1.44208954e+02   3.97167786e+02   2.87624438e+03
   8.02386353e+02   9.19502625e+05   5.30420188e+05   1.33298588e+06
   7.63638477e+03   3.54384766e+04   8.48969817e-01   3.22193164e+04
   1.51003467e+03   9.68287062e+05   1.27137783e+04   2.67975464e+02
   5.24706116e+02   3.52722241e+03   1.92896936e+03   4.10603789e+04
   3.32379188e+05   0.00000000e+00   6.42734299e+01   1.75821359e+05
   4.19652977e+01   7.39206750e+05   1.20832354e+04   5.08272430e+02
   9.54089875e+05   7.01163135e+03   6.77467750e+05   2.18381073e+02
   4.06123383e+02   3.40803555e+04   5.52836438e+05   2.39887305e+03
   3.94481250e+05   1.13008138e+06   7.62056763e+02   1.53253906e+02
   2.47752207e+04   4.61054248e+03   3.98917999e+01   1.72400012e+03
   1.28747637e+04   3.55426531e+05   6.57874268e+03   3.08579926e+02
   2.16118994e+03   8.39220047e+00   1.19374069e+02   4.54225531e+05]
[  1.27253500e+06   3.08501099e+03   9.84658264e+02   1.68774796e+02
   1.41517925e+06   1.62465625e+06   2.39245484e+05   2.95857971e+02
   1.93371816e+04   4.29411957e+02   9.95193176e+01   6.59167627e+03
   1.50310059e+03   1.75330820e+04   2.00572437e+03   3.72340942e+03
   3.62507446e+02   2.27345734e+02   9.57720062e+05   3.92948945e+04
   0.00000000e+00   2.49090039e+03   2.77823822e+02   3.27879188e+05
   0.00000000e+00   1.11640247e+03   0.00000000e+00   2.78920000e+05
   1.26266982e+04   1.44080124e+01   1.25951318e+04   3.65951050e+03
   1.95603066e+04   4.46715547e+04   9.35719727e+03   6.77285938e+03
   8.52131738e+03   1.67403046e+02   1.94433533e+03   0.00000000e+00
   1.39158672e+05   1.92980723e+04   5.53096533e+03   2.55157178e+03
   2.18039502e+03   1.40888047e+04   3.12286812e+05   1.03200703e+04
   6.64806172e+04   6.36343880e+01   2.12512964e+03   2.04662109e+03
   3.66137378e+03   5.48437207e+03   1.38698484e+05   8.62164141e+04
   5.28190234e+04   9.16184922e+04   4.74247266e+04   1.67582214e+03
   1.31752124e+03   2.31262227e+04   0.00000000e+00   1.82140865e+01
   0.00000000e+00   8.01444766e+04   3.78538438e+05   8.34640961e+01
   2.86974548e+02   1.42413242e+04   7.65351125e+05   1.33689026e+03
   2.22685430e+04   8.09685938e+03   3.72810273e+04   3.17275684e+04
   1.00694383e+05   4.98569678e+03   4.20626211e+04   3.36462906e+05
   7.15941010e+01   7.16092432e+03   7.53689671e+00   1.82653691e+04
   1.24504016e+03   1.50492422e+04   4.52708496e+02   8.77759863e+03
   2.65977930e+03   9.02658301e+03   3.88749585e+03   6.70712061e+03
   1.29198203e+04   4.44077438e+05   3.19724170e+03   2.73753262e+01
   1.33240281e+05   2.05383110e+01   5.23022363e+03   1.61141133e+04
   4.86019806e+02   1.55418896e+04   7.54943625e+05   1.45621933e+02
   1.34671948e+03   1.00775117e+04   3.05957617e+04   3.52018320e+04
   3.74182852e+04   1.22676975e+06   5.31654053e+03   5.74683750e+05
   1.48342476e+01   8.56873535e+02   2.89893066e+03   5.94070996e+03
   3.67884839e+03   8.91925879e+03   1.56653740e+04   1.32984805e+04
   2.71670947e+03   3.14394318e+02   3.05831836e+03   1.48418484e+05
   7.31204529e+02   1.53277429e+03   1.35006416e+00   7.30379736e+03
   6.18189453e+02   1.90249238e+06   1.24636221e+04   1.23223645e+03
   1.31074341e+03   1.21473900e+06   5.43699585e+02   8.45781543e+03
   1.45071338e+04   6.46429750e+05   5.12164844e+03   1.06082907e+01
   2.59372067e+00   1.50247421e+02   3.19458325e+03   3.66956055e+04
   0.00000000e+00   4.20411328e+03   4.40892432e+03   0.00000000e+00
   0.00000000e+00   2.80507721e+02   1.65966638e+03   1.24068335e+03
   6.27030625e+05   9.19578203e+04   2.73255825e+01   2.06472266e+05
   4.69287872e+02   3.17248325e+01   1.04751992e+05   1.03521731e+06
   2.30436875e+04   3.36427686e+03   6.16165955e+02   0.00000000e+00
   2.17783281e+05   0.00000000e+00   2.48156391e+05   1.00801953e+03
   2.83853156e+05   1.40763500e+06   2.60401062e+02   5.84089756e+00
   1.74423555e+04   1.25104266e+05   4.53258750e+05   8.46616333e+02
   1.58927271e+03   7.64056152e+02   4.40478613e+03   0.00000000e+00
   1.34624121e+03   8.21225977e+03   7.78055725e+01   1.08103184e+04
   1.72597182e+00   1.56072998e+02   5.55247852e+04   4.62585352e+03
   1.08696375e+03   7.78832865e+00   6.68547625e+05   7.11979736e+02
   4.43316078e+01   5.77457666e+03   2.26247852e+04   1.24972864e+03
   1.62233818e+04   1.66947480e+04   3.92356531e+05   3.15654635e+00
   2.40143299e+01   0.00000000e+00   4.04837062e+05   8.88555957e+03
   8.78861133e+03   3.33248047e+02   7.09750488e+03   6.25216500e+05
   6.13788047e+04   1.14062150e+06   0.00000000e+00   5.65405884e+02
   8.74034473e+03   1.35758584e+04   1.37696643e+03   3.93909844e+05
   1.73739359e+05   1.76144861e+03   1.39920288e+03   9.33600586e+02
   3.95468164e+03   6.86276172e+03   1.31620010e+02   6.10911743e+02
   1.25604219e+01   6.37875430e+04   4.46228867e+04   3.99394414e+04
   5.93392761e+02   0.00000000e+00   3.40498466e+01   3.25110449e+03
   3.26247344e+05   3.35573730e+03   1.15382075e+06   1.31129944e+03
   1.48883643e+03   8.13428625e+05   0.00000000e+00   2.39477978e+01
   1.91341101e+03   2.59482703e+05   1.15910339e+01   0.00000000e+00
   2.29742622e+01   2.73449917e+01   2.47394263e+03   1.80139417e+03
   3.87637031e+05   2.60633016e+05   2.67482754e+04   3.17501816e+04
   1.78255039e+04   3.61970625e+05   6.27085986e+03   9.70476328e+04]
[  1.28545344e+05   1.53476055e+04   2.07876190e+02   5.47910034e+02
   2.52607250e+05   4.95660742e+03   1.79958984e+04   7.18379980e+03
   5.11912567e+02   5.36240500e+05   7.49877588e+03   1.39533154e+04
   3.96903906e+03   1.50822510e+03   3.17235687e+02   8.99879089e+02
   0.00000000e+00   1.55958679e+03   1.43580704e+01   2.34094147e+02
   1.32442188e+04   1.00443414e+05   1.40666064e+04   6.89753711e+03
   5.20129944e+02   5.92504822e+02   4.80620068e+03   1.02132359e+05
   5.20744385e+03   3.57612531e+05   1.83490799e+02   2.54531152e+03
   1.79473145e+04   3.14943887e+04   1.02112646e+03   4.72538379e+03
   4.65980906e+05   1.29647862e+06   1.15621594e+03   1.14710875e+06
   3.87132080e+02   8.99704590e+02   3.38790576e+03   2.67169727e+04
   3.21610645e+04   9.26306091e+02   2.23452930e+03   5.80898242e+03
   4.48085586e+04   1.33308423e+03   3.04855547e+04   8.52969125e+05
   1.81545364e+02   5.67280922e+01   3.22253296e+02   2.65127563e+03
   2.09733418e+04   1.33975562e+05   0.00000000e+00   9.61789941e+03
   1.10080664e+03   3.95274102e+04   1.65384692e+03   4.20772119e+03
   5.43609961e+03   6.66818896e+03   4.90118018e+03   4.22265967e+03
   2.48937156e+05   5.29685430e+04   9.44060547e+03   3.11691528e+02
   3.50018477e+04   5.57670410e+03   2.27145047e+05   7.66717266e+04
   8.62299531e+04   2.51090117e+04   1.88850244e+03   8.53862427e+02
   1.05119781e+02   3.04165783e+01   4.69881328e+04   8.92613373e+01
   3.16832539e+04   3.83161736e+01   4.01684492e+04   4.12722816e+01
   1.04934959e+01   1.42839551e+03   3.45107758e+02   1.19229651e+03
   1.21118154e+04   2.18103320e+03   8.81517969e+04   1.14340344e+03
   5.91184387e+02   1.89360250e+05   4.01186375e+05   1.33383938e+05
   1.20183312e+05   1.01204824e+04   2.50862610e+02   2.03986084e+02
   2.97604551e+04   7.83077087e+02   2.96389250e+05   1.46745918e+04
   2.33892029e+02   5.39003076e+03   3.75921704e+03   1.59640991e+03
   1.53280039e+04   6.13228210e+02   2.94596527e+02   1.98128945e+04
   7.36076050e+02   9.85947031e+04   1.87967559e+04   3.56226875e+04
   1.52132690e-01   7.82871938e+05   2.25946035e+04   1.50039062e+05
   5.18409668e+03   2.05232568e+03   8.82417090e+03   9.96923733e+00
   2.58165405e+02   5.78698608e+02   6.80145142e+02   1.33005615e+04
   1.82906504e+04   2.12683228e+03   3.12646094e+04   3.40514502e+03
   2.75122192e+03   1.04859555e+05   3.66956909e+03   6.37833069e+02
   1.77254260e-01   1.59898369e+04   1.01577740e+03   4.24159414e+04
   8.39732227e+03   1.81180640e+03   1.44378877e+04   1.48914246e+02
   3.75005898e+04   2.08108252e+03   4.83023389e+03   5.13600469e+04
   9.25103149e+02   1.19308312e+05   1.76830551e+02   6.07903418e+03
   3.98499219e+04   6.59934692e+02   1.17094875e+05   1.32920868e+02
   3.48395776e+03   1.60224838e+02   5.80552734e+03   8.28877182e+01
   3.58785010e+03   4.89879932e+03   2.13384297e+04   1.59961531e+05
   6.83233337e+02   1.43836582e+04   3.83593826e+01   3.18211206e+03
   4.74868134e+02   1.93776233e+03   4.99346211e+04   4.03890674e+03
   2.21650703e+04   8.34412500e+03   2.19631816e+04   2.03927754e+04
   4.00439233e+03   1.96195020e+04   3.12071289e+03   1.89432117e+03
   4.92784102e+04   4.23346893e+02   6.67510625e+04   7.27753235e+02
   2.65218008e+04   4.01310312e+05   3.18529512e+04   1.65660071e+03
   2.89374329e+02   3.14153027e+04   8.72697449e+00   9.44233691e+03
   2.02325508e+04   7.14512598e+03   8.89426562e+03   1.27287398e+05
   2.55683667e+03   5.34892883e+01   9.17044238e+03   1.33955406e+05
   7.46174141e+04   7.51155518e+02   1.94768926e+04   5.60021631e+03
   1.32352672e+05   0.00000000e+00   7.78638818e+03   3.32554810e+03
   1.89380938e+04   6.14576465e+03   6.06240781e+04   3.26287766e+01
   2.37931299e+03   1.26024639e+04   2.41691330e+02   4.83775195e+04
   1.00134814e+04   3.44126294e+03   7.22973877e+03   1.14129648e+04
   2.21753027e+04   1.20417137e+01   8.71146011e+00   1.98606895e+04
   3.86829071e+02   1.06246162e+04   1.03072305e+04   3.60767188e+04
   3.23743256e+02   2.14145352e+04   1.00049338e+06   2.67293726e+03
   1.49082715e+03   2.82596875e+03   6.63786312e+05   1.00020312e+03
   4.78461963e+03   3.04505768e+01   3.47898712e+02   6.01726196e+02
   1.12752363e+04   3.44977156e+05   2.12929649e+01   3.34649301e+00
   9.18355391e+04   8.93569531e+03   8.69036865e+00   3.14830898e+04
   2.04800586e+03   8.13405579e+02   2.73676819e+02   1.89693420e+03]
[  5.13765808e+02   8.87489648e+03   1.60843945e+04   2.16972520e+04
   1.88829773e+02   8.37729453e+04   1.71221512e+02   3.94219287e+03
   6.07374954e+01   5.46194458e+01   3.96088398e+04   6.54954199e+03
   1.92247107e+03   5.84057959e+03   3.03384131e+03   4.46366547e+02
   8.58209668e+03   1.25521484e+04   1.35174600e+04   3.46391650e+03
   5.54444408e+00   9.25450859e+04   1.19610901e+03   2.79414730e+01
   2.67795938e+04   6.00371436e+03   5.91126289e+04   2.89835986e+03
   7.46356953e+04   2.26800254e+04   8.73554395e+03   8.17944453e+04
   1.88680488e+04   1.47818760e+04   2.30429141e+04   6.60042656e+04
   6.06737188e+04   1.01749426e+03   2.66367645e+02   1.77137891e+04
   3.08209152e+01   7.66560938e+04   2.73449707e+04   3.19011836e+04
   2.69528687e+02   1.91810474e+03   1.32978076e+04   2.45006797e+04
   2.89063901e-01   2.49376211e+04   6.80747656e+04   1.31046497e+03
   0.00000000e+00   1.05062178e+04   2.13799756e+03   1.51224561e+04
   2.50451412e+01   2.61823560e+03   1.34864502e+02   2.26576996e+02
   7.30171924e+03   1.13173586e+05   3.19441816e+04   2.42862622e+03
   4.18717578e+03   6.57144678e+03   3.03942230e+02   3.05094025e+02
   4.40881689e+03   6.07171265e+02   3.10346367e+04   3.09231104e+03
   4.39632852e+04   9.46775696e+02   1.67735615e+01   5.32806213e+02
   9.84539490e+01   3.29454541e+00   6.97336250e+04   4.33614180e+04
   3.93947868e+01   3.23985596e+03   2.20172188e+04   7.13746953e+04
   8.37160645e+02   2.36071491e+00   1.14487207e+03   1.43567664e+03
   8.91425781e+04   5.47969180e+04   4.39946875e+03   6.19962120e+01
   8.66071328e+04   1.02310898e+04   3.54308320e+04   8.63639160e+03
   2.24807227e+04   2.36224899e+02   4.33873984e+04   3.25707402e+04
   4.22123145e+03   1.72848526e+02   1.19329008e+05   3.01373584e+03
   3.03902559e+04   2.24182461e+04   1.17237378e+03   4.56245234e+04
   6.81805391e+04   5.91799927e+02   2.37131396e+03   5.56386475e+02
   1.69847363e+04   8.97762394e+00   2.18322205e+02   1.30799316e+04
   0.00000000e+00   1.79001250e+04   5.75503874e+00   2.77476699e+04
   8.88865234e+02   4.71479688e+04   1.10790537e+04   8.95682983e+02
   4.74096826e+03   3.08944746e+04   2.05840991e+03   1.94765801e+04
   3.37203828e+04   5.16421094e+03   2.88436523e+02   4.12799658e+03
   6.38631494e+03   1.30243389e+04   3.15646289e+04   1.34871231e+02
   4.39300781e+03   1.99298687e+01   4.89638824e+02   4.69533539e+01
   2.72216758e+04   2.53582550e+02   1.76898652e+04   7.71395264e+01
   1.26473901e+03   2.60541479e+03   4.53973938e+02   2.48651465e+03
   5.96045166e+02   1.04277637e+04   7.38692344e+04   3.69186646e+03
   7.54170776e+02   1.21766626e+03   3.51957169e+01   0.00000000e+00
   2.79845367e+02   2.81931793e+02   4.28112610e+02   8.45617266e+04
   1.66625371e+04   1.10813403e+03   8.47084570e+03   2.12468100e+00
   3.04360430e+04   4.19197479e+02   5.14204102e+04   1.07361900e+02
   4.26777031e+04   2.10776133e+04   2.73046234e+02   3.78722681e+03
   2.12055547e+04   6.97943848e+02   2.98977871e+04   4.34958242e+04
   1.64112578e+04   1.42144473e+04   6.64254492e+03   2.89176392e+02
   3.85993438e+04   2.27854095e+02   3.42051523e+04   1.21375459e+04
   2.05088257e+03   2.54658457e+04   8.42664062e+04   3.48889868e+03
   1.96747119e+03   5.86156128e+02   1.94016858e+03   2.37701543e+04
   7.48848145e+03   7.08853594e+04   8.90935859e+04   4.08171719e+04
   2.90671328e+04   1.13573301e+04   1.13769902e+04   1.25381812e+03
   7.16244766e+04   7.41229053e+03   4.71033592e+01   5.66481250e+04
   6.43480938e+04   8.92446899e+01   3.04097012e+04   7.00421172e+04
   4.26769686e+00   5.81232758e+01   1.44597214e+02   3.46215729e+02
   3.11270203e+02   2.11695923e+03   3.70429766e+04   4.24210352e+03
   1.76098083e+03   1.66234375e+04   2.50684961e+04   7.88955518e+03
   8.91516309e+03   6.55406562e+04   3.63321342e+01   1.61870327e+01
   4.08965703e+04   1.23217358e+03   7.19869568e+02   0.00000000e+00
   1.91460617e+02   1.58469812e+03   1.40255585e+02   3.02648964e+01
   4.58312305e+04   2.54183496e+04   4.47955312e+04   5.62746277e+02
   4.32228906e+04   3.51300537e+02   2.83488452e+03   3.08510107e+03
   7.96075537e+03   1.02277520e+04   1.96943079e+03   1.83898301e+04
   2.32075974e+02   8.65647031e+04   3.06338159e+03   3.03529388e+02
   1.38677041e+04   2.33974512e+04   2.69396543e+04   3.75470117e+04
   2.68369409e+03   1.06121891e+05   2.41863477e+03   3.06621328e+04
   4.93899141e+04   4.71648682e+02   3.64223145e+02   4.34654648e+04
   5.24593008e+04   3.59898895e+02   3.37417700e+03   5.63171875e+02
   1.02643194e+01   6.37841162e+03   4.67267120e+02   8.09661406e+04
   3.29765508e+04   7.72629639e+02   4.98623543e+01   3.58458191e+02
   4.28386133e+03   2.71987305e+03   6.09044414e+04   1.94567930e+04
   3.80641150e+00   2.69359627e+01   8.20420547e+04   7.51867822e+03
   6.27217770e+00   8.57237000e+02   5.77490723e+03   5.89707344e+04
   1.31316321e+03   1.56006348e+03   0.00000000e+00   4.65917877e+02
   9.14113892e+02   7.65605811e+03   7.56992432e+03   5.16072021e+03
   3.30483359e+04   1.64938535e+04   3.07809473e+04   2.47874561e+03
   1.15866631e+02   1.09335968e+02   9.20495996e+03   7.28484453e+04
   1.07628810e+00   9.63813293e+02   9.02639258e+03   7.12588406e+00
   7.73989258e+02   3.17206855e+04   1.45300793e+03   2.70726746e+02
   6.08768516e+04   2.04248520e+02   1.75962936e+02   7.51892285e+03
   1.53112244e+02   4.75620697e+02   4.87770625e+04   4.12988984e+04
   1.14787804e+02   3.92242969e+04   8.34694043e+03   7.97699023e+03
   5.11147079e+01   1.17400127e+04   7.85423047e+04   2.44346558e+03
   6.66343594e+04   6.84413047e+04   9.17794062e+04   2.46005723e+04
   1.46328359e+04   3.86810547e+02   3.74525430e+04   2.98835620e+03
   4.28085234e+04   2.42897125e+02   1.32098499e+03   6.31676797e+04
   8.50510330e+01   6.64139893e+03   2.12494702e+03   2.06481074e+04
   5.11159453e+04   6.67808044e+02   1.85225898e+04   2.01303978e+01
   6.09860649e+01   6.35027295e+03   1.03916260e+04   7.23715698e+02
   1.39963428e+04   6.17674866e+02   1.32012969e+04   3.92405930e+01
   2.49160767e+02   3.63490234e+04   2.50439624e+03   7.81392761e+02
   4.19186602e+04   5.00422119e+02   2.86065371e+04   8.31431055e+03
   2.54900781e+04   4.12102891e+04   2.80311646e+02   1.81252655e+02
   7.47616638e+02   8.07866699e+02   6.08328867e+04   2.34232080e+03
   3.12668086e+04   1.83192358e+03   2.56653931e+03   9.04806274e+02
   8.21905371e+03   1.15033374e+03   2.33968887e+04   3.77601587e+03
   3.02797290e+03   2.31211230e+03   2.00618851e+02   5.42080460e+01
   1.34697549e+04   5.46890137e+03   3.68636322e+02   2.17367754e+04
   5.66993347e+02   2.16177979e+03   1.51993347e+03   1.74857539e+04
   3.76444885e+02   2.86948891e+01   1.30039453e+03   4.04025536e+01
   8.61757129e+03   5.55393701e+03   1.53470957e+04   5.29347578e+04
   9.11169824e+03   4.65519287e+03   1.53644055e+03   1.50884766e+02
   3.67202911e+01   1.60433337e+03   3.42899258e+04   5.18396953e+04
   1.96262969e+04   9.27725586e+03   5.04897949e+03   8.39454803e+01
   1.05679369e+01   7.42758691e-01   1.53907168e+04   6.86378076e+03
   1.69867637e+04   1.40325882e+02   5.31640469e+04   1.02067568e+04
   1.35945862e+03   9.20769922e+03   2.25328496e+04   3.55117041e+03
   1.13283838e+03   6.17544922e+03   1.24422168e+03   6.05452656e+04
   4.44099102e+04   2.06943438e+04   4.01643984e+04   4.82685205e+03
   5.86766250e+04   1.02731165e+03   5.47888184e+02   3.05431494e+03
   3.58555312e+04   2.27237617e+04   1.01266973e+04   2.13802344e+03
   8.83773041e+01   7.74969788e+02   1.24243770e+04   5.21410254e+03
   1.05821914e+04   4.41787939e+03   3.97362646e+03   1.22081470e+00
   6.45213652e+00   2.19378145e+04   6.34948587e+00   1.94598340e+03
   6.69334229e+02   5.02146641e+04   8.76943604e+02   5.41103555e+04
   9.39207227e+03   0.00000000e+00   2.97952832e+03   0.00000000e+00
   6.21966125e+02   1.80493594e+04   1.87340317e+01   1.16383960e+03
   1.19277992e+02   3.98737012e+03   2.73450226e+02   1.24463438e+04
   2.08400977e+04   5.97910547e+04   6.07018311e+02   2.49419746e+01
   5.15146973e+02   1.47915857e+03   3.04421768e+01   3.50276886e+02
   1.10052969e+04   1.33608780e+02   9.52016724e+02   1.06959375e+03
   2.49092012e+04   3.01543359e+03   1.70722910e+04   0.00000000e+00
   1.84180969e+02   6.52458740e+02   4.63749102e+04   1.06468047e+04
   5.93013672e+03   8.93236923e+00   1.39701013e+03   2.38874269e+00
   5.86060938e+03   2.14693604e+03   1.15571562e+05   8.04929871e+02
   9.58315137e+03   1.83361609e+03   2.90610962e+03   2.53260474e+03
   2.27448340e+03   7.61268359e+04   1.00297002e+04   3.45276992e+04
   8.75564819e+02   5.46080742e+01   2.25653458e+00   1.59599062e+04
   8.47582715e+03   6.00265938e+04   1.18693640e+03   3.16069770e+00
   3.13677422e+04   3.95978088e+02   4.04867737e+02   1.00945047e+05]
[  5.27757715e+03   4.28199414e+03   1.05675037e+03   2.99400604e+02
   2.61138691e+04   0.00000000e+00   5.37699570e+04   3.49144141e+04
   7.89572578e+04   2.27241516e+02   1.02531860e+02   1.59725391e+04
   7.67105103e+01   6.97380391e+04   4.14254785e+03   2.38902969e+02
   1.21464636e+03   1.59309033e+03   5.39158447e+02   6.62389746e+03
   2.52883594e+03   2.84377441e+03   1.34116248e+03   2.19210861e+02
   6.89088974e+01   7.01408887e+03   7.81127625e+02   1.24656904e+04
   5.36795471e+02   9.93941040e+02   2.37432114e+02   2.92045746e+02
   1.76540015e+03   3.34082723e+00   1.14081596e+02   1.67920239e+03
   8.81786194e+02   8.24899769e+00   1.71338359e+04   1.13029022e+02
   7.25621680e+03   6.41627637e+03   1.01991167e+01   3.75822109e+04
   2.06158716e+03   2.41350937e+02   3.07821997e+03   3.10431854e+02
   6.40838928e+02   3.08374329e+02   3.63598389e+03   8.26708984e+00
   0.00000000e+00   1.63909082e+04   9.67530396e+02   4.18328955e+03
   6.78796729e+03   2.78454285e+02   1.36273270e+02   1.49684372e+01
   2.37916380e-01   2.65369171e+02   4.81663849e+02   1.78707825e+02
   3.65206757e+02   8.98485107e+01   5.51375293e+03   3.88780762e+03
   4.62740977e+04   1.15106995e+02   2.94212189e+01   3.49358047e+04
   8.96304417e+00   7.52031152e+03   2.42306442e+02   6.15924072e+02
   0.00000000e+00   3.47878979e+03   2.68651550e+02   2.93276489e+02
   2.03510559e+03   8.19036953e+04   3.23725176e+04   5.90106934e+03
   8.70709351e+02   1.02025024e+02   9.56902051e+03   7.07243652e+02
   1.71154163e+03   3.54612244e+02   9.28107227e+03   4.01185889e+03
   1.04832104e+03   0.00000000e+00   9.34627075e+02   5.69304581e+01
   1.90879196e+02   9.86890430e+03   4.39381445e+03   3.87646558e+03
   1.40916675e+03   2.21237598e+03   1.20581396e+03   2.36351085e+00
   4.39438934e+02   9.41211060e+02   2.73371484e+04   6.33994484e+00
   3.24867383e+04   5.23398906e+04   4.76475311e+02   3.44713013e+02
   2.89921753e+02   2.61606860e+03   4.13869609e+04   1.22003552e+03
   2.08276337e+02   6.04799194e+02   2.88547897e+01   2.98192596e+02
   1.65720154e+02   2.16687671e+03   1.35445996e+03   1.22479506e+01
   3.14998086e+04   4.08256012e+02   2.48816357e+03   1.82460754e+02
   4.16455040e+01   1.67949453e+04   4.83997131e+02   4.96787842e+02
   5.33821472e+02   1.25584219e+04   9.02357812e+03   1.11622314e+01
   6.91942062e+01   3.73499420e+02   1.57933066e+04   0.00000000e+00
   2.00667892e+02   1.26110085e+02   5.77466211e+03   1.50337067e+02
   5.61438037e+03   4.25833643e+03   1.56041101e+03   3.15844277e+04
   7.19167053e+02   3.65869482e+03   7.43369453e+04   2.23641675e+03
   2.09616230e+04   4.22244049e+02   7.85081940e+01   4.27099062e+04
   1.19043477e+04   1.59397773e+04   1.13022913e+03   5.35426172e+03
   4.79157520e+03   2.67096558e+03   3.72006893e+00   3.62608673e+02
   2.74551387e+04   1.20682434e+03   6.02947461e+04   2.36662521e+01
   1.41639514e+03   1.55526465e+04   9.56858459e+02   9.34854370e+02
   5.38728125e+04   1.42820889e+04   1.81514130e+01   2.89717346e+02
   7.26765381e+02   1.57037959e+04   8.58475525e+02   4.47958923e+02
   5.43728398e+04   2.20373978e+02   3.95653992e+02   8.72358456e-02
   1.03565469e+04   4.08799609e+04   3.19212842e+00   5.73114807e+02
   6.19916687e+01   6.76348359e+04   4.95351746e+02   1.17116730e+02
   1.28613647e+02   6.56572578e+04   3.54248633e+03   2.59982642e+03
   1.49483557e+01   1.33235146e+04   4.65269775e+02   3.80828984e+04
   2.12159160e+04   1.08617943e+02   1.15375309e+01   2.57096161e+02
   9.00003418e+03   1.14153358e+02   9.29069595e+01   2.91667749e+03
   2.41969318e+01   3.20354858e+03   1.17285522e+03   4.41196381e+02
   3.73711572e+03   3.35859790e+03   4.29107500e+04   5.42134141e+04
   2.66285625e+04   1.24885780e+02   2.61506378e+02   3.94975430e+04
   6.64499268e+03   4.92944946e+01   8.92894958e+02   2.03866119e+02
   9.20322949e+03   3.19773026e+01   2.44949854e+03   3.01396680e+04
   5.01098114e+02   2.04122168e+03   4.43773242e+04   3.20901093e+02
   1.77894852e+02   9.90418164e+03   7.07293606e+00   7.85692891e+04
   5.85386016e+04   1.43007776e+03   3.24116440e+01   2.12755890e+01
   1.13444067e+03   2.96269165e+03   1.31965424e+02   1.17983435e+03
   4.14544678e+03   2.69060229e+03   0.00000000e+00   7.05014453e+04
   3.23873932e+02   1.34091682e+01   5.11364844e+03   3.95649490e+01
   4.65349316e+03   9.72909546e+00   4.46107368e+01   2.31110138e+02
   2.49387070e+02   8.95644043e+02   9.46930664e+03   3.22613696e+03
   4.81883972e+02   7.83747009e+02   2.44394507e+03   5.44156128e+02
   6.13656860e+02   7.07544287e+03   1.41975311e+02   1.63009951e+04
   4.38142676e+03   5.24749463e+03   2.21217438e+02   3.33022461e+02
   1.64034570e+03   5.26017647e+01   2.20214417e+02   2.74800330e-01
   1.58710820e+04   0.00000000e+00   8.20401367e+02   2.61716562e+04
   2.61895557e+03   8.84129562e+01   1.16151768e+04   0.00000000e+00
   2.65636101e+01   4.60543066e+03   7.16211081e+00   4.21471875e+04
   2.33088013e+02   6.23199463e+02   4.91789017e+01   1.17656274e+03
   5.32239453e+04   6.04111084e+03   7.30062988e+03   5.22611475e+03
   4.35888633e+04   7.07535950e+02   1.12261215e+02   5.93636658e+02
   0.00000000e+00   6.36183838e+02   1.71236465e+04   3.37620926e+00
   2.56989966e+03   1.41506924e+04   3.75793677e+03   5.13450430e+04
   1.50531113e+02   5.06303673e+01   6.70852432e+01   3.45814453e+03
   2.70989180e+04   6.11621361e+01   3.07802032e+02   3.46373047e+02
   4.98158633e+04   6.62408304e+00   2.76682434e+02   1.13011848e+02
   1.30971914e+04   2.31505293e+04   8.11394092e+03   2.03232852e+04
   7.39353281e+04   4.72062836e+02   2.31720288e+03   6.90742383e+03
   2.51033051e+02   2.11918068e+01   4.81074375e+04   1.58131885e+04
   2.31146851e+02   7.35124146e+02   1.87814414e+04   1.47742261e+03
   2.81391382e+00   6.06539600e+03   1.29578320e+03   5.79085815e+02
   1.42612266e+04   2.84166113e+03   2.24649951e+03   4.17040664e+04
   1.34668182e+02   2.40412598e+03   1.55373260e+02   2.61209824e+04
   4.70374609e+04   1.77811310e+02   2.09834644e+03   1.98370227e+03
   1.28232385e+03   3.23510522e+03   7.34357188e+04   2.04912070e+04
   8.53087402e+02   3.58927277e+02   5.75409180e+03   2.50298634e+01
   6.76772119e+03   5.60956848e+02   1.72663631e+01   2.77036957e+02
   1.51461455e+04   3.18833633e+04   4.69883728e+02   1.42231240e+04
   2.11753967e+02   3.03727793e+04   0.00000000e+00   3.74029492e+03
   1.28813843e+03   6.98816641e+04   5.14944336e+02   8.17089050e+02
   2.75676514e+02   1.92863663e+02   1.27388672e+03   8.27195605e+03
   8.15170605e+03   3.76060645e+03   5.28419037e+01   1.06877112e+03
   2.18692444e+02   2.77506914e+04   3.42046992e+04   2.55024414e+03
   5.54674453e+04   7.83978271e+02   2.11637466e+02   4.26736975e+00
   1.80062256e+03   6.85094189e+03   6.56106079e+02   5.91860107e+03
   3.24349683e+03   3.10361266e+00   8.19357834e+01   4.64635132e+02
   1.31202530e+02   1.53481116e+03   7.54937158e+03   9.47977539e+03
   3.16515503e+03   0.00000000e+00   5.97902812e+04   1.82279144e+02
   2.25015723e+03   3.86711845e+01   1.29485469e+04   5.06167908e+02
   8.37231445e+03   3.76940405e+03   1.63274670e+01   3.62299252e+00
   7.66664886e+01   2.57312622e+03   3.52513135e+03   1.37532867e+02
   7.03148376e+02   1.41185455e+02   2.57153467e+03   1.90289856e+03
   7.94457715e+03   2.60387852e+04   3.97020386e+02   1.35102957e-01
   1.14514319e+03   4.79876671e+01   1.72690894e+03   1.94172812e+04
   7.29529736e+03   1.87275726e+02   3.01811493e+02   2.88135083e+03
   2.57503735e+03   5.67014465e+02   5.65887148e+04   4.84072949e+03
   1.23264775e+04   2.49790359e+02   1.94052820e+03   1.62159045e+03
   1.00463638e+01   5.19130676e+02   1.78751575e+03   1.83196945e+02
   1.62265686e+02   2.91594574e+02   0.00000000e+00   2.93688385e+02
   2.35722351e+01   0.00000000e+00   1.03463848e+04   0.00000000e+00
   9.07271802e-01   2.64352954e+03   1.63848758e+00   3.59562805e+02
   3.46302148e+03   4.00497986e+02   5.12435352e+03   1.82386047e+02
   6.54197773e+04   2.07931328e+04   2.90637909e+02   1.83483032e+03
   1.42251038e+02   2.35281523e+04   2.92796562e+04   2.32092758e+02
   6.37944107e+01   3.92664276e+02   1.67385559e+03   4.83599561e+03
   8.57213623e+02   7.19686584e+01   1.05007727e+03   0.00000000e+00
   4.68714795e+03   7.93199951e+03   9.14729370e+02   6.75344238e+01
   4.89429199e+02   1.39816907e+03   3.92146328e+04   3.01927954e-01
   1.29429565e+02   6.78577118e+01   5.95204375e+04   7.84029395e+03
   4.44585663e+02   8.49698257e+01   1.34459674e+00   1.34690166e+04
   3.22014252e+02   2.91405067e+01   4.17199280e+02   5.11707129e+03
   3.24431549e+02   4.86745117e+02   8.18422699e+01   4.40663879e+02
   4.74198761e+02   7.23848906e+04   9.95606079e+01   2.08944489e+02
   0.00000000e+00   8.18381689e+03   6.51418994e+03   1.79449255e+03]
[  9.98916473e+01   1.39852705e+04   1.31216431e+02   1.34835730e+03
   9.65239014e+02   2.03177715e+04   2.05944843e+01   7.37651416e+03
   5.96221680e+03   3.42832578e+04   4.83286316e+02   5.24335136e+01
   3.31492993e+03   2.25107012e+04   1.79247192e+03   1.86267303e+02
   1.83052307e+03   2.28850195e+03   5.89033555e+04   4.09604218e+02
   1.45656991e+00   3.22180396e+03   9.85562668e+01   9.16507874e+02
   1.19568691e+04   1.97486572e+02   1.44989434e+04   1.38795593e+02
   3.66337402e+02   2.45869775e+03   7.32255249e+02   2.37897095e+03
   8.40436951e+02   0.00000000e+00   1.97584033e+03   9.35405426e+01
   3.09850311e+02   5.81699375e+04   0.00000000e+00   6.87546875e+03
   3.27495312e+03   2.54595852e+01   3.26809835e+00   3.31432159e+02
   6.95398291e+03   1.49021027e+02   5.58679395e+03   4.76807617e+03
   7.83225250e+01   5.87776089e+00   9.47856995e+02   1.02257440e+03
   6.00176353e+01   7.52582959e+03   1.06377041e+04   3.90632812e+04
   1.30992722e+02   1.30319678e+04   2.27161942e+01   4.67778564e+03
   2.15224341e+03   3.36307434e+02   7.39430054e+02   2.71382202e+02
   2.86606567e+03   3.25297821e+02   6.16657104e+01   1.69125488e+02
   1.30537750e+02   4.07608128e+00   4.86624359e+02   8.20129492e+03
   3.26763008e+04   1.21385895e+02   2.87221211e+04   3.33821754e+01
   9.44863968e+01   4.69832947e+02   4.60377716e+02   1.53926680e+04
   6.21324890e+02   2.83207207e+04   1.78138984e+04   7.10120215e+03
   5.73865977e+04   3.16251507e+01   1.58238855e+03   7.59000000e+03
   5.55907910e+03   2.84935547e+04   3.83695269e+00   2.75673120e+03
   4.50367554e+02   4.68157617e+03   1.00936182e+03   3.23369092e+03
   1.13445391e+04   0.00000000e+00   1.11173213e+04   7.05219116e+02
   1.34130878e+01   3.04299097e+03   5.57416534e+01   3.02627490e+03
   2.96112270e+01   2.08402672e+01   9.25374634e+02   3.63000078e+04
   2.04107523e+00   1.60187578e+04   2.43289734e+02   3.56685742e+04
   4.32337354e+03   5.43916893e+01   1.62370235e-01   2.47960693e+02
   4.96601288e+02   1.33787734e+04   2.11592911e+02   8.14496040e+00
   2.11561251e+00   3.81755188e+02   3.83783984e+03   1.05999100e+02
   2.20728912e+02   6.84591650e+03   1.60085892e+02   1.41456957e+01
   3.97148254e+02   2.22785172e+02   1.49425566e+04   5.35763184e+02
   1.98760696e+02   1.33014136e+03   3.57302490e+02   5.90426953e+03
   4.22746953e+04   0.00000000e+00   1.12391682e+01   3.37315750e+01
   5.95692158e-01   1.24117958e+02   2.22208344e+02   1.54438278e+02
   1.61424973e+02   1.33892419e+03   4.54979883e+03   5.95563710e-01
   2.71672394e+02   4.98608047e+04   5.36044083e+01   9.77318542e+02
   5.12019043e+02   5.16400293e+03   3.57066223e+02   1.03155195e+04
   5.65503025e+00   8.86121643e+02   2.20118912e+02   4.80125684e+03
   7.28396683e+01   7.77825623e+02   1.43818863e+02   4.05400314e+01
   3.29358555e+04   2.49414043e+01   1.45221390e+02   2.08526782e+03
   4.19361719e+03   1.17828057e+04   3.44005060e+00   4.74141273e+01
   3.94034985e+03   6.13840759e+02   6.94662476e+01   1.09088440e+03
   4.71730078e+04   6.44242188e+02   3.50842148e+04   4.15819043e+03
   2.28768613e+04   1.68796348e+04   6.16231880e+01   2.59159155e+03
   1.98203442e+03   1.41987967e+00   1.84221045e+03   2.18868848e+03
   5.14389563e+00   3.48041107e+02   1.26921562e+02   7.30489441e+02
   1.09420374e+03   4.25509766e+03   8.14625549e+02   8.42054102e+03
   1.06505261e+03   8.43602356e+02   1.77086914e+02   1.77958105e+03
   4.32414648e+03   1.56000610e+03   7.43639404e+02   0.00000000e+00
   1.32789771e+03   2.31485809e+02   1.99646765e+03   1.63491467e+03
   3.28982031e+03   5.74051523e+04   4.36276550e+01   3.77393463e+02
   1.75667273e+03   7.10254053e+03   7.04696808e+01   6.24391748e+03
   6.11998633e+04   1.27805733e+02   7.94487076e+01   4.99577441e+03
   9.01156641e+03   2.40989960e+02   5.06205711e+01   1.74825769e+03
   2.82780914e+02   3.68406219e+01   1.59846863e+02   8.13418808e+01
   8.68658813e+02   2.87840462e+01   1.99458752e+01   2.07317520e+02
   2.07455151e+03   3.45409927e+01   6.96755524e+01   2.08212299e+01
   1.56714508e+02   1.04484344e+02   9.19632690e+02   1.62359734e+01
   2.68665695e+00   1.69577427e+01   8.63763611e+02   2.14936934e+04
   2.75607109e+04   6.96693945e+03   6.79150391e+01   7.03460510e+02
   1.29356146e+01   1.49812695e+03   2.96489288e+02   1.50565872e+02
   6.16430078e+03   4.28756134e+02   1.19380007e+01   7.11778183e+01
   9.93635010e+02   2.33279305e+01   1.24634131e+03   2.33274384e+01
   2.79388458e+02   2.01091284e+03   2.30472839e+02   9.52120781e+00
   2.91584844e+04   7.75645935e+02   3.87877852e+04   2.70907928e+02
   2.57249463e+03   1.77766800e+01   7.95932541e+01   4.41113403e+02
   3.61508598e+01   3.58214855e+00   3.58004141e+04   3.39181427e+02
   9.29216919e+02   5.06971283e+02   2.87130762e+03   7.08117041e+03
   3.49267792e+02   1.87757462e+02   4.97692017e+02   6.63904453e+04
   1.95413196e+03   3.17313086e+03   1.25613398e+04   3.04191010e+02
   7.97256836e+02   5.07960059e+03   2.06020874e+03   1.51614746e+03
   6.48271826e+03   9.62927429e+02   2.69209061e+01   6.55327515e+02
   3.46772510e+03   4.74924438e+02   8.09235352e+03   2.09317398e+00
   2.31013966e+00   6.55146912e+02   8.87050586e+03   3.29103546e+01
   8.60316016e+03   5.63558359e+04   7.40310547e+02   1.24346497e+03
   3.57176587e+03   2.33789209e+03   1.52759039e+00   3.42800220e+03
   4.32699490e+00   3.98353247e+03   3.41406201e+03   1.59453613e+04
   5.48896484e+02   2.80013623e+03   9.49885483e+01   1.01469834e+04
   2.11160083e+03   3.34722617e+04   1.52416138e+03   2.67147031e+04
   3.29029198e+01   2.03594864e+02   7.99323120e+02   4.81616699e+02
   6.91903931e+02   2.85718658e+02   4.41273975e+03   4.03698120e+03
   0.00000000e+00   8.30509583e+02   9.14806519e+01   4.17743408e+03
   7.13929749e+01   4.58915527e+03   1.50840698e+03   2.46592695e+04
   2.23217871e+04   6.52796082e+02   1.62462158e+02   1.20266464e+02
   6.65769148e+00   5.88987976e+02   9.23047656e+03   1.43715210e+03
   1.07231104e+04   8.77892383e+03   4.08797363e+03   5.00316758e+04
   2.44920776e+02   1.39304077e+03   1.82127502e+03   4.31325073e+02
   2.60691621e+04   2.75779248e+03   2.07664648e+04   7.86421522e-02
   4.88119453e+04   1.58412750e+02   1.92218320e+04   1.13854370e+03
   4.72892139e+03   2.25459412e+02   1.63379898e+01   5.31109180e+03
   3.11827728e+02   1.89942395e+03   1.49870743e+02   2.08939771e+03
   1.77774765e+02   4.71649121e+03   1.98558685e+02   8.85112812e+04
   8.40046680e+03   7.21064514e+02   2.78101147e+03   4.51500397e+02
   8.11562824e+00   1.19953875e+05   1.89454297e+03   2.49017365e+02
   3.33307159e+02   1.98122778e+03   1.91318161e+02   2.74545431e+00
   7.01483521e+02   1.00571991e+03   5.26255898e+04   6.04726172e+03
   2.04869775e+03   4.14198828e+04   5.14414336e+04   2.18921890e+02
   7.53615189e+01   4.54536328e+03   1.92489343e+03   5.52700830e+03
   6.57498093e+01   1.08462344e+04   1.06497998e+03   1.37562878e+03
   5.22445011e+00   1.37020391e+04   1.66041870e+01   1.55010718e+03
   9.79592041e+02   4.11299414e+03   6.99794861e+02   7.99427002e+03
   6.78860498e+03   3.69397980e+02   1.42420740e+03   3.55508423e+00
   2.93157910e+03   5.21645996e+02   7.80804977e-02   2.29624588e+02
   1.29197769e+02   1.73954180e+04   2.80541260e+03   8.81011200e+01
   3.42900360e+02   7.09963330e+03   1.60082434e+03   3.14207535e+01
   1.97789160e+03   3.01609082e+03   3.73293672e+04   1.98853043e+02
   1.80873223e+04   3.46492035e+02   1.76886749e+01   1.19693039e+02
   2.29106552e+02   6.02575183e-01   2.03891348e+04   2.02064438e+01
   6.42593689e+01   9.50147629e+01   1.34296799e+02   9.11633432e-01
   1.97870903e+01   1.65251426e+04   1.87001617e+02   4.18380188e+02
   6.08034912e+02   1.58706113e+04   1.16138130e+02   9.10587952e+02
   2.29361420e+02   1.20509406e+05   2.85596133e+04   3.81579876e+00
   1.28051331e+03   9.63020605e+03   1.23948320e+04   1.04773867e+04
   1.08167598e+04   1.36486738e+04   4.83912891e+03   1.45422742e+03
   1.14164775e+04   3.28642651e+03   3.41972321e+02   1.58424744e+02
   2.23478711e+03   1.59058266e+01   3.77495898e+03   1.03216992e+04
   1.07009160e+04   8.07108057e+03   3.64878906e+02   6.82509842e+01
   4.09415405e+02   8.96657715e+02   9.01693542e+02   1.26532197e+04
   2.92770508e+03   4.43766785e+02   1.12597773e+04   1.45199112e+02
   2.35178757e+00   0.00000000e+00   7.24002490e+03   3.89298828e+02
   8.95276062e+02   5.49010059e+03   4.72336562e+04   1.37606055e+04
   6.08008105e+03   1.18217126e+03   2.24588470e+02   5.10547363e+02
   1.25930688e+03   2.07616867e+02   2.03395789e+03   1.62683337e+03
   1.46244922e+04   3.01215000e+04   2.68626423e+01   7.98499817e+02
   6.87479248e+03   2.36002754e+04   1.10688576e+02   1.86099815e+01
   2.13907928e+02   2.76352463e+01   2.57830563e+01   7.71266357e+03]
[  2.71677399e+02   5.21510277e+01   5.32320857e-01   5.48237646e+03
   2.63869568e+02   4.97621346e+01   4.17133951e+00   7.05009222e-01
   1.16504166e+02   1.63412613e+02   1.54132061e+01   2.81184784e+02
   2.17501297e+01   1.95543457e+02   5.68967223e-01   4.82646027e+01
   1.54448080e+00   1.62931641e+02   0.00000000e+00   0.00000000e+00
   2.10997971e+02   1.38744697e+04   5.70365527e+03   1.17879402e+02
   3.13891077e+00   0.00000000e+00   0.00000000e+00   7.45867920e+02
   1.30226578e+02   6.96861572e+02   4.73594873e+03   7.99698975e+02
   1.16086609e+03   1.02140434e+02   1.57448280e+00   9.90463013e+02
   2.90237293e+01   8.68353711e+03   1.61554895e+03   8.80415833e+02
   5.85202881e+03   3.23088989e+01   1.11791931e+03   1.66592065e+03
   4.08215380e+00   3.95068026e+00   2.59666553e+03   5.26067924e+01
   2.03477726e+01   2.16332703e+01   4.46743011e+01   1.03071094e+03
   0.00000000e+00   3.00771973e+02   5.70476646e+01   7.41828918e+01
   2.93039478e+03   3.65833893e+02   0.00000000e+00   1.10832909e+02
   2.23483170e+02   1.14114723e+01   1.21530879e+00   4.00826141e+02
   7.94999313e+01   1.26539453e+03   3.82799072e+01   1.60146499e+00
   2.10211288e+02   2.58618066e+03   1.19182907e+02   4.07311401e+01
   2.07586918e+01   3.31085297e+02   7.34251881e+00   2.24572485e+03
   1.98852515e+00   1.36430249e+03   5.67733860e+00   7.98476334e+01
   0.00000000e+00   9.38026962e+01   1.58216156e+02   1.62494934e+03
   7.26150055e+01   4.48691216e+01   1.20014791e+01   8.11719537e-01
   8.38622559e+03   1.49228455e+02   8.28893945e+03   9.89371490e+01
   1.16146191e+04   3.61287994e+02   0.00000000e+00   2.23131973e+02
   6.46664307e+03   6.61688185e+00   1.60291516e+03   6.46435242e+01
   1.17882837e+03   8.31779938e+01   2.70835533e+01   7.20450044e-01
   9.78979492e+02   7.06742676e+02   0.00000000e+00   8.99160461e+01
   1.13787060e+01   0.00000000e+00   1.10207396e+01   1.80190872e+02
   2.93667676e+03   4.51211182e+03   4.28177605e+01   2.85206199e-01
   1.28497424e+03   4.72081879e+02   1.29614151e+02   1.34490671e+01
   0.00000000e+00   1.74936386e+02   2.73788714e+00   4.97468853e+00
   4.23419142e+00   2.00850677e+00   5.74394379e+01   1.40190136e+00
   2.71794643e+01   1.04311658e+03   8.10535156e+02   3.97974518e+02
   7.26019666e-02   1.09049156e+02   7.62788269e+02   9.99069366e+01
   5.29660303e+03   7.81289825e+01   7.37310104e+01   7.83711319e+01
   2.20175415e+03   2.90534611e+01   3.24035072e+01   3.36478735e+03
   4.85348625e+01   1.36570978e+00   5.76971321e+01   8.97845149e-01
   6.81021404e+00   1.95324779e+00   1.14438850e-02   7.58108139e+01
   5.24588394e+01   6.30536127e+00   8.65780258e+01   2.61275363e+00
   5.02102844e+02   4.11303940e+01   6.19876480e+00   4.88978958e+00
   1.56699158e+02   6.55300064e+01   1.03381729e+04   5.90438782e+02
   8.98615662e+02   6.17385791e+03   0.00000000e+00   2.69629297e+03
   5.35361450e+02   3.23884741e+03   4.22913849e-01   2.03832556e+03
   1.09035845e+01   4.25140198e+02   1.60631008e+01   1.64774239e+00
   4.11632042e+01   1.58999414e+01   1.49274597e+02   0.00000000e+00
   7.90081100e+01   2.02689246e+03   0.00000000e+00   1.17058704e+03
   1.72745026e+02   5.28503467e+03   1.37091742e+01   2.50430202e+00
   4.07704565e+03   1.22990204e+02   9.41391983e+01   3.43677750e+01
   1.50162183e+03   7.34246765e+02   6.10739014e+02   2.68881897e+02
   4.31517944e+01   3.44670557e+03   4.53806006e+03   4.27211279e+03
   8.47791576e+00   1.07217920e+04   1.57009277e+01   1.53285456e+01
   5.66290855e+01   1.61388378e+01   9.78941956e+02   1.89179004e+03
   0.00000000e+00   1.92712439e+03   3.18683643e+03   6.19440063e+02
   0.00000000e+00   7.07164526e-01   9.29578705e+01   1.95116260e+03
   2.59477509e+02   2.18928528e+01   3.60781217e+00   2.22589264e+02
   4.97568207e+01   1.02724533e+02   2.07180511e+02   4.34129381e+00
   3.89906372e+03   6.25173047e+03   9.93990123e-01   1.17023764e+01
   4.71114874e+00   5.11342102e+02   4.22131615e+01   2.50628433e+02
   8.99837570e+01   9.05130981e+02   1.07185986e+03   3.20399361e+01
   1.91146439e+02   6.15209277e+03   4.46328491e-01   1.36450171e+03
   0.00000000e+00   1.15150410e+04   1.37419632e+02   0.00000000e+00
   0.00000000e+00   2.94034424e+02   6.41962793e+03   0.00000000e+00
   0.00000000e+00   1.02930489e+01   7.48267627e+03   1.39120054e+01
   1.30657797e+01   5.24442062e+01   1.20696020e+01   1.38995959e+03
   7.29878906e+02   1.40216370e+01   1.01973257e+01   5.21818604e+03
   4.07991409e+01   2.18112350e+02   0.00000000e+00   0.00000000e+00
   1.87505531e+00   1.69371307e+00   2.10869336e+00   1.60194128e+03
   1.66284180e+03   3.28860626e+01   5.08583307e+00   2.37297070e+03
   6.52973080e+00   1.05427100e+04   5.37907568e+03   1.17871161e+01
   3.15146143e+03   3.01120892e+01   7.39425201e+01   1.41037226e+00
   1.10009661e+01   3.12716125e+02   9.59683301e+03   1.13059845e+02
   1.66426506e+01   2.18558273e+02   7.10323975e+02   2.73264374e+02
   0.00000000e+00   4.98668671e+00   4.80988503e+01   1.87730994e+03
   1.12455591e+03   1.89303467e+02   0.00000000e+00   0.00000000e+00
   1.45232346e+02   1.89499161e+02   2.30684776e+01   5.72921133e+00
   3.91579010e+02   2.71850464e+02   6.73535205e+03   0.00000000e+00
   2.22342606e+02   9.98706520e-01   5.34637871e+01   2.72912562e-01
   7.26033154e+03   0.00000000e+00   6.55121289e+03   5.97178221e+00
   2.82060814e+01   0.00000000e+00   1.19171152e+01   4.71643945e+03
   2.18302661e+03   3.28716064e+03   9.94277527e+02   1.72744312e+01
   1.51717163e+03   3.73739357e+01   9.80679798e+00   8.65789490e+01
   2.49973022e+02   4.80206847e-01   8.14763451e+00   1.78334866e+01
   3.33558594e+02   9.44510651e+00   4.47541237e+01   2.36126636e+03
   5.51482849e+01   7.01846313e+02   1.66466431e+02   2.37510107e+03
   5.44965820e+02   2.56758154e+03   4.66580518e+03   1.45628624e+01
   1.23577063e+03   1.83813274e+00   4.17293015e+01   1.21736670e+00
   2.41235205e+03   5.32211971e+00   2.44770581e+03   7.25543671e+01
   1.17759802e+03   4.38535385e+01   1.20141935e+01   0.00000000e+00
   2.16071313e+03   1.16897526e+01   0.00000000e+00   1.05601692e+02
   4.54989648e+03   4.51300488e+03   3.59904590e+03   3.34974980e+00
   2.57651463e+01   0.00000000e+00   2.78381424e+01   8.97718506e+01
   2.43502060e+02   1.77413235e+01   0.00000000e+00   2.25897247e+02
   1.45262451e+02   0.00000000e+00   3.03354706e+02   3.41851221e+03
   1.23538151e+01   9.47577438e+01   8.50045967e+00   7.15910950e+01
   7.62241662e-01   5.33402710e+01   6.14843702e+00   1.08850967e+02
   4.79867172e+01   1.15767256e+04   3.08708534e+01   3.43890137e+03
   1.26613550e+03   3.18970630e+03   1.30592603e+03   1.86049347e+01
   1.99155359e+03   2.59601654e+02   6.81996033e+02   3.13654499e+01
   1.96067600e+01   0.00000000e+00   1.41987183e+02   2.76210938e+01
   0.00000000e+00   3.42013969e+01   1.28457596e+02   1.90596657e+01
   3.92680283e+01   6.59038513e+02   4.60137500e+03   2.25956893e+00
   7.70874252e+01   5.85372047e+01   1.92736313e+02   1.05009813e+01
   1.61992302e+01   6.45607178e+03   1.68647404e+01   3.17868996e+01
   1.13870363e+01   4.69790649e+02   3.40177759e+03   1.40510941e+02
   5.85386914e+03   1.45994385e+02   2.83032894e+00   2.80744863e+00
   1.26010391e+04   6.99274719e+02   9.26457825e+01   4.03230143e+00
   4.46378571e+02   2.06084412e+02   5.83999300e+00   1.25715637e+01
   3.96767020e+00   2.76923004e+02   2.58858618e+03   1.16317139e+01
   7.48016281e+01   1.86903979e+03   1.05811462e+03   6.57505264e+01
   5.05978699e+01   1.13938257e+03   9.79278613e+03   8.20302353e+01
   2.55807571e+01   2.80312672e+01   5.10161858e+01   4.46974609e+02
   5.46149826e+01   2.81611366e+01   5.54917285e+03   5.24498779e+03
   7.44445264e+03   3.68924111e-01   1.77485260e+02   6.45627747e+01
   2.05695386e+03   3.34498191e+00   5.51938599e+02   2.84608551e+02
   3.32569809e+01   8.91349023e+03   1.13199753e+02   1.74287341e+03
   1.25230983e-01   3.04193665e+02   7.00900497e+01   3.92334900e+01
   3.84276074e+03   1.72905979e+01   4.25156136e+01   0.00000000e+00
   0.00000000e+00   4.33005493e+02   3.03754883e+02   7.00025797e+00
   1.12891426e+02   4.14044580e+03   0.00000000e+00   5.59691040e+02
   2.50895096e+02   3.17157715e+02   4.90048096e+03   1.14359779e+02
   4.94115820e+03   6.47735229e+02   2.06545441e+02   4.32581444e+01
   2.33785992e+01   9.31805481e+02   1.24911934e+02   7.14547314e+03
   1.83439007e+01   4.32705593e+00   1.74576855e+01   4.64056494e+03
   6.41769028e+01   3.48779726e+00   2.30839577e+01   0.00000000e+00
   2.06619165e+03   1.92984848e+02   6.68967468e+02   5.59055762e+03
   2.35387268e+02   3.66535416e+01   1.96300696e+03   3.47862671e+03
   1.42720051e+01   2.13682617e+03   2.33276796e+00   3.03138733e+02
   0.00000000e+00   6.54550879e+03   1.93152885e+01   1.10496330e+02]
[  8.28114033e+00   5.87465942e+02   3.48249893e+01   2.72048431e+02
   8.07697983e+01   1.05192419e+03   8.66348724e+01   2.41552048e+02
   1.75384293e+01   2.43502712e+01   1.20191943e+03   1.35860645e+03
   2.86949121e+03   1.55323929e+02   3.08130640e+03   1.79442245e+02
   1.40674007e+00   1.58376480e+02   5.03518524e+02   3.41103607e+02
   1.52790100e+02   2.32445335e+01   2.87652393e+03   5.53959808e+01
   7.74971008e+01   4.68528328e+01   2.30653381e+01   2.79673901e+01
   2.61223682e+03   2.09925098e+01   4.00822544e+00   3.41904411e+01
   4.22808838e+03   1.29746262e+02   1.47033634e+01   1.14782678e+03
   3.40977148e+03   7.91418135e-01   2.85983038e+00   1.61839624e+03
   6.14049756e+03   3.73093597e+02   3.84001702e-01   0.00000000e+00
   2.87215996e+00   7.18200806e+02   3.51169507e+03   2.82284203e+01
   1.98132706e+01   2.68360271e+01   4.92968750e+01   5.61324730e+01
   1.03730359e+03   6.02498474e+02   4.52860046e+02   2.65353027e+03
   8.45871449e+00   8.60020733e+00   1.52606653e+03   4.03530249e+03
   1.26273291e+03   2.50669678e+02   6.49165088e+03   4.53856707e+00
   1.92736995e+00   1.66085358e+02   3.55342636e+01   1.16562347e+02
   1.40067053e+01   8.76506836e+02   1.78909363e+03   9.10004395e+02
   3.44001587e+02   2.07928066e+01   6.39299736e+01   7.77439941e+02
   7.39550171e+01   8.93687988e+02   3.11403687e+03   8.00555801e+00
   1.08771038e+01   1.05639145e+02   2.75961475e+03   8.42148685e+00
   5.67736145e+02   3.57871021e+03   6.65512161e+01   3.94477272e+01
   3.60118042e+03   3.07202271e+02   1.24752815e+02   1.78058472e+02
   0.00000000e+00   2.38325854e+03   2.88442230e+01   3.20639763e+01
   1.58725204e+02   2.06034058e+03   1.48694092e+02   7.94593887e+01
   2.76723824e+01   3.50493851e+01   1.39812668e+02   2.28812180e+01
   1.89123682e+03   4.77835989e+00   1.72480743e+02   4.61558203e+03
   3.11453369e+03   9.11625214e+01   3.44404327e+02   1.08765440e+01
   1.87064355e+03   1.30477820e+03   3.46909668e+02   4.57047194e-01
   8.79681320e+01   3.09641514e+01   2.33432031e+03   1.70740356e+01
   3.96274719e+01   2.74614111e+03   0.00000000e+00   1.26314259e+01
   3.98686256e+01   2.55007721e+02   4.31429520e+01   2.53230057e+02
   3.19336230e+03   7.41664052e-01   1.40078415e+02   1.77268250e+03
   1.98068860e+03   2.05388451e+01   7.35170312e+03   3.59049749e+00
   5.72116852e+01   1.52026947e+02   1.97582855e+01   1.34410124e+01
   2.84101245e+03   0.00000000e+00   9.06215088e+02   7.68742371e+01
   2.36551041e+02   6.66254759e+00   9.23542380e-01   1.21442385e+01
   2.40274835e+00   2.07128925e+01   6.38095140e+00   9.81090027e+02
   2.20151215e+02   2.90938525e+03   2.03778732e+02   6.76197327e+02
   9.63902466e+02   2.30697823e+00   1.93141003e+03   6.06128784e+02
   1.15740454e+03   2.38393433e+03   5.63042927e+00   4.32310974e+02
   3.07968408e+03   8.23627686e+02   2.56422424e+02   8.62191010e+00
   1.05459042e+01   1.03800720e+03   2.75859833e+02   2.33175874e+00
   2.40260376e+02   2.00983763e+00   3.21338234e+01   0.00000000e+00
   7.81816721e-01   3.67736914e+03   4.05197754e+02   8.51907921e+00
   1.45416260e+02   1.59680948e+01   4.19689131e+00   3.74976730e+01
   2.61895410e+03   6.83867979e+00   3.61470261e+01   4.95777309e-01
   5.00536156e+00   8.66646862e+00   1.24019871e+01   8.28339539e+01
   2.87247429e+01   1.10354744e+02   4.97977081e+02   5.22263672e+02
   7.76451416e+01   2.74671535e+01   3.90381622e+01   1.00813408e+01
   5.92949257e+01   1.06132416e+02   1.14429083e+01   1.47035134e+00
   1.49915066e+01   6.53351212e+00   2.62755566e+01   1.53838577e+02
   1.41644333e+02   4.41617508e+01   2.55860107e+03   3.61785980e+02
   3.76579881e-01   1.17941523e+01   7.17651596e+01   4.63721123e+01
   4.65227852e+01   5.56493774e+02   3.39528748e+02   4.09838676e+01
   1.35496323e+02   8.25497131e+02   7.84441910e+01   1.19200208e+03
   6.22303391e+01   7.99858398e+01   2.35845654e+03   2.99450836e+02
   2.86773120e+03   4.58963623e+03   3.02311230e+03   3.01018620e+01
   0.00000000e+00   8.12280655e+01   2.15505814e+02   1.70267285e+03
   1.79203650e+03   9.05512333e+00   2.41458569e+03   3.42322754e+02
   3.27239323e+00   5.57997971e+01   4.37738678e+02   0.00000000e+00
   4.11310547e+02   8.72876221e+02   1.80446594e+02   0.00000000e+00
   3.05976654e+02   8.41175556e-01   5.28664708e-01   4.38009521e+02
   1.76233398e+03   0.00000000e+00   1.14733286e+01   3.33442847e+03
   1.42469621e+00   1.94628250e+02   4.03119164e+01   4.31205978e+01
   3.23481958e+03   0.00000000e+00   5.50291846e+03   4.06203346e+01
   8.21409798e+00   5.85925140e+01   3.09759247e+02   1.36367078e+03
   8.89450531e+01   4.19664917e+02   4.83515739e+01   3.79012817e+02
   5.19102700e-02   0.00000000e+00   1.23648384e+02   7.54862747e+01
   4.53465118e+01   1.53912888e+02   6.23485596e+02   1.13366333e+03
   6.31891155e+00   8.80012131e+01   2.27073853e+03   9.77424431e+00
   1.79312348e+00   1.99296594e+03   1.27244247e+02   2.43928957e+00
   3.70643652e+03   6.22396660e+01   4.18864288e+01   0.00000000e+00
   5.65558411e+02   4.76439758e+02   4.54901660e+03   5.58808327e+01
   1.59010681e+03   2.25481216e+02   3.52913017e+01   6.17329956e+02
   3.42971313e+03   7.68428284e+02   5.65166283e+00   1.84905946e+00
   3.82921533e+03   1.47299658e+03   6.03244287e+03   3.32265381e+02
   3.88602304e+00   2.15510773e+02   4.21000427e+02   1.28218719e+02
   1.18320262e+00   6.42026672e+01   2.95286789e+01   1.23092676e+03
   9.68188354e+02   1.07719582e+02   4.67058258e+02   0.00000000e+00
   1.63368249e+00   3.08969043e+03   5.82617111e+01   3.09940723e+03
   3.43134613e+01   9.77109146e+01   1.23456955e+02   0.00000000e+00
   9.55574393e-01   6.68064453e+02   9.63853073e+00   5.14724493e+00
   3.90622025e+01   5.56233177e+01   6.80400879e+02   4.67664337e+00
   1.20173328e+03   9.61599655e+01   8.13831360e+02   2.34166553e+03
   2.20284497e+03   1.12331641e+03   7.86927063e+02   1.02702343e+00
   1.39755814e+02   6.90069946e+02   1.20894397e+03   1.11153496e+02
   6.80288849e+01   3.34998486e+03   1.81158791e+01   0.00000000e+00
   3.38024658e+03   5.02853508e+01   1.61465564e+03   1.44097052e+01
   1.94351221e+03   7.13351135e+02   4.97959976e+01   7.46761856e+01
   6.56169662e+01   3.67263532e+00   1.16847603e+02   1.37094202e+03
   1.00305023e+03   1.40665960e+00   6.71472549e+01   5.28946953e+01
   1.68799458e+01   1.03708563e+01   4.93198096e+03   1.05714786e+00
   4.02860413e+02   1.17648511e+03   0.00000000e+00   2.58662323e+02
   7.67108887e+02   6.45539258e+03   1.20840752e+02   3.75824524e+02
   5.24636719e+02   1.70414352e+01   2.15853699e+02   1.61579742e+01
   2.15248566e+02   1.55957153e+02   2.81070690e+01   9.78978195e+01
   2.33253687e+03   3.30352478e+01   6.45951709e+03   5.00531540e+01
   8.93686340e+02   3.00066032e+01   1.14474669e-01   8.28966141e+01
   5.31875324e+00   4.08631958e+02   3.46721130e+02   3.67260406e+02
   1.34930457e+03   3.08820923e+02   4.45889702e+01   3.34590356e+03
   2.09439233e+03   1.27147011e+02   4.07682129e+02   9.17509460e+00
   7.29447174e+01   5.55475879e+03   9.18645325e+01   1.34224292e+03
   7.02992096e+01   3.42392616e+01   6.49665880e+00   0.00000000e+00
   9.15660400e+02   3.30868994e+03   1.53250903e+03   2.69217993e+03
   9.82161255e+01   5.15103722e+01   3.05816742e+02   0.00000000e+00
   5.93490829e+01   1.88154488e+01   3.32715088e+02   2.49471265e+03
   6.37640015e+02   1.00128040e+03   6.79462842e+03   7.02345371e+00
   1.01511505e+02   1.83627393e+03   5.52569962e+01   1.47537476e+02
   1.99776404e+03   6.80020761e+00   3.48327087e+02   2.05489975e+02
   5.47306862e+01   3.36357155e+01   1.31011292e+02   1.18503639e+02
   1.17996872e+02   1.03367317e+02   7.81908112e+01   1.89996409e+00
   2.92987080e+01   4.71504478e+01   2.98227947e-02   1.14537915e+03
   6.99399219e+03   1.37513916e+03   7.92254791e+01   9.34833435e+02
   7.76270264e+03   1.55409729e+02   1.71051013e+03   4.61731386e+00
   4.66369049e+02   9.52438507e+01   2.95043106e+01   0.00000000e+00
   7.27991699e+02   6.78375488e+02   4.74600792e+01   4.53693066e+03
   4.65004004e+03   6.30943604e+02   3.43619227e+00   8.73931274e+01
   3.90866737e+01   5.61743286e+02   2.59928188e+01   4.38661163e+02
   3.72655792e+01   1.54020846e+00   1.13140697e+01   5.55529022e+00
   1.06479469e+02   9.79275085e+02   1.14889030e+02   8.42349670e+02
   6.37556038e+01   2.98832631e+00   1.79170647e+01   8.01491650e+03
   8.06884289e+00   2.07745407e+02   5.12036011e+02   1.77770337e+03
   4.05501223e+00   0.00000000e+00   4.44986847e+02   7.24534531e+01
   9.50727844e+00   8.48467163e+02   5.83299683e+02   3.96829370e+03
   9.44213257e+02   8.79610901e+01   2.00085297e+02   2.28757349e+03
   1.41838379e+02   0.00000000e+00   1.23345520e+02   4.62845654e+03
   9.64783554e+01   1.17845512e+02   7.72590027e+01   3.78614258e+03]
[  3.56132996e+02   2.67775364e+01   4.49799776e-01   5.94680786e+00
   1.42785797e+01   1.47148828e+03   4.19481659e+01   6.76702652e+01
   3.47500324e+00   5.99445190e+02   4.51252594e+01   4.35221024e+01
   4.75179260e+02   7.22890869e+02   4.41467529e+02   0.00000000e+00
   6.05954590e+01   5.30059631e+02   9.68341751e+01   6.69710338e-01
   1.38923206e+01   1.77004290e+00   1.79778168e+02   8.84692017e+02
   2.68015098e-02   3.48590255e+00   8.45635605e+00   7.84018631e+01
   8.26444054e+00   1.26841385e+02   1.45258980e+01   2.39477825e+00
   1.46521896e+02   5.04443645e+00   2.99130859e+03   1.50755701e+03
   1.76569023e+01   6.03646606e+02   3.10303440e+01   4.55022278e+01
   3.98900270e+00   2.88768368e+01   3.15747070e+01   4.51997147e+01
   1.53887510e+01   9.34168549e+01   4.10253387e+02   0.00000000e+00
   7.36653519e+01   3.69263420e+01   1.21082153e+03   0.00000000e+00
   3.50510139e+01   1.67084618e+01   0.00000000e+00   1.85974075e+02
   1.65920925e+01   6.68382978e+00   1.95309647e+02   2.36340530e+02
   2.20805244e+01   5.77064781e+01   2.88158321e+01   1.26146736e+01
   1.33992691e+01   1.45477333e+01   1.52083420e+02   2.02996387e+01
   4.59249640e+00   2.94768944e+01   1.62728176e+01   1.82739209e+03
   1.81270943e+01   9.98172559e+03   1.85901318e+03   3.55974340e+00
   4.76932907e+01   8.99412727e+00   4.69753151e+01   7.67155218e+00
   2.53396950e+01   4.18695526e+01   4.97598791e+00   1.29563608e+01
   4.83176498e+01   8.25178027e-02   1.14518689e+03   1.49343710e+01
   9.79001083e+01   2.14301491e+01   4.92891121e+01   3.20778275e+01
   1.72194290e+01   2.19929749e+02   2.52385605e+02   4.02414207e+01
   3.61831932e+01   5.07762451e+01   7.97150803e+01   5.68648682e+01
   9.38112754e-03   3.57075615e+01   5.97292786e+01   4.51684799e+01
   1.12255964e+01   1.33430357e+01   3.89984369e+00   1.39653662e+03
   2.54899979e+01   5.51155269e-01   8.02022644e+02   1.03310003e+01
   1.52237844e+01   8.79533157e+01   0.00000000e+00   5.11913896e-01
   1.22929325e+01   4.70686951e+01   1.88912695e+03   2.11015368e+00
   3.04297028e+02   3.01961064e+00   7.12595177e+00   3.48947406e+00
   5.57204664e-01   1.20178350e+04   4.02241051e-01   3.92106285e+01
   9.84250427e+02   1.27260925e+02   2.55538445e+01   2.04101440e+02
   1.14218712e+02   6.86423969e+00   3.44670288e+03   5.23562813e+00
   3.29227805e+00   1.80424099e+01   1.02628320e+03   9.33225632e+01
   1.46192408e+01   7.60446228e+02   3.50266671e+00   1.04307043e+03
   7.77964735e+00   7.31855011e+01   9.81576729e+00   1.89173721e+02
   1.04341064e+03   1.88926277e+01   2.03734665e+01   3.32274597e+02
   1.08926601e+01   5.11330757e+01   7.61974792e+02   4.36725159e+01
   1.99415760e+01   0.00000000e+00   4.91768684e+01   1.38835730e+03
   5.24894922e+03   2.34541089e+03   5.70417023e+00   1.31396160e+01
   3.15732765e+01   7.58292236e+01   1.22901506e+01   5.58811874e+01
   1.42476826e+01   2.31424141e+01   4.05339813e+01   2.47595370e-01
   1.09007359e+00   6.66506042e+02   1.99132824e+01   7.16710968e+01
   5.37440681e+01   8.23071766e+00   4.05657310e+01   1.08103113e+03
   6.06318726e+02   1.15095657e+02   6.90674194e+02   2.51760132e+02
   7.51969757e+01   5.19884834e+01   6.92198038e-01   3.49779916e+00
   9.71960220e+01   7.77555084e+01   2.61953354e+01   5.22081494e-01
   5.92123633e+03   1.08241203e+02   1.01487768e+00   1.82363319e+01
   2.72955399e+01   1.09514656e+01   2.22994843e+01   1.05023315e+03
   2.99422779e+01   7.01557040e-01   9.34210754e+02   9.79125748e+01
   4.34079628e+01   1.42900162e+01   1.49172229e+03   2.21421700e+01
   5.13273315e+01   1.10917694e+02   3.53941383e+01   4.45022202e+00
   2.30912842e+02   2.14600391e+01   6.72421417e+01   1.84777481e+02
   0.00000000e+00   1.26889366e+02   3.03338110e+03   4.41525696e+02
   0.00000000e+00   6.87684917e+00   1.39051971e+01   5.06780205e+01
   7.24186401e+01   1.12666138e+03   9.72121506e+01   6.22721519e+01
   2.41323352e+00   4.62737045e+01   8.97121811e+00   1.09270984e+03
   5.87947693e+02   9.24833618e+02   0.00000000e+00   7.50384808e-01
   8.80714874e+01   2.52951831e+03   3.05770361e+03   6.78380966e+00
   1.41486893e+01   2.85527229e+01   3.50559845e+01   0.00000000e+00
   8.86575603e+00   6.30288497e-02   9.56678223e+02   0.00000000e+00
   2.93422028e+02   5.68904724e+01   9.19066772e+02   1.50695210e+01
   2.08631420e+01   1.07864087e+03   9.93561462e+02   3.91989827e+00
   3.26971169e+01   2.46508331e+01   1.67947620e+03   1.04524887e+02
   1.15281197e+02   9.63838577e+00   8.23212830e+02   4.72154427e+01
   3.10781765e+01   0.00000000e+00   1.65951263e+02   1.49743748e+01
   7.11308420e-01   4.99023285e+01   2.43618384e+03   2.80085175e+02
   6.34253426e+01   5.94986439e-01   5.39092216e+01   6.55615158e+01
   2.77027557e+02   2.83204441e+01   8.55718231e+00   4.49849653e+00
   5.78438293e+02   7.27730103e+01   4.42438698e+01   8.66026855e+02
   3.97209740e+01   1.45457287e+01   5.44482946e+00   2.40594902e+01
   1.20522423e+02   1.48339481e+01   9.00173279e+02   4.20175629e+01
   2.44879742e+01   5.93908539e+01   3.85840034e+01   3.89345062e+02
   6.20510483e+00   7.79026611e+02   8.81337357e+01   5.27183398e+03
   2.09635559e+02   2.11684284e+01   2.58522046e+03   3.32527954e+02
   1.59742249e+02   6.90391464e+01   1.40381737e+01   3.09994476e+02
   2.21039371e+01   8.10093384e+01   0.00000000e+00   2.00726604e+01
   3.40363808e+01   1.01265076e+02   2.06815723e+03   9.02285480e+00
   1.81974829e+03   8.51788998e-01   1.18425269e+03   1.16057503e+02
   9.86954041e+01   3.53836174e+01   9.44296112e+01   1.55172058e+02
   1.06204193e+02   4.69721489e+01   4.85626221e+00   9.48350296e+01
   8.20835972e+00   8.34664154e+00   9.05006647e-01   4.07591534e+00
   0.00000000e+00   2.04862259e+02   3.24181390e+00   5.48877258e+02
   1.82833505e+00   8.70632324e+01   2.01636734e+01   7.67636536e+02
   8.34196167e+01   0.00000000e+00   3.80606956e+01   1.68493900e+01
   0.00000000e+00   2.09994364e+00   4.63622169e+01   2.04071465e+01
   1.84817219e+00   1.92734585e+01   1.83648514e+02   4.86226368e+00
   0.00000000e+00   1.49364594e+02   6.78158092e+00   5.30710596e+03
   7.23072586e+01   4.19439507e+01   3.27836914e+01   1.45173788e+01
   9.68919843e-02   1.98907104e+02   1.85252411e+02   8.52074280e+01
   1.50422400e+03   9.86087132e+00   1.61128750e+01   1.54943371e+00
   1.30090485e+02   2.16932430e+01   0.00000000e+00   5.63720459e+02
   3.02270966e+01   0.00000000e+00   1.59437551e+01   4.36554527e+00
   1.44297363e+03   2.70858240e+00   6.93328381e+00   1.36884403e+01
   2.91377068e+01   1.73049207e+03   1.06436987e+03   0.00000000e+00
   5.12324829e+02   6.43356400e+01   3.10423493e+00   3.33057754e-02
   2.05376472e+01   0.00000000e+00   2.47569995e+03   3.49459839e+01
   1.21186104e+02   1.05938942e+02   8.23272095e+02   4.70081177e+02
   2.39072586e+02   3.15737705e+01   6.89186401e+01   1.16870227e+03
   2.65541870e+02   1.27725544e+01   9.04816628e+00   1.15626276e+00
   1.26892807e+02   1.59797266e+03   9.14976120e+00   6.38394775e+01
   5.88360100e+01   9.83257828e+01   9.69500427e+02   5.43472656e+02
   8.06825733e+00   1.05836450e+03   5.02039917e+02   0.00000000e+00
   7.14826431e+01   3.10560441e+00   1.08572034e+03   2.12109928e+01
   7.19501038e+02   1.44206324e+01   1.39700562e+02   3.95535302e+00
   3.61288643e+01   9.60448792e+02   3.46789490e+02   1.59449701e+01
   9.38289258e+03   1.43600113e+02   5.49625549e+01   1.53927593e+01
   6.51571198e+01   7.30425659e+02   6.37593842e+01   1.88214197e+03
   1.11738147e+03   5.53223114e+01   2.63387661e+01   4.34382858e+01
   2.05255246e+00   1.15151953e+03   8.09036331e+01   5.18717422e+01
   6.07185516e+01   3.48709106e+01   0.00000000e+00   1.15078552e+02
   5.32802439e+00   6.51315975e+00   2.28603721e+00   5.20329208e+01
   1.63712311e+00   7.67622986e+01   9.99477615e+01   3.12083203e+03
   3.90830994e+01   1.79219800e+03   2.17200027e+02   5.94880219e+01
   4.64642410e+01   1.17893958e+03   2.37220802e+01   2.09691753e+01
   6.99564697e+02   2.15794277e+00   1.52977466e+03   7.60182571e+01
   1.72965317e+01   1.76533699e+01   4.13561287e+01   3.69489594e+01
   9.13570007e+02   1.23724097e+03   4.43121681e+01   2.10793555e+03
   6.29355550e-01   0.00000000e+00   7.27102661e+00   0.00000000e+00
   6.33327789e+01   1.45511608e+01   8.54758240e+02   4.21744376e-01
   1.22878036e+02   9.20570660e+00   3.76665039e+01   1.95770667e+03
   8.57336998e-01   1.45315230e-01   2.22175026e+01   7.21407471e+01
   5.44271660e+00   8.12465881e+02   4.66671875e+02   8.84318054e+02
   4.31570526e+02   5.41698914e+02   3.94365501e+01   9.83769417e+00
   2.26613330e+03   6.98765945e+01   3.36149812e+00   1.61429529e+03
   5.26953468e+01   1.29237442e+02   5.03309097e+01   2.80750214e+02
   1.78344421e+03   8.86009155e+02   4.82362976e+02   8.70791340e+00]
