bicycle
bus
car
motorbike
person
[  8743994.     5861304.    60496656.     7090564.5   65307872.     7277829.5
  27265452.     9910533.    18476936.     4641337.    12483010.    42262164.
  36801120.    16998440.     9255879.     4944127.5    9254841.     8924766.
  62393888.    18493858.     3338979.75  11924124.     9290187.    47468896.
   7577769.     6425546.     4748226.     4552237.5    8153172.5   25325250.
  41717156.    17925154.    72919560.     4251301.5   11190400.     3908675.5
  34154256.     9389703.     5522722.5    3633238.75   5127601.5   13777316.
  15938214.    79219544.     6515294.5   41141808.     7383739.5   13747511.
   6472757.5   80502912.    11574812.    23704170.    27103494.    24647586.
  17301652.    21819742.    36917748.    24564770.    13209149.     5455009.
   5786449.5    4520193.    21938932.     3983917.  ]
[  1.98362280e+07   1.65411850e+07   4.16132000e+07   1.57784138e+06
   9.55639400e+06   4.52424050e+06   8.15454950e+06   7.18595068e+03
   3.72884325e+06   7.10664450e+06   5.08176840e+07   4.40825560e+07
   7.80858516e+04   7.36904400e+06   4.46383040e+07   2.01134700e+07
   4.58844100e+06   4.50660240e+07   1.35919050e+07   2.89655880e+07
   5.77454938e+05   4.63377080e+07   3.03293450e+06   5.07642600e+07
   1.29398500e+06   6.19040200e+07   2.85198225e+06   3.03677350e+06
   1.78169260e+07   6.96871641e+04   1.65243910e+07   6.08062617e+04
   5.30545050e+06   1.24808860e+07   4.38237950e+06   1.44051310e+07
   8.24360500e+05   5.10348000e+06   8.76401300e+06   1.08528930e+07
   1.45759840e+07   1.07791690e+07   1.43946875e+06   1.51614740e+07
   2.75601240e+07   9.65944800e+06   1.73536550e+06   2.46523480e+07
   2.22929480e+07   1.57080660e+07   4.93624120e+07   1.12587030e+07
   5.17482880e+07   1.62568980e+07   2.06235800e+06   1.53077600e+07
   2.26844400e+07   5.85620520e+07   1.30322860e+07   1.75923640e+07
   2.58834860e+07   1.44306387e+04   2.27055920e+07   4.24510160e+07]
[  1.63460438e+06   1.16894440e+07   6.65032969e+04   1.43878922e+05
   3.98144219e+04   8.41461953e+04   2.20036844e+05   9.16669500e+06
   8.04439609e+04   3.51913775e+06   1.96834700e+06   1.10374912e+06
   1.28785388e+06   9.85869688e+05   3.91652812e+04   1.08710805e+05
   3.75373625e+06   9.81895812e+05   1.69609175e+06   8.14924200e+06
   5.28506150e+06   3.20827617e+04   9.86153700e+06   1.16259780e+07
   1.10086280e+07   0.00000000e+00   6.02304188e+05   6.32833900e+06
   5.08054594e+05   4.37084450e+06   2.97511270e+04   1.74333620e+07
   4.10736969e+05   1.62252662e+06   1.69134612e+06   3.53610225e+06
   5.02834531e+05   2.36780460e+07   8.11373550e+06   5.05061953e+04
   4.55880050e+06   6.56559600e+06   2.27007925e+06   1.33945450e+07
   2.12006775e+06   5.64050750e+05   7.36977050e+06   8.28599922e+04
   2.45092800e+06   3.39280938e+05   1.04914538e+06   1.91771266e+05
   3.04717825e+06   5.12954656e+05   2.04722140e+07   1.17394100e+07
   3.26801450e+06   4.88511445e+04   1.78682969e+05   6.16822500e+05
   4.73999900e+06   1.52635880e+07   8.97957000e+06   1.16671412e+06
   1.96867680e+07   5.42308600e+06   1.27681490e+07   2.53103975e+06
   6.32578438e+05   1.30762212e+06   7.44728550e+06   1.42790710e+07
   3.33576425e+06   1.47287388e+06   0.00000000e+00   4.83751200e+06
   5.15282109e+04   6.38156600e+06   9.56076100e+06   2.39443625e+05
   3.11928047e+04   1.07721290e+07   5.97526200e+06   1.82350371e+04
   1.31459750e+06   1.19673880e+07   8.09838200e+06   8.39497344e+04
   2.22644300e+06   4.68996031e+05   7.12060450e+06   6.46082900e+06
   9.47190500e+05   7.53565800e+06   6.98055688e+05   1.16820230e+07
   9.08287305e+03   7.06981550e+06   4.21230100e+06   1.49031138e+06
   1.54937000e+06   2.24475350e+06   1.55451172e+05   7.93770188e+05
   6.27251025e+03   5.73867062e+05   3.43352469e+05   3.06457156e+05
   6.72915900e+06   1.25020266e+05   1.47114422e+05   8.07644900e+06
   8.62127625e+05   1.31720840e+07   3.70240850e+06   3.22272525e+06
   2.27753950e+06   4.77590219e+05   2.30665850e+06   4.85770062e+05
   4.23931450e+06   7.45543300e+06   1.83199469e+05   1.16689650e+07
   1.30949312e+06   6.28940352e+04   2.41137080e+07   2.11841724e+03]
[  6.46948750e+06   5.38337750e+06   3.03463156e+05   1.42465246e+00
   3.11717656e+04   2.82036525e+06   1.07273162e+06   1.87235475e+06
   1.67355860e+07   6.11389850e+06   1.35365400e+07   1.11222420e+07
   4.60114950e+06   7.29451062e+05   1.78674492e+04   1.93103788e+06
   1.97890475e+06   2.67725025e+06   5.86934300e+06   4.94266289e+04
   9.40037600e+06   2.37871075e+06   3.47385900e+06   1.12823344e+05
   8.74421062e+05   1.10516612e+06   5.66401125e+05   4.66548400e+06
   1.93547125e+05   6.07664750e+06   6.77403984e+04   1.51310450e+07
   6.76377650e+06   4.03826469e+05   2.90872425e+06   3.06829375e+06
   4.91712650e+06   1.53157150e+07   2.64528406e+05   1.07598758e+05
   2.89007850e+06   1.04725125e+05   6.08710977e+04   1.54742050e+06
   2.30785350e+06   1.14368280e+07   1.12619640e+07   3.83604225e+06
   2.90445700e+06   1.33258530e+07   4.60817300e+06   3.80477275e+06
   9.58494800e+06   6.04320000e+05   2.36585969e+05   3.94371719e+05
   2.82589325e+06   1.92033825e+06   1.90725159e+03   5.34031550e+06
   2.53743375e+06   1.20607390e+07   5.34482750e+06   1.73934000e+06
   1.47498550e+06   1.22171180e+07   9.28246062e+05   3.18195625e+06
   3.36012425e+06   1.51155360e+07   4.37049650e+06   1.77141060e+07
   6.29723000e+06   1.11918460e+07   2.15753060e+07   2.07753027e+03
   3.30713400e+06   2.76353750e+06   1.65378100e+07   5.65225700e+06
   5.31218600e+06   7.79450938e+04   7.22916900e+06   4.23553150e+06
   3.79374414e+04   1.03465890e+07   1.97782162e+06   5.61454100e+06
   1.02135188e+05   3.64541450e+06   1.29358531e+05   1.06080740e+07
   5.28019188e+05   1.23716190e+07   2.85318850e+06   3.24917450e+06
   1.32828712e+06   1.07304520e+07   5.63678188e+05   1.48375960e+07
   2.82509812e+05   7.11038562e+05   1.93247620e+07   6.83450391e+03
   2.55414656e+05   1.82807780e+07   5.10779800e+06   1.12270210e+07
   6.47581200e+06   1.28891990e+07   4.80190381e+03   2.82721775e+06
   1.01936850e+06   2.64101920e+07   6.60761700e+06   9.53715750e+05
   6.50121250e+05   3.38503200e+06   6.60839297e+04   6.21624570e+04
   1.85417320e+07   1.49435388e+06   2.95838613e+04   9.78273200e+06
   2.53735675e+06   4.27913350e+06   1.85567580e+07   1.28247560e+07]
[  0.00000000e+00   1.24160645e+04   1.88784675e+06   1.23485459e+04
   4.04558716e+02   1.80503088e+03   3.14931689e+03   1.42273575e+02
   2.50055050e+06   2.97844180e+04   1.23824109e+03   1.09274414e+04
   0.00000000e+00   1.63754297e+05   8.44264219e+04   3.89178687e+03
   3.90074883e+04   1.10228625e+06   4.08763525e+03   3.86534414e+04
   2.98048187e+02   1.10186934e+04   1.00875206e+06   1.08171055e+04
   1.88344844e+04   1.52621533e+03   2.52051875e+06   0.00000000e+00
   1.04244502e+04   1.64057383e+04   8.77493591e+01   7.42209229e+02
   5.75757713e+01   8.67494312e+05   5.15438906e+04   1.95853438e+06
   2.18229975e+06   1.22650938e+04   1.38192798e+03   4.09618750e+03
   5.52242334e+03   1.07368201e+03   5.20841064e+03   7.50135375e+05
   9.50888965e+03   2.26420386e+03   6.80727158e+01   4.20943787e+02
   2.95727156e+05   1.46805781e+04   3.65026758e+04   8.02695984e+02
   2.08846775e+06   6.06071938e+05   8.78223877e+01   1.35880516e+05
   8.91020312e+05   1.34530375e+06   6.05514600e+03   1.62062359e+01
   5.67909336e+04   3.23728965e+04   5.37919688e+05   8.42075703e+04
   6.31351395e+01   4.65684297e+04   3.68134790e+03   1.71703381e+03
   3.80103735e+03   2.16577391e+05   1.56398450e+06   2.76459300e+06
   0.00000000e+00   2.46790332e+04   8.79496460e+02   5.37556763e+02
   2.02237949e+04   3.14905719e+05   1.90817469e+05   4.90687500e+04
   2.06531547e+05   9.07111230e+03   1.39599414e+04   1.18724600e+04
   3.05474775e+06   3.25578075e+06   2.36847969e+05   1.88109725e+06
   6.06390547e+04   5.68515259e+02   5.45976904e+03   8.96335234e+04
   3.07867812e+05   2.41087129e+04   6.21962547e+00   1.52142725e+03
   1.23097969e+04   8.00002000e+05   3.68331152e+03   4.03575664e+04
   6.19171602e+04   1.80795371e+04   1.51873150e+06   6.07447070e+04
   3.75888696e+03   1.05568750e+04   3.54626318e+03   9.04682434e+02
   1.17641151e+02   2.26657062e+05   1.03506525e+06   1.76982773e+04
   0.00000000e+00   8.47561406e+04   4.05376094e+04   4.89557324e+03
   4.68945503e+01   2.85882559e+04   2.70435229e+03   3.10290475e+06
   3.77423008e+04   1.36100941e+01   1.48639531e+04   3.17110352e+03
   8.93319824e+03   2.21657950e+06   1.20420459e+03   0.00000000e+00
   5.35860688e+05   1.25929531e+04   7.63218994e+03   1.59579160e+04
   1.78179395e+04   2.55503700e+06   3.17531548e+01   7.53994727e+03
   3.05669250e+06   1.69220700e+06   9.87916992e+03   0.00000000e+00
   1.81660352e+04   1.22620203e+03   5.10656104e+03   1.06399825e+06
   1.70740881e+03   1.79780288e+06   5.82358887e+03   7.16926697e+02
   1.92324328e+05   1.46054489e+02   6.65586719e+03   1.16182207e+04
   3.12261188e+05   6.64032734e+04   1.28368300e+06   4.78218896e+03
   1.08879482e+04   4.77476469e+05   8.56702188e+05   1.53692781e+05
   9.64930078e+03   1.66726062e+05   2.47051525e+06   2.17661191e+04
   2.09617754e+04   2.88270875e+06   2.21574300e+06   2.51942516e+05
   6.74388828e+04   2.11279825e+06   2.37113175e+06   1.14710281e+02
   1.29906455e+04   4.46889094e+05   1.94508711e+04   6.95398975e+03
   2.58489675e+06   8.46415723e+03   3.76092475e+06   6.91383281e+04
   1.09810562e+06   2.33370297e+05   9.04837812e+04   1.31868164e+04
   2.14197266e+04   1.85243789e+04   1.39305453e+05   4.49462109e+04
   2.03908450e+06   4.40591250e+04   1.30494785e+04   1.45280262e+06
   2.91229019e+01   7.99833500e+05   1.80160934e+02   1.57320812e+06
   1.87481504e+04   3.85481594e+05   2.21243000e+06   1.71007112e+06
   2.33599634e+03   1.39332450e+06   9.42818375e+05   4.74384155e+02
   8.99367344e+04   8.44618469e+02   2.30733398e+03   8.07431494e+03
   4.58757910e+03   3.52575812e+05   7.81565688e+05   2.84919125e+06
   3.68159888e+03   4.20626328e+04   1.56004425e+02   2.70779160e+04
   3.51967480e+03   1.35959488e+06   5.16859219e+04   1.37710657e+03
   4.85452667e+02   3.32852441e+03   2.49968579e+03   1.50830062e+05
   8.13443812e+05   0.00000000e+00   4.50637238e+02   7.69819312e+05
   4.02036469e+02   1.18739600e+06   4.02336836e+04   7.44318848e+02
   1.61581375e+06   6.63911084e+03   1.56410500e+06   1.18803540e+03
   2.28882080e+03   4.74157305e+04   1.58182738e+06   1.52383621e+02
   1.69604350e+06   1.26127362e+06   4.29234131e+03   8.87958435e+02
   1.73238547e+05   9.38691797e+03   3.72436230e+03   9.31310059e+03
   3.35813359e+04   5.22613781e+05   1.72949316e+04   3.16108838e+03
   4.63199805e+03   2.34343185e+02   3.75213623e+03   9.07518625e+05]
[  2.86672900e+06   1.28385674e+04   1.91611536e+03   1.97492017e+03
   1.85474638e+06   1.75892162e+06   2.05125547e+05   3.33659033e+03
   2.26097070e+04   2.76623950e+03   1.14918750e+03   2.97037344e+04
   6.48626465e+03   6.79531016e+04   1.04937646e+04   7.15638916e+03
   2.40869045e+01   1.68920435e+03   1.43232550e+06   1.69151266e+05
   6.43694973e+00   4.52783600e+02   8.22942200e+02   9.32953875e+05
   1.20534874e+02   1.17488135e+04   0.00000000e+00   4.99515938e+05
   3.79432227e+04   5.91787796e+01   7.32524922e+04   2.26040000e+04
   1.66077246e+04   1.33159688e+05   9.36056641e+03   3.52821797e+04
   2.67688281e+04   6.32792603e+02   5.46854004e+03   0.00000000e+00
   3.82883828e+04   8.79387031e+04   2.22789434e+04   1.15286768e+04
   1.26438408e+04   1.45005059e+04   6.53654688e+05   6.60292812e+04
   1.72814625e+05   2.54526270e+03   1.41805264e+04   3.12298291e+03
   4.32273346e+02   2.63535254e+04   4.61005188e+05   1.86803922e+05
   8.48541953e+04   4.06989344e+05   1.79385859e+05   2.11908838e+03
   1.06844102e+04   8.22249609e+04   1.17722759e+01   5.84602783e+02
   0.00000000e+00   4.57975234e+04   1.67007344e+05   9.80694824e+02
   2.04952954e+03   4.26876016e+04   7.02918375e+05   6.76044189e+02
   2.78962949e+04   2.42344395e+04   3.54928047e+04   1.09538016e+05
   9.98130391e+04   1.91299219e+04   1.52500438e+05   8.46746750e+05
   3.19234772e+02   1.67088574e+04   0.00000000e+00   7.68539609e+04
   2.22034790e+03   6.63693047e+04   1.18657996e+03   3.63808281e+04
   1.76041836e+04   1.60207686e+04   2.33424961e+04   1.45802510e+04
   8.12567578e+04   9.99995312e+05   1.10440942e+03   5.32066822e+00
   2.35191766e+05   1.12586731e+02   2.39227773e+04   3.17786582e+04
   3.07150098e+03   2.71645352e+04   8.47287438e+05   1.52270782e+02
   2.69254395e+03   7.20921797e+04   1.03875766e+05   1.21758266e+05
   3.23950000e+04   2.13354775e+06   1.67894983e+03   1.09097038e+06
   1.06340508e+02   2.19130078e+03   1.33770967e+04   4.83969180e+04
   7.89130676e+02   2.67254434e+04   3.18489082e+04   6.04331719e+04
   7.58073389e+03   6.44973633e+02   9.27693164e+03   4.88812719e+05
   3.73674634e+03   1.23273340e+04   1.85521622e+01   2.96927168e+04
   8.97492615e+02   2.12174400e+06   4.81439805e+04   2.27539038e+03
   7.75900439e+03   1.95300512e+06   2.68721606e+03   3.58267500e+04
   5.07673203e+04   1.09668850e+06   3.47604565e+03   3.92167480e+02
   1.17727976e+01   2.32478003e+03   1.31915967e+04   4.47117031e+04
   0.00000000e+00   2.59080176e+03   1.45380347e+03   0.00000000e+00
   0.00000000e+00   3.45472510e+03   4.43183301e+03   4.67682568e+03
   1.12167112e+06   2.35131984e+05   1.86818146e+02   4.17641000e+05
   1.45326318e+03   1.73632874e+02   2.90577051e+04   2.07577475e+06
   1.47016309e+03   7.60569629e+03   5.71543164e+03   2.85338192e+01
   1.32704359e+05   0.00000000e+00   9.26946062e+05   8.96710645e+03
   1.01963031e+05   2.32535775e+06   2.65207581e+02   4.92236900e+00
   6.35640078e+04   1.94310969e+05   9.50255688e+05   5.95917236e+03
   4.09750635e+03   5.45666504e+03   1.90944492e+04   6.38324890e+01
   1.36137188e+04   9.13052930e+03   1.83712219e+02   2.16846152e+04
   2.60191879e+01   2.02704956e+03   9.04362734e+04   2.67602715e+04
   3.17077588e+03   3.58496552e+02   5.00279281e+05   6.19749023e+03
   1.13447058e+03   1.77082793e+04   3.65974062e+04   6.96285254e+03
   7.57174375e+04   1.54164590e+04   6.98026688e+05   8.38106308e+01
   5.45255249e+02   0.00000000e+00   7.23874500e+05   7.39919922e+04
   2.63414375e+04   1.35646484e+02   2.11521133e+04   1.21479800e+06
   1.95386250e+05   5.59432688e+05   4.77821579e+01   4.99273242e+03
   1.14702822e+04   3.93874688e+04   1.70202686e+03   1.35969844e+05
   5.85557000e+05   5.52538623e+03   2.01531719e+04   6.82356250e+03
   1.39544473e+04   3.27237910e+04   2.60758374e+03   1.66567139e+03
   1.45330839e+01   1.67479922e+05   1.85655938e+05   9.26803711e+03
   1.97285339e+03   4.39991455e+01   3.97679016e+02   9.99834863e+03
   5.98415703e+04   9.62328809e+03   9.85968750e+05   6.67170801e+03
   8.58495508e+03   1.46685912e+06   0.00000000e+00   1.84803212e+00
   3.30663086e+03   3.21925719e+05   3.02518044e+01   0.00000000e+00
   1.01574542e+03   2.97651062e+01   2.39725117e+04   3.20009131e+03
   9.91132875e+05   3.00056125e+05   1.54969828e+05   1.42689547e+05
   1.03892021e+04   1.04629581e+06   2.56352812e+04   3.18787402e+04]
[  3.44397000e+05   6.47833164e+04   1.17720520e+03   1.70785876e+03
   5.27396250e+05   5.54509570e+03   6.44637383e+04   2.33260996e+04
   1.50612183e+03   9.78879562e+05   1.38931387e+04   8.31936875e+04
   3.79458906e+04   5.66345801e+03   1.94053613e+03   1.04569128e+03
   7.65513077e+01   8.59378125e+03   7.26963043e+01   2.78150830e+03
   4.00944961e+04   3.26364406e+05   3.14098770e+04   1.61866875e+04
   1.02581592e+03   7.27437549e+03   4.54743750e+03   3.57082719e+05
   2.60612344e+04   4.18825094e+05   7.15057373e+02   2.33508633e+04
   7.10431328e+04   1.06740734e+05   4.88620117e+03   1.65774102e+04
   5.14183719e+05   1.58109462e+06   7.45354346e+03   1.68638812e+06
   1.07318872e+03   2.35518701e+03   9.86634082e+03   6.81994453e+04
   3.40343789e+04   8.08029443e+03   2.65531616e+03   3.19977051e+04
   3.29358672e+04   3.87463574e+03   1.40283984e+05   1.17315825e+06
   5.49755249e+02   3.52601280e+01   9.15057068e+02   5.74348926e+03
   3.01570435e+03   3.17342250e+05   7.67592525e+00   2.30278535e+04
   3.93286743e+03   8.66951562e+04   4.47873291e+03   1.01276182e+04
   2.02967031e+04   3.64873398e+04   1.11386162e+04   7.20928760e+03
   4.20377930e+04   7.45867031e+04   2.95784043e+04   2.24096533e+03
   2.32602156e+05   2.78851562e+04   5.74873438e+05   1.89675781e+05
   3.49110875e+05   5.36151484e+04   4.01382764e+03   3.52248877e+03
   3.65955688e+02   4.33256622e+02   1.32189812e+05   3.57725952e+02
   1.18974266e+05   1.77202560e+02   1.08417758e+05   8.78116028e+02
   2.25722980e+01   2.82840723e+03   5.98867310e+02   2.36806641e+03
   2.15603750e+04   2.59654248e+03   1.75429156e+05   4.18249512e+03
   1.70347824e+02   5.27824938e+05   7.84855625e+05   4.06051055e+04
   1.27902266e+05   4.75121484e+04   1.48422766e+03   1.15041650e+03
   8.27308984e+04   2.59453857e+03   7.07398438e+05   4.59008984e+04
   7.68569458e+02   5.14538623e+03   2.10133965e+04   1.42669795e+04
   5.83277695e+04   7.74959375e+03   2.40504565e+03   6.60258984e+04
   3.26344653e+03   1.94678297e+05   5.81104805e+04   8.73287734e+04
   5.87780380e+00   8.63841125e+05   6.51920469e+04   5.37345562e+05
   3.67649102e+04   2.50859717e+03   2.05821797e+04   4.31638336e+01
   5.88678772e+02   8.00136597e+02   2.38329492e+03   4.09854570e+04
   2.13016523e+04   8.75425684e+03   3.02601797e+04   1.27041104e+04
   2.01096543e+04   1.16888695e+05   1.57962451e+04   1.56063464e+03
   7.41225967e+01   5.24729844e+04   1.76267078e+03   6.81798828e+04
   2.71365508e+04   6.16138281e+03   3.72665664e+04   5.41509819e+01
   5.73421094e+04   6.89590039e+03   2.23310078e+04   1.71828234e+05
   5.49837891e+03   2.45089016e+05   4.81446106e+02   1.72878457e+04
   8.89918984e+04   8.38695996e+03   3.05228031e+05   9.29586548e+02
   1.03939905e+03   4.59521759e+02   8.13892822e+03   1.20372021e+03
   6.96538281e+03   1.03423145e+04   4.83845742e+04   2.76892688e+05
   1.82024048e+03   5.81076758e+04   1.06640572e+02   6.54225244e+03
   4.57146191e+03   4.46296094e+03   2.41714961e+04   1.08534268e+04
   1.20862695e+05   7.15317725e+03   1.17604516e+05   6.22327188e+04
   7.73203369e+02   8.84163594e+04   1.48502627e+04   1.03324033e+04
   1.23382211e+05   1.90244299e+03   1.45128859e+05   6.60054626e+02
   5.41036133e+04   6.53503688e+05   1.02323250e+05   7.60347852e+03
   9.05098511e+02   1.53194641e+05   1.18953506e+02   2.89253345e+03
   5.30488398e+04   1.67528281e+04   1.74679043e+04   8.48444219e+04
   6.80520947e+03   6.15188721e+02   5.09658125e+04   4.64107938e+05
   2.12098734e+05   6.91949585e+02   2.54736777e+04   1.41318311e+04
   5.75074250e+05   1.62256680e+01   2.19527954e+03   1.04561816e+04
   4.72894766e+04   3.38940234e+04   1.88082203e+05   3.35242577e+01
   1.72540605e+04   2.11559141e+04   4.80266418e+02   2.41534984e+05
   9.08719434e+03   7.80981982e+03   1.18243799e+04   1.15734482e+04
   2.84412266e+04   3.86979866e+01   3.64099823e+02   2.32782227e+04
   3.43214990e+03   5.22182305e+04   1.48756885e+04   1.18477688e+05
   1.67174988e+03   6.04590781e+04   1.68405688e+06   6.67284521e+03
   3.57422778e+03   9.89683105e+03   1.50298175e+06   5.46534912e+03
   2.90605127e+03   1.16632092e+03   1.95500793e+03   1.07530603e+03
   9.21760312e+04   3.86532375e+05   1.88955498e+01   1.40214035e+02
   3.99806469e+05   2.39676738e+04   8.86992168e+00   6.26734336e+04
   1.23016582e+04   3.22828467e+03   2.54705640e+03   2.18187915e+03]
[  2.29841095e+02   1.18097324e+04   6.40529414e+04   3.67935898e+04
   1.88196167e+03   5.39732852e+04   7.23688965e+02   6.74750244e+02
   1.77020798e+02   5.19994049e+01   1.15950797e+05   1.12738779e+04
   2.58750317e+03   6.76122607e+03   5.85459229e+03   6.19412720e+02
   1.43981982e+04   3.22311309e+04   4.34443906e+04   5.59718945e+03
   1.78192032e+02   1.09511742e+05   3.28550562e+03   3.48234802e+02
   9.91643125e+04   2.63263398e+04   1.19014750e+05   7.15050098e+03
   7.59149141e+04   1.17665371e+04   1.41423320e+04   1.81296688e+05
   9.93445996e+03   5.14925586e+04   5.32012891e+04   8.15626016e+04
   1.33594844e+05   3.12731860e+03   5.71245911e+02   5.14071328e+04
   1.19188080e+02   1.76151734e+05   7.32676953e+04   4.16650820e+04
   2.00003525e+02   7.61227246e+03   1.13862695e+04   1.53417383e+04
   1.01104379e+00   2.65579414e+04   1.42829938e+05   1.41988074e+03
   2.89451838e+00   2.43580977e+04   1.06491328e+04   7.26986035e+03
   2.22605572e+01   2.32523926e+03   4.69351410e+02   1.43037781e+03
   1.92737964e+03   1.57405031e+05   1.47140342e+04   1.76601172e+03
   8.42842285e+03   1.87589453e+04   1.51447827e+03   9.79134064e+01
   6.04148486e+03   2.26199805e+03   3.24590801e+04   1.94764563e+03
   9.04574766e+04   5.94411255e+02   6.00080948e+01   2.28317566e+02
   1.18772888e+02   8.42453766e+00   1.82900672e+05   6.96674766e+04
   1.71742004e+02   1.18443398e+04   2.14549727e+04   1.28670672e+05
   1.03056458e+03   2.50815353e+01   1.23518323e+03   2.43811569e+02
   1.00136570e+05   8.15347891e+04   2.02763027e+04   8.55820694e+01
   1.00295094e+05   2.87751758e+04   5.55837969e+04   3.41493125e+04
   6.84693750e+03   4.09413239e+02   3.33820742e+04   5.02983086e+04
   9.74267090e+03   2.59725922e+02   1.20064500e+05   8.89341504e+03
   4.28487461e+04   6.57185391e+04   2.68477734e+03   1.19789297e+05
   7.13810391e+04   2.24892725e+03   1.18411729e+04   5.88199402e+02
   1.36746504e+04   7.25041122e+01   1.31843225e+03   3.50036250e+04
   0.00000000e+00   4.73135352e+04   3.85660591e+01   3.15431152e+04
   8.91929199e+02   1.70653578e+05   2.58143008e+04   3.05826294e+03
   1.21727881e+04   5.97808672e+04   3.25771729e+03   9.87974023e+03
   2.70425801e+04   6.87043457e+03   4.58452301e+02   2.31747031e+04
   2.70871191e+04   4.05896016e+04   4.20821172e+04   8.56736832e+01
   7.42965234e+03   9.47727585e+00   6.60215576e+02   5.95889397e+01
   4.00314453e+04   6.61386841e+02   2.72413848e+04   1.49145679e+01
   4.23428955e+03   3.26278149e+03   1.83285876e+03   9.40142090e+03
   9.93624939e+02   1.35948623e+04   1.12208430e+05   8.68281250e+03
   1.09733130e+03   3.61532007e+03   3.56595726e+01   0.00000000e+00
   2.51906891e+02   1.44547888e+03   6.36552002e+02   9.45872031e+04
   9.87459375e+03   6.90824072e+03   3.36057891e+04   2.28564339e+01
   5.50169414e+04   1.85581879e+02   1.02916055e+05   4.44399750e+02
   7.30662344e+04   7.41212422e+04   9.56672913e+02   1.40916533e+04
   6.84985312e+04   1.31419971e+03   1.02436164e+05   7.45584688e+04
   7.03168125e+04   8.67110901e+02   4.48356689e+03   1.42258472e+03
   1.89373398e+04   1.90461731e+02   1.00529023e+04   4.70586914e+04
   5.09349268e+03   4.96364531e+04   6.90657891e+04   1.46103682e+04
   3.07113257e+03   1.74962976e+03   3.21960034e+03   1.55620801e+04
   1.39740508e+04   1.85221875e+05   1.20244258e+05   4.41908828e+04
   1.49669453e+04   3.81757070e+04   1.19605273e+04   1.36969202e+03
   1.47006188e+05   2.99736953e+04   1.70943726e+02   1.06025406e+05
   1.63124125e+05   1.30968048e+02   6.86299453e+04   6.52900977e+04
   3.77814445e+01   1.61671738e+02   1.21453052e+03   9.04527527e+02
   9.42820969e+01   2.21298462e+03   5.10720586e+04   3.56634131e+03
   6.26342383e+03   2.34641855e+04   3.47292617e+04   3.08391504e+04
   1.25529395e+04   7.40802891e+04   1.07479134e+02   8.63542974e-01
   4.54219023e+04   3.67368579e+03   1.45276318e+03   4.28979635e-01
   3.09699554e+02   2.33327563e+03   5.68401917e+02   2.23564819e+02
   3.96222617e+04   8.27388750e+04   1.06193859e+05   1.23328320e+03
   6.74200156e+04   2.91286475e+03   1.94004727e+04   7.72019434e+03
   1.86478359e+04   6.62062344e+04   1.09442529e+04   8.26710391e+04
   1.27227698e+03   1.98353453e+05   1.59793721e+04   3.28005714e+01
   1.74462520e+04   4.51796055e+04   2.55195723e+04   1.04535250e+05
   8.48145801e+03   1.74036688e+05   1.79525430e+04   1.26577328e+05
   1.06154461e+05   1.54329846e+03   7.73409500e+01   8.49980391e+04
   4.61553828e+04   4.09610481e+01   5.91448291e+03   2.48721875e+03
   2.77313900e+01   9.96828613e+03   1.44833203e+03   1.17692766e+05
   7.15291172e+04   1.26850647e+03   5.76379318e+01   7.86368530e+02
   4.99562598e+03   9.86866895e+03   1.55722938e+05   5.40454805e+04
   4.76003599e+00   4.25673447e+01   7.65689766e+04   7.55105908e+03
   1.85872078e+01   1.05807727e+03   1.76211582e+04   1.54139594e+05
   4.72439111e+03   5.30182764e+03   2.47647972e+01   1.39397131e+03
   1.42973291e+03   7.12683594e+03   2.22993418e+04   1.47025771e+04
   9.51731797e+04   5.33052578e+04   2.46949531e+04   3.80892273e+02
   7.74578018e+01   1.05872131e+02   6.18756836e+04   9.68096094e+04
   2.39778900e+01   1.14029956e+03   3.27283672e+04   1.69081406e+02
   1.28941479e+03   7.62233906e+04   3.65407324e+03   6.46797180e+02
   6.58609688e+04   1.01697266e+03   3.45460587e+01   9.66281543e+03
   2.96141449e+02   8.00452026e+02   1.06038781e+05   7.27378828e+04
   1.12738861e+02   5.63111758e+04   1.11933750e+04   7.57463721e+03
   2.07238251e+02   1.01024395e+04   1.29244938e+05   7.27364209e+03
   1.25230625e+05   1.60537047e+05   2.10824688e+05   5.38348477e+04
   5.89865664e+04   7.72246094e+02   5.21062695e+04   1.62068896e+04
   1.01235086e+05   8.21993958e+02   2.38429077e+03   3.94525156e+04
   1.60189163e+02   4.89924961e+04   2.99217993e+03   3.07833789e+04
   9.20809609e+04   1.55225635e+03   1.40630176e+04   8.34391479e+01
   8.76318115e+02   1.56586416e+04   2.37111367e+04   6.98491150e+02
   1.82637561e+03   1.98145032e+03   2.30721504e+04   5.78809265e+02
   7.33737000e+02   5.72540273e+04   8.49814062e+03   2.12348779e+03
   1.77844031e+05   2.49335205e+03   4.38835781e+04   3.29795938e+04
   9.26477266e+04   4.47838906e+04   3.97895233e+02   8.00310547e+02
   7.43370752e+03   2.05715527e+03   1.20425586e+05   3.31299585e+03
   1.00225484e+05   2.33499048e+03   2.75582422e+03   1.21760999e+03
   4.01771992e+04   1.61558044e+03   6.46731992e+04   1.18526338e+04
   1.85916270e+04   4.27210156e+03   9.71147400e+02   1.13693871e+02
   5.77622656e+04   2.35950078e+04   3.26951447e+02   2.82930781e+04
   3.23270898e+03   3.51938843e+03   6.65421436e+03   1.02589346e+04
   2.34780542e+03   4.94180481e+02   2.08344458e+03   1.44526505e+02
   4.34352002e+03   2.30568320e+04   4.27592266e+04   1.23511727e+05
   3.88402417e+03   6.06140381e+02   2.16799976e+03   1.24785559e+03
   8.84755096e+01   6.14824854e+03   3.12149219e+04   9.33744453e+04
   5.58620273e+04   9.35989258e+03   7.47202295e+03   1.19618156e+02
   1.15388508e+01   1.08284073e+01   2.03745605e+04   2.56970430e+04
   2.83241797e+03   6.23642822e+02   2.55249863e+04   2.70970566e+04
   7.37184570e+02   1.90888301e+04   5.68282773e+04   1.23745713e+04
   5.89573193e+03   8.45901758e+03   9.25629590e+03   6.09368047e+04
   8.77620781e+04   1.28079746e+04   3.10444492e+04   7.54200684e+02
   1.24981000e+05   1.43769373e+03   7.22050476e+02   1.02593965e+04
   1.16121953e+05   3.93476484e+04   2.50294883e+04   3.31041382e+03
   4.06463654e+02   1.46448303e+03   3.33865039e+04   8.89501465e+03
   1.99345742e+04   1.35228086e+04   9.44538672e+03   5.69902754e+00
   0.00000000e+00   4.17449414e+04   1.15255997e+02   3.03374609e+03
   6.56025977e+03   5.92881094e+04   2.34043823e+03   1.67117859e+05
   3.06737578e+04   0.00000000e+00   5.63078857e+03   0.00000000e+00
   1.41096948e+03   1.77797500e+04   1.51195145e+02   3.43746118e+03
   1.23611133e+03   1.70302637e+04   2.07338715e+02   2.77914453e+03
   2.98858281e+04   7.83808438e+04   1.12979346e+03   2.09956379e+01
   2.14550098e+03   7.60140967e+03   2.61280289e+01   3.96822937e+02
   1.22361455e+04   5.75604309e+02   2.01492444e+03   1.48466858e+03
   1.30955908e+04   1.11977725e+04   1.01689170e+04   0.00000000e+00
   3.20501434e+02   1.35281055e+03   7.14992031e+04   1.51803457e+04
   3.03425508e+04   1.35358749e+02   4.69786377e+03   5.59557438e-01
   2.35713066e+04   1.04104980e+03   1.25087734e+05   3.42972015e+02
   1.18956494e+04   8.46204590e+02   6.03959912e+03   9.53137988e+03
   7.87344580e+03   1.06212148e+05   2.76688538e+02   1.89693594e+04
   8.09690381e+03   2.12253098e+02   1.83108597e+01   1.47077441e+04
   5.84407959e+03   4.32570352e+04   5.65231885e+03   4.03911095e+01
   3.23352363e+04   1.57703613e+03   2.37579419e+03   1.81862875e+05]
[  4.79107275e+03   1.12947490e+04   1.28222473e+03   1.01003242e+02
   3.54100156e+04   0.00000000e+00   2.76684941e+04   3.31619023e+04
   7.90694844e+04   1.33631378e+02   5.13670776e+02   2.42244116e+03
   3.53051376e+01   8.03598203e+04   1.16781338e+04   6.01759148e+01
   1.25565051e+03   3.00725293e+03   7.56720520e+02   6.54233948e+02
   1.11659551e+04   5.53880029e+03   2.63425220e+03   2.07704529e+02
   2.47519669e+02   9.31470410e+03   1.82212646e+03   2.58946641e+04
   5.69080322e+03   4.33185516e+02   4.93925552e+01   1.04551257e+03
   1.47194019e+03   8.80879402e+00   5.26462830e+02   6.12930481e+02
   2.25612061e+03   3.32294197e+01   1.59420771e+04   6.84733582e+02
   3.28447422e+04   5.24760693e+03   4.61826477e+01   2.84267031e+04
   7.44109229e+03   1.14142358e+03   8.39485449e+03   5.60436951e+02
   1.07790234e+03   1.90847534e+03   2.47792557e+02   2.27530193e+01
   0.00000000e+00   1.18392822e+04   1.29873682e+03   9.86101196e+02
   7.84427100e+03   5.58126038e+02   1.61703033e+02   1.61592445e+01
   2.49453402e+00   1.61200281e+03   4.02046661e+02   1.46632825e+03
   9.48431335e+02   1.91203781e+02   1.42197373e+04   7.21926660e+03
   5.10387852e+04   2.09856125e+02   4.82280998e+01   5.31004570e+04
   2.54040642e+01   7.87461853e+02   2.93561621e+03   2.78008032e+03
   0.00000000e+00   1.20427432e+04   8.11080933e+02   4.39536682e+02
   1.74997168e+03   9.46758125e+04   4.32053164e+04   3.88464375e+04
   2.23312036e+03   3.98056755e+01   1.37008271e+04   9.67654785e+02
   8.95798462e+02   5.63990417e+02   4.42701367e+04   6.34064551e+03
   2.57892310e+03   3.99427867e+00   7.04872266e+03   1.07321243e+02
   1.69553613e+03   4.11307695e+04   5.47489404e+03   1.10700752e+04
   6.77957886e+02   4.31274219e+03   1.41323267e+03   5.84200811e+00
   2.24440338e+02   1.25961865e+03   6.32837939e+03   4.40750122e+01
   7.56636016e+04   1.20111281e+05   1.40198218e+03   6.63621033e+02
   4.72313293e+02   2.91932739e+03   1.26940969e+05   2.01794031e+03
   1.21038635e+03   1.80791467e+03   4.44503975e+01   7.21676819e+02
   5.74126831e+02   7.97929199e+03   6.60934204e+02   1.00525494e+01
   4.62384805e+04   6.28305481e+02   8.86001892e+02   5.41553833e+02
   5.22028503e+01   3.22033691e+04   4.10461235e+01   8.07372437e+02
   1.29855664e+03   9.18378027e+03   4.34538242e+04   9.78037262e+00
   3.43121643e+02   3.82904205e+02   1.45054326e+04   2.34162569e+00
   7.49986496e+01   3.00513153e+02   1.85982324e+04   5.77488289e+01
   6.65470068e+03   1.21007832e+04   1.20508428e+04   6.71456719e+04
   1.92165601e+03   1.07143970e+03   5.88417031e+04   9.95744043e+03
   2.47403125e+04   8.43130615e+02   1.93142517e+02   1.11019281e+05
   8.13466455e+03   1.90615742e+04   3.85120972e+03   5.40425781e+03
   9.46982520e+03   1.06087119e+04   0.00000000e+00   2.66038177e+02
   7.10122344e+04   5.10408887e+03   1.21948031e+05   1.29226517e+02
   8.16458740e+03   2.93191348e+04   4.33800232e+02   3.70904712e+03
   9.90738047e+04   2.69377246e+04   1.21925325e+01   1.58371240e+03
   1.99614844e+03   5.04821143e+03   7.62031311e+02   1.89647986e+03
   9.47006328e+04   1.81032080e+03   7.86578064e+02   0.00000000e+00
   2.00405312e+04   6.85545938e+04   2.78291607e+00   7.01533203e+02
   7.23344421e+02   5.37878633e+04   2.47805557e+02   7.38485901e+02
   3.85888939e+01   2.22052578e+04   8.79515332e+03   1.09931143e+04
   3.05139465e+02   2.26130059e+04   1.12134204e+03   7.70516953e+04
   2.51151348e+04   2.17865356e+02   1.78062592e+01   5.16731689e+02
   1.63596738e+04   8.99661560e+02   1.53038177e+02   2.80042847e+03
   2.42387619e+02   7.64205859e+03   1.85437366e+03   3.70227753e+02
   7.54304395e+03   1.65709883e+04   2.88704844e+04   8.60207500e+04
   3.72977734e+04   3.13977875e+02   1.46172287e+02   3.07739492e+04
   8.48706348e+03   5.71161270e+01   6.94256104e+03   4.77089386e+01
   4.20801123e+03   4.79740868e+01   9.13985547e+03   5.52690312e+04
   2.84842920e+03   3.39770264e+03   9.39597812e+04   8.70725098e+02
   7.83432312e+01   2.25112461e+04   8.24659467e-01   1.16932766e+05
   1.03766586e+05   7.21472803e+03   2.93066650e+02   3.79871979e+01
   6.17326416e+03   3.75882007e+03   1.35062500e+03   4.20037598e+03
   1.07629785e+04   6.95744336e+03   0.00000000e+00   4.58384609e+04
   2.51993141e+01   2.75942841e+02   1.00560419e+03   3.30818863e+01
   1.31900684e+04   2.78151264e+01   3.86617928e+01   3.81892365e+02
   5.01467285e+02   3.79737598e+03   2.74163818e+03   1.40488418e+04
   1.51565002e+03   4.11778564e+03   1.59236963e+03   1.43786462e+03
   7.55698059e+02   1.78070137e+04   3.71865021e+02   3.70601602e+04
   9.75255176e+03   2.94688281e+03   5.45107544e+02   5.90532043e+02
   5.40412964e+02   1.98656464e+02   1.91913033e+00   1.83773212e+01
   1.82998359e+04   0.00000000e+00   3.52013403e+03   8.51255176e+03
   3.70322754e+03   2.45766312e+02   3.32658906e+04   0.00000000e+00
   1.24980072e+02   1.78561367e+04   1.17531824e+00   1.31378848e+04
   9.53451782e+02   2.48980566e+03   2.07691681e+02   5.76135498e+03
   1.21766047e+05   1.51721084e+04   5.27088965e+03   1.36431592e+04
   3.86407578e+04   1.18064856e+03   6.05666748e+02   1.46867542e+03
   0.00000000e+00   4.11613184e+03   3.23084395e+04   6.57024240e+00
   3.85097827e+03   2.25824258e+04   9.50235596e+02   1.40293078e+05
   1.48061203e+02   4.27184174e+02   2.33545044e+02   6.07806055e+03
   2.31567695e+04   9.11789474e+01   3.58752466e+03   2.01015717e+02
   9.11370781e+04   2.08325748e+01   5.41250305e+02   4.11703766e+02
   2.05211670e+03   6.64415479e+03   1.91912617e+04   1.75011973e+04
   1.06206320e+05   1.75543549e+02   3.98516724e+03   2.22611621e+04
   2.00648279e+03   2.84030533e+01   1.15484484e+05   3.57674883e+04
   1.60277328e+02   5.68103662e+03   2.03045488e+04   3.31475464e+03
   1.22187831e-01   5.92228320e+03   2.07951355e+02   1.97739502e+02
   3.37964180e+04   1.55672969e+04   2.47026392e+03   4.17837070e+04
   1.35340729e+02   2.30540015e+03   1.49766272e+03   2.62913047e+04
   8.49900781e+04   5.09017395e+02   5.33648987e+02   2.63906787e+03
   1.22273132e+03   5.82746924e+03   1.41609078e+05   7.24549922e+04
   4.41076465e+03   5.01355164e+02   2.93820776e+03   5.33779907e+01
   3.64029224e+03   1.41058313e+03   2.41559830e+01   3.15038483e+02
   1.79566445e+04   3.99941289e+04   1.98341321e+03   2.48383105e+04
   4.62664429e+02   3.25732227e+04   4.18802795e+01   1.70426250e+04
   1.49746313e+03   1.22541070e+05   1.13738477e+03   3.60484277e+03
   4.13960724e+02   7.54588318e+02   4.94696143e+03   2.05079746e+04
   2.37764375e+04   1.12519160e+04   2.86048603e+01   5.83552307e+02
   1.57236023e+03   2.99262246e+04   4.58695352e+04   5.64947021e+03
   9.70545938e+04   4.46625439e+03   3.00280619e+00   2.67382622e+01
   1.13390312e+04   8.78377930e+03   2.25861621e+03   1.03831357e+04
   9.46999219e+03   4.12364922e+01   2.60078033e+02   4.85795410e+03
   6.88607300e+02   4.55896826e+03   3.71661172e+04   2.09558125e+04
   1.35621777e+04   2.13999004e+01   1.08987414e+05   8.77798035e+02
   7.10782227e+03   7.64856415e+01   1.11285596e+03   5.08435883e+02
   6.57019141e+03   2.13077891e+04   2.34398712e+02   0.00000000e+00
   2.55330048e+02   2.24134937e+03   1.08204033e+04   2.10175568e+02
   2.56929175e+03   5.15806213e+02   2.08008032e+03   3.48790112e+03
   2.34782861e+03   3.59656211e+04   6.61068909e+02   1.05456507e+00
   3.41503198e+03   3.36397461e+02   2.98477026e+03   5.78062422e+04
   1.63432898e+03   2.51922684e+02   4.97795593e+02   6.87566553e+03
   1.40866785e+03   1.38184106e+03   4.97426953e+04   1.05827822e+04
   9.47876465e+03   8.61791382e+02   3.67724512e+03   3.81105811e+03
   2.67954845e+01   8.60779053e+02   2.44935815e+03   7.01888794e+02
   7.09611328e+02   1.14098853e+03   0.00000000e+00   2.75213989e+02
   5.44930458e+00   0.00000000e+00   2.39948555e+04   2.78450894e+00
   0.00000000e+00   4.15034302e+02   9.97385681e-02   3.41162109e+02
   1.36787949e+04   1.99487463e+03   8.63395898e+03   1.31599194e+03
   9.66633984e+04   4.64979727e+04   1.07954919e+03   5.29265576e+03
   7.58025940e+02   2.80877031e+04   2.68981172e+04   3.19834320e+02
   1.01504541e+03   4.05501823e+01   2.05790088e+03   7.61481250e+03
   5.18047803e+03   9.34351501e+02   2.78406177e+03   0.00000000e+00
   9.04606543e+03   1.99790508e+04   2.41021411e+03   6.23636780e+02
   5.27428101e+02   2.06032928e+02   6.12322695e+04   1.76708281e-01
   7.41765076e+02   8.55827103e+01   1.42478688e+05   7.39889111e+03
   7.30509888e+02   9.97068237e+02   6.82942057e+00   1.44131709e+04
   8.02805908e+02   2.27337006e+02   3.21291675e+03   3.81501245e+03
   1.05138232e+03   4.27016748e+03   5.53252335e+01   4.77638275e+02
   1.92344812e+03   1.39867578e+05   1.97003403e+02   1.25333081e+03
   0.00000000e+00   2.31015547e+04   9.51275781e+03   9.90402539e+03]
[  1.90773895e+02   9.52067188e+03   4.61245392e+02   2.03723328e+03
   8.56160522e+02   2.40097461e+04   2.64840820e+02   2.43085977e+04
   7.54514600e+03   5.56765781e+04   1.85587817e+03   2.20173233e+02
   8.57511426e+03   4.31071562e+04   6.54820117e+03   9.35753174e+02
   2.11082690e+03   1.48776086e+03   5.72906133e+04   1.56516479e+03
   3.91598642e-01   3.60901562e+03   4.65130798e+02   1.91331567e+03
   1.38320664e+04   1.53579330e+02   1.51472441e+04   4.76133385e+01
   5.23780884e+02   4.42265820e+03   2.93173853e+03   2.22269653e+03
   3.82541968e+03   3.71161389e+00   9.75262988e+03   1.12755089e+02
   6.18558105e+02   9.98244453e+04   2.70433164e+00   4.90493750e+03
   1.52491191e+04   1.50332321e+02   2.66051698e+00   1.97090836e+02
   1.24729736e+04   5.76107727e+02   6.70750928e+03   2.25601543e+04
   3.01685516e+02   9.04435806e+01   1.20618701e+03   2.68503516e+03
   1.43472504e+02   1.43043066e+04   1.73738633e+04   4.29577109e+04
   1.47040869e+03   6.80633594e+03   6.63285904e+01   3.37360620e+03
   2.68254248e+03   2.41548975e+03   9.79345825e+02   3.74245880e+02
   3.62090137e+03   1.21405273e+03   1.46000031e+02   2.59680176e+02
   2.53249313e+02   7.05835190e+01   6.09835327e+02   3.07918633e+04
   3.22279062e+04   5.62365112e+02   2.97423203e+04   8.30159225e+01
   7.65383987e+01   3.17089935e+02   3.79187500e+02   2.01104180e+04
   1.26885461e+03   5.11484844e+04   2.46617344e+04   1.13204492e+04
   9.42812500e+04   3.03220703e+02   3.78813354e+03   2.92311953e+04
   2.51025625e+04   4.40036914e+04   2.62259789e+01   3.68135547e+03
   4.52947418e+02   1.38717451e+04   1.77346594e+03   1.30891660e+04
   1.86743086e+04   6.31838226e+00   1.56091025e+04   1.47175085e+03
   4.61985817e+01   1.02921924e+03   1.43251114e+02   1.07107568e+04
   1.87490392e+00   1.04750967e+00   2.25525684e+03   3.64294531e+04
   3.72971892e+00   3.57256602e+04   3.94967285e+02   6.89063594e+04
   8.24903320e+03   4.51891632e+01   1.22631063e+01   7.47284851e+02
   4.23358398e+02   3.35631055e+04   1.32151880e+03   3.03470306e+01
   7.29259253e+00   7.26466003e+02   2.37643750e+04   1.12681763e+02
   3.61614288e+02   1.76858164e+04   7.53490845e+02   9.52141266e+01
   7.16194092e+02   3.94137848e+02   2.47202598e+04   1.12108362e+03
   9.96773987e+01   3.43439160e+03   1.54735059e+03   1.00772041e+04
   4.99250938e+04   2.82612324e-01   1.81089687e+01   1.22144318e+02
   6.57453954e-01   1.45581421e+02   4.57745728e+02   3.63391205e+02
   1.11531769e+02   7.16030615e+03   4.05073096e+03   0.00000000e+00
   6.24846680e+02   4.59748477e+04   2.43308746e+02   5.92075989e+02
   1.43364514e+03   1.55055969e+03   7.16495789e+02   3.85090469e+04
   3.33720093e+01   5.46902832e+02   6.44176208e+02   2.30109180e+04
   3.53298431e+02   2.78019653e+02   4.47806549e+02   4.60207939e+01
   5.85271367e+04   1.24351074e+02   2.05465988e+02   2.84830054e+03
   9.34151855e+03   2.00278809e+04   1.00533402e+00   5.99229012e+01
   1.31351973e+04   1.94168103e+03   7.38153305e+01   9.94417676e+03
   5.15850664e+04   1.51567200e+03   6.24627188e+04   4.66025830e+03
   5.08664727e+04   4.03184570e+04   6.33917427e+01   1.41417402e+04
   2.50440332e+03   1.54741451e-01   4.11678271e+03   4.75852344e+03
   1.46729012e+01   7.18009277e+02   3.75782013e+02   2.14454620e+02
   2.52695801e+03   1.58406514e+04   1.71692444e+03   2.54389922e+04
   2.62298877e+03   5.91049744e+02   3.43532043e+02   6.27244580e+03
   1.71595422e+03   1.31727722e+03   2.32817310e+03   0.00000000e+00
   2.94557129e+03   1.50140717e+02   4.06676514e+03   3.62067139e+03
   1.20975908e+04   6.71178750e+04   2.23261337e+02   1.18578210e+03
   1.13772295e+04   1.91777344e+03   7.93015060e+01   1.38344004e+04
   9.11965781e+04   2.19319336e+02   1.91607178e+02   2.68550439e+03
   2.20038848e+04   4.43745636e+02   1.48181351e+02   1.21241455e+03
   4.37472198e+02   1.34763336e+02   2.25625900e+02   2.18235046e+02
   6.72817261e+02   2.58416229e+02   3.29361725e+01   2.19428574e+02
   6.81253052e+02   1.04760780e+02   6.70278397e+01   8.43681564e+01
   1.81383743e+02   6.46494324e+02   2.01213977e+03   1.48422516e+02
   2.54886284e+01   9.50659714e+01   1.88828906e+03   6.37126953e+04
   5.70725938e+04   1.37019873e+04   2.05414352e+02   2.62822852e+03
   5.07930527e+01   1.60032532e+02   1.17182594e+02   2.67671631e+02
   1.60480430e+04   1.20530652e+03   7.69197273e+00   1.27629082e+02
   4.21835400e+03   1.25356483e+02   1.06429565e+03   1.88931351e+02
   9.40497314e+02   2.03324231e+03   3.65814697e+02   3.79826508e+01
   5.56976758e+04   3.25734692e+03   4.21485039e+04   2.19454224e+03
   3.19475586e+03   2.44473782e+01   2.49080719e+02   1.44139880e+03
   2.94292267e+02   4.44023743e+01   5.87595859e+04   8.67939209e+02
   1.79500195e+03   1.01662262e+03   1.13141973e+04   1.03264561e+04
   4.59396576e+02   2.37285599e+02   1.17568359e+03   8.66048906e+04
   1.90279810e+03   2.29826562e+03   6.59316357e+03   3.87115723e+02
   5.17204224e+02   3.16155742e+04   1.88614758e+03   2.21817334e+03
   2.94463945e+04   1.82627002e+03   3.93237122e+02   1.41811023e+03
   1.50007690e+03   1.92006140e+03   5.97783008e+03   4.33618965e+01
   2.17185669e+01   5.63247253e+02   1.02552773e+04   2.49754257e+02
   2.98175762e+04   7.08916953e+04   1.65654163e+03   1.41406213e+03
   4.73332178e+03   1.06891367e+04   4.45447540e+00   8.04683691e+03
   9.81618404e-01   5.33047314e+03   4.19103711e+03   2.18598203e+04
   8.66906433e+02   7.55729688e+03   2.71303345e+02   1.47877510e+04
   1.87067070e+04   1.85689219e+04   2.23581079e+03   2.86803789e+04
   2.65151123e+02   6.72045410e+02   4.86655957e+03   7.84970764e+02
   1.64172510e+03   1.95187592e+02   1.44857285e+04   8.19885449e+03
   2.24788475e+00   3.49750439e+03   1.74607925e+02   1.03079578e+03
   2.60540222e+02   1.61152520e+04   2.82601562e+03   2.60392109e+04
   6.18843242e+04   3.17643237e+03   4.57476807e+02   3.69195801e+02
   3.02876644e+01   4.34431702e+02   5.87873438e+04   6.82812378e+02
   9.24058691e+03   2.99250879e+03   4.80408740e+03   8.47631328e+04
   2.14147324e+02   2.46377490e+03   1.56498340e+03   1.34518539e+02
   9.11684180e+03   3.61110913e+03   2.75762891e+04   4.28752422e+00
   6.74242812e+04   5.44675415e+02   5.08680234e+04   9.61289490e+02
   1.62423857e+04   5.50101624e+02   2.02092041e+02   7.01858008e+03
   4.37293976e+02   3.31884644e+03   1.00392395e+03   3.01409766e+03
   1.20002594e+02   9.59106641e+03   5.75869812e+02   1.38823297e+05
   2.37430938e+04   2.89001318e+03   9.89595801e+03   3.14852637e+03
   1.29938980e+02   1.61172375e+05   8.14885254e+03   9.13684570e+02
   1.11312524e+03   1.51216582e+04   1.34278931e+02   6.57389164e+00
   1.58705249e+03   7.47188660e+02   8.92629219e+04   1.98255286e+03
   3.14752637e+03   5.65918320e+04   1.02913062e+05   2.24911270e+02
   9.21007614e+01   1.50756572e+04   8.24333496e+03   1.74828223e+04
   5.31770630e+02   2.84612305e+04   3.35477271e+03   3.85071313e+03
   1.38134918e+01   4.43897266e+04   7.26809845e+01   9.73544373e+02
   9.95566833e+02   1.00701831e+03   1.96415149e+03   1.49715801e+04
   2.42372305e+04   2.46992358e+03   1.86449683e+03   9.68238831e+00
   4.13640820e+03   2.43372269e+02   0.00000000e+00   1.84056702e+02
   7.30688232e+02   3.76767070e+04   7.82486523e+03   1.30577984e+01
   4.19108978e+02   5.64409570e+03   4.29490723e+02   5.33441048e+01
   4.50820410e+03   1.10454678e+04   7.30149688e+04   1.46292435e+02
   1.28517988e+04   4.97828339e+02   9.81858673e+01   4.44743927e+02
   6.80968323e+01   2.08621216e+01   2.02603320e+04   7.48905373e+00
   1.84279785e+02   1.04996140e+02   3.05450317e+02   9.32582569e+00
   7.32156143e+01   1.85834746e+04   9.03926331e+02   5.62155090e+02
   2.75797388e+03   4.18606016e+04   3.53477081e+02   1.61223438e+03
   2.00460617e+02   1.59827547e+05   3.86722695e+04   1.47792196e+01
   4.12404150e+03   2.08641528e+03   4.05271484e+04   1.35149248e+04
   2.30800625e+04   9.16120703e+03   2.01168496e+04   1.37767969e+03
   1.06740703e+04   4.58828467e+03   5.77404480e+02   5.91986145e+02
   5.03528168e+02   2.90213909e+01   2.50669922e+04   1.82468711e+04
   2.37839414e+04   2.46501738e+04   1.43616748e+03   3.90871429e+02
   8.46263794e+02   1.17178101e+03   4.53689026e+02   4.17852148e+04
   9.05270996e+03   1.20946671e+02   1.88036172e+04   6.03013855e+02
   2.36688328e+01   3.28047490e+00   4.44148145e+03   1.40844739e+03
   2.79799805e+03   4.58246045e+03   3.91377422e+04   3.24037500e+04
   1.33155771e+04   2.19398999e+03   2.77285034e+02   1.49921509e+03
   1.58085425e+03   3.31584503e+02   3.23081323e+03   1.28787510e+04
   3.45251055e+04   2.06296035e+04   7.54397354e+01   1.53236414e+03
   2.27199316e+04   1.44590986e+04   4.03352448e+02   4.07523804e+01
   7.82046509e+02   7.99060211e+01   8.92607498e+01   2.60613320e+04]
[  4.10457062e+02   2.48962402e+00   4.10180151e-01   3.52609814e+03
   1.82558350e+02   4.00420151e+01   3.63538802e-01   5.56112766e+00
   1.21681938e+02   9.60727615e+01   1.39891424e+01   7.97400879e+02
   3.04751530e+01   8.89031830e+01   5.45418167e+00   2.75938439e+00
   0.00000000e+00   2.82616852e+02   0.00000000e+00   0.00000000e+00
   2.22117752e+02   1.36849688e+04   4.40876318e+03   4.13243561e+02
   2.15747185e+01   0.00000000e+00   0.00000000e+00   2.07321655e+03
   1.82590836e+02   1.99821143e+03   1.01845723e+04   1.21270798e+02
   1.54154468e+03   1.52694733e+02   1.56139183e+01   2.84174390e+03
   8.15790176e+00   1.55198145e+04   1.88485535e+03   1.90291882e+03
   7.80195410e+03   9.07228947e+00   4.20313965e+03   4.40526672e+02
   5.05190620e+01   1.34676771e+01   2.16589185e+03   6.11854630e+01
   2.52896385e+01   8.16335392e+00   4.94196930e+01   1.96216370e+03
   0.00000000e+00   6.25530472e+01   2.21648575e+02   1.42131927e+02
   6.68012695e+03   4.78982788e+02   0.00000000e+00   5.29025085e+02
   3.50205719e+02   9.77482700e+00   1.13472872e+01   7.87679504e+02
   5.89327164e+01   5.25690625e+03   1.98778629e+01   0.00000000e+00
   1.97589737e+02   1.04350146e+03   6.51722473e+02   3.01640911e+01
   5.06807213e+01   3.42680359e+02   1.81826992e+01   2.87468414e+02
   1.71016006e+01   8.78492798e+02   0.00000000e+00   4.72831459e+01
   0.00000000e+00   1.44723785e+02   3.60211182e+02   8.14690552e+02
   5.47546806e+01   9.73666096e+00   1.52562962e+01   7.64861012e+00
   1.44277031e+04   2.54207626e+02   1.29292715e+04   3.07156006e+02
   1.57800176e+04   5.20544861e+02   0.00000000e+00   5.06112701e+02
   1.96380918e+04   2.28675060e+01   3.95308838e+03   1.00013145e+02
   1.99130811e+03   3.29066048e+01   5.81068382e+01   3.57777983e-01
   1.38258472e+03   1.52123035e+03   0.00000000e+00   3.49159912e+02
   1.21211481e+00   1.45491943e-01   2.35929432e+01   2.63017181e+02
   3.83624292e+03   3.75945020e+03   2.03781948e+01   0.00000000e+00
   2.07162085e+03   7.05551758e+02   8.67417812e+00   1.64929199e+02
   0.00000000e+00   1.38837415e+03   3.53773594e+00   7.01767731e+00
   4.43049812e+01   1.70461702e+00   5.31341839e+00   0.00000000e+00
   5.92529488e+01   7.68834106e+02   7.82280151e+02   1.48093518e+03
   3.49674851e-01   4.78383064e+01   1.26732468e+02   1.55314499e+02
   1.98872793e+04   3.87018066e+02   1.51967926e+02   4.39014893e+02
   3.90038330e+03   7.51195450e+01   1.77253723e+01   2.66504639e+03
   4.55418930e+01   1.34765601e+00   6.88592911e+01   9.51025581e+00
   2.75587654e+01   6.40830755e+00   2.75060225e+00   5.03681793e+01
   9.22162476e+01   1.15502615e+01   5.06635857e+01   5.93067932e+00
   7.01582031e+02   4.60280561e+00   3.36866355e+00   5.92696266e+01
   2.58945831e+02   1.21057190e+02   1.82301289e+04   1.56259424e+03
   1.58693579e+03   1.13184971e+04   0.00000000e+00   3.92740601e+03
   4.78190979e+02   7.64832568e+03   1.56696177e+00   3.82579614e+03
   8.93455429e+01   4.14504974e+02   1.83347473e+01   5.12783241e+00
   1.73590988e+02   1.86701660e+01   2.32498840e+02   0.00000000e+00
   4.99435425e+01   2.53713452e+03   0.00000000e+00   1.90704150e+03
   2.34872711e+02   1.05047109e+04   4.88809509e+01   1.53465023e+01
   7.09116650e+03   5.52426758e+02   3.61689529e+01   3.52181206e+01
   1.14452136e+03   1.33401245e+02   3.71348724e+02   1.86201904e+02
   6.49696808e+01   1.68395007e+03   7.13330750e+02   5.20227930e+03
   4.34350777e+01   1.85364531e+04   8.35945606e+00   3.46259422e+01
   4.20892906e+01   8.67115860e+01   1.36188525e+03   1.83210925e+03
   0.00000000e+00   6.15601660e+03   5.88284863e+03   9.12721741e+02
   0.00000000e+00   0.00000000e+00   1.62928131e+02   3.92857617e+03
   3.04277069e+02   5.88789940e+01   1.30338411e+01   1.71366226e+02
   1.20971802e+02   2.14977448e+02   1.05986597e+03   7.67776155e+00
   6.91767920e+03   6.54177246e+03   5.97544575e+00   8.68544579e+00
   7.78380728e+00   9.04040283e+02   6.27391129e+01   8.83013184e+02
   1.79046906e+02   1.15866614e+03   3.12274487e+03   1.77798172e+02
   1.85353394e+01   1.33551689e+04   0.00000000e+00   7.26379395e+02
   0.00000000e+00   1.50665117e+04   4.33077850e+01   4.04717922e+00
   0.00000000e+00   5.56895935e+02   1.26364199e+04   0.00000000e+00
   6.90337956e-01   2.86785698e+01   3.17684839e+03   3.16234279e+00
   2.44040375e+01   9.23605957e+01   2.50143433e+01   1.01689899e+03
   2.86855469e+03   5.32917175e+01   6.19166374e+00   1.52454170e+04
   5.40890388e+01   8.07771454e+01   0.00000000e+00   0.00000000e+00
   1.14423561e+00   0.00000000e+00   4.04986572e+00   1.11039380e+03
   5.06634979e+02   1.51216717e+01   4.88306189e+00   5.44148987e+02
   1.63438873e+01   1.32502754e+04   2.19038745e+03   9.32967072e+01
   6.29223633e+03   7.81365814e+01   8.97373428e+01   2.51924562e+00
   4.85431194e+00   1.29047644e+03   1.19451465e+04   2.85800873e+02
   2.95220733e+00   1.83725830e+02   2.38030859e+03   4.53041954e+01
   1.09265447e+00   6.14788151e+00   9.20416794e+01   1.13317517e+03
   1.15107385e+03   6.71232727e+02   0.00000000e+00   1.06655014e+00
   2.07546234e+02   2.76017792e+02   4.93327332e+00   1.65949559e+00
   9.52402100e+02   3.33143585e+02   1.11097891e+04   1.15270221e+00
   3.68517059e+02   0.00000000e+00   2.13047760e+02   0.00000000e+00
   1.34253613e+04   0.00000000e+00   1.91904199e+04   7.26143646e+01
   5.49450684e+01   0.00000000e+00   3.09321427e+00   6.26085303e+03
   4.69387500e+03   2.99051709e+03   4.20087318e+01   8.46989517e+01
   4.83320312e+03   1.56028290e+02   5.20250416e+00   5.85099106e+01
   6.28410889e+02   0.00000000e+00   3.32048416e+01   2.30719116e+02
   1.09399078e+02   5.05709686e+01   2.43690166e+01   1.00376836e+04
   6.30948792e+01   1.17389587e+03   2.82791321e+02   2.62932764e+03
   1.09256506e+03   1.33077368e+03   6.39722070e+03   1.54430618e+02
   1.87947290e+03   6.78187758e-02   7.78023148e+01   1.22008097e+00
   2.75982349e+03   5.06298971e+00   4.40599219e+03   1.19649551e+02
   2.27418350e+02   8.51234512e+01   2.83177204e+01   1.43571734e+00
   5.37988818e+03   1.19137314e+02   7.35489488e-01   1.54523964e+01
   8.73921289e+03   7.49462891e+03   1.23280762e+04   1.09817238e+02
   3.80541611e+01   9.80178058e-01   2.68780851e+00   2.18812561e+02
   1.33192334e+03   2.56667480e+01   0.00000000e+00   5.06108490e+02
   1.55325562e+02   0.00000000e+00   7.30692978e+01   1.88294202e+03
   1.72685280e+01   1.78958542e+02   7.01197968e+01   7.99361191e+01
   4.71293497e+00   4.86104965e+00   7.52647591e+00   1.57636200e+02
   6.24406815e+01   1.60584893e+04   3.08832493e+01   1.39265527e+04
   2.38865601e+03   1.46149646e+03   2.61048633e+03   1.61599457e+02
   2.15781152e+03   7.96868469e+02   6.41840149e+02   5.98503723e+01
   1.24605095e+02   0.00000000e+00   1.48540085e+02   1.56473846e+01
   0.00000000e+00   9.54883099e+00   1.53770279e+02   1.65274307e+02
   1.03210449e+02   2.68091162e+03   1.33415010e+04   1.06558638e+01
   9.30626450e+01   1.51045059e+02   3.68424744e+02   1.18099108e+01
   3.76986160e+01   1.50294863e+04   2.01811886e+01   4.32303238e+01
   1.69981213e+01   5.07738159e+02   3.74710620e+03   1.23922302e+02
   3.60719409e+03   1.56928387e+01   2.19923897e+01   1.14077532e+00
   1.99183496e+04   1.28385266e+03   1.11497032e+02   1.01290865e+01
   4.01241516e+02   3.40100281e+02   2.51024294e+00   2.26771774e+01
   1.24053526e+01   1.18238232e+03   3.47471118e+03   7.32051773e+01
   2.76406647e+02   2.16997339e+03   6.45116272e+02   5.81428604e+01
   2.21693630e+01   1.53315930e+03   1.29747500e+04   1.26195251e+02
   1.08207474e+01   1.50127792e+01   2.63435402e+01   2.20196991e+02
   4.12867203e+01   6.21992922e+00   9.67629980e+03   8.45360254e+03
   1.58746104e+04   0.00000000e+00   3.06091095e+02   2.26490799e+02
   1.33856055e+03   8.49192739e-01   1.27220630e+03   5.56170044e+02
   7.09004822e+01   1.71931387e+04   1.30911255e+02   2.15277808e+03
   3.28776598e-01   1.18093872e+03   5.22126846e+01   1.13782188e+02
   1.33207949e+04   1.17253637e+01   1.42534805e+02   0.00000000e+00
   3.62463975e+00   5.11241577e+02   2.98243347e+02   7.69832802e+00
   2.11601364e+02   6.15138623e+03   0.00000000e+00   3.89489258e+03
   4.58568481e+02   5.32057007e+02   3.12377417e+03   1.24026733e+02
   6.13039600e+03   5.06130829e+01   2.55511841e+02   1.20563812e+02
   2.61741791e+01   2.59226074e+03   6.20085487e+01   2.53182812e+03
   9.72152328e+00   5.13013661e-01   1.32483215e+01   3.14890674e+03
   1.74606842e+02   1.02192888e+01   7.26530609e+01   0.00000000e+00
   4.17616064e+03   5.60772034e+02   5.81244507e+02   6.84258936e+03
   1.88243973e+02   9.89028854e+01   1.71622119e+03   3.84477368e+03
   2.48886991e+00   9.71997168e+03   1.31330452e+01   1.25925041e+02
   0.00000000e+00   1.40375547e+04   7.66476154e+00   1.60513504e+02]
[  1.15357628e+02   8.35051270e+02   8.68979874e+01   4.61507446e+02
   1.16643585e+02   9.08209167e+02   1.33663605e+02   2.14938309e+02
   1.16848511e+02   4.24477577e+01   1.70431396e+03   5.06469513e+02
   4.31263721e+03   1.48980164e+02   4.08863599e+03   1.94024673e+02
   4.25422001e+00   2.32248947e+02   1.28947473e+03   2.11135742e+02
   1.59997955e+02   8.23328705e+01   6.32817676e+03   2.80781708e+02
   6.55852203e+01   8.08670883e+01   6.72089539e+01   5.42890053e+01
   7.60613916e+03   4.01269989e+01   1.50562992e+01   1.73716679e+01
   3.86044604e+03   1.75306641e+02   5.61948318e+01   7.80219482e+02
   9.23226562e+03   1.56475210e+00   6.01400137e+00   1.95941663e+03
   4.19635596e+03   8.60791992e+02   1.02284408e+00   2.48899862e-01
   8.61205673e+00   3.66363159e+02   1.45695837e+03   5.07761879e+01
   5.08403702e+01   1.27522293e+02   6.92792511e+01   1.61908340e+02
   1.18283569e+03   6.17612732e+02   5.54863037e+02   7.14132861e+03
   1.50582895e+01   3.67945175e+01   3.04243970e+03   4.01369409e+03
   4.11884619e+03   3.20471893e+02   6.12465479e+03   1.36345367e+01
   2.41707683e+00   6.27548645e+02   4.63741226e+01   4.22524048e+02
   1.44172907e+00   4.90938721e+02   7.96109070e+02   8.46092468e+02
   1.90929230e+02   6.34347382e+01   8.53043365e+01   1.88858020e+03
   1.39140930e+02   3.56044830e+02   4.48252832e+03   4.14878798e+00
   2.58183784e+01   1.61533295e+02   2.18286987e+03   4.48787117e+01
   2.13050000e+03   6.44948926e+03   1.47935776e+02   9.73744431e+01
   3.60318652e+03   3.27100983e+02   4.47494141e+02   3.12238708e+02
   0.00000000e+00   3.07406616e+03   2.44486465e+01   5.21025543e+01
   2.56791138e+02   5.15607666e+03   8.44153976e+01   6.36941032e+01
   1.96872711e+00   2.23126431e+01   7.13482361e+01   3.46079111e+00
   9.31848328e+02   0.00000000e+00   6.54440231e+01   7.36379785e+03
   5.48134521e+03   2.59451416e+02   7.67335327e+02   1.13085670e+02
   1.62271301e+03   1.15472424e+03   6.34705933e+02   6.53518915e-01
   9.84427338e+01   7.21541519e+01   1.93726416e+03   7.71860657e+01
   1.26678787e+02   2.08156104e+03   1.00679779e+00   1.96752968e+01
   6.10228634e+00   6.41996277e+02   5.71218033e+01   1.74215363e+02
   8.37606641e+03   1.34840298e+00   4.80833282e+02   3.08828394e+03
   8.12892517e+02   1.02231415e+02   1.05340107e+04   8.77135754e-01
   1.76842861e+01   1.10464981e+02   9.09254532e+01   1.69034898e+00
   7.03937598e+03   0.00000000e+00   5.88871765e+02   2.85980835e+02
   3.55443848e+02   4.07137346e+00   0.00000000e+00   3.21767640e+00
   7.83761144e-01   4.40686150e+01   1.63852811e+00   2.75970093e+02
   2.27929733e+02   2.72178809e+03   2.75963776e+02   1.95125330e+03
   6.33590637e+02   7.65917873e+00   1.11361023e+03   4.75890259e+02
   8.41659973e+02   4.11991357e+03   9.97461510e+00   4.63573608e+02
   5.64584668e+03   1.15712195e+03   3.68487488e+02   4.98145370e+01
   1.01493240e+02   2.20158032e+03   9.56306519e+02   3.41436028e+00
   5.30479370e+02   5.63302517e-01   1.08440079e+02   4.99952602e+00
   1.60756469e+00   4.99968555e+03   1.26008736e+02   5.87821655e+01
   1.55409561e+02   4.25585594e+01   9.20928764e+00   1.59246902e+02
   4.08923950e+03   1.83805680e+00   3.11094788e+02   5.06761408e+00
   1.45221066e+00   5.96296921e+01   1.10449343e+01   3.77631683e+01
   4.09726715e+01   2.64660034e+02   1.69890289e+02   5.57460518e+01
   1.11854530e+02   6.52005920e+01   1.15655968e+02   2.75948544e+01
   1.44519135e+02   3.45174072e+02   2.98462439e+00   7.98443508e+00
   1.38538036e+01   2.91490479e+01   8.12900737e-02   3.10158875e+02
   2.94153481e+01   1.50703449e+01   1.65431348e+03   6.69041901e+01
   0.00000000e+00   2.75589252e+00   5.12077866e+01   1.33141678e+02
   5.74602470e+01   8.80605347e+02   1.02452492e+02   1.27278244e+02
   8.45015991e+02   1.19896362e+03   1.40622070e+02   1.76171375e+03
   7.34693298e+01   2.16535473e+01   2.22211060e+03   1.39186811e+01
   2.99610913e+03   2.87189893e+03   2.72966284e+03   1.31043808e+02
   0.00000000e+00   9.66849213e+01   3.77750397e+02   1.19853711e+03
   1.26592358e+03   2.68763695e+01   3.50786914e+03   7.11167480e+02
   9.73295403e+00   5.68596268e+01   8.87405273e+02   0.00000000e+00
   6.08686401e+02   1.62696472e+03   7.95414307e+02   0.00000000e+00
   1.08721216e+03   2.21667933e+00   4.86879885e-01   5.04289520e+02
   1.61444446e+03   1.29734504e+00   9.38898849e+00   1.17680557e+04
   1.23048699e+00   2.91314301e+02   5.06058502e+02   1.18982697e+02
   6.11018848e+03   3.84410590e-01   7.24935791e+03   2.50328503e+01
   3.81077576e+00   1.40486740e+02   5.44127563e+02   7.54403687e+02
   8.05595016e+01   7.15275085e+02   8.82616348e+01   6.77804749e+02
   0.00000000e+00   0.00000000e+00   1.03235115e+02   1.01233208e+02
   9.89153442e+01   7.46231537e+01   8.43402466e+02   2.65376648e+02
   1.30767946e+01   6.51977386e+01   7.88365283e+03   4.24038849e+01
   3.56163931e+00   3.73782129e+03   3.75986176e+02   0.00000000e+00
   4.23468701e+03   8.64862289e+01   1.70976086e+01   2.76690960e+00
   4.43148712e+02   1.24392189e+02   5.98748682e+03   3.82682266e+01
   2.49131982e+03   1.84420761e+02   1.15791565e+02   7.94983887e+02
   2.21383105e+03   1.62419250e+03   9.75818825e+00   6.73654556e+00
   4.37045508e+03   6.45002783e+03   9.21942480e+03   5.00415833e+02
   3.83365798e+00   8.42764282e+02   2.55949463e+02   2.59990616e+01
   1.22559071e+00   1.50640732e+02   1.02961594e+02   6.51622620e+02
   1.59940039e+03   1.72056046e+02   4.56253265e+02   5.29876661e+00
   9.32765293e+00   8.89111877e+02   7.58181076e+01   5.13116846e+03
   3.81230087e+01   2.09727371e+02   2.31906204e+01   1.54442847e+00
   4.84625053e+00   3.25277596e+01   4.89643812e+00   4.42697029e+01
   1.12569061e+02   1.60705811e+02   2.68563995e+02   2.67482853e+01
   1.81422943e+02   8.59682236e+01   8.49949112e+01   2.58743945e+03
   9.92862000e+02   1.91345752e+03   2.93580518e+03   6.04551697e+00
   1.83605652e+02   8.07625488e+02   3.26980054e+03   4.84106979e+01
   8.75384064e+01   3.40727612e+03   1.21735992e+01   0.00000000e+00
   7.62088037e+03   1.20525276e+02   9.93857910e+02   7.52219105e+00
   2.01773865e+03   4.29958282e+02   7.89094086e+01   1.03401344e+02
   8.15738678e+01   6.67595530e+00   1.72464249e+02   1.21640942e+03
   2.16279834e+03   6.62629938e+00   8.67388535e+01   3.12458763e+01
   1.09952896e+02   9.25207329e+00   6.83853564e+03   1.07979155e+00
   6.64693787e+02   2.30483740e+03   0.00000000e+00   5.36724060e+02
   1.85155359e+03   1.08427363e+04   2.47602539e+02   2.43514786e+02
   1.05049402e+03   8.18517075e+01   2.13957565e+02   6.26852703e+00
   1.44785126e+02   1.21125526e+02   1.01635300e+02   9.75844269e+01
   1.46094617e+03   4.67323189e+01   4.61182373e+03   8.09023209e+01
   3.95150208e+02   5.86366158e+01   1.46116376e+00   1.43427338e+02
   1.02250271e+01   5.58905334e+02   4.46151314e+01   1.66422928e+02
   7.49727783e+03   1.88821960e+02   3.33627777e+02   5.62812109e+03
   7.00362012e+03   1.56785110e+02   8.25097534e+02   1.00249660e+00
   8.01305771e+01   1.04591992e+04   9.70863266e+01   1.47294165e+03
   2.50897659e+02   5.17067432e+00   4.71809921e+01   0.00000000e+00
   6.13615540e+02   3.55071509e+03   1.74793274e+03   2.42901318e+03
   1.51244705e+02   3.15066185e+01   3.72699097e+02   0.00000000e+00
   1.43323776e+02   3.72671394e+01   2.07689987e+02   3.15222949e+03
   1.24210034e+03   4.92033752e+02   1.26818525e+04   2.57499485e+01
   1.40485947e+02   3.48250488e+03   7.17275162e+01   2.79275665e+02
   4.57068994e+03   4.91117783e+01   2.89787781e+02   5.37091125e+02
   3.99305344e+01   2.63776803e+00   6.01845665e+01   9.46642609e+01
   4.26390076e+02   1.93699493e+02   9.56164551e+01   3.75571203e+00
   2.92134018e+01   3.34086761e+01   0.00000000e+00   1.21589258e+03
   1.10365889e+04   1.77168982e+03   8.02315903e+01   7.48112549e+02
   6.72991943e+03   5.43181641e+02   1.02962061e+03   5.77827358e+00
   5.41189941e+02   1.11025772e+02   7.51634598e+01   5.82286298e-01
   2.43943945e+03   1.83444189e+03   8.86172791e+01   9.68766602e+03
   1.10123164e+04   1.36758728e+03   6.41094327e-01   9.82858810e+01
   6.97358131e+00   2.82009949e+02   7.74073267e+00   7.72542480e+02
   3.07694672e+02   5.76418877e+00   2.47813282e+01   4.48629570e+00
   1.79422699e+02   2.14525708e+03   9.46312866e+01   1.24290710e+03
   6.47769699e+01   4.37771225e+00   2.22741337e+01   5.09675439e+03
   9.17101669e+00   3.81594543e+01   7.80600525e+02   1.32422156e+03
   1.94122767e+00   0.00000000e+00   3.68333313e+02   4.00991592e+01
   3.89959526e+01   1.11584485e+03   1.20999915e+03   5.05924463e+03
   2.79704272e+03   2.60138187e+01   8.27839600e+02   6.37826562e+03
   1.08190941e+02   0.00000000e+00   3.85328949e+02   4.34913965e+03
   1.00583839e+02   1.28550757e+03   3.17424450e+01   3.95153052e+03]
[  8.34450745e+02   4.40254021e+01   5.41967010e+00   1.38742275e+01
   1.34984226e+01   1.81587244e+03   4.06282196e+01   4.11022911e+01
   1.26654921e+01   6.45611938e+02   2.57829571e+00   7.48679810e+01
   3.69412872e+02   3.80036328e+03   1.55085373e+02   0.00000000e+00
   3.29607086e+01   8.68750061e+02   1.47055801e+02   1.22015262e+00
   2.09485683e+01   0.00000000e+00   6.34942055e+01   1.38114673e+03
   1.16936386e+00   1.29978714e+01   2.35996795e+00   2.20297737e+01
   6.30961800e+01   1.29422897e+02   2.81186600e+01   1.13898754e+00
   8.39465561e+01   3.76070786e+01   1.87415637e+03   2.41548315e+03
   4.35669422e+00   3.81387305e+03   2.14927349e+01   1.52367477e+02
   5.93012905e+00   4.69182777e+01   4.30746460e+00   7.78063126e+01
   2.69016304e+01   1.25446182e+02   6.34473755e+02   3.66978079e-01
   6.06742592e+01   2.71834736e+01   8.40595520e+02   0.00000000e+00
   1.44972916e+01   2.10153976e+02   0.00000000e+00   1.72246432e+00
   4.18121815e+00   1.63095970e+01   6.96849518e+01   1.30738541e+02
   1.95318966e+01   5.86599236e+01   6.49395676e+01   4.16788025e+01
   1.11435080e+01   1.73435440e+01   1.33623932e+02   1.41668332e+00
   2.89471626e+00   5.23810539e+01   8.70324707e+00   1.25550269e+03
   5.63700142e+01   1.59644561e+04   1.14386523e+03   6.15998220e+00
   3.24710274e+01   2.73497162e+01   3.40377579e+01   1.26495428e+01
   1.41897106e+01   3.31470337e+01   2.57726021e+01   2.60875225e+01
   4.11708527e+01   7.80761480e-01   1.59251050e+03   3.98187408e+01
   1.32685562e+02   3.34732437e+01   3.26610069e+01   2.78019810e+01
   2.34827309e+01   8.36285889e+02   2.19871292e+02   9.26360855e+01
   4.60208092e+01   5.72626915e+01   1.28067719e+02   7.96787949e+01
   2.68214405e-01   4.82243805e+01   7.68135681e+01   5.55852165e+01
   1.17875204e+01   1.50920441e+02   3.40891314e+00   2.59125000e+03
   3.93795662e+01   4.91669989e+00   3.24583740e+02   1.43720474e+01
   2.24389706e+01   1.71991943e+02   3.36777300e-01   0.00000000e+00
   1.73656406e+01   7.98997803e+01   4.09708301e+03   1.81054330e+00
   2.48886551e+02   3.13587189e+01   4.85915031e+01   7.71851018e-02
   1.04588909e+01   1.73824277e+04   2.76016927e+00   5.36038246e+01
   1.20142078e+03   1.25204994e+02   2.84981403e+01   1.69200424e+02
   2.14836746e+02   2.72788239e+01   2.41210254e+03   7.77071905e+00
   4.19355583e+00   6.76389551e+00   4.53678369e+03   3.86357231e+01
   1.39742689e+01   1.72117590e+03   1.12357769e+01   7.95111450e+02
   1.57146835e+01   1.98228973e+02   1.56502020e+00   2.40517685e+02
   1.95253265e+02   1.23432293e+01   6.34005203e+01   3.40773712e+02
   2.02514477e+01   5.21266174e+01   1.21650464e+03   1.55173828e+02
   2.72911282e+01   0.00000000e+00   1.88446217e+01   1.68162769e+03
   5.93680615e+03   4.12659229e+03   2.26678600e+01   3.17499676e+01
   1.08303856e+02   1.67465477e+01   2.71990891e+01   6.05557175e+01
   9.65540886e+00   1.38709059e+01   1.16793793e+02   0.00000000e+00
   5.45938396e+00   7.28351624e+02   2.40564175e+01   8.55341339e+01
   2.80936871e+01   8.81125546e+00   1.00490990e+02   1.44313684e+03
   3.89147552e+02   1.01818819e+01   1.08225012e+03   1.60180725e+02
   9.14043732e+01   1.24019173e+02   1.47203743e+00   3.33450913e+00
   4.09053001e+01   1.38229126e+02   1.06446907e+02   9.00671291e+00
   4.01475146e+03   6.56215668e+01   1.53280711e+00   2.99130459e+01
   1.12549706e+01   1.57761566e+02   9.59141617e+01   1.95924927e+03
   7.03327866e+01   5.72302628e+00   1.57258813e+03   3.49575539e+01
   1.39194655e+00   2.09429531e+01   1.95668909e+03   6.67818308e+00
   8.67401657e+01   4.36980133e+02   1.37854034e+02   2.65181684e+00
   3.95548706e+02   1.08348724e+02   1.90048645e+02   2.00327286e+02
   0.00000000e+00   4.85795403e+01   1.09099414e+03   2.61092010e+02
   0.00000000e+00   2.27926369e+01   2.58491516e+00   2.00838928e+01
   9.27225494e+01   1.47657031e+03   3.95363846e+01   5.75638618e+01
   1.23123779e+01   1.00108200e+02   9.29779625e+00   1.69409265e+03
   3.91937103e+02   2.54629321e+03   0.00000000e+00   7.74927959e-02
   1.75730911e+02   2.63940527e+03   3.19102441e+03   1.86388321e+01
   1.14625313e+02   7.22337341e+01   5.64702644e+01   0.00000000e+00
   2.81970425e+01   3.09682631e+00   2.72097607e+03   9.01089609e-01
   1.11667908e+02   3.10854454e+01   9.86568054e+02   8.91902542e+01
   1.90146294e+01   8.83358887e+02   5.17691650e+02   1.21143866e+01
   1.19261551e+02   5.02644043e+01   2.23125366e+03   1.51879974e+02
   7.60480576e+01   1.49845076e+01   2.01400604e+02   6.28876266e+01
   4.12577400e+01   3.66517931e-01   3.58266510e+02   6.42884636e+00
   1.41668234e+01   2.46882668e+01   3.89804321e+03   6.93732544e+02
   2.09726028e+01   7.85527754e+00   2.30866013e+02   1.05193657e+02
   4.48322632e+02   6.78250961e+01   3.09254246e+01   1.26982927e+01
   1.10516321e+03   2.94104736e+02   5.13653755e+01   1.89206287e+03
   1.34095169e+02   6.60941925e+01   1.51125565e+01   3.79256020e+01
   8.57161865e+01   6.49417343e+01   3.35442188e+03   1.56845886e+02
   4.37069359e+01   3.02022514e+01   5.22511139e+01   1.14089546e+02
   3.29249916e+01   1.47564893e+03   1.73878384e+01   4.40608594e+03
   3.03345581e+02   2.15771294e+01   2.69391870e+03   3.18571777e+02
   2.10898239e+02   2.91574005e+02   2.83217983e+01   5.47833923e+02
   5.49306068e+01   1.35682327e+02   0.00000000e+00   6.41827621e+01
   1.91737480e+01   3.80804672e+01   2.58159375e+03   3.54497223e+01
   2.98393408e+03   1.75143778e-01   9.33974243e+02   6.85943069e+01
   3.47081299e+02   3.45176582e+01   2.41283474e+01   3.61083008e+02
   1.43276825e+02   2.43652527e+02   3.76306796e+00   7.81865158e+01
   1.74932938e+01   2.36697598e+01   2.53699332e-01   4.72344856e+01
   0.00000000e+00   1.23331322e+02   3.58156166e+01   3.45507965e+02
   6.02706099e+00   1.44904037e+02   1.28283829e+02   1.94454391e+02
   4.62699127e+01   0.00000000e+00   2.98723724e+02   1.87988720e+01
   0.00000000e+00   6.11613452e-01   1.50473938e+02   1.23401556e+01
   1.01183586e+01   3.60021057e+01   2.94446697e+01   9.33828583e+01
   0.00000000e+00   1.68683411e+02   3.09188652e+01   4.75959814e+03
   7.59864349e+01   1.23646942e+02   1.94461517e+02   1.53746433e+01
   5.55472660e+00   1.27815193e+02   1.53013506e+01   3.80971909e+01
   7.03705994e+02   7.83346272e+00   6.17819824e+01   1.81251602e+01
   1.13197418e+02   2.16923504e+01   1.15750432e+00   3.49393951e+02
   1.11096029e+01   0.00000000e+00   2.28248062e+01   1.02096558e+01
   4.24077979e+03   7.06997252e+00   2.24782448e+01   1.65358315e+01
   3.06010342e+01   3.50760767e+03   2.21808276e+03   0.00000000e+00
   1.83049789e+02   4.97900658e+01   4.09199982e+01   0.00000000e+00
   8.10774536e+01   0.00000000e+00   1.29146643e+03   3.54279213e+01
   1.38348801e+02   1.07151680e+02   3.48054102e+03   8.12892578e+02
   1.19635620e+03   4.81679649e+01   6.91408005e+01   2.48838965e+03
   4.21677208e+01   1.13606634e+01   1.01355906e+01   7.83651173e-01
   2.01231430e+02   1.87749683e+03   5.42924156e+01   1.05061424e+02
   7.55163193e+01   1.25732582e+02   6.54781494e+02   1.59647729e+03
   8.67535496e+00   6.36864197e+02   4.88244293e+02   0.00000000e+00
   6.35302963e+01   3.10803185e+01   2.06578418e+03   3.08345470e+01
   4.55799988e+02   4.29746933e+01   1.04872116e+02   1.50918255e+01
   5.39002075e+01   3.06596875e+03   1.67946243e+02   1.18907150e+02
   1.49338906e+04   4.19314667e+02   1.27326332e+02   1.87500229e+01
   1.06823380e+02   1.29641138e+03   5.29807930e+01   2.46777319e+03
   1.58400476e+03   1.21116287e+02   2.14014454e+01   3.64731865e+01
   2.93468618e+00   1.09047412e+03   5.59282043e+02   9.72082138e+01
   8.40604172e+01   5.19541512e+01   0.00000000e+00   7.33785324e+01
   1.34490414e+01   2.21096172e+01   1.71484280e+01   8.33950710e+00
   8.62884808e+00   1.93740921e+02   5.92720337e+01   4.16306982e+03
   2.72407608e+01   6.25007812e+03   1.38054550e+02   1.68342056e+02
   9.51210403e+01   3.14831024e+02   2.38544540e+02   5.16226530e+00
   7.42018372e+02   5.51524019e+00   2.68906934e+03   2.67501617e+02
   1.29910507e+01   1.42354755e+01   5.19708061e+01   2.38815247e+02
   1.07541846e+03   2.96649072e+03   6.22309303e+01   1.19484570e+03
   1.39656031e+00   0.00000000e+00   1.07163010e+01   3.89656425e+00
   2.71975155e+01   1.39145981e+02   2.92594873e+03   4.92677659e-01
   1.30111191e+02   3.36410751e+01   4.88097649e+01   2.95031372e+03
   1.73540425e+00   1.39518714e+00   4.11683121e+01   9.65782547e+01
   1.40577364e+01   2.58406641e+03   1.12306433e+03   1.71874683e+03
   3.75998975e+03   1.07268745e+02   8.83207245e+01   3.30416451e+01
   2.10059326e+03   1.87614841e+01   1.59604893e+01   1.91099963e+03
   1.13398460e+02   2.29309418e+02   9.47993279e+00   2.85942596e+02
   2.86869360e+03   4.48189941e+02   3.38444092e+03   5.37202978e+00]
