bicycle
bus
car
motorbike
person
[ 29111326.    13800709.    40155516.    34468396.    43581240.     7935660.5
  13177261.     4401490.5   16526404.    19246488.    10903011.    23886942.
   9930464.     9650264.    25325262.    20706784.    22327188.    13874835.
  45644016.    11970265.    10669008.    31845664.     6440854.5   24079384.
   6967436.    29925176.    18970646.    20651288.     4023718.75
  14722761.    26300386.    40543764.    44949176.     2432320.25
  52183120.     2504822.25  14203418.     4598841.    23265644.
   2478957.75  23868190.    20079450.    70313520.    50941572.    28921042.
  26806692.    23305080.    25050996.     3207249.75  37289248.    58826092.
  10294458.    15557668.    13764497.    10337763.    16325491.    27373246.
   7349339.    12459404.     4899920.     4295681.     3202274.    17988970.
   5241380.  ]
[  4.99196560e+07   1.11843270e+07   3.04380520e+07   4.30142750e+05
   1.38425620e+07   4.26771500e+06   1.97364500e+07   7.57745752e+03
   2.30374940e+07   4.38948300e+06   3.95537280e+07   3.12389460e+07
   9.34215938e+04   1.40396400e+06   2.27931640e+07   1.56926070e+07
   3.06605425e+06   5.20578200e+07   2.67138000e+07   8.76301600e+06
   1.53015922e+05   4.17127680e+07   1.01213425e+06   3.30078260e+07
   4.63995531e+05   3.53883640e+07   9.75050600e+06   1.08581375e+06
   1.78467660e+07   2.76188398e+04   3.50364840e+07   1.04306453e+05
   9.43116250e+05   2.55400920e+07   1.97319520e+07   3.86677750e+06
   2.47951250e+05   1.43733720e+07   3.91931240e+07   2.87937440e+07
   3.36835525e+06   3.69734050e+06   4.61693150e+06   1.02383080e+07
   5.70009880e+07   3.64656200e+07   2.68158094e+05   5.35388240e+07
   2.74061060e+07   2.45991200e+06   2.87391980e+07   3.65308040e+07
   5.45344000e+07   3.09240860e+07   1.06290812e+06   3.20326040e+07
   1.71559680e+07   7.71991520e+07   4.17875775e+06   1.32991420e+07
   4.38810400e+07   4.34187646e+03   1.70858980e+07   6.64927760e+07]
[  5.27519950e+06   1.34313690e+07   2.32526465e+04   1.20014891e+05
   3.80016094e+04   4.87357930e+04   1.63863375e+05   4.34656300e+06
   5.73151641e+04   1.45050288e+06   1.13333430e+07   1.11041488e+06
   1.06123750e+06   3.36933800e+06   2.70383770e+04   5.24815977e+04
   3.33963900e+06   3.47768469e+05   5.30978750e+05   6.35953400e+06
   8.60319562e+05   1.90316040e+03   1.25775810e+07   1.78208060e+07
   1.11766170e+07   0.00000000e+00   4.95879156e+05   4.24258400e+06
   7.21359438e+05   8.98826400e+06   3.08965156e+04   1.09113500e+07
   1.72489838e+06   6.92089850e+06   4.15059850e+06   6.23119000e+06
   5.78542375e+05   2.09947000e+07   2.58339475e+06   4.78057666e+03
   7.36303850e+06   4.92060200e+06   6.24688250e+06   1.71100080e+07
   4.83323300e+06   1.39077016e+05   1.36293820e+07   3.64595352e+04
   2.82257950e+06   1.20857562e+06   2.77867550e+06   2.43963555e+04
   5.46490600e+06   1.44696538e+06   1.73455080e+07   1.35510970e+07
   1.64815000e+06   2.70978047e+04   1.10408969e+05   4.86912562e+05
   2.43301550e+06   1.86989500e+07   1.23378210e+07   5.81067350e+06
   2.28305680e+07   2.38589575e+06   1.65627060e+07   9.53719200e+06
   2.31249344e+05   1.97428775e+06   9.99848800e+06   1.26263260e+07
   8.80421000e+05   1.98871125e+05   0.00000000e+00   1.91577400e+06
   3.15387094e+05   8.38532900e+06   4.79521800e+06   3.16319562e+05
   2.76093652e+04   7.21853500e+06   3.57383125e+06   1.07323975e+04
   6.84986200e+06   6.84268350e+06   4.55136550e+06   1.08813359e+04
   9.05176200e+06   1.65332162e+06   8.63633400e+06   4.87099500e+06
   5.49667625e+05   6.31885050e+06   5.19214031e+05   7.04023700e+06
   4.95304932e+03   2.55594200e+06   1.04780862e+06   9.65122422e+04
   6.05235900e+06   5.44088812e+05   1.22270650e+06   1.88012812e+06
   4.68501855e+03   1.24627012e+06   8.39655312e+04   1.50923438e+06
   4.01670775e+06   7.40292375e+05   9.44323906e+04   1.00647230e+07
   4.52116375e+05   7.93706500e+06   7.42201650e+06   1.00452960e+07
   2.63499250e+06   1.29996850e+06   4.99123600e+06   2.60384625e+06
   3.62193650e+06   6.83836900e+06   7.29366953e+04   6.64568800e+06
   1.99112138e+06   1.91718594e+04   2.64873780e+07   3.13290430e+03]
[  4.17450725e+06   2.77346150e+06   3.51198375e+05   0.00000000e+00
   1.06740742e+04   3.83375200e+06   6.79547000e+05   1.97796862e+06
   1.79122780e+07   6.21752500e+06   1.00177620e+07   8.50809400e+06
   2.60357425e+06   7.32295938e+05   1.07368359e+04   3.58081225e+06
   2.55573875e+06   4.59961650e+06   2.15587275e+06   1.30024473e+04
   1.15483930e+07   5.13452000e+06   2.42533075e+06   4.28257539e+04
   1.20626162e+06   3.39519875e+05   2.30493550e+06   9.95939800e+06
   1.31871172e+05   6.82104650e+06   1.15390359e+05   1.76378480e+07
   5.70213900e+06   4.47119062e+05   1.64972338e+06   3.27097600e+06
   3.60254525e+06   1.32093050e+07   1.48012281e+05   4.99941328e+04
   2.04977462e+06   4.32376172e+04   2.38018555e+04   3.29807125e+05
   9.71703250e+05   1.06632720e+07   6.82226400e+06   8.65490300e+06
   3.49927900e+06   1.97415820e+07   3.06301125e+06   6.31783100e+06
   6.94276500e+06   2.90989375e+06   1.88791641e+05   1.47547500e+05
   7.71611100e+06   4.88378188e+05   2.86270905e+02   4.05323825e+06
   4.66627550e+06   7.96503850e+06   9.44614200e+06   4.65211650e+06
   2.63728094e+05   1.32062680e+07   1.41434500e+05   6.63533250e+06
   6.04791950e+06   8.33082500e+06   1.97618950e+06   1.59441140e+07
   1.47451450e+07   6.72334100e+06   2.18757000e+07   8.56473047e+03
   6.72140550e+06   2.83675075e+06   2.02794200e+07   3.70029025e+06
   3.16946725e+06   4.59584492e+04   1.24537970e+07   4.70883100e+06
   7.30334844e+04   6.04625350e+06   4.68612969e+05   3.87074775e+06
   6.46603750e+04   7.06074938e+05   9.78566406e+04   8.37908800e+06
   2.27478891e+05   1.20248290e+07   1.13125075e+06   3.90571625e+06
   3.65780188e+05   6.69484950e+06   1.17704800e+06   1.52723760e+07
   1.51148750e+05   8.06558438e+04   1.82055740e+07   3.64768359e+03
   1.14234078e+05   1.85860140e+07   3.42970300e+06   7.16045500e+06
   1.28029480e+07   7.48179400e+06   2.24668481e+03   7.02481250e+06
   2.79377188e+05   2.86984600e+07   5.21134150e+06   1.34232338e+06
   8.55212875e+05   6.10807300e+06   4.78949883e+04   2.92636562e+04
   1.69584400e+07   3.50758600e+06   3.06036895e+04   8.92166100e+06
   7.18645250e+06   1.86001112e+06   1.41582740e+07   8.91429400e+06]
[  0.00000000e+00   8.65781445e+03   1.53984488e+06   1.85812578e+04
   5.46010742e+02   1.54984619e+03   1.35193445e+03   1.45086346e+01
   3.27263375e+06   1.93290762e+04   9.84888000e+01   1.34919443e+04
   2.99290562e+01   8.72134766e+04   4.58599609e+04   3.85490576e+03
   3.36130781e+04   9.07930625e+05   4.18639697e+03   9.93710547e+04
   4.32944031e+02   7.03037500e+03   5.69911938e+05   4.83618604e+03
   2.43990137e+04   5.32602600e+02   2.35932850e+06   0.00000000e+00
   7.17101416e+03   1.37667168e+04   1.31806665e+03   1.82974091e+02
   2.53681809e-01   8.97518625e+05   4.16078125e+04   1.95975475e+06
   2.57203275e+06   1.18880107e+04   1.08790063e+03   5.31679980e+03
   1.04305967e+04   2.08494217e+02   2.64909497e+03   4.51236781e+05
   1.01659707e+04   2.77697461e+03   3.16455566e+02   3.67485931e+02
   4.98075898e+04   2.82895566e+04   2.45771602e+04   1.16663074e+03
   2.01444612e+06   5.42248375e+05   5.33463669e+01   5.95327461e+04
   5.79278688e+05   1.21903400e+06   3.30949683e+03   0.00000000e+00
   1.35583062e+05   2.44816270e+04   5.17510062e+05   1.08532430e+05
   1.08225502e+02   1.17718184e+04   5.11976025e+03   2.48435645e+03
   4.66152490e+03   1.54557281e+05   1.71374575e+06   1.83372612e+06
   1.83196075e+02   2.60654297e+04   2.85296574e+01   4.50819733e+02
   2.18170293e+04   5.48908625e+05   9.06147500e+05   2.87001812e+05
   1.75951500e+05   7.50820068e+03   7.38814307e+03   5.64483154e+03
   2.21193975e+06   3.22391725e+06   7.55951188e+05   2.24894400e+06
   2.46847047e+05   4.40319244e+02   5.32870166e+03   7.09041875e+04
   4.39394406e+05   1.11691855e+04   0.00000000e+00   2.61007495e+03
   3.62439331e+03   9.84442438e+05   2.65315479e+03   2.55709297e+04
   3.03463242e+04   1.90682559e+04   1.89333038e+06   1.16294172e+05
   1.52470996e+03   1.31592637e+04   4.18384570e+03   2.38159863e+03
   4.16064682e+01   1.06621094e+05   1.00552450e+06   2.85524844e+04
   0.00000000e+00   2.25377559e+04   2.01483359e+04   1.31601172e+04
   2.81720505e+01   4.25930420e+03   1.92298279e+03   2.57891800e+06
   2.02121719e+04   3.41184807e+01   1.96018047e+04   1.59870715e+03
   2.02371570e+03   1.01175550e+06   3.09330994e+02   0.00000000e+00
   1.11877900e+06   2.28976191e+04   2.17115918e+04   2.85093613e+04
   1.04845176e+04   1.57740950e+06   9.48840027e+01   1.47943054e+03
   4.16817900e+06   6.31091375e+05   2.49870098e+04   0.00000000e+00
   1.85920723e+04   7.86003296e+02   7.71375000e+03   7.60838062e+05
   2.18444727e+03   2.42672050e+06   5.01070166e+03   1.26132922e+03
   1.72928484e+05   6.37282532e+02   3.74681665e+03   7.27324121e+03
   7.83250547e+04   8.15813438e+04   8.64080188e+05   9.35619922e+03
   7.95083105e+03   3.33892688e+05   1.27841025e+06   5.40924562e+05
   4.58854688e+03   1.44664594e+05   1.16350412e+06   1.08576270e+04
   7.28324766e+04   3.46941475e+06   1.74817662e+06   2.45749484e+05
   9.86710078e+04   1.90900412e+06   1.95578012e+06   3.72032257e+02
   1.44022148e+04   7.17014312e+05   1.24640977e+04   1.49123838e+04
   1.97741212e+06   6.35687646e+03   2.38133525e+06   8.77386484e+04
   3.98893500e+05   9.74707891e+04   8.27893312e+05   1.95285918e+04
   4.16966797e+04   1.90022188e+04   8.73608359e+04   3.34287656e+04
   7.93329250e+05   7.10090088e+03   5.20921143e+03   2.45313150e+06
   1.60460258e+00   1.04883488e+06   2.52542068e+02   2.69113425e+06
   6.57014795e+03   7.31256375e+05   2.21162700e+06   1.04509662e+06
   1.01385724e+03   2.21061850e+06   2.24399400e+06   1.01587903e+03
   1.03848203e+05   2.77542938e+02   2.39190771e+03   1.01082607e+04
   2.56284595e+03   1.26987238e+06   5.29347625e+05   1.86217888e+06
   2.44143506e+03   1.60134766e+04   0.00000000e+00   3.05972578e+04
   2.71383691e+03   1.27330712e+06   3.95722031e+04   2.90956451e+02
   1.86246033e+03   4.50700049e+03   4.86470032e+02   1.79248297e+05
   6.39085875e+05   6.19248466e+01   4.33898392e+01   1.09645500e+05
   1.48950912e+02   1.21406888e+06   3.32627188e+04   6.14968689e+02
   1.25784012e+06   1.78091650e+03   1.10860275e+06   1.27638428e+03
   1.75602039e+03   5.61050312e+04   8.04277312e+05   2.67009827e+02
   5.40986438e+05   1.83393812e+06   4.52463037e+03   5.27807617e+02
   3.46197070e+04   8.56191699e+03   1.68670581e+03   4.37919531e+03
   2.08163984e+04   5.24074281e+05   3.74314429e+03   1.01756274e+03
   9.17530273e+03   2.09864292e+01   1.03827673e+03   5.68527188e+05]
[  1.85460738e+06   6.32085449e+03   2.19790430e+03   1.95903699e+03
   1.94754238e+06   1.88277975e+06   3.61415469e+05   7.26317871e+02
   3.40434336e+04   1.54857910e+03   5.08453735e+02   1.19175273e+04
   9.77628613e+03   2.73262832e+04   8.37215430e+03   5.86176367e+03
   4.28856754e+00   3.41934540e+02   1.42367562e+06   5.80115859e+04
   2.10927558e+00   5.86844849e+02   4.00056732e+02   5.10987719e+05
   6.53246384e+01   7.50774463e+03   0.00000000e+00   4.40322281e+05
   3.25207734e+04   7.78900681e+01   2.71810488e+04   1.16367891e+04
   9.78179297e+03   9.03881484e+04   7.88143555e+03   4.82955859e+04
   1.01916367e+04   2.11085098e+02   1.78783130e+03   0.00000000e+00
   2.60214250e+05   3.46864844e+04   5.56694531e+03   3.52309521e+03
   1.10017812e+04   1.26149727e+04   4.37139406e+05   2.08563477e+04
   1.60802750e+05   8.86830261e+02   9.69085645e+03   3.93914844e+03
   5.36776367e+02   1.00642451e+04   2.51328594e+05   2.30905234e+05
   5.12942070e+04   1.61173594e+05   4.23211406e+04   1.77332678e+03
   4.91143994e+03   7.44865391e+04   5.45100632e+01   5.97859001e+01
   0.00000000e+00   2.02692773e+04   4.26441750e+05   8.25198425e+02
   1.01944934e+03   2.87504824e+04   1.01556156e+06   4.13728424e+02
   3.31734258e+04   1.67189316e+04   4.48468945e+04   6.78096875e+04
   5.19519375e+04   7.71477734e+03   4.58667617e+04   4.34606094e+05
   2.30350540e+02   2.25322168e+04   2.75025291e+01   4.97896211e+04
   1.64316565e+03   2.67682910e+04   5.01511841e+02   1.51514365e+04
   1.12506162e+04   1.10754170e+04   1.66522305e+04   5.37817871e+03
   4.29324570e+04   5.20562156e+05   1.31799365e+03   0.00000000e+00
   2.12703109e+05   2.17241211e+02   9.71702637e+03   9.26716875e+04
   1.86878723e+03   5.29501445e+04   1.08766950e+06   3.33899651e+01
   1.67103894e+03   3.81400898e+04   7.32838125e+04   6.16048555e+04
   2.76048086e+04   1.87902050e+06   4.12282745e+02   9.86015812e+05
   2.76279545e+01   3.95433667e+03   2.38974878e+03   1.06482803e+04
   1.20957861e+03   1.72923633e+04   1.75743477e+04   5.52307031e+04
   6.69804102e+03   1.81088293e+03   6.72024854e+03   3.66939844e+05
   2.22973975e+03   2.17338623e+03   2.36720085e+01   2.90894922e+04
   2.24071152e+02   2.39010750e+06   3.70227656e+04   2.23950684e+03
   4.15229492e+03   1.80689250e+06   8.15744202e+02   1.58243447e+04
   3.11244609e+04   9.55720875e+05   1.92517993e+03   1.43671677e+02
   7.15182953e+01   6.46847217e+03   6.11586914e+03   1.95044238e+04
   0.00000000e+00   3.28065845e+03   6.88517029e+02   0.00000000e+00
   2.51637039e+01   4.42859406e+02   5.14856812e+02   3.45541943e+03
   8.83265125e+05   1.49628922e+05   1.53827393e+02   3.15213531e+05
   1.62873950e+03   2.35831177e+02   1.00602062e+05   1.57790825e+06
   1.10311450e+03   6.22801855e+03   4.33391797e+03   3.05048561e+01
   3.77025844e+05   0.00000000e+00   2.83237844e+05   3.25681567e+03
   4.67989281e+05   2.06970212e+06   1.20528336e+02   1.03454256e+01
   1.56964111e+04   2.99157375e+05   6.84181625e+05   3.95769409e+03
   2.47408423e+03   4.32997754e+03   7.26261377e+03   3.34157486e+01
   2.59707642e+03   5.56774268e+03   7.96147003e+01   1.00825830e+04
   2.77557678e+01   6.73111389e+02   6.73028672e+04   8.11141748e+03
   2.36098804e+03   5.58737915e+02   8.12953125e+05   2.35468896e+03
   1.31098785e+02   7.74342285e+03   5.28248789e+04   7.22637793e+03
   5.28008594e+04   3.17947402e+04   4.87513500e+05   2.07705860e+01
   7.57997360e+01   1.21635380e+01   7.00295938e+05   2.15251465e+04
   4.13489688e+04   1.42790637e+03   1.56340742e+04   9.60166875e+05
   1.57045844e+05   1.76580050e+06   1.45632034e+02   1.49258484e+03
   1.14938154e+04   3.02705859e+04   2.32554761e+03   4.69188062e+05
   2.64486531e+05   4.79259863e+03   1.51187188e+04   1.98747913e+03
   5.77909619e+03   1.49722070e+04   8.46014587e+02   1.61339722e+03
   7.31049824e+00   1.11846680e+05   9.39076641e+04   1.78385938e+04
   2.78224097e+03   1.25367899e+01   1.57779055e+01   5.54191846e+03
   4.01419312e+05   1.08792207e+04   1.59731250e+06   8.34869434e+03
   1.00079092e+04   1.18772850e+06   5.77804070e+01   1.48277187e+01
   3.45940894e+03   3.10096750e+05   5.05800323e+01   0.00000000e+00
   1.18459058e+03   2.77551697e+02   7.55270703e+03   5.98815332e+03
   5.94647188e+05   2.81776344e+05   1.12784434e+04   3.88994375e+04
   1.11469277e+04   5.86553812e+05   7.69592627e+03   5.24539062e+04]
[  2.30448156e+05   4.21239883e+04   6.67124451e+02   1.57506738e+03
   4.23906125e+05   8.43223242e+03   3.73199883e+04   6.85184131e+03
   4.28602448e+02   8.41988188e+05   2.22994160e+04   4.59009922e+04
   9.35978027e+03   4.19038477e+03   3.14266602e+03   8.36387390e+02
   1.40904633e+02   3.63695679e+03   1.99997559e+01   1.84039612e+03
   2.09604395e+04   1.43216250e+05   2.24825859e+04   8.17560596e+03
   7.14378784e+02   6.20345508e+03   3.72160010e+03   1.16964188e+05
   1.50947227e+04   4.47794688e+05   8.93424622e+02   1.82432207e+04
   4.85786172e+04   6.30639922e+04   6.51206787e+03   1.36349814e+04
   5.96672688e+05   1.65646262e+06   7.80593811e+02   1.56435212e+06
   5.11203979e+02   1.09192334e+03   1.21968076e+04   7.65888438e+04
   2.62362832e+04   1.00240752e+04   2.05972559e+03   1.32402744e+04
   3.77485391e+04   1.64699377e+03   4.68322383e+04   1.16719462e+06
   1.86086151e+02   4.14747095e+00   1.69775549e+03   7.98155957e+03
   3.95214575e+03   1.34623328e+05   8.39654388e+01   1.50652480e+04
   1.84763159e+03   6.88245938e+04   2.26452612e+03   9.63799609e+03
   5.72161328e+03   1.98596445e+04   8.27084473e+03   9.04529297e+03
   3.13538781e+05   6.79815312e+04   2.38648398e+04   1.88061694e+03
   8.87977422e+04   2.17502363e+04   3.84130719e+05   1.13117203e+05
   1.33459625e+05   4.09073047e+04   8.22910645e+03   1.89105774e+03
   2.12658249e+02   1.23585828e+03   6.13573164e+04   2.34364502e+02
   6.60901406e+04   1.86355499e+02   7.45220859e+04   3.66350769e+02
   1.08114113e+02   1.43574438e+03   2.22111572e+02   6.51358582e+02
   1.18779375e+04   1.28765613e+03   9.96222969e+04   2.82977539e+03
   4.10501160e+02   2.63931750e+05   6.59220375e+05   1.68411609e+05
   1.06455750e+05   5.26204805e+04   2.73791553e+03   1.21679797e+03
   7.05398359e+04   4.69967041e+03   5.07354125e+05   3.06904180e+04
   2.97259125e+02   2.91899609e+03   2.00732988e+04   6.11616699e+03
   2.90775000e+04   3.06701123e+03   1.55262378e+03   6.69231562e+04
   3.02762842e+03   7.57137734e+04   7.14482734e+04   5.33934102e+04
   2.67117977e+01   9.24163812e+05   4.34943633e+04   2.09413500e+05
   5.81726719e+04   2.15853491e+03   1.72396582e+04   1.20242369e+00
   1.23519458e+03   2.48192947e+02   2.86475513e+03   3.01969707e+04
   1.71136426e+04   6.41451025e+03   8.11594971e+03   4.45734424e+03
   1.70342754e+04   1.58508547e+05   1.57856201e+04   4.50068420e+02
   4.75381432e+01   5.77851289e+04   1.40261536e+03   4.68481172e+04
   9.40729980e+03   1.00492139e+04   2.90430938e+04   3.26684540e+02
   8.91374922e+04   5.73197705e+03   9.96123242e+03   7.89708828e+04
   8.52839966e+02   2.13164453e+05   2.78619781e+02   4.83632422e+03
   8.45003203e+04   7.06726221e+03   1.76671547e+05   3.69232849e+02
   1.64892688e+03   5.36617981e+02   1.42417178e+04   1.61931592e+03
   2.41183911e+03   4.72804688e+03   2.76684883e+04   2.23313844e+05
   1.04073718e+03   3.44252500e+04   4.18982086e+01   8.04212988e+03
   2.31997485e+03   3.05389258e+03   4.82006211e+04   3.08021948e+03
   4.28823867e+04   9.82139844e+03   9.82967891e+04   4.11497422e+04
   8.31587097e+02   4.20434062e+04   2.03701133e+04   1.57217500e+04
   1.19287727e+05   1.65034119e+03   1.41762688e+05   1.66956519e+03
   1.88973027e+04   6.44910812e+05   6.00868633e+04   8.11600293e+03
   1.57280945e+03   9.35301484e+04   5.35594749e+01   1.03495850e+03
   3.41635000e+04   7.77390771e+03   1.22230596e+04   6.39499023e+04
   5.66891064e+03   3.69605652e+02   3.01332930e+04   2.14655469e+05
   1.33567688e+05   7.45420837e+02   1.60910654e+04   1.87233789e+04
   1.50858656e+05   0.00000000e+00   9.40471289e+03   7.53354053e+03
   4.07256719e+04   2.25037363e+04   1.03236430e+05   6.55240326e+01
   4.95632031e+03   1.40311025e+04   5.11357422e+02   1.15020977e+05
   1.57258291e+04   4.76868555e+03   7.39248779e+03   9.50707715e+03
   5.21590625e+04   6.48677597e+01   1.16750778e+02   2.69799355e+04
   3.17294165e+03   3.74588750e+04   1.60340059e+04   4.35174609e+04
   1.07968909e+03   4.52435312e+04   1.37589000e+06   4.49444434e+03
   3.07407544e+03   8.90584277e+03   1.01617906e+06   1.66930676e+03
   2.67464551e+03   3.75653717e+02   2.63788989e+03   8.16322449e+02
   4.20453750e+04   5.43869125e+05   2.42500244e+02   1.15429253e+02
   1.33243469e+05   2.57408965e+04   0.00000000e+00   5.16406680e+04
   8.52128711e+03   2.00178381e+03   2.93016602e+02   2.78949609e+03]
[  4.01262146e+02   1.50985342e+04   3.08094668e+04   4.43869648e+04
   8.92765869e+02   9.42025938e+04   1.04874158e+03   3.64244434e+03
   1.04559677e+02   9.11391525e+01   7.22273047e+04   1.08105723e+04
   2.27099023e+03   8.91222559e+03   6.24563623e+03   7.40059265e+02
   1.58292520e+04   2.13538555e+04   2.86758398e+04   4.42819287e+03
   1.68937134e+02   1.10794250e+05   4.71445312e+03   2.68795410e+02
   5.99430781e+04   1.73608145e+04   1.02093648e+05   2.88148364e+03
   8.69035234e+04   2.46585254e+04   1.35428428e+04   1.30941617e+05
   2.57869590e+04   2.68503301e+04   3.46326680e+04   9.69968906e+04
   8.12911406e+04   4.40517285e+03   2.62578766e+02   3.24288594e+04
   4.87686844e+01   1.13273742e+05   4.91284102e+04   4.79980195e+04
   3.81192200e+02   3.92263208e+03   1.38461143e+04   3.38087305e+04
   0.00000000e+00   3.79942227e+04   1.03789141e+05   1.01023206e+03
   0.00000000e+00   2.38756035e+04   8.75748242e+03   1.71462207e+04
   4.30812836e+01   3.46798730e+03   5.35343994e+02   6.40968750e+02
   2.31189331e+03   1.38146453e+05   3.28267031e+04   3.09670532e+03
   6.05352734e+03   1.70838438e+04   6.81279968e+02   2.57788330e+02
   9.67088770e+03   1.44925452e+03   3.93024844e+04   2.55666748e+03
   6.86711719e+04   1.62476538e+03   9.11310730e+01   5.64800964e+02
   4.71839996e+02   6.38745213e+00   9.90161250e+04   4.73988242e+04
   2.90566010e+02   9.93057227e+03   2.83505469e+04   9.55764141e+04
   4.05925171e+03   0.00000000e+00   1.54943896e+03   1.62725549e+03
   1.31057070e+05   7.27605469e+04   6.13800537e+03   3.22042656e+01
   1.18617977e+05   1.75743848e+04   4.93763203e+04   1.19533623e+04
   2.86440176e+04   3.30980377e+02   5.77795977e+04   4.81778086e+04
   5.32986182e+03   9.07076721e+02   1.51775734e+05   2.24267114e+03
   3.26195508e+04   2.52405254e+04   1.85382751e+03   8.79446875e+04
   8.94133203e+04   1.28270703e+03   9.55404102e+03   3.44212372e+02
   2.03795918e+04   9.58347855e+01   3.16149200e+02   2.49161016e+04
   2.46197653e+00   3.32894453e+04   3.50691528e+01   3.83598984e+04
   6.14441833e+02   7.62103281e+04   1.93606387e+04   3.36392432e+03
   6.29848877e+03   5.38641719e+04   3.10094995e+03   2.57401465e+04
   2.98595957e+04   1.00332227e+04   1.38085596e+03   1.23041816e+04
   1.81488398e+04   2.43002715e+04   3.78445352e+04   3.64137230e+01
   6.37231152e+03   8.14389706e+00   6.55544373e+02   3.46103144e+00
   3.65554922e+04   3.26014282e+02   2.29003008e+04   1.58042545e+01
   2.74830249e+03   4.48775928e+03   2.36937720e+03   3.91705762e+03
   1.92159698e+02   1.53454482e+04   9.46366562e+04   9.94454883e+03
   1.12077319e+03   3.83522852e+03   6.88361877e+02   0.00000000e+00
   3.51289368e+02   5.19441284e+02   7.79239319e+02   1.09392766e+05
   1.87590781e+04   3.11180713e+03   1.50182617e+04   4.41437225e+01
   4.80256445e+04   1.26344861e+03   8.76373828e+04   1.01482857e+02
   6.05702383e+04   5.46973984e+04   3.61595276e+02   7.85548145e+03
   2.24243730e+04   2.30888892e+03   5.44265000e+04   5.39780273e+04
   3.30283359e+04   9.42119336e+03   9.21132324e+03   6.86739258e+02
   4.05662734e+04   1.84804657e+02   3.65787227e+04   2.67504727e+04
   6.99115332e+03   4.71439648e+04   9.42669141e+04   7.73176416e+03
   2.42087378e+03   1.48504431e+03   3.79759302e+03   2.22841289e+04
   1.32221523e+04   1.27725742e+05   1.28822969e+05   5.02096445e+04
   2.50566191e+04   1.84026523e+04   1.21911533e+04   2.41405396e+03
   1.11921148e+05   1.34550596e+04   4.09400879e+02   8.49670000e+04
   1.03130016e+05   2.79729126e+02   4.11559219e+04   6.63825703e+04
   7.93028736e+00   1.57922688e+01   8.34531860e+02   3.94528717e+02
   1.68776108e+02   1.70937427e+03   4.26847930e+04   2.72363501e+03
   3.91055811e+03   1.68622949e+04   3.29649453e+04   1.83018613e+04
   1.06967441e+04   7.93502188e+04   4.67005997e+01   0.00000000e+00
   4.21869258e+04   2.10311084e+03   1.06390588e+03   1.25933337e+00
   5.73897156e+02   3.54715283e+03   2.37629814e+01   1.35223724e+02
   5.84176641e+04   3.93313711e+04   8.67528828e+04   2.40376172e+03
   5.63009648e+04   1.18267407e+03   1.18916270e+04   1.02158818e+04
   1.67784336e+04   2.68848965e+04   5.58491357e+03   4.02600898e+04
   7.99327576e+02   1.28712422e+05   7.12294678e+03   7.15031738e+01
   1.58525039e+04   3.18984551e+04   3.12924922e+04   6.79568438e+04
   6.28548535e+03   1.42842641e+05   2.07993770e+04   4.49041602e+04
   9.21439922e+04   1.22333264e+03   1.23536827e+02   5.95362812e+04
   7.16383438e+04   1.96493790e+02   7.17813916e+03   2.29559692e+03
   4.79887962e+01   1.05136152e+04   9.66168579e+02   1.18949180e+05
   4.17252188e+04   5.95772583e+02   4.96358604e+01   2.46354712e+03
   5.82421533e+03   2.99956738e+03   1.02347195e+05   2.81367402e+04
   1.45319209e-01   5.71206360e+01   1.04597094e+05   8.62650684e+03
   4.19493103e+00   1.13217261e+03   1.86362617e+04   1.00857461e+05
   2.31723511e+03   3.84949585e+03   8.40860062e+01   1.40822852e+03
   9.11566406e+02   1.08781738e+04   1.03050752e+04   1.05715811e+04
   5.67101992e+04   3.79523516e+04   4.86046953e+04   2.75218115e+03
   4.51414093e+02   3.58624939e+02   2.26935430e+04   8.01754531e+04
   2.87631111e+01   2.77902075e+03   1.79549785e+04   6.85210724e+01
   1.14818811e+03   4.80587539e+04   4.04111597e+03   5.36663269e+02
   8.20253359e+04   4.57564331e+02   1.09302727e+02   8.67775098e+03
   1.29425583e+02   9.41161377e+02   7.89682188e+04   6.79730859e+04
   1.36356461e+02   6.00711562e+04   1.39118389e+04   6.41839795e+03
   1.93765289e+02   1.28738818e+04   1.13664102e+05   3.04675317e+03
   1.13477203e+05   9.89962188e+04   1.33658969e+05   3.64382891e+04
   2.45023398e+04   4.41974915e+02   5.13157617e+04   1.13044814e+04
   7.58043750e+04   6.35387329e+02   7.34799072e+02   6.93460547e+04
   2.73873444e+02   1.56346611e+04   3.17048657e+03   2.72488672e+04
   9.00332969e+04   1.52531396e+03   1.61009395e+04   3.21820831e+02
   3.07466339e+02   1.62396426e+04   1.99351973e+04   2.94206177e+03
   1.23703945e+04   1.13824951e+03   2.61281113e+04   9.47110229e+02
   8.86581421e+02   5.19815586e+04   4.71878174e+03   2.49428101e+03
   9.35723438e+04   6.92104858e+02   4.80938438e+04   1.12632676e+04
   4.23533828e+04   5.44737969e+04   8.45531189e+02   3.38355804e+02
   2.48356128e+03   1.08255005e+03   9.45229062e+04   4.27362012e+03
   5.68067344e+04   6.25503076e+03   7.11695312e+03   1.92405896e+03
   1.47290693e+04   1.16802014e+03   4.62215234e+04   8.03377002e+03
   1.13557446e+03   5.12873975e+03   5.84681885e+02   2.95448334e+02
   2.39226230e+04   1.13083701e+04   1.65483447e+03   2.67695078e+04
   3.51507202e+03   2.37655640e+03   2.52967676e+03   2.12353184e+04
   8.29898804e+02   6.00185356e+01   2.25947681e+03   4.84550751e+02
   4.93455859e+03   9.91936426e+03   2.69024883e+04   8.84221953e+04
   2.71330688e+03   1.36534058e+03   1.79016809e+03   1.59157495e+03
   5.91364670e+01   7.40687793e+03   4.45141641e+04   7.26731484e+04
   3.50559883e+04   1.59383906e+04   9.36954492e+03   9.04220505e+01
   4.45898895e+01   9.54096451e+01   2.09309629e+04   1.83207969e+04
   5.30834961e+03   2.71205963e+02   5.45886914e+04   2.02625840e+04
   1.95659326e+03   1.79125781e+04   2.64967402e+04   1.03861338e+04
   5.97042529e+03   6.81269531e+03   3.87753418e+03   7.52687031e+04
   8.35901016e+04   1.37553906e+04   3.74577305e+04   2.01104395e+03
   9.02749141e+04   2.22913989e+03   1.60356311e+03   9.14052441e+03
   5.91759375e+04   4.91979102e+04   2.43374707e+04   2.94067529e+03
   2.26643341e+02   1.60722192e+03   2.14512070e+04   7.70620947e+03
   1.85309473e+04   2.44462305e+03   9.84576758e+03   1.66719254e+02
   0.00000000e+00   3.99053555e+04   4.14567810e+02   5.19816699e+03
   1.34129443e+03   7.65513828e+04   2.07122559e+03   9.81006562e+04
   1.09697041e+04   0.00000000e+00   5.52375977e+03   5.13821602e+00
   1.23213855e+03   2.26275605e+04   1.02836479e+02   1.92522168e+03
   6.32411926e+02   1.13649512e+04   4.05407104e+02   8.46629980e+03
   2.40448691e+04   8.94162969e+04   1.19622412e+03   1.45345612e+01
   8.85010620e+02   4.17494678e+03   1.19735641e+01   1.31991772e+03
   1.23125391e+04   1.51244110e+02   2.03039526e+03   1.29479700e+03
   2.01644258e+04   3.23590649e+03   3.56477148e+04   2.46231500e-02
   3.47075195e+02   2.30908447e+03   6.93482344e+04   1.76119590e+04
   2.34768711e+04   1.10025749e+02   1.46935840e+03   2.56162567e+01
   1.44988887e+04   2.22283643e+03   1.47070516e+05   7.85420654e+02
   1.72036738e+04   3.43730078e+03   1.75142432e+03   4.38317480e+03
   4.75296436e+03   1.15429750e+05   6.37753760e+03   4.88357773e+04
   4.45359131e+03   1.07119423e+02   1.02193680e+02   2.50721445e+04
   3.98897314e+03   8.47077734e+04   2.21920825e+03   1.07591316e+02
   4.67996797e+04   1.13070837e+03   2.05059845e+02   1.49848094e+05]
[  9.59780859e+03   8.14652197e+03   3.52917114e+03   4.39912338e+01
   4.30373164e+04   1.36994686e+01   6.49491445e+04   3.87840547e+04
   8.50381250e+04   3.26863251e+02   4.77049133e+02   1.59663877e+04
   9.14397430e+01   8.41679062e+04   9.57717480e+03   6.21330299e+01
   1.47884338e+03   2.82165771e+03   9.83503296e+02   1.85598572e+03
   5.51657275e+03   4.98678223e+03   1.64607312e+03   1.26180786e+02
   2.00619232e+02   1.83048457e+04   1.79446899e+03   2.45697539e+04
   1.72706836e+03   1.01043579e+03   7.11441650e+01   2.58269653e+02
   1.42171716e+03   1.02950087e+01   2.90279602e+02   1.07006921e+03
   2.06429907e+03   4.33213463e+01   2.47067695e+04   6.80419739e+02
   1.38603125e+04   6.57547510e+03   2.09363022e+02   3.79887812e+04
   5.08978076e+03   1.25068066e+03   5.20486279e+03   3.97955383e+02
   1.77165039e+03   1.64807678e+03   7.78879333e+02   1.48690498e+00
   0.00000000e+00   1.39491592e+04   1.74116150e+03   2.99061084e+03
   1.05395186e+04   1.44149951e+03   4.01117157e+02   5.05744934e+00
   3.35676742e+00   6.07550903e+02   5.02890503e+02   1.40168628e+03
   2.17089508e+02   2.63673859e+02   5.40404639e+03   5.74013867e+03
   6.99948281e+04   2.98482605e+02   1.02871046e+01   4.75735078e+04
   1.16187725e+01   6.36302002e+03   2.20506934e+03   7.26553223e+02
   0.00000000e+00   5.97961572e+03   3.02313354e+02   6.64678284e+02
   1.66345215e+03   1.00765070e+05   4.75738164e+04   1.69760996e+04
   1.49678076e+03   8.92393265e+01   1.62360166e+04   1.83577405e+03
   1.89550244e+03   1.10346924e+03   2.52222305e+04   8.12670996e+03
   2.51503613e+03   1.50253490e-01   3.55616797e+03   3.33525581e+01
   4.13379150e+02   1.86593262e+04   7.53657129e+03   6.59791357e+03
   1.79136084e+03   3.06153711e+03   2.59592212e+03   5.59613466e+00
   3.28291260e+02   2.41047974e+03   2.54132949e+04   1.30243408e+02
   4.89151211e+04   8.08397969e+04   1.88470203e+03   9.05152405e+02
   6.58486145e+02   3.02783765e+03   6.44908828e+04   2.87080518e+03
   1.04684363e+03   1.58455701e+03   1.91303040e+02   7.81276611e+02
   7.15903687e+02   5.08794580e+03   2.18069995e+03   3.22997838e-01
   4.42377305e+04   4.48823517e+02   3.32165186e+03   3.49134888e+02
   7.66919708e+01   3.07686777e+04   2.59088898e+02   1.42726929e+03
   9.10273743e+02   1.61758428e+04   2.04379082e+04   5.91548462e+01
   1.62610733e+02   2.52149017e+02   2.20333027e+04   0.00000000e+00
   1.45505234e+02   3.06903961e+02   1.28275361e+04   1.03236107e+02
   5.25802197e+03   3.92204077e+03   4.24295215e+03   3.81216289e+04
   5.24730286e+02   3.34105444e+03   7.49171797e+04   2.67046851e+03
   2.12726406e+04   6.46611206e+02   1.23422028e+02   6.84049609e+04
   1.09680547e+04   2.52513496e+04   2.74140137e+03   7.68569482e+03
   6.69002783e+03   3.23427441e+03   0.00000000e+00   5.92938049e+02
   4.64964141e+04   1.55683069e+03   9.38496719e+04   2.75180054e+01
   4.04994556e+03   2.30635957e+04   8.55049133e+02   2.98094238e+03
   7.47081328e+04   1.79499082e+04   1.21897758e+02   1.98892688e+03
   1.66798181e+03   1.36345410e+04   7.47693481e+02   1.13703394e+03
   7.56376328e+04   1.21556250e+03   6.10376343e+02   0.00000000e+00
   1.20207822e+04   6.95909375e+04   0.00000000e+00   6.98438171e+02
   4.52019165e+02   7.19633203e+04   7.27603149e+02   3.94233124e+02
   2.06808434e+01   7.76992109e+04   4.37803418e+03   6.37848291e+03
   2.31469620e+02   1.99485137e+04   8.70321960e+02   5.63187031e+04
   3.22347090e+04   2.96737244e+02   5.94659996e+01   1.27202942e+03
   1.45626641e+04   5.46476990e+02   3.06617981e+02   4.20826807e+03
   5.02786980e+01   3.34430054e+03   2.24244067e+03   5.38217957e+02
   8.93041992e+03   7.46953906e+03   4.64200938e+04   7.38609375e+04
   3.32085625e+04   3.37641235e+02   3.40970276e+02   4.05511211e+04
   7.92996631e+03   2.10312134e+02   3.49976221e+03   1.34697037e+02
   1.09829922e+04   3.48612823e+01   4.59427637e+03   4.46732852e+04
   2.42211914e+03   3.39646680e+03   6.44843398e+04   2.36208557e+02
   2.29579391e+02   1.56906074e+04   2.05832138e+01   1.11682359e+05
   8.40514531e+04   5.06900195e+03   1.79281357e+02   1.14593498e+02
   1.73052795e+03   5.80648486e+03   1.51667725e+03   4.35891895e+03
   8.67085938e+03   7.99685791e+03   0.00000000e+00   8.33745469e+04
   6.53232040e+01   2.18256760e+02   2.16606372e+03   3.96467361e+01
   1.34627930e+04   3.31065979e+01   9.48642960e+01   3.68386963e+02
   2.92215424e+02   2.12237573e+03   7.79726514e+03   9.06963867e+03
   2.21959058e+03   1.70379504e+03   1.38621106e+03   1.58563428e+03
   7.45128174e+02   1.77659980e+04   3.40898773e+02   2.60419746e+04
   5.37327881e+03   8.13941992e+03   2.55610428e+02   6.39618835e+02
   1.16104761e+03   9.23259430e+01   2.26712475e+01   5.74265938e+01
   1.84380215e+04   0.00000000e+00   2.42370874e+03   1.66860469e+04
   2.83949854e+03   1.50840622e+02   2.57529219e+04   0.00000000e+00
   6.71687241e+01   1.09669688e+04   1.33256474e+01   3.88948906e+04
   3.01116516e+02   8.03301025e+02   1.67807251e+02   4.51285303e+03
   9.15318125e+04   1.35205000e+04   7.62264307e+03   6.87147021e+03
   5.63937578e+04   1.14447839e+03   8.39061707e+02   1.08227747e+03
   3.96245804e+01   2.34326343e+03   3.07558867e+04   3.44182944e+00
   7.03421777e+03   1.94829297e+04   1.94184790e+03   8.67235859e+04
   1.38559113e+02   2.52941116e+02   2.49376938e+02   4.59593359e+03
   3.63422773e+04   7.27731171e+01   9.42962036e+02   1.87827286e+02
   7.90705703e+04   8.09609222e+01   2.83139130e+02   2.26262726e+02
   4.51473828e+03   2.00424609e+04   1.02025254e+04   2.68682832e+04
   9.14282656e+04   6.81401428e+02   5.43631006e+03   1.78789668e+04
   4.06383606e+02   5.91445732e+01   7.52376562e+04   1.84082520e+04
   6.57556885e+02   2.21978125e+03   1.99607363e+04   2.86569873e+03
   0.00000000e+00   8.92126172e+03   6.74377197e+02   4.19931335e+02
   2.14381777e+04   6.57358838e+03   4.19904590e+03   5.40223516e+04
   1.62461376e+01   3.14643774e+03   5.13399048e+02   3.25445859e+04
   6.47718047e+04   9.36004028e+02   1.71393713e+03   4.60602637e+03
   1.21424817e+03   5.16346826e+03   9.82403438e+04   4.03251875e+04
   1.77518604e+03   1.25505212e+03   8.41001367e+03   1.14775719e+02
   4.98122949e+03   1.42165430e+03   1.13194809e+01   1.98201019e+02
   1.62425049e+04   4.76499570e+04   1.37090637e+03   1.89506230e+04
   3.79087738e+02   4.69938828e+04   1.13138924e+01   5.41481152e+03
   2.16675146e+03   9.50144922e+04   1.28232397e+03   2.79282227e+03
   2.19115036e+02   8.48900146e+02   3.39970996e+03   1.50181719e+04
   1.18801348e+04   4.26008887e+03   6.57938156e+01   1.09922705e+03
   8.01959045e+02   3.35747148e+04   4.53339727e+04   6.35638818e+03
   8.07623281e+04   2.75119556e+03   3.86991000e+00   5.39547729e+00
   6.93648828e+03   1.16930664e+04   9.34124695e+02   1.13137822e+04
   4.84837891e+03   3.87522197e+00   5.21510925e+02   8.87641846e+02
   1.61850159e+02   5.00510645e+03   2.37103672e+04   1.35080947e+04
   5.42547559e+03   5.91466618e+00   8.13850781e+04   3.11152618e+02
   7.26669531e+03   5.63053055e+01   1.27356836e+04   3.60758942e+02
   7.32658447e+03   9.07960156e+03   1.27207123e+02   3.29685450e-01
   2.44590012e+02   1.91409338e+03   7.99251318e+03   2.73854187e+02
   1.65009485e+03   9.85433594e+02   2.76838330e+03   7.19020654e+03
   8.44288379e+03   3.89580508e+04   6.48234253e+02   7.29148269e-01
   4.76319824e+03   8.24019547e+01   3.61443408e+03   3.38824570e+04
   6.65353369e+03   3.86625427e+02   5.55936157e+02   5.11858252e+03
   2.46400781e+03   1.69292480e+03   6.17128789e+04   1.32444414e+04
   1.65110840e+04   6.76472595e+02   3.18960547e+03   2.68171582e+03
   3.98611679e+01   8.59893127e+02   6.81512988e+03   7.00702820e+02
   5.19962524e+02   1.24381653e+03   0.00000000e+00   9.37954895e+02
   9.38112717e+01   0.00000000e+00   1.89270254e+04   3.00036716e+00
   4.94066119e-01   1.77729309e+03   2.24291146e-01   8.41932007e+02
   2.95537109e+03   1.28556689e+03   1.21981387e+04   5.00947479e+02
   9.50686484e+04   3.81886562e+04   1.06978394e+03   1.61589685e+03
   2.25568420e+02   2.68093555e+04   4.59694844e+04   6.84490845e+02
   3.50141418e+02   1.14244415e+02   1.93356396e+03   7.67377490e+03
   4.76589795e+03   7.56721268e+01   7.60599060e+02   0.00000000e+00
   1.15309414e+04   8.35928711e+03   3.39608228e+03   5.86317993e+02
   3.26785156e+02   9.88556702e+02   5.21297266e+04   3.27563834e+00
   1.02169519e+03   2.77738861e+02   9.03645391e+04   9.18504102e+03
   4.59129791e+02   3.87326233e+02   8.89295959e+00   1.17717676e+04
   2.74780853e+02   9.53990936e+01   4.38011047e+02   6.19200635e+03
   1.94927051e+03   2.51885547e+03   1.55862808e+02   7.91377625e+02
   1.45955359e+03   1.07780453e+05   1.30169418e+02   1.24442981e+03
   0.00000000e+00   1.96965938e+04   1.04973115e+04   4.31344531e+03]
[  2.11113968e+02   1.42032344e+04   6.10756897e+02   3.02622974e+03
   1.14782190e+03   2.97337988e+04   3.23862000e+02   1.19379219e+04
   9.87358203e+03   4.67257695e+04   1.44986047e+03   8.42063065e+01
   6.60320850e+03   3.43837578e+04   3.80111523e+03   8.91041016e+02
   2.77084180e+03   3.30248804e+03   7.16597891e+04   5.51924866e+02
   2.14831352e+00   4.39237598e+03   1.31764374e+02   1.85809558e+03
   1.57406836e+04   1.45103271e+02   1.49560869e+04   1.40924210e+02
   9.04694946e+02   4.37414600e+03   2.38450342e+03   3.08761353e+03
   2.05322290e+03   0.00000000e+00   4.73181445e+03   1.43264145e+02
   1.17682593e+03   8.40521641e+04   3.39097738e-01   8.45120508e+03
   7.71821436e+03   9.61838913e+01   4.81051683e-01   7.98887207e+02
   1.21636787e+04   3.70947479e+02   9.57172559e+03   1.08774199e+04
   4.63424255e+02   5.13656960e+01   1.38035767e+03   6.68549500e+02
   1.27984818e+02   1.74229434e+04   1.28435820e+04   3.93714219e+04
   9.62582703e+02   1.78809980e+04   4.12994843e+01   4.82933350e+03
   2.74071265e+03   8.42089294e+02   1.24542822e+03   4.67681351e+01
   3.79626343e+03   4.40400269e+02   1.45427048e+02   4.36390442e+02
   2.73370331e+02   1.27181252e+02   8.17011414e+02   1.66197227e+04
   3.88408633e+04   2.64762634e+02   2.73515840e+04   4.70198479e+01
   1.64488449e+02   4.70088959e+02   1.80497839e+03   2.26822715e+04
   6.84775269e+02   3.94018164e+04   2.34052227e+04   1.22047500e+04
   8.01602266e+04   1.48817917e+02   1.42240039e+03   1.42383916e+04
   9.65986914e+03   3.45737188e+04   2.14960098e+01   5.66048193e+03
   8.28074158e+02   1.49673945e+04   2.06654468e+03   1.03814941e+04
   1.44991211e+04   1.60832122e-01   2.02608340e+04   1.28923718e+03
   4.61593285e+01   1.97999963e+03   5.52670555e+01   4.09505029e+03
   3.06870747e+00   1.22949539e+02   2.03388562e+03   3.93351172e+04
   7.65393734e+00   2.79050352e+04   5.02747040e+02   5.88935625e+04
   7.15712549e+03   1.39988358e+02   1.14560480e+01   5.27912292e+02
   8.02224976e+02   2.92127969e+04   3.40148499e+02   3.99386978e+01
   5.90071976e-01   7.65924622e+02   8.08435645e+03   4.25446869e+02
   9.53067993e+02   9.71928613e+03   4.75630676e+02   3.26895218e+01
   1.16727612e+03   3.74748016e+02   2.11889199e+04   1.24950842e+03
   1.75822174e+02   3.34092798e+03   8.85428467e+02   1.00942646e+04
   5.09909375e+04   2.99161987e+01   6.08541794e+01   1.04715446e+02
   6.70265341e+00   2.09659439e+02   5.70232422e+02   3.96999115e+02
   3.18893738e+02   4.01653076e+03   5.10882666e+03   3.39224011e-01
   5.48354065e+02   6.25881211e+04   1.58488724e+02   5.99639771e+02
   1.03618005e+03   4.86944238e+03   1.11938770e+03   2.10219609e+04
   2.96459866e+01   1.14669666e+03   2.07876923e+02   8.90273047e+03
   3.74206665e+02   2.40524719e+02   6.11042847e+02   1.39787857e+02
   5.10614102e+04   6.03870506e+01   8.71347275e+01   3.27033789e+03
   8.92098828e+03   2.18457598e+04   2.67906857e+00   3.01583557e+02
   7.02641553e+03   9.65825317e+02   9.09882736e+01   2.49765576e+03
   6.33487070e+04   1.02368695e+03   4.91817891e+04   4.39967090e+03
   3.85560391e+04   3.51375117e+04   2.70022705e+02   7.01603760e+03
   2.72896851e+03   3.44238091e+00   4.79503467e+03   4.40208936e+03
   8.49041977e+01   6.30502197e+02   3.85555603e+02   3.31937714e+02
   3.73567578e+03   1.09922119e+04   1.02511292e+03   1.64395879e+04
   2.83043237e+03   8.14038879e+02   1.72172943e+02   4.11625586e+03
   5.24575879e+03   1.60670691e+03   1.21275171e+03   0.00000000e+00
   2.90572656e+03   2.87046722e+02   2.51670728e+03   2.72015894e+03
   7.65139746e+03   7.68530312e+04   2.51156830e+02   8.91809204e+02
   3.83999048e+03   6.93146875e+03   1.36763046e+02   1.00829355e+04
   8.24705156e+04   1.46054321e+02   2.01996277e+02   6.12809326e+03
   1.55724766e+04   3.12587219e+02   4.08810760e+02   1.92047205e+03
   7.78313232e+02   3.37190857e+01   1.52199158e+02   6.55463562e+01
   1.23357275e+03   1.44647125e+02   1.52155441e+02   2.41692764e+02
   1.86610815e+03   1.33193756e+02   6.27611065e+00   8.22903671e+01
   4.73389130e+02   5.07869354e+02   1.25821509e+03   1.05847458e+02
   6.91365719e+00   3.65826073e+01   1.36404846e+03   3.65680859e+04
   4.09130586e+04   1.13647822e+04   1.78842285e+02   3.05316382e+03
   2.70596867e+01   1.51416724e+03   2.25859528e+02   1.86614349e+02
   1.24571221e+04   1.64475183e+03   7.66168594e+01   1.46251068e+02
   3.82727515e+03   1.32340912e+02   1.46974036e+03   9.41244049e+01
   5.56499207e+02   1.49142517e+03   2.75152466e+02   2.34218750e+01
   4.38570352e+04   1.87903125e+03   4.90531875e+04   1.49250537e+03
   3.14000781e+03   8.96800842e+01   1.36204315e+02   9.26692261e+02
   1.61170609e+02   6.67525787e+01   4.74079219e+04   7.65471558e+02
   1.67470032e+03   7.24467529e+02   7.85538623e+03   1.04973037e+04
   4.41770660e+02   1.54230896e+02   7.86743713e+02   8.60860625e+04
   1.36969861e+03   4.67356006e+03   1.29644639e+04   4.08720642e+02
   6.84953552e+02   1.06294551e+04   3.06767993e+03   2.18140137e+03
   1.11106680e+04   2.29544189e+03   1.22440323e+02   1.41402429e+03
   3.07302100e+03   1.98082349e+03   1.01692695e+04   2.50789013e+01
   8.03103027e+01   9.80021851e+02   1.16373115e+04   9.30406036e+01
   1.53598281e+04   7.62762578e+04   1.24887219e+03   1.91415259e+03
   4.54475049e+03   5.04419238e+03   6.01681137e+00   5.36466455e+03
   1.19599342e+01   4.76887158e+03   3.55620264e+03   1.98614609e+04
   4.27646759e+02   7.42667969e+03   3.41895294e+02   1.45693193e+04
   5.69372412e+03   3.57324258e+04   3.57035376e+03   3.36831992e+04
   3.16000854e+02   5.75430481e+02   1.58348096e+03   9.50178040e+02
   2.03820361e+03   4.31307220e+02   9.04773438e+03   5.05579980e+03
   8.48224640e-01   1.97998169e+03   2.30808640e+02   2.19534668e+03
   5.92564583e+01   8.26656641e+03   1.88097156e+03   3.26385352e+04
   4.16907461e+04   2.07962671e+03   1.81873596e+02   3.30676544e+02
   1.34680872e+01   2.67322235e+02   2.56879141e+04   1.28035461e+03
   9.88980176e+03   9.15644141e+03   4.47189160e+03   6.66972891e+04
   4.51934296e+02   2.10727393e+03   2.50129102e+03   3.44466705e+02
   2.62060195e+04   4.87427490e+03   2.39853711e+04   8.91069717e+01
   7.10383906e+04   5.47027344e+02   3.70984688e+04   1.91315710e+03
   1.19427705e+04   4.97362671e+02   5.98324623e+01   6.23048340e+03
   3.61700195e+02   3.62928101e+03   6.62885376e+02   2.61873779e+03
   1.87675491e+02   1.12268486e+04   5.73868652e+02   1.18787477e+05
   1.75600781e+04   2.25864062e+03   5.35035352e+03   1.72553430e+03
   8.36604233e+01   1.58189672e+05   4.49291797e+03   6.19941467e+02
   3.21028412e+02   4.46435889e+03   3.37234192e+02   1.11319761e+01
   2.34922192e+03   1.62049390e+03   6.81397188e+04   6.54600439e+03
   3.32103931e+03   5.38576758e+04   7.50659375e+04   4.95580658e+02
   1.48921799e+02   7.57343652e+03   3.65761768e+03   1.04090635e+04
   1.73433578e+02   2.03171504e+04   1.50217029e+03   3.71610962e+03
   2.25327473e+01   2.85188730e+04   6.70230560e+01   1.67998389e+03
   1.54579224e+03   4.66595996e+03   1.26934094e+03   1.31903438e+04
   1.23737100e+04   1.30268958e+03   2.09092773e+03   2.54725027e+00
   4.67871240e+03   6.11074890e+02   0.00000000e+00   5.64090149e+02
   3.95432159e+02   2.33432461e+04   7.50045947e+03   4.37548904e+01
   6.68187256e+02   8.19629199e+03   2.39257886e+03   1.55506306e+01
   2.44061572e+03   7.17313135e+03   5.02959648e+04   2.12702942e+02
   1.55104580e+04   4.87533508e+02   3.81071014e+01   4.64771759e+02
   3.39302765e+02   2.23583889e+00   2.70733633e+04   1.98220921e+01
   9.51670456e+01   2.75009613e+02   2.97667542e+02   7.07847357e-01
   7.81088028e+01   2.22955645e+04   5.00652191e+02   5.69834717e+02
   1.39465247e+03   3.11960430e+04   4.38990723e+02   1.38447046e+03
   1.34395874e+02   1.59742453e+05   4.11933594e+04   1.69064879e+00
   2.91795020e+03   9.51438379e+03   2.22574902e+04   1.75490000e+04
   2.24756855e+04   1.35802129e+04   1.23275098e+04   1.62438208e+03
   1.58024600e+04   5.42294922e+03   7.76436340e+02   1.04605881e+02
   1.41804260e+03   7.88213882e+01   1.04404277e+04   1.91675176e+04
   1.67883555e+04   1.32845557e+04   2.18135864e+03   1.05693245e+02
   6.38156494e+02   1.93761963e+03   7.61461853e+02   2.63065703e+04
   5.34879541e+03   5.41980103e+02   1.36749961e+04   1.44642609e+02
   6.11142397e+00   0.00000000e+00   6.76851807e+03   1.00890546e+03
   1.98991272e+03   8.48757617e+03   4.92598828e+04   2.36437559e+04
   1.19248389e+04   3.06961353e+03   5.18966492e+02   1.59032080e+03
   2.45273682e+03   3.00783417e+02   3.18775317e+03   3.23262793e+03
   2.21419902e+04   3.15145332e+04   1.13025236e+01   1.67184351e+03
   1.42758057e+04   2.87489199e+04   2.04042236e+02   2.82041912e+01
   1.00550616e+03   1.23244537e+02   7.93177567e+01   1.25524678e+04]
[  3.88347382e+02   2.84545593e+01   1.11931014e+00   5.91354199e+03
   4.17978729e+02   1.26267357e+02   2.10669098e+01   1.47801580e+01
   2.94483368e+02   1.68434906e+02   3.50998764e+01   4.07450470e+02
   2.95194569e+01   5.49808273e+01   1.21638565e+01   1.82708240e+00
   2.30141091e+00   3.56777161e+02   0.00000000e+00   0.00000000e+00
   3.11790680e+02   1.90753164e+04   6.15111523e+03   2.11207443e+02
   1.35814130e+00   0.00000000e+00   2.54786368e-02   1.72013232e+03
   3.14000885e+02   1.12675049e+03   6.32422266e+03   3.37927307e+02
   1.01863568e+03   2.68280243e+02   7.56692505e+00   2.40547559e+03
   3.31373558e+01   1.24921895e+04   1.39709119e+03   1.68902161e+03
   7.76806201e+03   2.39375191e+01   2.64041455e+03   1.74620349e+03
   2.39312325e+01   6.71559393e-01   3.27087793e+03   3.29217300e+01
   4.93704872e+01   3.19439259e+01   3.31088028e+01   1.85305884e+03
   2.01069427e+00   1.61494705e+02   6.76043777e+01   3.87013245e+01
   4.82431299e+03   4.08248383e+02   0.00000000e+00   3.18287659e+02
   2.47081696e+02   3.57400703e+01   3.66454348e-02   6.82298401e+02
   2.27898376e+02   2.56879810e+03   3.88214149e+01   2.82733083e+00
   3.69394226e+02   1.79931396e+03   5.82851135e+02   1.55981415e+02
   4.72236176e+01   4.38307800e+02   6.59726620e+00   1.28337732e+03
   2.00400162e+00   1.74577893e+03   8.43453765e-01   6.63161316e+01
   0.00000000e+00   8.36033478e+01   4.25337952e+02   1.81150708e+03
   6.73884888e+01   3.13175297e+01   3.98181343e+01   4.68912268e+00
   1.42990762e+04   3.20571106e+02   1.17051182e+04   2.08731140e+02
   1.64085703e+04   4.82441498e+02   0.00000000e+00   2.96382660e+02
   1.31900527e+04   4.79254818e+00   2.95851978e+03   1.32019379e+02
   1.79638733e+03   4.79443932e+01   1.88658867e+01   0.00000000e+00
   2.15167383e+03   1.52349902e+03   0.00000000e+00   2.24234543e+02
   8.81684570e+01   0.00000000e+00   4.12072134e+00   2.93338776e+02
   3.56583594e+03   4.60893750e+03   1.25777779e+02   6.11634159e+00
   2.10012720e+03   6.68218018e+02   2.20196285e+01   1.68641190e+02
   0.00000000e+00   2.92008942e+02   6.45210087e-01   3.80482554e+00
   6.62348318e+00   6.17035961e+00   3.33097267e+01   1.28891408e-01
   1.74036465e+01   1.28209180e+03   1.08335181e+03   1.19995667e+03
   0.00000000e+00   3.35634956e+01   5.83277466e+02   1.06582939e+02
   1.18014434e+04   2.59943512e+02   6.29085312e+01   7.87685165e+01
   4.93875293e+03   1.25259407e+02   1.15492691e+02   3.60572949e+03
   6.89335785e+01   4.94436646e+01   4.65424232e+01   0.00000000e+00
   4.15303230e+00   4.29097252e+01   5.21306992e-01   6.16236076e+01
   7.29962997e+01   2.72569776e+00   2.30127411e+01   6.05889893e+01
   6.82872192e+02   4.10771751e+01   1.61644363e+01   4.62587852e+01
   3.42240051e+02   1.03198723e+02   1.55953320e+04   1.18421436e+03
   1.60924792e+03   1.11536572e+04   0.00000000e+00   4.00203589e+03
   5.25640564e+02   6.25019873e+03   0.00000000e+00   3.42767627e+03
   7.72536011e+01   6.55220764e+02   6.49928970e+01   9.16784954e+00
   1.45969070e+02   1.00994234e+01   2.85769897e+02   0.00000000e+00
   1.25902321e+02   2.35239062e+03   1.08367157e+00   1.69869092e+03
   1.00203049e+02   7.71497412e+03   3.85737267e+01   6.33508682e+00
   6.13107275e+03   1.96832443e+02   1.42671738e+01   6.94996185e+01
   1.16669946e+03   4.16123352e+02   8.01145264e+02   3.77373047e+02
   7.12678833e+01   2.38453442e+03   3.03776001e+03   5.95189990e+03
   7.90916920e+00   1.57995527e+04   2.04184093e+01   2.27971039e+01
   1.26397896e+02   5.23200645e+01   1.16994043e+03   1.59457080e+03
   2.28943616e-01   2.88847925e+03   4.72668115e+03   5.00612915e+02
   4.22002017e-01   2.13757682e+00   1.12291054e+02   3.10996289e+03
   3.24530396e+02   1.83244064e+02   3.16478882e+01   2.33250000e+02
   8.93872375e+01   4.00623444e+02   2.06614059e+02   1.82383728e+00
   5.82522217e+03   8.67948438e+03   2.61783886e+00   1.15129595e+01
   9.03150678e-01   9.40822388e+02   5.78338203e+01   5.69189880e+02
   9.31090012e+01   1.01819110e+03   2.12904834e+03   6.72201309e+01
   6.64594955e+01   1.11863652e+04   0.00000000e+00   1.52824463e+03
   0.00000000e+00   1.62154766e+04   1.40176590e+02   1.26646832e-01
   0.00000000e+00   4.63586914e+02   1.06804600e+04   3.19534242e-01
   0.00000000e+00   6.14906216e+00   6.38870850e+03   1.61252594e+01
   5.17285614e+01   1.21778847e+02   3.03520546e+01   1.48357422e+03
   1.66892505e+03   7.76097717e+01   1.68606701e+01   1.23006953e+04
   3.71691780e+01   2.32905319e+02   0.00000000e+00   0.00000000e+00
   0.00000000e+00   1.50255346e+00   1.43094597e+01   1.76995215e+03
   1.23701672e+03   6.41049805e+01   5.26409245e+00   1.77588843e+03
   1.34509792e+01   1.43869883e+04   5.08034766e+03   3.34558220e+01
   6.72155029e+03   8.56184921e+01   1.84207062e+02   1.66096859e+01
   1.89764481e+01   7.44859192e+02   1.38014912e+04   1.82418350e+02
   8.95401287e+00   3.35955170e+02   1.59624878e+03   2.29074463e+02
   2.45532826e-01   1.06318307e+00   4.75401306e+01   1.55892444e+03
   1.87213538e+03   2.81278625e+02   0.00000000e+00   0.00000000e+00
   1.91925369e+02   4.64794189e+02   1.28430777e+01   3.01033020e+01
   7.09863098e+02   4.86567230e+02   1.09421865e+04   0.00000000e+00
   3.27764221e+02   0.00000000e+00   3.87476257e+02   8.89768898e-02
   1.21088594e+04   0.00000000e+00   1.26783779e+04   4.32241364e+01
   3.44939423e+01   0.00000000e+00   3.02399330e+01   6.34060205e+03
   4.01915454e+03   4.75843066e+03   6.28749207e+02   3.26608620e+01
   3.12402930e+03   8.40274048e+01   3.11556492e+01   1.11411659e+02
   3.30455200e+02   8.95042643e-02   1.90463791e+01   3.21455765e+01
   1.93751266e+02   1.00906662e+02   1.80951519e+01   5.54924219e+03
   4.43702736e+01   8.31344055e+02   2.85990479e+02   3.09725659e+03
   1.23516968e+03   2.04168176e+03   7.08972754e+03   6.38782616e+01
   2.15413892e+03   8.57126141e+00   7.52486115e+01   1.89226961e+00
   3.06368091e+03   2.54294366e-01   4.78562549e+03   3.32086700e+02
   1.12838879e+03   1.61289825e+01   8.26413727e+00   7.80318213e+00
   4.50684912e+03   2.45673523e+01   2.88864691e-02   1.20239021e+02
   7.10672314e+03   5.94313916e+03   7.33320459e+03   3.44747810e+01
   3.88300972e+01   3.35109442e-01   1.23676552e+02   1.62659134e+02
   2.76999084e+02   7.44528656e+01   0.00000000e+00   5.31938538e+02
   2.12406845e+02   0.00000000e+00   2.34733231e+02   3.79838501e+03
   8.18361282e+01   1.17366066e+02   3.12308350e+01   1.84763626e+02
   3.99296689e+00   1.64346333e+01   5.79315186e+00   2.74545227e+02
   1.71050369e+02   1.54723467e+04   1.99147949e+01   7.42829688e+03
   1.61812390e+03   2.12670435e+03   1.84182629e+03   1.29799484e+02
   2.36074121e+03   5.63801208e+02   7.02789429e+02   1.65279350e+01
   9.34769135e+01   8.62852991e-01   1.82631729e+02   3.73005867e+01
   0.00000000e+00   7.36288214e+00   2.37004013e+02   8.88705215e+01
   7.46442337e+01   1.39958899e+03   8.78600195e+03   1.62186375e+01
   1.13710449e+02   5.57509689e+01   2.34250061e+02   7.05588436e+00
   8.53370972e+01   1.08726406e+04   2.17533360e+01   6.92101898e+01
   4.93108444e+01   8.21203979e+02   4.52736914e+03   2.61767853e+02
   5.87699561e+03   1.36153564e+02   5.72078753e+00   4.97887897e+00
   1.96808320e+04   7.86785522e+02   2.34578232e+02   1.51203918e+01
   4.63659698e+02   3.06888275e+02   1.36005235e+00   1.29238205e+02
   6.17131376e+00   9.79790527e+02   5.16630811e+03   3.73857651e+01
   1.43678024e+02   2.11532959e+03   1.25001221e+03   4.28725357e+01
   1.36339550e+01   1.46344324e+03   1.33848613e+04   8.87710114e+01
   2.58728619e+01   1.15889339e+01   6.33543167e+01   1.74634735e+02
   7.10704880e+01   1.46102877e+01   8.10759814e+03   6.93133789e+03
   1.00514297e+04   0.00000000e+00   3.57222717e+02   1.75239838e+02
   1.52625745e+03   7.64392233e+00   8.58401123e+02   5.84435303e+02
   3.13545284e+01   1.28737520e+04   3.04593903e+02   2.23947656e+03
   0.00000000e+00   4.49023376e+02   3.14078388e+01   6.58492279e+01
   9.62552637e+03   9.77801514e+00   1.99378769e+02   1.02495480e+00
   4.56101513e+00   5.10934387e+02   3.22766998e+02   6.52511311e+00
   1.79526474e+02   5.69006250e+03   0.00000000e+00   1.61214392e+03
   5.78240173e+02   6.21464111e+02   5.19706396e+03   2.13637161e+02
   6.57357471e+03   4.06779724e+02   3.61663391e+02   1.05659729e+02
   3.41651764e+01   1.91445422e+03   2.02806213e+02   6.12156689e+03
   6.31680298e+00   5.28897905e+00   1.54529819e+01   4.14242432e+03
   3.00011688e+02   2.20079880e+01   4.26790886e+01   0.00000000e+00
   2.16923560e+03   5.24736755e+02   6.39504639e+02   8.63073340e+03
   3.40944641e+02   9.79754181e+01   2.45104688e+03   4.74143311e+03
   2.37402725e+00   5.87243555e+03   5.33911705e+00   1.73557190e+02
   0.00000000e+00   1.18603193e+04   7.12551212e+00   1.08810310e+02]
[  2.66196709e+01   5.28022705e+02   1.56352722e+02   4.14753510e+02
   1.25513123e+02   1.16776404e+03   1.68293808e+02   5.40949646e+02
   3.10645256e+01   4.56867142e+01   1.91728137e+03   1.01660303e+03
   4.09157837e+03   1.23210342e+02   4.12073926e+03   2.34472549e+02
   6.99406719e+00   2.81237762e+02   6.53352905e+02   4.36545441e+02
   2.67290375e+02   1.69004345e+01   5.32576709e+03   9.24482727e+01
   1.33646393e+02   1.22015007e+02   4.33487740e+01   1.21188301e+02
   5.98048535e+03   1.35498943e+01   3.53056479e+00   3.24404030e+01
   5.67322900e+03   1.33975525e+02   1.67630882e+01   1.09322656e+03
   7.36006982e+03   3.10938358e+00   1.47510839e+00   2.05135889e+03
   6.03073682e+03   8.09836731e+02   1.21551716e+00   0.00000000e+00
   5.76745558e+00   5.08240387e+02   2.60951514e+03   4.87426071e+01
   6.81334305e+00   6.91982727e+01   5.51226120e+01   7.73131714e+01
   1.45352930e+03   6.46139832e+02   7.00311584e+02   4.49485107e+03
   8.21359634e+00   8.24311733e+00   2.71514600e+03   5.01777051e+03
   2.30855884e+03   2.40609894e+02   7.29719922e+03   5.51043701e+00
   5.79363537e+00   3.29530090e+02   1.44411268e+01   1.75981934e+02
   1.64710007e+01   8.66421326e+02   1.29745862e+03   8.21534851e+02
   4.12059845e+02   4.91580925e+01   1.04218094e+02   1.16898303e+03
   7.06992035e+01   6.41259460e+02   4.14273877e+03   4.42805557e+01
   1.26015263e+01   2.81710236e+02   3.29297461e+03   1.58241014e+01
   1.68364563e+03   5.91558447e+03   9.59557800e+01   5.55525169e+01
   4.43288379e+03   4.71933746e+02   1.75886368e+02   5.54901917e+02
   0.00000000e+00   3.02505884e+03   1.17391033e+01   2.59830780e+01
   3.15667023e+02   3.95972168e+03   3.47349304e+02   1.27319931e+02
   1.78007431e+01   1.23327187e+02   1.65558502e+02   1.26750898e+01
   1.88317639e+03   1.98901132e-01   1.10192177e+02   6.78777686e+03
   4.38888037e+03   1.99563492e+02   4.62502411e+02   8.86707020e+00
   1.79449524e+03   1.89678955e+03   5.56981384e+02   0.00000000e+00
   1.45866302e+02   8.35029221e+01   2.01461401e+03   7.00092010e+01
   1.08317245e+02   2.68612280e+03   0.00000000e+00   2.22456017e+01
   1.38203650e+01   5.89677124e+02   1.82203537e+02   1.82779846e+02
   5.35496289e+03   5.30042350e-02   2.45180450e+02   2.96137646e+03
   1.95145911e+03   2.96970558e+01   1.07793887e+04   5.10998726e+00
   1.42091202e+02   2.22134903e+02   9.68156586e+01   1.56875849e+01
   4.76435059e+03   0.00000000e+00   6.80359253e+02   1.27188988e+02
   4.76561554e+02   9.24164581e+00   2.15489769e+00   3.51989861e+01
   0.00000000e+00   1.72563095e+01   2.73643341e+01   9.35159973e+02
   2.09509705e+02   3.95427002e+03   2.38326492e+02   1.23871521e+03
   1.09477881e+03   3.22121859e+00   1.93716174e+03   9.13362061e+02
   1.36661426e+03   3.79733447e+03   1.01892304e+00   4.04504730e+02
   4.65042920e+03   1.72174451e+03   3.48927429e+02   3.39184113e+01
   6.84817734e+01   1.80522937e+03   4.70112183e+02   4.15392494e+00
   4.47515991e+02   6.13064909e+00   2.23974247e+01   5.47917175e+00
   6.38059378e+00   5.60693262e+03   2.19674988e+02   7.84440041e+00
   1.89992584e+02   6.93037567e+01   7.22687197e+00   2.74711723e+01
   3.49130518e+03   1.21946955e+01   8.29457626e+01   4.24226427e+00
   8.11889496e+01   3.78935547e+01   1.00718241e+01   1.15067444e+02
   2.01544571e+01   1.36316330e+02   3.79126099e+02   2.70915649e+02
   1.08315384e+02   5.95435562e+01   9.09867783e+01   3.32361145e+01
   1.74133545e+02   4.17538025e+02   1.24151258e+01   3.12499553e-01
   6.39184608e+01   1.08720951e+01   5.36982393e+00   2.47103394e+02
   1.16156250e+02   1.24901752e+01   2.32437012e+03   2.22808502e+02
   1.42281532e-01   3.10227323e+00   6.37466431e+01   1.27398186e+02
   1.21155197e+02   1.01329584e+03   4.23556274e+02   5.15888062e+01
   3.81212463e+02   1.47112866e+03   8.50715485e+01   1.15616638e+03
   1.84874557e+02   1.36164719e+02   2.83244922e+03   2.87227745e+01
   3.99114819e+03   5.13440186e+03   4.20672803e+03   1.34216629e+02
   0.00000000e+00   9.89766312e+01   3.69332825e+02   1.45318213e+03
   1.85237219e+03   4.23369102e+01   4.07001636e+03   4.06567444e+02
   2.22455730e+01   6.70026855e+01   7.53051514e+02   5.87533140e+00
   5.37128357e+02   1.50544531e+03   3.94716614e+02   1.09943688e+00
   6.18315186e+02   9.16952229e+00   3.01836562e+00   5.92708313e+02
   1.94568176e+03   7.00214529e+00   7.57488394e+00   7.58056836e+03
   8.55883598e+00   1.34959305e+02   9.49528351e+01   6.70487747e+01
   4.39189014e+03   0.00000000e+00   7.53088428e+03   2.92213707e+01
   1.31998301e+01   2.14535034e+02   5.90358215e+02   1.27984253e+03
   7.81335983e+01   8.44057556e+02   1.68805832e+02   6.25248535e+02
   0.00000000e+00   0.00000000e+00   2.87014587e+02   7.46488647e+01
   1.26656128e+02   9.72669601e+01   1.00406696e+03   9.57666870e+02
   8.97142601e+00   7.35457382e+01   3.64100757e+03   4.18045044e+00
   8.52249801e-01   2.86084180e+03   2.18113892e+02   2.78983045e+00
   5.39581348e+03   1.46558624e+02   8.61318817e+01   1.77189875e+00
   7.89625549e+02   4.24849884e+02   5.73237646e+03   6.48954086e+01
   2.26537207e+03   2.16788055e+02   4.32524567e+01   5.93917725e+02
   3.61351099e+03   1.63773022e+03   7.15173101e+00   1.74178529e+00
   5.29254297e+03   4.13795752e+03   9.26391113e+03   3.99573792e+02
   4.01842737e+00   5.23174072e+02   4.81186401e+02   2.39970074e+01
   3.21227336e+00   9.33106613e+01   9.43010254e+01   1.17483801e+03
   1.95542810e+03   1.91355270e+02   5.55708374e+02   1.20763433e+00
   2.23370528e+00   2.52945703e+03   1.80734039e+02   4.44125244e+03
   2.07024727e+01   1.68170258e+02   3.12070808e+01   8.79965127e-01
   5.22605896e+00   3.27841980e+02   2.10916996e+01   6.93867207e+00
   7.59692383e+01   4.56704254e+01   3.42068726e+02   1.52522058e+01
   6.58421875e+02   7.13047104e+01   3.11741241e+02   2.88649902e+03
   2.29410181e+03   1.84221387e+03   1.59390332e+03   6.99432969e-01
   1.78872314e+02   1.06927344e+03   2.38073218e+03   8.88396072e+01
   5.94580345e+01   4.09712646e+03   3.40501556e+01   5.37310266e+00
   6.15395361e+03   6.20273056e+01   1.68011267e+03   4.76851320e+00
   2.70741553e+03   8.26739685e+02   1.11322769e+02   1.34706314e+02
   8.21668701e+01   8.46709633e+00   1.73468445e+02   2.00114246e+03
   1.77101562e+03   7.19374657e+00   8.13864670e+01   1.01412254e+02
   6.20823250e+01   6.76591492e+01   6.13256494e+03   1.50768864e+00
   6.44625916e+02   1.89687756e+03   0.00000000e+00   5.31201355e+02
   1.09343018e+03   8.51676953e+03   2.50092667e+02   2.17441040e+02
   6.48614990e+02   1.05181274e+02   2.65087555e+02   8.25110531e+00
   1.76929428e+02   1.32546722e+02   9.00495300e+01   9.33533249e+01
   2.41663086e+03   3.82324219e+01   6.82764795e+03   1.13554657e+02
   6.82887024e+02   3.57004890e+01   1.46724427e+00   1.31015961e+02
   7.95227737e+01   3.73925476e+02   2.49856873e+02   2.68822815e+02
   3.97777075e+03   5.65545349e+02   1.01959602e+02   4.35029736e+03
   4.50367480e+03   1.31087372e+02   8.17353821e+02   2.41683521e+01
   1.42847504e+02   9.77199219e+03   1.42613083e+02   1.45642920e+03
   1.14146889e+02   6.18119621e+00   7.20958185e+00   1.99230105e-01
   7.94100159e+02   4.25965186e+03   2.04837451e+03   2.53341162e+03
   1.96775818e+02   3.08650856e+01   3.37512421e+02   0.00000000e+00
   8.37787933e+01   2.87163696e+01   3.42583344e+02   3.21937183e+03
   1.33610120e+03   9.63362976e+02   1.06897627e+04   1.67371769e+01
   2.72246674e+02   3.22061792e+03   7.94756699e+01   3.63083099e+02
   3.43718774e+03   6.43563461e+00   5.72476685e+02   1.65588898e+02
   5.70186996e+01   1.86587410e+01   7.97522125e+01   1.12663002e+02
   1.41552933e+02   2.29609909e+02   8.12512970e+01   1.01715326e+00
   3.75051842e+01   9.19534073e+01   7.00780201e+00   1.08524817e+03
   1.04069668e+04   1.48091638e+03   8.57413101e+01   1.02574097e+03
   9.81294043e+03   4.52518036e+02   1.92229163e+03   6.65796661e+00
   7.57432922e+02   1.71834900e+02   6.51977310e+01   0.00000000e+00
   1.95542139e+03   1.01220355e+03   7.30672760e+01   6.66583203e+03
   9.61725098e+03   9.48336426e+02   1.28573060e+00   9.43347397e+01
   2.87446575e+01   6.02590881e+02   4.02234993e+01   7.21835632e+02
   2.15939423e+02   4.94410706e+00   2.44036064e+01   2.15565510e+01
   1.63054611e+02   1.50853809e+03   9.94254303e+01   1.55766577e+03
   1.01045410e+02   1.51943803e+00   2.53762493e+01   7.93991064e+03
   2.11261177e+00   1.32909058e+02   7.28739624e+02   1.49129968e+03
   0.00000000e+00   0.00000000e+00   9.63530762e+02   1.46403336e+02
   9.89052868e+00   1.18656848e+03   1.07866418e+03   5.24460938e+03
   2.41386304e+03   6.13253365e+01   3.56395386e+02   4.48727100e+03
   1.77828018e+02   0.00000000e+00   2.55302612e+02   5.92419678e+03
   1.97443756e+02   1.82222870e+02   1.80733643e+02   4.50487646e+03]
[  8.56334595e+02   2.44569492e+01   5.35610497e-01   8.21342087e+00
   1.67901878e+01   2.12197900e+03   3.41662636e+01   1.52922836e+02
   2.56887078e+00   8.90241333e+02   2.10526943e+01   1.05197311e+02
   5.68035461e+02   1.97639917e+03   4.89198883e+02   0.00000000e+00
   3.20119553e+01   8.37259216e+02   2.45615768e+02   1.02272725e+00
   2.01237831e+01   1.95882487e+00   2.61579987e+02   1.25872327e+03
   9.15824890e-01   3.25578547e+00   5.51337063e-01   8.02037125e+01
   3.27572899e+01   1.39348969e+02   4.01112595e+01   2.28161430e+00
   1.05289001e+02   2.94138622e+01   3.07055029e+03   2.02160327e+03
   1.66743374e+01   2.06617920e+03   3.22573051e+01   8.05866547e+01
   1.23303676e+00   8.37671356e+01   2.85696754e+01   5.55679512e+01
   2.77576427e+01   1.80579544e+02   5.02479675e+02   6.09238565e-01
   9.07917328e+01   5.76617775e+01   1.38953992e+03   0.00000000e+00
   4.79816780e+01   4.98989487e+01   0.00000000e+00   7.26315613e+01
   8.32875347e+00   8.80014801e+00   1.61018570e+02   2.40855591e+02
   2.26770096e+01   6.95738297e+01   1.02550163e+01   1.52569561e+01
   1.63056889e+01   3.26901321e+01   2.29605988e+02   6.97390747e+00
   1.07791691e+01   7.18032150e+01   1.25573158e+01   2.15323682e+03
   4.62739525e+01   1.43870693e+04   1.93616150e+03   1.05425949e+01
   7.92037048e+01   9.82826805e+00   6.35278130e+01   1.12049351e+01
   2.04254570e+01   4.55010490e+01   9.66545010e+00   1.28773661e+01
   8.73508301e+01   7.16146708e-01   1.42350293e+03   2.09289379e+01
   1.46614456e+02   6.41876602e+01   6.60802765e+01   5.35679359e+01
   2.07755203e+01   4.95517792e+02   3.42015656e+02   1.18340477e+02
   4.62739487e+01   7.36518250e+01   1.26378693e+02   5.87272377e+01
   4.63968366e-01   5.31468086e+01   5.90193253e+01   4.61976738e+01
   3.18480945e+00   3.34428482e+01   4.46595764e+00   2.33623755e+03
   1.94386082e+01   2.85950512e-01   6.32079102e+02   8.40506363e+00
   3.43672142e+01   1.90075058e+02   0.00000000e+00   3.36868018e-01
   1.83332195e+01   5.47249374e+01   2.82313477e+03   6.45660460e-01
   2.94577454e+02   8.20529270e+00   2.39643621e+00   5.60456085e+00
   4.33195925e+00   1.63655098e+04   2.56581903e+00   2.12466259e+01
   1.61969153e+03   1.59490448e+02   5.03438072e+01   2.52045746e+02
   2.82277008e+02   1.71963215e+01   3.50473682e+03   5.51780415e+00
   5.48663425e+00   8.82020760e+00   2.66227856e+03   7.89523849e+01
   7.25856628e+01   1.53596021e+03   4.08507919e+00   1.23259607e+03
   3.05900707e+01   1.15869690e+02   1.63569126e+01   2.92858917e+02
   5.88583252e+02   3.20712471e+01   2.19635181e+01   4.90361145e+02
   2.11554337e+01   9.02785187e+01   1.19930444e+03   6.48316422e+01
   5.72850342e+01   0.00000000e+00   2.12346802e+01   2.22895728e+03
   6.47713086e+03   3.81579248e+03   3.47418141e+00   3.34807014e+01
   8.04411011e+01   1.38870193e+02   5.46188164e+01   6.36529541e+01
   1.71856117e+01   3.60583725e+01   1.68080917e+02   2.97969556e+00
   1.54792321e+00   1.11109583e+03   8.77433300e+00   4.48918381e+01
   2.97542191e+01   3.35991554e+01   7.94608078e+01   1.34528894e+03
   5.80038269e+02   4.10466843e+01   1.18207678e+03   2.70279388e+02
   8.12613449e+01   5.28370705e+01   8.04257989e-01   3.17271481e+01
   1.34953857e+02   1.36073883e+02   9.58104782e+01   7.82257855e-01
   6.28966992e+03   9.11441498e+01   9.00298581e-02   4.13890076e+01
   3.35519104e+01   6.30142517e+01   9.26588440e+01   2.10910156e+03
   5.34252052e+01   2.49382925e+00   1.62845178e+03   4.37546234e+01
   2.40370989e+00   3.26033859e+01   1.99808691e+03   1.32950182e+01
   7.43668671e+01   4.09709686e+02   8.61399078e+01   3.08257437e+00
   3.93641998e+02   2.67613163e+01   1.52143188e+02   2.42514145e+02
   0.00000000e+00   1.55800369e+02   2.60697339e+03   4.70731964e+02
   0.00000000e+00   2.27028370e+01   4.81893349e+01   5.06178703e+01
   1.99906143e+02   1.46855078e+03   1.19620232e+02   5.66125031e+01
   9.43176866e-01   1.34823181e+02   3.04600105e+01   1.82854041e+03
   6.11887085e+02   1.54159595e+03   0.00000000e+00   1.91677257e-01
   1.44068634e+02   3.00349170e+03   3.22097339e+03   4.84612389e+01
   2.95851269e+01   7.48523941e+01   4.44027824e+01   0.00000000e+00
   9.17399883e+00   3.27804834e-01   1.61374927e+03   2.04092070e-01
   2.24203629e+02   3.89318352e+01   1.55379150e+03   1.49716682e+01
   3.81727028e+01   1.30853601e+03   1.04338464e+03   1.58860006e+01
   1.33122147e+02   6.36299782e+01   2.22618750e+03   1.86451660e+02
   6.82354202e+01   1.81523819e+01   6.02211243e+02   7.59214096e+01
   4.23604240e+01   0.00000000e+00   3.58202545e+02   3.45315094e+01
   1.03290781e-01   6.88455505e+01   3.18536108e+03   6.33993835e+02
   2.85246944e+01   1.42285419e+00   1.13351006e+02   4.21228561e+01
   4.78470825e+02   7.22575836e+01   1.89651299e+01   1.56398420e+01
   9.86612061e+02   1.68336227e+02   1.45668655e+02   2.39623682e+03
   8.67245331e+01   5.04191628e+01   4.60827303e+00   5.24653435e+01
   1.56743301e+02   6.90378036e+01   1.75890955e+03   7.51122589e+01
   6.21841125e+01   3.39278641e+01   3.75249100e+01   3.89126038e+02
   2.12679520e+01   1.14459863e+03   6.38177338e+01   5.13091504e+03
   2.49154648e+02   1.41964798e+01   3.09235083e+03   3.74819885e+02
   3.21231232e+02   2.88462402e+02   2.14316330e+01   5.35995911e+02
   3.55392570e+01   1.00752541e+02   9.01637912e-01   4.05727577e+01
   4.01603661e+01   4.20064240e+01   2.80782324e+03   3.02340508e+01
   2.87521411e+03   0.00000000e+00   9.91792847e+02   1.52412643e+02
   2.58288849e+02   5.37994537e+01   8.45762482e+01   2.23995850e+02
   1.27505211e+02   1.17061760e+02   5.86373425e+00   8.47037506e+01
   2.24667740e+01   4.33220329e+01   7.27174729e-02   1.14186230e+01
   0.00000000e+00   2.73852142e+02   1.21542625e+01   4.64920288e+02
   3.39210653e+00   1.14146645e+02   4.63906746e+01   5.22331482e+02
   1.50625412e+02   0.00000000e+00   1.32033600e+02   6.00452423e+01
   0.00000000e+00   1.10930977e+01   1.01309250e+02   1.52274389e+01
   1.20031233e+01   2.98590164e+01   4.31318779e+01   4.44184303e+00
   4.69229817e-02   1.51696671e+02   1.49923429e+01   6.21215869e+03
   6.58086319e+01   6.19056969e+01   7.25972672e+01   2.38522396e+01
   5.57382059e+00   1.96550705e+02   4.96462936e+01   7.61821136e+01
   1.07146753e+03   1.50079594e+01   3.03002090e+01   1.26475203e+00
   1.50211121e+02   4.57317619e+01   0.00000000e+00   5.35844360e+02
   5.38467903e+01   0.00000000e+00   4.57271881e+01   1.04959078e+01
   2.96468579e+03   3.07002974e+00   2.90640125e+01   2.70940437e+01
   6.85601501e+01   2.91030396e+03   1.70386926e+03   0.00000000e+00
   3.99262238e+02   1.32041870e+02   3.56489944e+01   1.71146107e+00
   3.74502373e+01   0.00000000e+00   2.32277441e+03   4.36596336e+01
   1.22376579e+02   2.10136322e+02   2.03603674e+03   1.02683081e+03
   3.62530884e+02   8.10798187e+01   7.44038696e+01   2.13546753e+03
   9.12639542e+01   4.44088669e+01   1.11298342e+01   1.70154488e+00
   2.45305023e+02   1.91995581e+03   3.59036903e+01   7.68410797e+01
   1.35129776e+02   1.74193237e+02   1.01342700e+03   1.38383276e+03
   1.17606840e+01   6.39864319e+02   6.54812500e+02   1.82616770e-01
   8.73991623e+01   6.57048845e+00   1.69863635e+03   7.47870178e+01
   8.83933777e+02   5.12565117e+01   7.25385132e+01   8.08033943e+00
   3.65217705e+01   1.49309644e+03   4.85486786e+02   4.97288666e+01
   1.38299600e+04   3.24778320e+02   1.28259827e+02   1.29165277e+01
   2.15073654e+02   1.22383472e+03   6.67642288e+01   2.40289038e+03
   1.65071301e+03   1.58640762e+02   3.10742741e+01   4.18637466e+01
   2.34931970e+00   1.00748663e+03   2.00914017e+02   9.50302582e+01
   8.90428543e+01   8.01076965e+01   0.00000000e+00   1.16927765e+02
   3.23359337e+01   2.23356800e+01   1.22903042e+01   3.68837204e+01
   1.80134273e+00   2.73521240e+02   1.36205139e+02   4.56041895e+03
   6.10222359e+01   3.80627734e+03   2.15394592e+02   6.53915939e+01
   9.40656815e+01   7.01013672e+02   3.61847420e+01   3.86534348e+01
   9.75090515e+02   1.98001385e+01   2.30819995e+03   1.87808395e+02
   2.55958271e+01   5.09680901e+01   5.92165298e+01   1.58528992e+02
   1.16653711e+03   2.49285352e+03   8.54555435e+01   1.88455750e+03
   1.05593741e+00   3.32781255e-01   1.13775225e+01   7.06456184e-01
   6.14311142e+01   3.23404617e+01   1.82852356e+03   0.00000000e+00
   2.32189850e+02   3.57267532e+01   4.66514435e+01   2.24656177e+03
   2.63813519e+00   6.10683076e-02   4.50804863e+01   1.03866875e+02
   2.47388439e+01   1.62126025e+03   1.06902344e+03   1.78828333e+03
   1.55171997e+03   3.93200562e+02   1.05888374e+02   3.97457123e+01
   2.67489771e+03   2.62516117e+01   1.52440233e+01   1.81090601e+03
   5.87513428e+01   2.28389999e+02   1.89943180e+01   2.74681335e+02
   1.98668091e+03   6.52728088e+02   1.85853979e+03   3.74645495e+00]
