bicycle
bus
car
motorbike
person
[ 10631943.      9482991.     63882216.     13663792.     69418672.
   8564696.     18735082.      5547803.5    28286638.      7166593.5
  18639814.     36754840.     12456664.     14456657.      8830938.
   8209210.      8584819.      5494253.     75374208.     18621252.
   5176087.      8781636.     11407762.     37090936.      2626421.75
  11428029.      7534992.      7277491.      4984822.5    22727740.
  41330116.     12510904.     72714712.      1715927.125  19889348.
   4153005.5    21080938.      4325525.     10164579.      2516357.75
   9132629.      6466778.     25935288.     81687744.     12947476.
  43224232.      7903060.      8373635.      1508495.5    54446912.
  23003678.     14421250.     23637422.     20355032.     17897226.
  25639902.     44300264.      5505945.5    21181730.      5387115.5
   7374538.5     4643047.     31348924.      1192880.75 ]
[  2.77846200e+07   1.87702540e+07   2.31359260e+07   9.16275703e+04
   1.17408350e+07   7.10612050e+06   1.16992790e+07   3.91895142e+03
   8.26650100e+06   9.81091600e+06   3.74932160e+07   4.49654760e+07
   2.91593223e+04   8.47440062e+05   3.40027360e+07   2.45100920e+07
   3.07200200e+06   3.85530800e+07   2.21282520e+07   1.26652330e+07
   1.36754344e+05   5.21589000e+07   4.59690469e+05   5.35423240e+07
   1.65343531e+05   5.60716360e+07   3.12457475e+06   1.08595075e+06
   2.97953040e+07   1.82122129e+04   1.15538260e+07   1.41447100e+04
   7.16294938e+05   1.35352960e+07   8.31129100e+06   4.53733300e+06
   2.08049688e+05   4.53242400e+06   1.45798430e+07   1.19847210e+07
   2.45462850e+06   6.44935600e+06   2.14283325e+06   1.57156480e+07
   4.09532960e+07   1.41153060e+07   5.20472500e+04   3.08122180e+07
   2.08064120e+07   1.52692038e+06   4.53572160e+07   1.22741230e+07
   5.14862800e+07   1.24545300e+07   5.27683750e+05   1.23108460e+07
   2.72110940e+07   5.49323520e+07   4.29795500e+06   2.46092460e+07
   1.58215550e+07   2.96351953e+03   2.63800360e+07   5.43636080e+07]
[  1.73941038e+06   1.06417500e+07   1.50012016e+05   2.76707125e+05
   3.08441543e+04   2.96477168e+04   1.76499984e+05   6.52238400e+06
   2.85001602e+04   1.99265712e+06   4.18260300e+06   1.68101750e+06
   6.68559938e+05   1.10725700e+06   3.48427227e+04   7.73762969e+04
   1.21769462e+06   2.29662312e+05   2.53028547e+05   9.77100600e+06
   5.98248500e+05   2.29176318e+03   7.77579500e+06   1.29655260e+07
   6.11081200e+06   0.00000000e+00   3.45725812e+05   6.87500700e+06
   2.75422000e+05   3.39277400e+06   1.66309121e+04   1.76298880e+07
   7.68499375e+05   3.00709925e+06   1.63162075e+06   3.24780725e+06
   4.10301781e+05   1.93533680e+07   3.38621575e+06   2.38945996e+04
   4.51605750e+06   8.12074200e+06   2.29133900e+06   1.09630500e+07
   4.80103650e+06   2.33270516e+05   8.43211800e+06   4.71080430e+04
   8.38670688e+05   3.27843406e+05   9.44153812e+05   4.11677773e+04
   2.73368950e+06   7.14712562e+05   1.69821280e+07   8.43282100e+06
   2.74237850e+06   3.98630859e+04   7.36051094e+04   5.89120562e+05
   4.01233525e+06   1.32981330e+07   6.79275400e+06   2.35231675e+06
   1.56314150e+07   1.94322288e+06   1.03024880e+07   3.58030850e+06
   2.72425875e+05   7.58010500e+05   7.04039200e+06   1.02210990e+07
   9.00486375e+05   1.29485498e+04   0.00000000e+00   1.57246938e+06
   7.45919688e+04   4.71103250e+06   6.73617200e+06   3.52682719e+05
   2.22257637e+04   9.19818800e+06   5.29904300e+06   7.42438330e+03
   3.05294800e+06   1.12406530e+07   6.86760550e+06   8.69760078e+04
   3.23403775e+06   5.92130812e+05   6.91737150e+06   7.93239750e+06
   1.02548500e+06   6.69203300e+06   2.07403859e+05   1.01107590e+07
   7.83301953e+03   3.84197675e+06   1.17712462e+06   1.33869094e+05
   2.56180175e+06   8.51176000e+05   4.19320188e+05   1.07826088e+06
   1.86229629e+04   9.14062562e+05   1.68082227e+04   3.69666594e+05
   5.05407600e+06   2.08512578e+05   4.64440859e+04   5.75043450e+06
   6.25398188e+05   1.19095410e+07   3.76757925e+06   4.15098900e+06
   4.33158950e+06   4.96915656e+05   1.96672800e+06   9.63228000e+05
   6.36808800e+06   7.50164900e+06   2.09455781e+05   1.01394640e+07
   1.02367806e+06   1.88680801e+04   2.13972440e+07   4.63969336e+03]
[  3.90170125e+06   3.93407300e+06   3.36905188e+05   0.00000000e+00
   9.47419531e+03   3.61341075e+06   4.02786062e+05   1.21774200e+06
   1.57671830e+07   2.69006700e+06   1.37680630e+07   1.13250860e+07
   3.73738825e+06   5.39578812e+05   1.36779639e+04   1.29344925e+06
   3.35479425e+06   2.40512575e+06   3.08987650e+06   1.52011660e+04
   6.79929200e+06   2.29388650e+06   3.77316150e+06   4.54675312e+04
   2.08425088e+06   1.21686031e+05   8.08130812e+05   4.08277250e+06
   2.58271922e+05   3.20826075e+06   1.73817703e+05   1.43826320e+07
   5.44097050e+06   8.91000438e+05   2.66215500e+06   2.67484000e+06
   6.10544100e+06   1.37796960e+07   1.08789227e+05   1.93022324e+04
   3.20711925e+06   5.76772812e+04   1.68877324e+04   5.79719062e+05
   1.33802450e+06   6.89726600e+06   1.01315160e+07   5.41783650e+06
   1.67515938e+06   1.06882680e+07   4.95555800e+06   4.40207200e+06
   1.02716020e+07   1.23405900e+06   2.07430031e+05   6.96091172e+04
   4.77730600e+06   1.68714594e+05   2.91717926e+02   6.01223700e+06
   2.27770575e+06   1.03957260e+07   5.38718450e+06   1.77153262e+06
   2.86049531e+05   1.16828650e+07   1.95090453e+05   2.68412600e+06
   4.75681900e+06   1.25237800e+07   3.30121150e+06   1.48816170e+07
   5.30375850e+06   1.08855950e+07   1.61733110e+07   1.28205049e+04
   3.04712575e+06   4.66491600e+06   1.38721500e+07   5.98358400e+06
   5.37014750e+06   1.66699062e+04   7.42214450e+06   2.98612050e+06
   4.42373203e+04   7.19291800e+06   1.64482328e+05   6.40136100e+06
   2.14015059e+04   5.72410938e+05   4.18592148e+04   1.00280050e+07
   5.31076812e+05   8.86173400e+06   1.89283625e+06   2.36020150e+06
   3.04145812e+05   6.67810550e+06   5.80251250e+05   1.51944650e+07
   4.81104727e+04   1.66865141e+05   1.70769520e+07   2.83666895e+03
   9.51070391e+04   1.37570810e+07   2.90825175e+06   9.67497600e+06
   6.84516550e+06   1.06537690e+07   4.35296777e+03   3.49374375e+06
   3.02554469e+05   2.32212540e+07   8.08628900e+06   7.83227188e+05
   1.17726238e+06   2.46698125e+06   2.00512363e+04   8.26343203e+04
   1.53232380e+07   1.24267625e+06   1.63542480e+04   7.66334900e+06
   2.44191025e+06   2.63297550e+06   1.71502560e+07   9.68094100e+06]
[  1.17488869e+02   1.69804395e+04   1.40400275e+06   1.98501621e+04
   2.94278778e+02   1.16791577e+03   2.66256592e+03   0.00000000e+00
   1.74490562e+06   2.18046895e+04   3.15569336e+03   1.25432637e+04
   9.29154205e+00   4.24445391e+04   6.21216289e+04   2.21656484e+04
   8.98520469e+04   1.63145675e+06   3.38189478e+03   6.71720703e+04
   9.54940857e+02   6.70278564e+03   9.08264438e+05   9.91398535e+03
   4.19781562e+04   3.88897278e+02   1.86871262e+06   0.00000000e+00
   4.52725928e+03   2.68509336e+04   8.78908386e+02   1.96887405e+02
   4.58479424e+01   3.32477125e+05   5.24849336e+04   1.76737562e+06
   1.86988762e+06   7.47061133e+03   1.32406995e+03   2.80429565e+03
   1.73279863e+04   6.97470825e+02   2.68895508e+03   6.55313500e+05
   1.09064844e+04   1.54676807e+03   1.08856067e+03   2.15821259e+02
   6.17511680e+04   3.05810742e+04   1.16849424e+04   2.84933807e+02
   1.60225362e+06   9.26260250e+05   1.07296257e+01   2.07532207e+04
   6.44078375e+05   1.52642388e+06   2.08001367e+03   6.48014975e+00
   5.19154570e+04   1.69271094e+04   9.08681562e+05   8.62164297e+04
   6.56642761e+01   6.35703125e+03   3.08114038e+03   2.75774438e+03
   3.92412866e+03   1.25116266e+05   2.08090138e+06   1.78477212e+06
   2.48777199e+00   2.46163574e+04   1.01212305e+03   5.98256409e+02
   8.23208887e+03   2.62764969e+05   4.23763250e+05   1.03860852e+05
   2.73607000e+05   2.59121899e+03   1.91717188e+04   1.10936340e+03
   2.87333825e+06   2.42867025e+06   2.40534812e+05   1.95892975e+06
   9.62554688e+04   2.72290466e+02   4.03227148e+03   3.56725547e+04
   2.40950938e+05   8.94124512e+03   4.45049715e+00   4.08821118e+03
   9.83196387e+03   1.47295475e+06   8.77068652e+03   3.52076367e+04
   1.38571738e+04   7.52559521e+03   1.13857850e+06   5.27051211e+04
   1.34333960e+03   5.79156104e+03   3.09434985e+03   2.86310498e+03
   3.62234222e+02   1.51839125e+05   7.17035250e+05   1.22107627e+04
   1.25821762e+02   1.65136504e+04   3.24783594e+04   6.60395850e+03
   4.80579472e+00   3.50882695e+04   4.47039990e+03   2.88956575e+06
   2.48084570e+04   4.63099640e+02   1.38588506e+04   1.08892383e+03
   2.06169116e+03   1.47448762e+06   7.06762146e+02   0.00000000e+00
   4.17104281e+05   1.91305742e+04   3.30371826e+03   2.00294121e+04
   1.71395684e+04   2.15113975e+06   1.70868958e+02   1.23952354e+04
   2.97149650e+06   1.00664106e+06   1.11919189e+04   6.24453878e+00
   2.20608301e+04   9.74908691e+02   1.72076270e+04   1.07591400e+06
   5.49313965e+02   1.78662988e+06   3.74617285e+03   1.48400330e+03
   1.97108109e+05   4.54464691e+02   2.85791553e+03   8.54618848e+03
   9.34568672e+04   5.54813555e+04   1.07566638e+06   3.08821191e+03
   1.82660371e+04   6.16407875e+05   5.25426000e+05   2.83743438e+05
   4.73203027e+03   6.82958203e+04   1.54838438e+06   1.14262637e+04
   2.50716387e+04   2.85171450e+06   1.93791962e+06   1.60317516e+05
   6.01249102e+04   1.76681075e+06   1.68301588e+06   1.46669836e+03
   1.13294307e+04   2.83294125e+05   2.59001465e+04   7.50428857e+03
   1.91632962e+06   1.03789160e+04   2.83499150e+06   8.46223516e+04
   4.55592531e+05   8.29926641e+04   2.79914875e+05   4.59377383e+04
   1.96880527e+04   1.03350586e+04   4.96890430e+04   5.23237109e+04
   1.19148612e+06   6.33975879e+03   1.14798281e+04   1.29146388e+06
   0.00000000e+00   6.58596625e+05   8.93385220e+00   1.41169825e+06
   4.51189502e+03   2.77684344e+05   1.70212575e+06   1.00918581e+06
   3.98955078e+02   1.28445025e+06   9.19882562e+05   3.81194141e+03
   3.90800977e+04   7.43682861e+02   2.32239697e+03   4.52677100e+03
   5.78661572e+03   4.11825406e+05   6.60393875e+05   1.82736488e+06
   5.48928027e+03   2.51782188e+04   2.04571724e+01   2.31479961e+04
   3.09222974e+03   1.32347562e+06   3.15342793e+04   1.65162732e+03
   3.21478223e+03   3.24323022e+03   8.53968018e+02   1.27919414e+05
   5.61973938e+05   0.00000000e+00   6.12649048e+02   1.57051312e+05
   2.49092041e+02   7.71239562e+05   3.71273828e+04   4.68546944e+01
   9.88585625e+05   2.34336890e+03   1.66031838e+06   2.13497086e+02
   4.97873340e+03   3.28739297e+04   1.15206688e+06   1.04880103e+03
   7.44976000e+05   1.25976538e+06   4.25007324e+03   1.27977014e+03
   5.18935156e+04   1.14729727e+04   4.76325293e+03   4.06687817e+03
   7.22970801e+03   9.41360938e+05   1.12097822e+04   4.03028992e+02
   3.66215942e+03   1.10807045e+02   3.83307935e+03   9.64979062e+05]
[  2.05975175e+06   1.64113066e+04   1.33003320e+03   1.27096265e+03
   2.09306288e+06   1.90152075e+06   1.50874391e+05   1.25355811e+03
   1.81747246e+04   3.42369434e+03   1.14183325e+03   8.48258008e+03
   7.84712598e+03   2.33651621e+04   6.11225732e+03   2.92867139e+03
   7.08338394e+01   3.37662292e+02   1.52057025e+06   5.97197344e+04
   0.00000000e+00   4.15251984e+02   3.77932312e+02   7.57727562e+05
   1.22696838e+01   6.59228320e+03   0.00000000e+00   7.82494500e+05
   2.64553359e+04   1.85659122e+01   2.43145918e+04   1.22662148e+04
   9.06836621e+03   4.03039141e+04   3.62771436e+03   3.14596348e+04
   1.74520254e+04   3.87343964e+02   5.03122559e+03   5.19831896e-01
   1.21558586e+05   2.73685059e+04   5.07526367e+03   3.76227295e+03
   5.36680811e+03   8.03727686e+03   5.87782188e+05   3.75964453e+04
   1.00516680e+05   1.46613419e+02   1.30925732e+04   8.77319946e+02
   1.53534351e+03   4.76588867e+03   2.46488109e+05   2.80103875e+05
   5.63692344e+04   7.72204766e+04   7.76317109e+04   1.95387244e+03
   3.06127686e+03   5.69379414e+04   3.31092415e+01   2.47981918e+02
   2.85937381e+00   6.60789922e+04   1.37748859e+05   2.80800171e+02
   5.59970215e+02   1.46886729e+04   8.84967125e+05   8.75912842e+02
   2.36731953e+04   7.76223047e+03   2.60215820e+04   1.14495516e+05
   1.07650195e+05   1.93352090e+04   3.87983906e+04   8.06221188e+05
   9.52260056e+01   1.53391777e+04   2.93803453e+00   2.24479590e+04
   1.98252490e+03   9.49153906e+03   1.01420807e+03   1.38832637e+04
   9.83254492e+03   1.36790869e+04   1.86645566e+04   6.16352344e+03
   3.99698164e+04   9.91558875e+05   1.13339441e+03   1.57314625e+01
   3.16440531e+05   4.34220276e+01   2.03076504e+04   6.02324844e+04
   1.91456836e+03   1.71725371e+04   4.46875969e+05   1.72249508e+01
   1.05260107e+03   3.15479199e+04   3.92321797e+04   5.82629766e+04
   7.35702422e+04   1.41419988e+06   4.87049658e+03   9.59085562e+05
   6.48204803e+01   2.01507007e+03   2.25083813e+03   9.62182910e+03
   1.64607532e+03   1.20714473e+04   5.19949688e+04   4.49065625e+04
   4.03808228e+03   3.54604950e+02   5.39192236e+03   4.89661000e+05
   9.13638123e+02   3.77193207e+02   1.77733078e+01   1.76897383e+04
   3.25259094e+02   1.81961238e+06   4.41307891e+04   9.12675781e+02
   2.80333667e+03   1.67487525e+06   3.46400513e+03   1.85996953e+04
   2.49167988e+04   6.20610250e+05   9.12710815e+02   4.21540213e+00
   0.00000000e+00   6.38652734e+03   8.25510254e+03   1.37789277e+04
   0.00000000e+00   4.43396973e+03   3.96954285e+02   0.00000000e+00
   0.00000000e+00   1.23061621e+03   1.43366928e+02   2.34734204e+03
   1.10303950e+06   2.56624812e+05   1.73585114e+02   3.68625281e+05
   7.47260498e+02   1.73671780e+01   6.16917148e+04   1.10115050e+06
   3.67804443e+03   4.21959668e+03   2.88865796e+03   2.30355954e+00
   1.52355125e+05   0.00000000e+00   5.52904188e+05   2.68665918e+03
   1.92365125e+05   1.68730250e+06   1.39269272e+02   1.75919628e+01
   9.90498926e+03   1.78870891e+05   9.91127312e+05   5.33431934e+03
   2.31361060e+03   2.03150427e+03   1.29991357e+04   0.00000000e+00
   3.91468359e+03   6.57518799e+03   1.26593117e+02   1.17799668e+04
   1.09524975e+01   1.51027747e+03   7.61775625e+04   1.09551475e+04
   4.04813037e+03   9.54777756e+01   3.32613375e+05   1.49535010e+03
   1.00090904e+02   1.38722324e+04   4.27122617e+04   4.10068750e+03
   4.00372930e+04   1.06019922e+04   7.29555875e+05   2.58234955e+02
   1.09876472e+02   0.00000000e+00   9.53964938e+05   1.85998496e+04
   2.17845273e+04   1.50487961e+02   1.42564482e+04   1.14428300e+06
   8.05770469e+04   7.94967750e+05   5.84068179e-01   1.06958582e+03
   1.01693906e+04   2.73712363e+04   1.04245740e+03   1.53882016e+05
   3.66001812e+05   2.84976416e+03   6.66034912e+03   4.81973779e+03
   7.26582812e+03   1.68029766e+04   2.31138477e+03   1.63348218e+03
   3.71482773e+01   3.10700996e+04   1.80544984e+05   3.26196426e+04
   8.05395813e+02   6.53980026e+01   9.99561920e+01   4.87099268e+03
   1.34204297e+05   3.66850757e+03   1.31167112e+06   3.43203369e+03
   7.81096191e+03   7.28907125e+05   5.32455540e+00   1.28529549e+01
   3.44739136e+03   5.54312938e+05   2.63026752e+01   0.00000000e+00
   5.80743469e+02   2.92277966e+01   5.26086914e+03   8.70510840e+03
   9.28221938e+05   4.27461781e+05   1.48319014e+04   2.74632422e+04
   5.29946582e+03   8.71784750e+05   7.01232373e+03   8.64448984e+04]
[  1.00885273e+05   1.72481133e+04   5.25510559e+02   4.50219513e+02
   3.68207688e+05   4.36800732e+03   7.42233281e+04   1.21963684e+03
   3.26563782e+02   5.83180875e+05   1.19221992e+04   2.44996699e+04
   5.84295605e+03   2.23833618e+03   1.86767224e+03   4.14307281e+02
   3.51850891e+01   3.09480054e+03   5.03162193e+00   1.42515710e+03
   8.12420859e+04   1.69837047e+05   1.92218242e+04   1.61890078e+04
   7.19170776e+02   6.42130322e+03   3.96105542e+03   1.62167844e+05
   1.68098184e+04   6.63298812e+05   6.60436768e+02   1.01304199e+04
   3.52801289e+04   8.75368516e+04   2.19084521e+03   2.89868301e+04
   3.44338094e+05   1.47177512e+06   6.12573303e+02   1.71130888e+06
   2.96282013e+02   3.70857031e+03   9.34274609e+03   6.83101094e+04
   5.22469844e+04   7.35178955e+03   1.44806885e+03   1.49894121e+04
   5.56737070e+04   3.28535645e+03   9.96798984e+04   1.19633700e+06
   8.06881226e+02   1.25795181e+02   7.18194580e+02   3.20977563e+03
   9.32729980e+03   1.70070906e+05   3.29921953e-02   1.33080693e+04
   2.59833350e+03   4.21648242e+04   3.92324048e+03   1.18654883e+04
   1.29888115e+04   1.39133760e+04   7.42208740e+03   6.11875049e+03
   1.16660680e+05   5.69007500e+04   1.81874375e+04   2.01511877e+03
   1.43551062e+05   1.73609609e+04   6.01362750e+05   2.54576547e+05
   1.95223344e+05   3.35083750e+04   8.18521973e+03   8.51061218e+02
   9.99378052e+02   3.43671692e+02   4.73045273e+04   4.58606049e+02
   5.13919570e+04   3.59791351e+02   4.55464688e+04   1.88557434e+02
   6.16253471e+01   1.44320569e+03   3.71048157e+02   6.02992615e+02
   9.07909082e+03   1.17385669e+03   1.14662711e+05   1.11544910e+03
   1.52941849e+02   4.15457750e+05   4.00875625e+05   7.69312266e+04
   2.17832375e+05   3.07210156e+04   6.97851074e+02   9.81512878e+02
   4.02076055e+04   9.91093945e+03   7.05132125e+05   4.47565352e+04
   1.16071204e+03   2.31803735e+03   2.17279297e+04   2.97933960e+03
   1.98612109e+04   3.42226880e+03   9.91874207e+02   7.07622656e+04
   2.22478467e+03   1.49233516e+05   2.75616387e+04   6.76741328e+04
   3.49231339e+01   8.85239375e+05   4.90297266e+04   2.79282125e+05
   4.60459844e+04   2.85906714e+03   2.92338223e+04   1.28069580e+02
   1.07901196e+03   3.53713959e+02   1.92429443e+03   2.54420156e+04
   1.22345186e+04   5.14383887e+03   5.91187070e+04   5.31919580e+03
   9.50044727e+03   7.58630938e+04   1.07443076e+04   9.32604736e+02
   1.53995636e+02   3.05894512e+04   1.02189807e+03   7.26034219e+04
   6.86568652e+03   1.33002012e+04   4.19297188e+04   8.12889938e+01
   7.49050625e+04   4.95883447e+03   1.17917822e+04   4.01894375e+04
   8.90466553e+02   2.44419875e+05   1.16422379e+02   2.58176489e+03
   5.56208398e+04   1.75384805e+04   3.16334000e+05   8.53676697e+02
   1.46883887e+03   1.08151416e+03   8.72422070e+03   1.30378601e+03
   5.66813379e+03   1.66070195e+04   2.92530000e+04   1.21724211e+05
   1.38727112e+03   1.13240127e+04   2.53547882e+02   8.56407910e+03
   4.11307422e+03   4.11101123e+03   4.64305664e+04   3.13939404e+03
   3.54282383e+04   2.75938525e+03   5.76750508e+04   4.98123203e+04
   8.25603394e+02   4.55635547e+04   1.39577910e+04   9.66097656e+03
   1.03986023e+05   4.90917084e+02   1.30013445e+05   5.95624329e+02
   3.76881958e+03   5.17539812e+05   4.07275156e+04   1.82834924e+03
   3.67919220e+02   6.22262305e+04   8.24835739e+01   5.74582471e+03
   2.92367031e+04   1.67628691e+04   2.10496270e+04   1.83891109e+05
   9.42278516e+03   3.62685455e+02   3.22702344e+04   1.74882281e+05
   1.99681969e+05   1.77117249e+03   4.04408398e+04   1.05238574e+04
   3.03366969e+05   1.51730595e+01   7.88960986e+03   3.87611255e+03
   2.60645352e+04   1.29582344e+04   9.50772344e+04   3.19258327e+01
   1.30524385e+04   3.98502070e+04   7.81585571e+02   1.67120859e+05
   1.36646006e+04   5.07844287e+03   3.04857593e+03   5.89535693e+03
   7.02784297e+04   0.00000000e+00   8.25187969e+00   2.05825039e+04
   1.48000916e+03   1.86187578e+04   1.75820449e+04   4.25644219e+04
   1.24439355e+03   3.50463789e+04   1.33570125e+06   7.43318701e+03
   1.80651599e+03   5.99791992e+03   1.26941238e+06   3.39738281e+03
   4.21672998e+03   1.26234993e+02   1.45544421e+03   6.22068726e+02
   4.26262695e+04   4.60124281e+05   6.48120499e+01   6.47015991e+01
   9.66524297e+04   2.52473945e+04   6.02483571e-01   4.31185469e+04
   1.19305469e+04   1.21186462e+03   1.05598389e+02   3.52940210e+03]
[  8.82347900e+02   9.43847852e+03   5.03753281e+04   5.26894609e+04
   1.13163538e+03   7.91410078e+04   1.27155664e+03   1.44209924e+03
   3.10135620e+02   2.41687126e+01   6.98678516e+04   1.30423789e+04
   2.50693555e+03   5.06313428e+03   5.64275537e+03   7.72363892e+02
   1.06602891e+04   1.96331914e+04   1.79603047e+04   4.20636621e+03
   2.96581665e+02   1.28004578e+05   4.19287500e+03   2.78717834e+02
   5.16884062e+04   1.17932881e+04   6.07917070e+04   2.42398242e+03
   7.93208438e+04   3.32957930e+04   1.43584004e+04   1.31387188e+05
   8.33558691e+03   2.35802090e+04   4.38774531e+04   7.79702109e+04
   8.59113047e+04   3.30778516e+03   3.73445831e+02   1.90038750e+04
   1.54806309e+01   9.66518828e+04   5.85057383e+04   2.77766230e+04
   2.44280823e+02   4.00033276e+03   1.57174736e+04   1.80649609e+04
   1.04976816e+01   1.97053672e+04   8.95247422e+04   2.58920190e+03
   1.78741241e+00   1.78708965e+04   5.57164062e+03   1.57554697e+04
   4.42858391e+01   7.00917529e+03   6.02317139e+02   1.02972241e+03
   7.16095312e+03   1.21602977e+05   3.93153125e+04   2.79530811e+03
   1.30494365e+04   1.20290566e+04   1.64734180e+03   1.06149925e+02
   1.02316104e+04   1.23321924e+03   5.31705195e+04   2.02650330e+03
   9.59905156e+04   5.73121582e+02   1.08853016e+01   3.55365509e+02
   3.65390900e+02   1.14785862e+01   1.27975594e+05   6.10735000e+04
   1.71370804e+02   9.91039746e+03   6.10997148e+04   1.18741523e+05
   1.82724341e+03   1.22412002e+00   4.08235742e+03   4.87891693e+02
   9.47759219e+04   1.15704297e+05   4.84110791e+03   1.75523254e+02
   7.53068125e+04   3.60272305e+04   9.20837344e+04   2.88775000e+04
   1.35311455e+04   5.90213867e+02   6.05581016e+04   6.22141367e+04
   4.08649463e+03   4.35239746e+02   1.64379750e+05   4.22945508e+03
   2.54932031e+04   4.50201484e+04   1.18654785e+03   8.21842656e+04
   7.56805312e+04   1.22545264e+03   8.02859570e+03   9.49419373e+02
   7.67193018e+03   5.60793447e+00   5.54281067e+02   2.35807148e+04
   0.00000000e+00   4.29865742e+04   5.41350594e+01   1.64683301e+04
   5.05190430e+02   1.02947242e+05   2.43165781e+04   2.15364453e+03
   3.77280908e+03   5.48177812e+04   4.36130176e+03   1.47951406e+04
   5.48882148e+04   5.78981348e+03   8.79419983e+02   8.55436035e+03
   1.90850449e+04   4.51714141e+04   3.48829141e+04   1.43397202e+02
   6.03482080e+03   0.00000000e+00   3.08515747e+02   2.07301426e+01
   5.38035156e+04   1.47808350e+02   2.95001152e+04   2.55540276e+01
   2.26485156e+03   6.19617432e+03   1.39378760e+03   6.17256689e+03
   2.84657074e+02   9.72215039e+03   1.17953953e+05   6.92608105e+03
   1.56952197e+03   2.71817896e+03   3.04166901e+02   0.00000000e+00
   1.20654305e+02   5.80554260e+02   6.46399170e+02   9.37151641e+04
   7.95008154e+03   1.72088086e+03   1.89306660e+04   1.06629772e+01
   2.93222090e+04   4.63987915e+02   7.47405547e+04   7.96545349e+02
   1.04874766e+05   6.81765156e+04   4.08194489e+02   6.64386914e+03
   2.86724551e+04   8.94725708e+02   6.31131016e+04   7.86703594e+04
   2.62239023e+04   3.09783813e+03   5.72529932e+03   4.51257568e+03
   3.45612773e+04   4.42967560e+02   4.48907578e+04   1.89156660e+04
   2.44422363e+03   5.69270117e+04   1.26630344e+05   7.31073828e+03
   2.34111328e+03   1.69295300e+03   1.49848547e+03   2.07205293e+04
   1.51647900e+04   1.25734883e+05   1.20845266e+05   3.88479297e+04
   4.19649453e+04   1.76227656e+04   2.45814688e+04   1.30828699e+03
   8.68350078e+04   1.81090820e+04   5.19070557e+02   8.31715703e+04
   1.29658570e+05   1.61223129e+02   6.49906445e+04   7.76119844e+04
   4.12219048e+01   4.28367767e+01   1.59050891e+03   1.39493195e+02
   8.84993820e+01   6.07568054e+02   5.59069609e+04   4.68661670e+03
   2.52921973e+03   3.33108438e+04   4.99002109e+04   2.01873672e+04
   1.67126328e+04   9.77622500e+04   3.15031403e+02   7.13217688e+00
   3.86094609e+04   2.48456885e+03   1.31965344e+03   3.57647753e+00
   1.77778503e+02   2.65369507e+03   1.53396713e+02   8.61457825e+01
   4.59370938e+04   3.72464727e+04   9.70964297e+04   1.31201038e+03
   4.85914258e+04   1.67713403e+03   7.64050781e+03   5.66122412e+03
   1.10809463e+04   1.79545762e+04   5.52526025e+03   4.21512500e+04
   7.24671875e+02   1.38826438e+05   8.26828613e+03   1.58346893e+02
   5.34794385e+03   3.14211270e+04   1.89002266e+04   9.47627344e+04
   7.89631641e+03   1.62376703e+05   1.22786396e+04   3.08587637e+04
   6.72233672e+04   7.98598389e+02   2.76058167e+02   5.39813047e+04
   5.58125938e+04   1.08614578e+02   1.51408057e+04   2.79568579e+03
   1.74174404e+01   1.51417812e+04   1.66746338e+03   1.38152562e+05
   7.65265859e+04   6.16925049e+02   2.65810642e+01   3.50405548e+02
   7.48969971e+03   2.93449536e+03   9.88147188e+04   3.40364648e+04
   7.27630138e+00   6.15339737e+01   8.60636094e+04   8.25662402e+03
   1.19546347e+01   4.78823914e+02   2.75861426e+04   9.41085312e+04
   1.35913953e+03   4.89052490e+03   1.36703987e+01   7.30205017e+02
   2.84524780e+03   9.30202148e+03   1.04588594e+04   1.55605098e+04
   8.53589844e+04   4.49852812e+04   2.02925742e+04   1.17221887e+03
   2.14059311e+02   5.74428711e+02   1.74231367e+04   7.73315938e+04
   1.96845798e+01   1.58678540e+03   2.58750898e+04   3.42937836e+02
   1.13492590e+03   4.98981953e+04   3.51125562e+03   4.30342621e+02
   7.40935234e+04   6.07247925e+02   1.03231926e+02   1.57083896e+04
   1.74567688e+02   1.05887842e+03   8.84555312e+04   3.85331289e+04
   3.20748230e+02   6.94855547e+04   1.44232705e+04   4.72373389e+03
   2.93232513e+02   1.88067949e+04   1.28484734e+05   1.52171387e+03
   8.46689297e+04   7.12671484e+04   1.50828750e+05   4.48381719e+04
   1.99527910e+04   1.07441565e+03   7.04274375e+04   1.03104570e+04
   7.84946719e+04   4.94615112e+02   1.80845276e+03   4.10103633e+04
   8.28775757e+02   3.96779766e+04   3.81707764e+03   3.38936016e+04
   8.84889375e+04   9.27488770e+02   3.20089355e+04   1.07853325e+02
   9.14712463e+02   2.08711777e+04   1.75585410e+04   7.54966187e+02
   4.82348975e+03   1.06515210e+03   3.06711562e+04   4.54058655e+02
   1.52180371e+03   2.85781230e+04   4.28200244e+03   1.60276306e+03
   8.27824844e+04   1.48911853e+03   5.55073555e+04   2.22191309e+04
   5.30849453e+04   2.03271074e+04   3.15009430e+02   4.08512939e+02
   3.11505566e+03   1.17227209e+03   8.92524844e+04   4.40048828e+03
   5.83442656e+04   2.97078125e+03   4.98594287e+03   1.04586646e+03
   1.40116357e+04   3.68410547e+03   7.94602344e+04   6.13232812e+03
   1.61540491e+03   2.80838989e+03   2.95069153e+02   2.45092545e+02
   2.25415664e+04   1.54649160e+04   2.79462616e+02   4.25915195e+04
   1.29001587e+03   2.92556543e+03   1.37808521e+03   1.21612998e+04
   1.16947046e+03   1.97764893e+02   1.77748450e+03   3.28103455e+02
   9.12037988e+03   6.66353613e+03   2.61436875e+04   6.12286094e+04
   1.18901836e+04   3.36798364e+03   1.87511316e+03   8.50758850e+02
   9.57556381e+01   5.32177539e+03   7.28339922e+04   5.89768203e+04
   5.44812305e+04   7.23833887e+03   5.59054199e+03   1.12680473e+02
   6.88174200e+00   5.85320320e+01   3.04380371e+04   1.29876680e+04
   9.36182617e+03   2.51179367e+02   3.05444043e+04   1.27636357e+04
   8.33799622e+02   1.75848945e+04   3.87947734e+04   5.43840332e+03
   3.92032178e+03   1.08908047e+04   2.80412817e+03   9.07460625e+04
   6.83966797e+04   1.51383311e+04   3.74131953e+04   8.92558228e+02
   9.29627969e+04   1.42674158e+03   1.09646472e+03   7.62374170e+03
   6.01483320e+04   4.02178555e+04   2.88803066e+04   1.55129211e+03
   3.68821594e+02   6.53254272e+02   2.55380352e+04   8.77252246e+03
   2.34228086e+04   3.96933252e+03   2.01370430e+04   2.35137653e+01
   0.00000000e+00   3.44805273e+04   2.21590134e+02   5.05604883e+03
   3.38224341e+03   5.36173203e+04   1.51068079e+03   1.07006477e+05
   1.07882100e+04   0.00000000e+00   3.65283960e+03   2.73410091e+01
   1.19808679e+03   9.13095605e+03   5.49851723e+01   2.22294995e+03
   7.08026733e+02   7.78188770e+03   1.46611862e+02   6.79761133e+03
   4.20761172e+04   6.22328789e+04   1.80845496e+03   3.68028755e+01
   7.75874512e+02   5.94305469e+03   3.23371391e+01   2.61142120e+02
   1.01057803e+04   3.65140991e+02   1.91103650e+03   1.22725195e+03
   8.66256836e+03   3.52747168e+03   1.74618926e+04   0.00000000e+00
   1.95424042e+02   1.89783484e+03   7.06314062e+04   4.17382812e+04
   2.88207832e+04   9.11842194e+01   2.75593945e+03   3.00776625e+00
   1.51835752e+04   2.12673706e+03   1.32327328e+05   1.14415039e+03
   2.22613594e+04   8.41198547e+02   1.58834143e+03   3.22994287e+03
   3.10050781e+03   1.08374352e+05   1.94234338e+03   2.98725586e+04
   5.67996582e+03   1.13314911e+02   3.02591953e+01   1.48178291e+04
   1.36710596e+04   5.65406328e+04   3.12735107e+03   1.23726913e+02
   3.28320156e+04   1.19225342e+03   5.06437286e+02   1.48238656e+05]
[  2.78756982e+03   6.34386182e+03   1.62353467e+03   1.58370667e+02
   2.83802910e+04   2.35121465e+00   5.90835664e+04   4.57017852e+04
   8.48947422e+04   1.97355255e+02   6.52369690e+02   5.25511182e+03
   1.57346222e+02   8.46652422e+04   7.84274170e+03   5.45781822e+01
   1.00180713e+03   3.78403101e+03   1.85026697e+03   5.21458252e+03
   3.60764185e+03   4.43380127e+03   2.09310547e+03   8.46780777e+01
   6.46100235e+01   7.41045020e+03   1.36872302e+03   2.32795918e+04
   3.48186987e+03   8.41803650e+02   2.80654510e+02   8.57891846e+01
   5.77971631e+03   4.70371532e+00   2.16547379e+02   1.85406519e+03
   2.50119482e+03   5.37701530e+01   1.01505752e+04   2.77243408e+02
   1.06702627e+04   1.09480195e+04   8.11536865e+01   4.09876328e+04
   2.56712183e+03   6.53907349e+02   5.29248389e+03   9.33370605e+02
   4.34183319e+02   1.09576672e+03   1.06741455e+03   0.00000000e+00
   0.00000000e+00   2.25975625e+04   1.34132727e+03   7.84017456e+02
   9.58135938e+03   6.01031128e+02   3.24333679e+02   5.88520527e+00
   0.00000000e+00   2.82706177e+02   2.63229370e+02   1.08927356e+03
   2.31390045e+02   1.89992996e+02   5.20129785e+03   3.23313379e+03
   7.50042578e+04   2.47684540e+02   1.06253729e+01   6.70121719e+04
   5.94879866e+00   2.54390674e+03   3.18974023e+03   1.19251587e+03
   0.00000000e+00   6.60338184e+03   1.04433105e+03   1.52790771e+02
   2.43388452e+03   1.11768875e+05   3.53065898e+04   1.25727617e+04
   2.57406689e+03   4.69424973e+01   2.53386250e+04   1.07480847e+03
   1.34657495e+03   8.88451050e+02   1.56615127e+04   4.37920947e+03
   2.96010254e+03   6.71186924e+00   2.31709717e+03   3.90152130e+01
   1.67843079e+02   2.04055020e+04   1.32844912e+04   7.48310938e+03
   1.46335852e+03   3.97148145e+03   1.83425293e+03   6.64223623e+00
   2.72902588e+02   1.41833618e+03   8.15104883e+03   1.35064974e+01
   6.94528516e+04   6.33877578e+04   2.21922852e+03   7.69960815e+02
   7.76596375e+02   4.70577783e+03   5.92587500e+04   2.23406909e+03
   8.93502014e+02   1.96667993e+03   6.02295952e+01   4.47666626e+02
   3.77213593e+02   1.00538018e+04   2.12452832e+03   2.14849520e+00
   4.59671367e+04   1.08749219e+03   2.26028369e+03   1.99141083e+02
   1.99122009e+02   3.46990977e+04   4.41265831e+01   2.43515967e+03
   5.58190979e+02   1.52491006e+04   1.29723584e+04   7.65619850e+00
   1.78237335e+02   1.18541664e+02   1.43411094e+04   2.78913808e+00
   6.48491592e+01   5.43554199e+02   2.21025176e+04   1.00288795e+02
   1.05637363e+04   8.01031543e+03   9.63824902e+03   4.39768438e+04
   1.43755432e+03   1.31818127e+03   1.00052984e+05   2.57027051e+03
   2.93250469e+04   4.15609192e+02   1.68494110e+02   7.22246641e+04
   1.95015312e+04   2.20247754e+04   2.55134863e+03   4.77832471e+03
   9.90067383e+03   2.53918579e+03   2.88495636e+00   4.15963226e+02
   5.25602148e+04   1.76950745e+03   8.78209141e+04   5.50031799e+02
   3.43598926e+03   3.06856973e+04   2.31059692e+03   4.29799512e+03
   7.04473828e+04   2.15266387e+04   7.85298996e+01   2.02268884e+03
   1.70726208e+03   8.95690234e+03   7.52942017e+02   1.14043408e+03
   7.88850312e+04   1.14731470e+03   8.26164734e+02   0.00000000e+00
   8.81591992e+03   6.49627422e+04   1.79374909e+00   1.10569971e+03
   8.01319397e+02   6.50779961e+04   3.86052582e+02   9.13729919e+02
   1.92550247e+02   4.52613555e+04   7.07398633e+03   5.80554639e+03
   7.19288208e+02   2.34020586e+04   1.01694922e+03   7.65834609e+04
   4.27242656e+04   1.80633270e+02   3.84430923e+01   9.89417236e+02
   1.37200420e+04   7.19775696e+02   5.85039246e+02   2.96262305e+03
   7.74970856e+01   5.25491406e+03   1.82638538e+03   3.31517883e+02
   8.97747461e+03   5.84628174e+03   3.19519512e+04   8.21532812e+04
   2.72793691e+04   2.32832474e+02   1.50286804e+02   3.91860391e+04
   8.09907275e+03   2.93790646e+01   2.25553784e+03   9.34591446e+01
   6.65567920e+03   3.28562813e+01   4.18093066e+03   4.31497578e+04
   2.22621094e+03   2.98063452e+03   7.34224844e+04   4.58532074e+02
   5.56915665e+01   3.19005410e+04   2.36728001e+01   1.34205562e+05
   7.60881250e+04   8.90876562e+03   1.58083313e+02   1.59717926e+02
   2.24029297e+03   1.16324648e+04   2.54070776e+03   3.00655908e+03
   6.30258496e+03   6.59157275e+03   0.00000000e+00   8.88900469e+04
   9.23914566e+01   1.61447647e+02   1.64131396e+03   1.18170261e+01
   1.26195117e+04   6.35190277e+01   2.95500031e+01   6.32052734e+02
   1.88019958e+02   2.79937280e+03   7.14828711e+03   1.39911152e+04
   1.50181531e+03   1.05607751e+03   1.76129041e+03   1.35705237e+03
   5.50248535e+02   1.48212822e+04   3.70721069e+02   3.13205918e+04
   5.04153271e+03   5.03597412e+03   4.31649017e+02   8.04766052e+02
   3.29125952e+03   1.99679451e+01   9.78681946e+00   4.27853851e+01
   1.60386787e+04   0.00000000e+00   2.15888818e+03   1.38827100e+04
   2.34441187e+03   1.64379089e+02   2.27734023e+04   0.00000000e+00
   2.15747299e+01   5.16509521e+03   1.72867095e+00   3.80068516e+04
   7.13701782e+02   6.35481201e+02   1.18803658e+02   3.55009717e+03
   8.44860625e+04   1.34855898e+04   7.91773047e+03   6.52999316e+03
   6.45189883e+04   6.55777832e+02   9.49100708e+02   1.08740369e+03
   5.94946365e+01   1.47710168e+03   2.25378340e+04   1.23874426e+00
   1.14561465e+04   2.15357168e+04   1.55144409e+03   1.01533133e+05
   9.20198746e+01   2.65158417e+02   4.88529892e+01   3.67859961e+03
   1.36467910e+04   1.58450729e+02   6.35206848e+02   2.09856079e+02
   7.48776328e+04   2.27716331e+01   1.33265961e+02   1.87700272e+02
   8.77243359e+03   1.56523262e+04   2.28776445e+04   1.29328613e+04
   9.63541250e+04   4.59676575e+02   2.83106641e+03   1.84963379e+04
   7.98679138e+02   1.52400484e+01   7.95150938e+04   2.12224648e+04
   2.19659256e+02   3.19884106e+03   2.97154082e+04   2.05185938e+03
   6.13542652e+00   4.95873193e+03   3.58200287e+02   5.52089722e+02
   2.52673203e+04   8.36335742e+03   2.39121289e+03   4.20966680e+04
   4.36038055e+01   2.90894067e+03   1.32889783e+03   3.51992383e+04
   8.07729141e+04   3.91734131e+02   3.15522339e+03   4.48489648e+03
   1.73729028e+03   4.29799561e+03   9.70289844e+04   4.10644492e+04
   2.54086230e+03   6.50786499e+02   3.15397095e+03   6.63846283e+01
   7.21071240e+03   1.61474255e+03   2.05833626e+00   1.84929810e+02
   2.49169609e+04   4.39769922e+04   9.38735291e+02   1.18415771e+04
   1.74319168e+02   3.50563125e+04   1.37477369e+01   5.66006445e+03
   2.84771436e+03   9.80954219e+04   1.12747656e+03   2.89231079e+03
   3.23798401e+02   9.57527039e+02   2.07173657e+03   1.37290449e+04
   2.12702891e+04   2.83215527e+03   4.81812668e+01   1.88130457e+03
   5.08875519e+02   1.92064004e+04   5.82947070e+04   3.50860718e+03
   8.07790078e+04   1.50854065e+03   3.58567162e+01   1.67729454e+01
   1.10641494e+04   1.42567480e+04   1.89554675e+03   1.15867842e+04
   2.69267871e+03   2.83302593e+01   1.85275131e+02   5.93912720e+02
   2.66773621e+02   3.18446167e+03   1.46040762e+04   1.88967246e+04
   1.99829443e+03   1.74871635e+01   6.04927500e+04   6.92389587e+02
   7.59081006e+03   2.59083481e+01   4.04069897e+03   4.51635712e+02
   8.77281543e+03   7.51080566e+03   5.71601486e+01   0.00000000e+00
   1.91730331e+02   1.73162598e+03   7.93572607e+03   1.67730759e+02
   8.62995544e+02   1.31784558e+03   6.58515771e+03   4.80643506e+03
   9.85154297e+03   2.31797402e+04   3.66129059e+02   5.76147413e+00
   4.03029126e+03   7.72032623e+01   3.86000098e+03   3.35210000e+04
   1.58360537e+04   3.71717621e+02   8.42163147e+02   5.81702734e+03
   1.84694470e+03   9.70162842e+02   8.98549766e+04   1.99375000e+04
   5.98612744e+03   5.79569458e+02   3.65507959e+03   2.83284253e+03
   2.64118710e+01   1.12556592e+03   3.39383325e+03   4.95326416e+02
   3.47696381e+02   8.64717163e+02   0.00000000e+00   3.33305084e+02
   1.16764460e+01   0.00000000e+00   3.11235508e+04   1.80240214e+00
   0.00000000e+00   6.03992676e+02   0.00000000e+00   8.17504089e+02
   5.09247168e+03   1.55062158e+03   1.80986660e+04   5.34239197e+02
   8.09496641e+04   3.37103008e+04   1.53683728e+03   3.01512280e+03
   2.07541473e+02   4.93573867e+04   4.78950508e+04   4.47853180e+02
   5.36863281e+02   1.00929031e+02   2.08143555e+03   8.38952930e+03
   2.90179883e+03   1.78334732e+02   1.00031238e+03   0.00000000e+00
   1.04248682e+04   6.24635791e+03   1.12148291e+03   8.17372375e+02
   5.12072449e+02   3.96398102e+02   7.22426797e+04   6.43814564e+00
   1.00695886e+03   3.29808319e+02   7.88639844e+04   8.70997754e+03
   4.64439056e+02   6.75439575e+02   1.01688919e+01   1.49436191e+04
   7.28061218e+02   5.90296211e+01   3.78174286e+02   4.31686084e+03
   1.16846021e+03   2.23590894e+03   3.20409515e+02   5.13346985e+02
   9.10451111e+02   1.12405727e+05   1.33219864e+02   4.10478577e+02
   0.00000000e+00   1.26636396e+04   6.27805371e+03   6.21875098e+03]
[  1.09112167e+02   1.20080586e+04   1.05967078e+03   3.07321533e+03
   1.19959167e+03   3.46948672e+04   2.47422562e+02   1.35924102e+04
   7.02038477e+03   4.74084492e+04   2.08112305e+03   1.44243484e+02
   4.55032373e+03   3.72129062e+04   3.59154419e+03   5.96916870e+02
   3.55562183e+03   3.45533911e+03   7.43521172e+04   5.24976135e+02
   4.24855614e+00   6.28870801e+03   2.16053802e+02   1.04294751e+03
   1.51200176e+04   3.07062149e+01   2.59793242e+04   3.01312466e+01
   1.16532654e+03   3.66517676e+03   2.40549243e+03   4.18087109e+03
   7.44887451e+03   0.00000000e+00   3.00721191e+03   1.85010422e+02
   1.29705017e+03   6.95924688e+04   2.50901508e+00   7.89256104e+03
   5.51878076e+03   2.27910385e+02   5.65577221e+00   1.92994095e+02
   1.77179961e+04   4.99984497e+02   8.56330469e+03   8.09299072e+03
   8.57351135e+02   7.58794022e+01   9.07883423e+02   1.29620276e+03
   2.77476013e+02   1.22214580e+04   1.45482207e+04   2.85063574e+04
   8.18676575e+02   1.31108838e+04   4.66363335e+01   2.87075391e+03
   1.99939087e+03   8.25344849e+02   9.60962830e+02   1.36644135e+02
   4.58247314e+03   8.01808167e+02   1.42862259e+02   2.57588074e+02
   3.33621704e+02   5.94399309e+00   7.48957031e+02   1.06440283e+04
   2.89000742e+04   1.93431458e+02   2.90517637e+04   6.03586502e+01
   1.80093277e+02   1.82870773e+02   8.74166077e+02   2.10171719e+04
   1.02814697e+03   4.84779844e+04   3.24207441e+04   1.41857305e+04
   8.20232422e+04   1.18359962e+02   1.82332874e+03   1.06207119e+04
   6.69111865e+03   2.81958145e+04   9.50531578e+00   5.52868018e+03
   8.14826599e+02   1.54198984e+04   2.01419238e+03   1.05903223e+04
   2.43734648e+04   1.16746879e+00   1.04774580e+04   3.22685522e+03
   8.62128525e+01   3.03055835e+03   6.38546371e+01   3.94077563e+03
   1.70433313e-01   5.23681602e+01   1.09671667e+03   4.35877930e+04
   5.32849693e+00   2.11457305e+04   4.79942841e+02   6.77384219e+04
   1.21768574e+04   4.32447968e+01   1.65349712e+01   8.15546509e+02
   6.96618347e+02   3.20719707e+04   3.63199280e+02   5.49467850e+01
   2.19842005e+00   8.25413879e+02   5.07806445e+03   3.21501740e+02
   9.41692200e+02   9.57836816e+03   4.34331604e+02   9.12209702e+00
   9.29462646e+02   1.95511658e+02   2.85742012e+04   1.00062952e+03
   7.12886200e+01   4.63796484e+03   8.58692932e+02   1.05440781e+04
   3.65488008e+04   1.88882828e-01   5.05879700e+02   1.13392174e+02
   7.08247423e-01   1.26692406e+02   3.58867493e+02   5.52610168e+02
   4.57747765e+01   8.60807129e+03   3.90354834e+03   7.94598937e-01
   1.22893762e+03   6.57205391e+04   1.81455124e+02   2.16929126e+03
   1.11304236e+03   3.67069214e+03   6.35459106e+02   1.65567891e+04
   6.38172493e+01   6.92367310e+02   4.94446259e+02   7.13590430e+03
   2.48969543e+02   3.25811981e+02   3.19785950e+02   4.60120201e+01
   4.54075000e+04   9.92574978e+00   1.10309288e+02   6.41910742e+03
   8.18615674e+03   3.12962520e+04   1.01581669e+01   1.13610046e+02
   6.07728564e+03   6.56140991e+02   1.44777496e+02   1.75551562e+03
   5.12288047e+04   8.40107361e+02   4.80844570e+04   6.08760791e+03
   4.74225625e+04   3.52761445e+04   6.35190105e+00   3.42288257e+03
   2.12289014e+03   1.91100991e+00   6.38001025e+03   5.04266650e+03
   2.03656063e+01   5.45664673e+02   6.81125916e+02   4.20081421e+02
   2.58999707e+03   5.41461572e+03   9.45472656e+02   1.59246113e+04
   2.13610913e+03   8.71622986e+02   5.37175903e+02   4.71646582e+03
   6.26045068e+03   1.25381006e+03   7.87125549e+02   2.93672979e-02
   3.04269800e+03   1.91711945e+02   2.44588965e+03   1.73546680e+03
   6.20818262e+03   6.57171641e+04   1.01895157e+02   8.08342712e+02
   2.60597681e+03   2.22683813e+03   8.31247635e+01   8.99385840e+03
   7.87276172e+04   3.48425827e+01   2.95279510e+02   7.01413330e+03
   1.70670781e+04   2.75361786e+02   1.12389877e+02   1.90888037e+03
   5.16206848e+02   4.05291939e+01   4.42468414e+02   6.35008202e+01
   7.01526184e+02   1.61715363e+02   1.60108841e+02   2.62825684e+02
   1.88545569e+03   4.21922493e+01   6.05004196e+01   4.93772888e+01
   4.63847931e+02   4.36675262e+02   1.46123450e+03   2.00091537e+02
   1.43823500e+01   1.02336929e+02   1.73090967e+03   3.83131289e+04
   3.61320703e+04   1.16130898e+04   6.33724709e+01   2.70582300e+03
   4.35531769e+01   4.00212860e+02   1.39254913e+02   1.03003807e+02
   8.76759375e+03   1.41422266e+03   7.97250032e+00   1.24907906e+02
   3.44955493e+03   1.18780193e+01   1.65570227e+03   1.25890228e+02
   7.26138550e+02   3.88126562e+03   7.29404236e+02   2.04465714e+01
   4.28108516e+04   2.90163306e+03   6.12867812e+04   2.20369214e+03
   4.03034131e+03   3.40743752e+01   1.26889709e+02   9.14055847e+02
   2.38186325e+02   2.54064693e+01   5.75091641e+04   2.10633026e+02
   2.09849512e+03   4.52114197e+02   5.44011084e+03   8.66685547e+03
   3.37288116e+02   2.43330231e+02   7.55536743e+02   9.06175156e+04
   1.19889917e+03   3.44991357e+03   1.33372305e+04   2.68243225e+02
   6.14120239e+02   7.18479492e+03   1.59502844e+03   2.31927881e+03
   9.11471387e+03   2.09092993e+03   5.45594177e+01   1.27769458e+03
   3.06499512e+03   1.35808801e+03   1.11987012e+04   2.17577610e+01
   9.99146271e+00   1.67811218e+03   9.88326465e+03   3.75430489e+01
   1.44524531e+04   6.59062031e+04   1.04581018e+03   2.31846802e+03
   3.39300342e+03   2.42318066e+03   9.57388878e+00   5.25718604e+03
   1.02548237e+01   7.96694238e+03   3.26285278e+03   2.94302637e+04
   7.09063904e+02   6.54436963e+03   6.09243591e+02   2.07055000e+04
   5.75933838e+03   2.99674727e+04   3.91878735e+03   2.61908652e+04
   1.36182343e+02   3.19980469e+02   7.68205078e+02   9.31942627e+02
   1.01605341e+03   6.05323303e+02   1.06584521e+04   5.96588965e+03
   7.02260876e+00   1.98768066e+03   3.84418671e+02   1.76330847e+03
   1.92215973e+02   1.28113633e+04   2.23534375e+03   4.03950625e+04
   4.78759492e+04   1.28999524e+03   2.18725693e+02   2.18244843e+02
   3.29498482e+01   3.54909515e+02   2.06465176e+04   6.00822937e+02
   1.30929160e+04   7.11432471e+03   5.53967236e+03   6.89900781e+04
   3.77055969e+02   2.77880713e+03   1.72772131e+03   1.41630295e+02
   2.29134199e+04   2.80362891e+03   2.70320449e+04   8.93400860e+00
   6.71702500e+04   3.62773407e+02   2.79856758e+04   3.86811938e+03
   1.12733691e+04   2.46914673e+02   6.59459915e+01   7.29101807e+03
   1.91927887e+02   3.99132324e+03   7.11816956e+02   3.07220923e+03
   2.04977890e+02   6.43165332e+03   6.52762451e+02   1.11164648e+05
   1.20564795e+04   1.62806396e+03   5.60947461e+03   2.31432593e+03
   1.72025085e+02   1.67761312e+05   5.28913281e+03   7.13347534e+02
   2.65366333e+02   4.14134229e+03   9.37570267e+01   4.76185369e+00
   1.35233044e+03   5.95112671e+02   6.16269531e+04   4.28344775e+03
   2.61629980e+03   5.30839023e+04   7.52435703e+04   3.67705963e+02
   8.87446823e+01   1.24137646e+04   3.46725098e+03   6.96748926e+03
   5.89564667e+01   2.76704355e+04   3.16249023e+03   3.73965942e+03
   3.48912811e+01   3.40981211e+04   2.37744614e+02   9.74296875e+02
   1.18103735e+03   3.40196240e+03   1.37545923e+03   1.69247305e+04
   1.05658965e+04   1.97229626e+03   1.88248206e+03   4.38807726e+00
   4.52436572e+03   4.51604309e+02   0.00000000e+00   3.18815186e+02
   4.91201172e+02   3.34650703e+04   5.96097754e+03   1.73251991e+01
   7.18196960e+02   1.41208076e+04   1.28281592e+03   6.94327879e+00
   1.90228430e+03   4.82083496e+03   4.96481602e+04   9.03350601e+01
   1.87316504e+04   2.93336884e+02   2.02305908e+02   2.06321930e+02
   1.50427582e+02   2.36335526e+01   1.93764766e+04   1.57975235e+01
   1.12368179e+02   1.41799408e+02   3.39566864e+02   6.28552139e-01
   2.26538086e+01   1.25852734e+04   5.54123535e+02   6.36473083e+02
   9.45749878e+02   4.06820195e+04   1.77962173e+02   6.06756470e+02
   2.86512177e+02   1.75764203e+05   3.51927656e+04   2.24136124e+01
   6.21278564e+03   5.18696387e+03   3.47904297e+04   1.02428799e+04
   3.32408203e+04   1.53057676e+04   9.98283398e+03   8.83433716e+02
   1.28307979e+04   7.68118555e+03   3.96027832e+02   1.73180817e+02
   8.06256775e+02   7.04158783e+01   5.07327979e+03   1.56835938e+04
   1.67772480e+04   1.61868750e+04   1.37916846e+03   2.94156494e+01
   4.77331879e+02   1.18407617e+03   1.16478027e+03   3.04729277e+04
   5.15291309e+03   7.80278397e+01   5.45366113e+03   1.10600571e+02
   5.89949379e+01   0.00000000e+00   8.62047363e+03   1.45042590e+03
   1.65284607e+03   5.63424902e+03   4.99880469e+04   2.50906328e+04
   6.05332129e+03   2.15952954e+03   3.20371887e+02   2.51890894e+03
   4.36438232e+03   1.05451645e+02   3.62653979e+03   3.39014038e+03
   1.37690420e+04   3.90568555e+04   8.99425602e+00   1.12718457e+03
   1.61152686e+04   1.51221670e+04   3.03286957e+02   2.52236328e+01
   8.49671326e+02   3.52664703e+02   2.24047146e+01   8.27157227e+03]
[  3.08050964e+02   3.77327418e+00   1.25524724e+00   5.26318066e+03
   2.31479279e+02   3.13638515e+01   1.47349894e+00   3.66347980e+00
   4.73159363e+02   1.15977798e+02   1.28864222e+01   3.39287262e+02
   1.84731274e+01   1.13978951e+02   1.15359068e+01   2.60110998e+00
   0.00000000e+00   3.37724121e+02   0.00000000e+00   0.00000000e+00
   4.72368683e+02   1.87450137e+04   5.19585645e+03   2.28473175e+02
   7.80327439e-01   0.00000000e+00   0.00000000e+00   9.29002380e+02
   1.29413620e+02   1.29635950e+03   6.22825830e+03   2.93728729e+02
   1.90745386e+03   1.39771561e+02   7.58315027e-01   2.51614722e+03
   3.19129086e+01   1.08000010e+04   2.97224756e+03   1.76068469e+03
   6.95466211e+03   6.83445892e+01   1.89507251e+03   1.17332825e+03
   1.09409208e+01   7.17281485e+00   2.57760010e+03   2.94927948e+02
   3.84505768e+01   5.68843422e+01   3.37966309e+01   2.00185425e+03
   2.33720139e-01   1.82225082e+02   2.07715012e+02   4.63252678e+01
   4.91433350e+03   4.13433197e+02   0.00000000e+00   1.51660126e+02
   2.29541031e+02   1.14282932e+01   1.91318333e+00   8.68427002e+02
   1.73412445e+02   1.52920435e+03   2.49281960e+01   4.73913044e-01
   3.34665680e+02   2.40602026e+03   5.35516602e+02   9.00412140e+01
   5.52515221e+01   1.32860764e+02   1.98435040e+01   6.44047546e+02
   6.67991018e+00   1.63588684e+03   9.89600372e+00   4.51412201e+01
   0.00000000e+00   6.33442383e+01   3.64908051e+02   2.12246094e+03
   7.27800674e+01   1.68742447e+01   2.64763222e+01   5.89608717e+00
   9.60434375e+03   2.10712372e+02   1.20352959e+04   1.76747955e+02
   1.59299160e+04   6.22315552e+02   0.00000000e+00   7.63433105e+02
   9.86602246e+03   2.87878399e+01   4.02604614e+03   1.53474457e+02
   2.26051343e+03   2.25600433e+02   1.65697899e+01   0.00000000e+00
   2.22403809e+03   1.43174451e+03   0.00000000e+00   1.54903458e+02
   1.08227692e+01   0.00000000e+00   4.86631203e+00   1.58077087e+02
   5.03792480e+03   4.44513086e+03   1.13693666e+01   3.56895685e-01
   2.54170923e+03   1.06286340e+03   1.87982082e+01   5.13184052e+01
   0.00000000e+00   8.40716476e+01   8.99062538e+00   1.16346302e+01
   1.22271757e+01   6.18905872e-02   5.20520630e+01   4.37290728e-01
   3.83288813e+00   2.30424536e+03   2.16706177e+03   8.18243958e+02
   0.00000000e+00   4.79840927e+01   4.34667725e+02   2.08950500e+02
   1.18863779e+04   6.32738037e+02   2.21927166e+01   1.21635620e+02
   4.52776758e+03   7.39255981e+01   8.11933670e+01   7.32752539e+03
   4.18765259e+01   6.88556552e-01   3.47911911e+01   0.00000000e+00
   2.32810974e+01   2.24936390e+00   0.00000000e+00   8.94191818e+01
   8.43737030e+01   2.81705403e+00   1.01162857e+02   1.28360195e+01
   4.77900024e+02   1.78969173e+01   9.16271019e+00   4.59960899e+01
   3.13923004e+02   4.03789597e+01   1.58192324e+04   1.87843164e+03
   2.48282642e+03   1.08250967e+04   0.00000000e+00   3.76826221e+03
   7.22788269e+02   6.54422461e+03   1.98011720e+00   3.21556885e+03
   3.74012642e+01   2.35221634e+02   9.70966625e+00   1.97394695e+01
   1.37269501e+02   2.46411285e+01   2.66054962e+02   0.00000000e+00
   7.38019180e+01   2.20371069e+03   0.00000000e+00   1.55875867e+03
   2.10947250e+02   6.47671240e+03   3.94100342e+01   1.42345352e+01
   4.18807373e+03   2.10032761e+02   2.45106621e+01   7.33350296e+01
   9.12112854e+02   1.74077866e+02   6.88955994e+02   2.05594482e+02
   1.09189278e+02   2.95713696e+03   3.48076562e+03   5.45927783e+03
   2.48788757e+01   1.43367617e+04   5.00039864e+01   2.54331150e+01
   3.03835297e+01   8.26918564e+01   1.39278442e+03   2.93607983e+03
   0.00000000e+00   2.59077808e+03   3.74580518e+03   9.64167725e+02
   0.00000000e+00   0.00000000e+00   1.43029251e+02   3.29892114e+03
   2.93830109e+02   1.13039200e+02   3.42962952e+01   6.98990662e+02
   4.53377342e+01   1.06876366e+02   2.23427307e+02   1.47465219e+01
   5.48577002e+03   8.80606250e+03   1.33296335e+00   7.54321747e+01
   1.02205601e+01   9.10400879e+02   6.40661774e+01   3.94885956e+02
   3.45266953e+01   8.91888489e+02   1.43642700e+03   1.14823280e+02
   9.91251526e+01   1.42795254e+04   8.59938622e-01   1.41970459e+03
   5.56920433e+00   1.79014824e+04   1.91904205e+02   1.27436474e-01
   4.84734103e-02   4.91124329e+02   9.91480078e+03   1.98936307e+00
   0.00000000e+00   2.95666885e+01   5.35219238e+03   1.10941305e+01
   3.05392971e+01   2.51127029e+02   9.06146698e+01   1.30608008e+03
   1.46825806e+03   2.60896454e+01   3.30291862e+01   1.08098262e+04
   6.44535599e+01   1.82632202e+02   0.00000000e+00   0.00000000e+00
   9.31898057e-02   5.61524820e+00   0.00000000e+00   1.48506116e+03
   8.91201416e+02   3.38467484e+01   7.33284664e+00   1.22763452e+03
   2.15580864e+01   1.39238701e+04   6.23847266e+03   4.56093597e+01
   7.60854590e+03   3.34025955e+01   3.99811020e+01   2.56415319e+00
   2.01288910e+01   6.77501526e+02   1.33711533e+04   2.99159302e+02
   2.33864212e+01   5.41445862e+02   1.53402417e+03   1.03999046e+02
   0.00000000e+00   2.81952548e+00   7.52561569e+01   1.90167908e+03
   1.91571765e+03   3.26203705e+02   0.00000000e+00   0.00000000e+00
   2.07157364e+02   2.58452911e+02   5.91987753e+00   5.01590776e+00
   6.29684937e+02   2.23580978e+02   1.01313174e+04   0.00000000e+00
   5.00244568e+02   0.00000000e+00   7.36797867e+01   4.78465050e-01
   9.66237500e+03   0.00000000e+00   9.10027441e+03   1.45927162e+01
   2.29828987e+01   0.00000000e+00   6.69943428e+00   7.12892090e+03
   2.49735303e+03   4.78165039e+03   3.11629791e+02   1.14957191e+02
   3.87132153e+03   1.60278412e+02   3.40442238e+01   1.80018555e+02
   6.87094574e+01   0.00000000e+00   2.66461124e+01   1.00642004e+01
   6.02751770e+02   9.43815079e+01   3.44898376e+01   5.51892822e+03
   6.97240372e+01   7.40239868e+02   4.89223419e+02   3.94597412e+03
   1.64056226e+03   2.66429785e+03   8.91042285e+03   7.49493713e+01
   2.27618701e+03   5.25554228e+00   5.87538033e+01   5.14263916e+00
   3.18051416e+03   3.11697888e+00   4.96439014e+03   9.12995911e+01
   5.71826599e+02   4.55217056e+01   2.31603165e+01   0.00000000e+00
   2.47295166e+03   4.38215103e+01   0.00000000e+00   7.00045166e+01
   7.01842529e+03   3.80292310e+03   5.41224414e+03   7.64291534e+01
   5.65931015e+01   1.22410321e+00   9.40044861e+01   2.91233063e+02
   3.09138947e+02   7.85115051e+01   0.00000000e+00   6.30500854e+02
   3.29334991e+02   0.00000000e+00   2.37355911e+02   4.26602588e+03
   7.22408628e+00   1.91062958e+02   7.48281384e+00   1.22336082e+02
   3.82363558e+00   2.92382755e+01   1.75712795e+01   2.15038528e+02
   8.58130112e+01   1.67654883e+04   1.50620785e+01   3.97125806e+03
   2.68717310e+03   1.29492737e+03   3.56474976e+03   1.00393227e+02
   3.37344556e+03   4.63898956e+02   5.74511108e+02   9.93954372e+00
   1.19697792e+02   0.00000000e+00   5.28256950e+01   2.22055111e+01
   0.00000000e+00   5.92671490e+00   1.18169205e+02   1.47080811e+02
   9.30823288e+01   1.09118176e+03   7.10096289e+03   6.41633654e+00
   8.69067078e+01   5.02698631e+01   1.95327011e+02   2.01686039e+01
   1.41750002e+01   1.10769385e+04   1.37869034e+01   4.21139870e+01
   9.48819637e+00   1.04003967e+03   5.16791748e+03   2.84055969e+02
   5.43866846e+03   9.67602158e+01   4.94447041e+00   4.83261013e+00
   1.87456426e+04   8.22423157e+02   2.14223434e+02   1.28090744e+01
   6.50091187e+02   2.40204391e+02   7.23728561e+00   2.64621658e+01
   3.09294357e+01   1.71502002e+03   4.64802295e+03   3.11436100e+01
   8.40873260e+01   1.87822693e+03   1.47450256e+03   5.01377907e+01
   5.94384270e+01   1.66387708e+03   1.33883965e+04   4.58740959e+01
   1.20311470e+01   2.96655483e+01   5.56600266e+01   3.97665680e+02
   7.03134537e+01   6.69384003e+00   5.69863379e+03   5.41838574e+03
   9.72615039e+03   9.81033146e-01   3.77262085e+02   1.09700684e+02
   2.05622485e+03   9.97995186e+00   5.79964661e+02   1.32052197e+03
   2.23662930e+01   1.08059541e+04   1.56934174e+02   2.37737476e+03
   1.24930225e-01   4.34497406e+02   3.28511314e+01   8.67762299e+01
   7.98995703e+03   6.98729229e+00   1.56171875e+02   1.60781407e+00
   2.14716509e-01   7.78058777e+02   3.18599396e+02   7.66971827e+00
   2.04705826e+02   5.00379541e+03   8.31907317e-02   1.34306152e+03
   5.37550720e+02   8.72462708e+02   4.58596094e+03   2.34395294e+02
   6.08977393e+03   2.52227768e+02   2.86878998e+02   1.07601730e+02
   9.65463562e+01   2.47870215e+03   1.35139709e+02   7.05119727e+03
   2.81207108e+00   4.91349578e-01   3.43643532e+01   4.09157617e+03
   2.02894196e+02   1.56511488e+01   2.50985355e+01   0.00000000e+00
   3.68548633e+03   4.15093079e+02   9.93056946e+02   1.05465293e+04
   3.34183136e+02   1.27116638e+02   4.35073877e+03   5.97972510e+03
   2.61121893e+00   3.97803149e+03   8.49112034e+00   1.80846268e+02
   1.27239764e-01   1.10445537e+04   3.22355080e+01   1.56332428e+02]
[  5.20056152e+01   8.55642944e+02   8.80919876e+01   3.08365509e+02
   2.89609619e+02   1.28580444e+03   1.63623322e+02   4.92417450e+02
   5.91723480e+01   8.71642456e+01   1.97106433e+03   5.39100037e+02
   3.66651514e+03   1.75133865e+02   4.44131250e+03   3.27547882e+02
   1.36362019e+01   4.73252014e+02   6.28966064e+02   3.14287231e+02
   1.84371765e+02   4.13796806e+01   4.30667188e+03   6.94449844e+01
   8.36398163e+01   6.28824539e+01   1.48790808e+01   2.29756374e+01
   5.60970996e+03   1.36505432e+01   1.42829599e+01   7.36734314e+01
   7.12235986e+03   2.07189880e+02   2.24647408e+01   8.42679565e+02
   7.02889404e+03   7.39533663e+00   7.18389034e+00   3.28350659e+03
   5.46310010e+03   6.41223450e+02   7.40276456e-01   1.67281377e+00
   3.44957447e+00   5.51769897e+02   4.03231470e+03   1.14028023e+02
   3.58471222e+01   3.30921822e+01   9.35790710e+01   1.32152847e+02
   8.98220581e+02   1.29864587e+03   7.29163818e+02   4.13978857e+03
   1.28346081e+01   4.21655226e+00   2.54359204e+03   5.54614893e+03
   1.37314087e+03   4.03852631e+02   8.74467871e+03   5.54410648e+00
   3.41683960e+00   3.37566681e+02   3.63666306e+01   1.79329880e+02
   1.35280924e+01   3.46010406e+02   2.44250537e+03   1.20811450e+03
   2.29876526e+02   4.15938797e+01   1.13942429e+02   1.33501355e+03
   1.51435562e+02   6.44378479e+02   4.43913037e+03   2.48602057e+00
   1.66267548e+01   5.13975281e+02   3.21186768e+03   4.42764091e+01
   8.57850525e+02   5.19328662e+03   7.05276031e+01   6.15618095e+01
   4.23573975e+03   2.91498688e+02   3.07455383e+02   4.52058105e+02
   0.00000000e+00   3.97578369e+03   1.80441589e+01   1.84283943e+01
   3.67767731e+02   4.11087793e+03   1.81784042e+02   9.84184647e+01
   3.20916748e+00   6.28658867e+01   2.11119537e+02   1.95199795e+01
   1.75779553e+03   0.00000000e+00   4.37891235e+01   5.20488428e+03
   2.47255200e+03   1.75234497e+02   5.12838562e+02   2.91040459e+01
   2.36013403e+03   1.28072498e+03   7.21711304e+02   1.09065187e+00
   9.52092056e+01   1.52344101e+02   3.37714893e+03   1.97372761e+01
   6.80481567e+01   3.36289771e+03   9.50691625e-02   3.69009743e+01
   4.04592552e+01   4.90582092e+02   2.12993561e+02   2.39012650e+02
   4.21640723e+03   1.25515330e+00   3.13058014e+02   3.05950098e+03
   1.76116418e+03   6.03360558e+00   1.05175068e+04   2.06464195e+00
   5.18208694e+01   7.66291565e+02   1.44633255e+02   1.49837465e+01
   4.04726196e+03   0.00000000e+00   1.17260901e+03   6.52036667e+01
   4.68595551e+02   5.34887791e+00   1.13149665e-01   9.93700409e+00
   2.26511049e+00   1.29582453e+01   1.31362483e-01   4.39713684e+02
   3.37257965e+02   3.20310645e+03   2.65073395e+02   1.66988916e+03
   1.14801672e+03   2.87459421e+00   2.86571387e+03   5.82529907e+02
   1.39575342e+03   3.06650073e+03   4.17433214e+00   2.03439346e+02
   3.82384131e+03   1.91397766e+03   2.74738495e+02   3.09293251e+01
   6.24332809e+01   1.72680432e+03   4.82415619e+02   3.43367577e+00
   6.62145996e+02   7.41207838e+00   8.60044174e+01   8.10766125e+00
   2.00302148e+00   5.80297510e+03   1.79929916e+02   2.63943233e+01
   1.84934586e+02   5.28014183e+01   3.50736160e+01   4.47026863e+01
   3.97198462e+03   2.06701308e-01   6.23679733e+01   0.00000000e+00
   8.92687607e+00   7.82651596e+01   1.06243343e+01   2.55977203e+02
   6.40828247e+01   3.09907501e+02   4.69829895e+02   1.85666534e+02
   1.50930191e+02   3.55486183e+01   2.65636215e+01   3.76636810e+01
   1.12996376e+02   4.11739075e+02   9.50217056e+00   9.49412727e+00
   3.67046585e+01   3.81809273e+01   1.12882566e+01   1.74083603e+02
   1.09066582e+01   1.92077980e+01   2.53932837e+03   4.08460938e+02
   2.64155716e-02   2.09115058e-01   4.17756500e+01   2.49649948e+02
   1.27764099e+02   1.15900659e+03   6.39333313e+02   8.64630280e+01
   3.67778931e+02   1.11336865e+03   9.77788696e+01   7.71699219e+02
   1.38223038e+02   2.32378082e+01   3.18875220e+03   9.29464951e+01
   4.24143652e+03   6.23850781e+03   4.39606104e+03   7.55634842e+01
   0.00000000e+00   1.15990639e+02   5.47567566e+02   2.94595752e+03
   1.29727258e+03   2.13646755e+01   3.78976123e+03   3.56604980e+02
   4.97140427e+01   1.37697601e+02   9.75902466e+02   0.00000000e+00
   6.18994263e+02   1.08282996e+03   3.95899017e+02   0.00000000e+00
   1.10364893e+03   5.98739719e+00   9.09076184e-02   4.14003632e+02
   1.47614429e+03   6.51409566e-01   1.70498314e+01   5.11465674e+03
   2.96177340e+00   2.37238419e+02   1.82042179e+01   3.00720177e+01
   3.96835815e+03   1.94608176e-03   7.95584277e+03   4.10140228e+01
   4.23885384e+01   2.74576935e+02   5.85771790e+02   2.27396655e+03
   9.07678680e+01   1.13272656e+03   1.37752838e+02   6.24366699e+02
   1.78700829e+00   1.13966691e+00   9.32313614e+01   5.06144600e+01
   3.78298187e+01   1.42037598e+02   9.34556702e+02   1.18755054e+03
   4.46913624e+00   7.38627701e+01   3.13213525e+03   2.13448572e+00
   9.55736041e-01   3.06069019e+03   3.03106476e+02   2.14538693e-01
   5.72628027e+03   1.46346725e+02   2.06776943e+01   5.93220353e-01
   1.19582507e+03   6.78095459e+02   5.44756201e+03   8.93643646e+01
   2.24097168e+03   2.82152802e+02   6.68974838e+01   1.20831677e+03
   3.53980176e+03   1.74104199e+03   3.36726904e+00   4.22490978e+00
   6.28340771e+03   2.36393970e+03   9.75075586e+03   7.57948303e+02
   2.04848647e+00   7.89699707e+02   3.61337616e+02   6.25014839e+01
   1.70679116e+00   8.52035294e+01   1.03903175e+02   1.34645764e+03
   2.08930664e+03   1.58905090e+02   7.64901550e+02   6.74919796e+00
   7.48146963e+00   2.99723218e+03   9.94442902e+01   4.02077515e+03
   1.00169052e+02   3.55894775e+02   9.64184113e+01   1.07711134e+01
   7.27542782e+00   2.83336273e+02   1.00343914e+01   3.13076077e+01
   8.41586075e+01   5.36440964e+01   3.11846985e+02   1.20827761e+01
   8.82089783e+02   5.82521240e+02   1.71741699e+02   2.95160132e+03
   2.02020569e+03   1.75986011e+03   1.03338916e+03   1.24860358e+00
   2.31089188e+02   1.26463184e+03   2.16380566e+03   9.65223083e+01
   1.65638138e+02   4.90121191e+03   7.01248245e+01   8.55047479e-02
   5.58063525e+03   3.97279930e+01   1.41559583e+03   1.25333748e+01
   2.85140430e+03   8.91810730e+02   1.37338470e+02   2.24876221e+02
   5.96684952e+01   2.83644009e+01   2.14423691e+02   1.59688611e+03
   1.46723279e+03   6.40764523e+00   2.25377846e+01   6.30782356e+01
   3.22618484e+01   2.83727722e+01   4.69993750e+03   2.05774069e+00
   6.58077271e+02   1.95109314e+03   0.00000000e+00   3.44496155e+02
   7.61172180e+02   6.97433496e+03   1.78435699e+02   3.69573853e+02
   6.02920898e+02   1.60324295e+02   2.70584717e+02   5.60926819e+01
   6.61986923e+01   1.49563980e+02   1.21948214e+01   4.43342438e+02
   2.84412891e+03   3.67521248e+01   8.35926953e+03   1.51339462e+02
   8.30086182e+02   3.60842438e+01   0.00000000e+00   1.70983063e+02
   4.41353989e+01   3.24412445e+02   1.60000778e+02   4.44664490e+02
   2.38739771e+03   3.77000214e+02   8.18304062e+01   3.66647412e+03
   3.33300830e+03   4.36811890e+02   6.76640442e+02   7.24425650e+00
   1.27932007e+02   9.17446289e+03   1.29805573e+02   9.45208862e+02
   2.34458389e+02   1.99027481e+01   8.93861771e+00   0.00000000e+00
   9.10995361e+02   3.89531201e+03   1.58528967e+03   2.87657983e+03
   1.46498459e+02   1.43156595e+01   4.18200439e+02   0.00000000e+00
   1.34501705e+01   4.37429771e+01   2.78903381e+02   1.98529834e+03
   8.21062012e+02   1.08633325e+03   8.61937012e+03   2.04228535e+01
   4.87299538e+01   2.66052148e+03   1.43917908e+02   5.33414246e+02
   3.10765698e+03   9.91304493e+00   5.74044250e+02   4.65538544e+02
   1.72849312e+01   3.45346146e+01   1.95357391e+02   1.20446457e+02
   6.99174347e+01   3.56035858e+02   1.85769547e+02   1.17854726e+00
   6.06877556e+01   1.63306103e+01   4.57628775e+00   1.59168640e+03
   9.83064648e+03   1.89265796e+03   8.22666321e+01   1.46607996e+03
   9.86975195e+03   3.71929016e+02   1.74957324e+03   9.47886753e+00
   9.27817993e+02   1.00238823e+02   6.02947960e+01   9.48497474e-01
   1.58670129e+03   5.48902954e+02   1.91999390e+02   5.73119385e+03
   9.47177734e+03   1.29875232e+03   6.46400595e+00   7.81508408e+01
   3.07646503e+01   5.26547852e+02   2.27560349e+01   1.09442896e+03
   2.69933014e+02   2.54584074e+00   9.20191879e+01   2.10287070e+00
   3.47555511e+02   1.37002100e+03   2.29925903e+02   1.63659229e+03
   1.21202713e+02   1.53319597e+00   8.69525757e+01   8.24764746e+03
   4.30362797e+00   2.12113953e+02   7.42603394e+02   1.77981494e+03
   5.91893673e+00   6.62744761e-01   4.42854279e+02   8.01822205e+01
   3.79041028e+00   8.66588257e+02   1.00368817e+03   5.69538721e+03
   2.72439966e+03   8.68090820e+01   4.40931427e+02   2.66917407e+03
   1.87208542e+02   0.00000000e+00   6.83598404e+01   6.02869922e+03
   1.86719650e+02   8.08240128e+01   1.59881012e+02   3.69416089e+03]
[  6.43216064e+02   1.96582203e+01   3.47289968e+00   1.09228697e+01
   1.86923866e+01   2.32243896e+03   4.09769096e+01   3.25554085e+01
   1.04327059e+01   7.14072449e+02   8.89066467e+01   3.50056572e+01
   8.77167358e+02   1.18763708e+03   3.09775177e+02   0.00000000e+00
   4.39955482e+01   4.95219116e+02   2.19039551e+02   1.79494977e+00
   1.65681553e+01   2.09912285e-01   1.11685463e+02   1.47198047e+03
   2.34458178e-01   7.41060495e+00   1.99324265e+01   7.38880692e+01
   1.46694565e+01   2.13984344e+02   3.84077835e+01   1.47181749e+00
   2.46568512e+02   1.97651882e+01   3.76416650e+03   2.20542383e+03
   2.58255215e+01   9.91840149e+02   4.10826912e+01   4.10843315e+01
   1.59733257e+01   2.97022533e+01   3.47597427e+01   6.03619919e+01
   9.64994240e+00   1.33324326e+02   8.76935059e+02   9.75574791e-01
   8.48353577e+01   2.97071457e+01   1.07448267e+03   0.00000000e+00
   5.08574562e+01   1.81100979e+01   0.00000000e+00   5.83860016e+01
   2.72021599e+01   1.95421066e+01   1.33797241e+02   3.34784058e+02
   1.46243429e+01   5.53356361e+01   2.77468891e+01   2.28386383e+01
   3.60956154e+01   2.81229877e+01   3.09388916e+02   1.62413979e+01
   9.05214157e+01   1.87033463e+02   1.28552368e+02   2.33254077e+03
   8.68302536e+01   1.30920771e+04   2.28680420e+03   1.95640602e+01
   1.49647989e+01   3.24953041e+01   2.07160400e+02   9.67583656e+00
   8.01371670e+00   6.37693939e+01   1.57073975e+01   2.15268917e+01
   1.31244171e+02   1.53815091e+00   1.29121863e+03   1.46450014e+01
   1.41880844e+02   2.35465584e+01   4.44611816e+01   1.84812927e+01
   2.83955593e+01   3.60323669e+02   3.01527588e+02   1.66891220e+02
   5.37497940e+01   5.42684975e+01   2.58807068e+02   8.39556580e+01
   2.32182249e-01   4.19726906e+01   5.33032265e+01   4.55861511e+01
   9.57084560e+00   5.76816750e+00   3.47315818e-01   1.71405127e+03
   2.43145981e+01   3.98753658e-02   5.39674072e+02   7.53705406e+00
   8.02348328e+00   8.16757431e+01   0.00000000e+00   0.00000000e+00
   1.87988091e+01   1.12015396e+02   2.29417725e+03   9.80246723e-01
   4.67243958e+02   3.07668285e+01   9.37003613e+00   2.02230144e+00
   8.35343266e+00   1.55809268e+04   3.27455711e+00   6.01157236e+00
   1.34915430e+03   2.99960297e+02   3.97097931e+01   2.17950714e+02
   2.48237625e+02   3.08296013e+01   4.32934717e+03   8.92936420e+00
   6.22349691e+00   1.95345173e+01   1.78932385e+03   4.59922714e+01
   1.27059021e+01   1.26163818e+03   2.07126045e+00   1.64622583e+03
   1.16501007e+01   1.00078773e+02   1.45255632e+01   1.50030090e+02
   7.44115540e+02   4.80318527e+01   5.11994057e+01   3.84885590e+02
   3.01508064e+01   8.82429581e+01   1.15195825e+03   4.33826981e+01
   6.93595963e+01   0.00000000e+00   2.17450047e+01   2.26678882e+03
   6.56978271e+03   3.37371655e+03   8.50509930e+00   5.15654678e+01
   5.00959740e+01   1.06087599e+01   5.90317001e+01   3.03249931e+01
   1.77339783e+01   3.23377113e+01   9.90244141e+01   7.73840666e-01
   3.13774085e+00   1.24880969e+03   8.87865982e+01   6.77475586e+01
   2.65005741e+01   3.26948242e+01   2.01719761e+01   1.06416272e+03
   3.50409058e+02   5.47177010e+01   1.05229858e+03   1.74847321e+02
   1.27580612e+02   9.43855820e+01   9.82028127e-01   3.50901008e+00
   1.99614899e+02   2.86398010e+02   4.82565346e+01   2.27519846e+00
   7.92752539e+03   1.41922867e+02   1.34443331e+00   7.83825378e+01
   4.31605911e+01   3.42231331e+01   9.68484192e+01   1.99686084e+03
   2.55940571e+01   6.01107788e+00   1.64927698e+03   1.40358261e+02
   1.71664162e+01   2.64153366e+01   1.78726123e+03   1.44968796e+01
   1.23491417e+02   4.77090027e+02   2.00096802e+02   1.17222130e+00
   6.01813416e+02   2.18997993e+01   1.86516449e+02   3.66540527e+02
   0.00000000e+00   1.35244659e+02   4.07076440e+03   6.09299683e+02
   0.00000000e+00   3.55296803e+00   3.65750923e+01   4.72256012e+01
   1.03394119e+02   1.18796973e+03   1.85641922e+02   1.32606506e+02
   7.88272667e+00   1.24383476e+02   1.71953182e+01   1.41354456e+03
   5.85332336e+02   9.39636169e+02   0.00000000e+00   0.00000000e+00
   1.15092575e+02   3.36219824e+03   2.97542383e+03   3.33105965e+01
   2.66380234e+01   1.22471924e+02   9.66888885e+01   0.00000000e+00
   8.29372311e+00   2.09507799e+00   1.48025464e+03   0.00000000e+00
   1.43898422e+02   6.29809151e+01   1.48051721e+03   9.91044521e+00
   3.09609394e+01   1.73642224e+03   9.39086548e+02   1.99616604e+01
   4.77496567e+01   4.98854179e+01   2.08422119e+03   1.08168800e+02
   1.35543289e+02   5.85757017e+00   6.46409912e+02   3.62647247e+01
   1.07448578e+02   0.00000000e+00   2.27261658e+02   8.77726650e+00
   1.29357076e+00   5.52223740e+01   2.94514893e+03   5.13697937e+02
   1.39964539e+02   4.00836617e-01   9.86370392e+01   7.02459106e+01
   5.58016479e+02   6.96582489e+01   1.35754290e+01   1.56083417e+00
   1.20604065e+03   6.93807449e+01   1.13179207e+02   1.66517029e+03
   1.04135162e+02   5.94333878e+01   4.87203169e+00   5.56342087e+01
   8.96775665e+01   1.59852814e+02   1.07167920e+03   1.44115585e+02
   8.53252487e+01   3.93097649e+01   6.08630791e+01   2.84934326e+02
   3.78235512e+01   1.22670544e+03   7.73468018e+01   5.43885840e+03
   2.82084442e+02   2.08448505e+01   2.77477368e+03   5.24434998e+02
   1.96134903e+02   3.13520721e+02   2.45271950e+01   9.66460693e+02
   6.63005371e+01   1.40231598e+02   0.00000000e+00   5.32987862e+01
   2.72085285e+01   5.68725777e+01   2.55927759e+03   4.38082848e+01
   2.99454590e+03   1.10236561e+00   1.05460120e+03   4.31007767e+01
   1.51930496e+02   3.54021111e+01   1.91818848e+02   2.79884918e+02
   1.10702812e+02   8.78831863e+01   6.68764639e+00   2.22770737e+02
   1.76461029e+01   2.69302158e+01   7.26095140e-01   1.06724758e+01
   0.00000000e+00   2.26880981e+02   4.62976217e+00   6.08969543e+02
   6.06463194e+00   1.25190994e+02   3.87064743e+01   1.07349756e+03
   1.60830093e+02   0.00000000e+00   3.04098206e+02   3.28580399e+01
   1.34971708e-01   1.80596304e+00   7.45408554e+01   2.51528378e+01
   4.81879759e+00   2.88592339e+01   8.63522263e+01   5.25910437e-01
   0.00000000e+00   1.45746292e+02   1.66696301e+01   7.23455859e+03
   9.78612289e+01   5.08532906e+01   8.02175064e+01   2.30825844e+01
   7.94928193e-01   2.96972748e+02   1.45279175e+02   6.39853630e+01
   1.62642578e+03   8.30086994e+00   6.63988571e+01   7.17809582e+00
   2.85434082e+02   4.68238487e+01   8.05818677e-01   5.42302612e+02
   7.95040970e+01   0.00000000e+00   2.00020695e+01   2.19428673e+01
   2.03259827e+03   2.54620552e+00   2.03002987e+01   5.98535252e+00
   7.90425873e+01   2.55965283e+03   1.64772644e+03   0.00000000e+00
   4.29340881e+02   7.92195969e+01   1.37639198e+01   6.28198385e-01
   3.66472816e+01   0.00000000e+00   3.02674219e+03   4.79676208e+01
   1.08879730e+02   1.01060822e+02   1.14406787e+03   8.07525269e+02
   1.55193466e+02   7.07267761e+01   1.58967682e+02   1.61239099e+03
   9.97809525e+01   5.48901100e+01   1.36431875e+01   6.61112905e-01
   2.44175583e+02   1.92572180e+03   1.63036480e+01   1.81164154e+02
   1.18704460e+02   2.30820084e+02   7.47729553e+02   1.43997766e+03
   7.65452719e+00   1.06691516e+03   9.48471069e+02   0.00000000e+00
   6.48147583e+01   6.23844814e+00   1.68634229e+03   4.65888519e+01
   6.14340637e+02   4.76925201e+01   1.21373062e+02   5.14113331e+00
   1.35646103e+02   8.29492737e+02   3.81801239e+02   4.39856110e+01
   1.25255459e+04   2.97389618e+02   1.68654129e+02   1.33783236e+01
   6.21027794e+01   1.28865259e+03   1.07469261e+02   2.77430737e+03
   2.07905371e+03   1.64212036e+02   8.21696320e+01   1.37829910e+02
   3.54662561e+00   1.15055042e+03   1.77299042e+02   7.20215378e+01
   3.25059319e+01   1.18433189e+02   2.28649426e+00   2.09337036e+02
   3.04818573e+01   1.53023109e+01   3.20832157e+00   2.90728531e+01
   6.21456718e+00   1.58860748e+02   7.94289627e+01   4.88641064e+03
   5.87846718e+01   2.47646948e+03   3.66574219e+02   5.45721550e+01
   2.40312149e+02   1.26158276e+03   1.63055172e+01   3.33031197e+01
   1.34171924e+03   1.79207432e+00   1.95583191e+03   1.32208893e+02
   7.86900997e+00   3.49486923e+01   1.25878296e+02   5.72915344e+01
   1.11185181e+03   1.93022009e+03   9.86720734e+01   2.74539478e+03
   1.78235292e+00   6.48758471e-01   2.15254517e+01   5.86578083e+00
   4.56875992e+01   1.36689968e+01   1.12950330e+03   0.00000000e+00
   1.52692230e+02   2.87849464e+01   5.61395378e+01   1.78298584e+03
   3.31311684e+01   6.59882650e-03   3.49318695e+01   1.72577637e+02
   4.86954117e+01   9.32339722e+02   6.87480347e+02   1.66481396e+03
   7.21533447e+02   3.67817993e+02   1.08955215e+02   3.41644135e+01
   3.53093579e+03   1.46751156e+01   6.34058762e+00   1.43524646e+03
   7.09459763e+01   2.82355286e+02   2.51383858e+01   2.52755768e+02
   1.25728967e+03   1.02256415e+03   8.50993713e+02   2.51064444e+00]
