bicycle
bus
car
motorbike
person
[ 23089326.       6042660.      43756120.      20601256.      47144856.
   3522822.      18362574.       6357575.5     10918812.       9990957.
   6353933.5     30228938.      27858956.      12652416.      21022000.
  13522526.      20797334.      15881952.      45340316.      13815851.
   5610552.5     23047598.       6233228.5     35687128.       9419755.
  17080410.       9915000.      12696371.       5782518.5     18307204.
  30859004.      34164756.      55594632.       2786185.      33802580.
    945998.9375  26762776.       4749072.      13552955.       1570584.75
  12265349.      21053074.      48332100.      58830648.      17731660.
  30376524.      16741758.      23781062.       3454355.      57373592.
  35381304.      16986742.      19385734.      17127528.      14255179.
  14752845.      26125094.      19880484.       5945865.       2477392.75
   1051718.875    1469595.625   14374697.       4580287.5   ]
[  3.30817760e+07   1.25034430e+07   4.04271560e+07   3.46185688e+05
   8.92535300e+06   1.21076088e+06   9.28361300e+06   2.02775989e+03
   1.30282990e+07   7.92717062e+05   4.36110880e+07   3.23072160e+07
   3.31505625e+04   3.16446700e+06   3.18594600e+07   1.55422250e+07
   1.56121075e+06   4.59495280e+07   1.05369070e+07   1.82693500e+07
   1.90217500e+05   3.42010240e+07   1.30449525e+06   3.46839560e+07
   4.52255625e+05   4.58271960e+07   5.78856400e+06   1.51406775e+06
   1.28377170e+07   5.30754150e+03   3.38569640e+07   5.04803086e+04
   2.74687350e+06   1.89812140e+07   9.93695600e+06   8.36484350e+06
   2.48029734e+05   1.10288240e+07   2.89805720e+07   2.02162620e+07
   1.35715850e+07   9.58141900e+06   1.77072600e+06   9.02385200e+06
   3.67391040e+07   2.42080820e+07   3.11062125e+05   4.10037240e+07
   2.63479940e+07   8.50696800e+06   3.79629680e+07   2.75930560e+07
   5.01731160e+07   2.60742180e+07   6.64272000e+05   2.41285340e+07
   1.58444440e+07   6.98109280e+07   7.08981150e+06   1.09932830e+07
   3.82683160e+07   7.94332275e+02   1.71964860e+07   5.15322200e+07]
[  4.55246600e+06   1.24643040e+07   1.95536328e+03   9.49484844e+04
   2.38883301e+04   5.57983047e+04   4.36782070e+04   6.74183200e+06
   3.31796055e+04   2.07927000e+06   6.73919150e+06   9.38367062e+05
   8.30578688e+05   1.97123300e+06   2.01788340e+04   8.41478906e+04
   3.31147375e+06   6.08065312e+05   7.77257375e+05   5.34927400e+06
   2.83205750e+06   3.45807930e+04   9.78110800e+06   1.40604080e+07
   1.18342140e+07   0.00000000e+00   2.85141750e+05   5.08068850e+06
   2.02221725e+06   6.87320400e+06   7.20853027e+03   1.18790900e+07
   7.14828312e+05   4.25047950e+06   2.40861650e+06   4.51872000e+06
   2.36411688e+05   2.05843480e+07   5.41940250e+06   3.98930371e+03
   5.99168450e+06   4.21734100e+06   5.14083600e+06   1.57232030e+07
   2.16364400e+06   2.38916719e+05   8.95837800e+06   3.44701836e+04
   3.28484325e+06   6.94563875e+05   2.46805825e+06   6.49253281e+04
   3.92260725e+06   1.73029400e+06   1.76602500e+07   1.31357630e+07
   2.94705275e+06   3.49049219e+04   6.14270156e+04   1.63053531e+05
   3.89669025e+06   1.67023560e+07   1.08490730e+07   3.71244600e+06
   1.98350360e+07   3.42721550e+06   1.40697090e+07   7.03797650e+06
   1.30593984e+05   1.13158388e+06   8.78801300e+06   1.22744690e+07
   2.27269200e+06   1.07483900e+06   0.00000000e+00   3.58565450e+06
   1.81280578e+05   6.18069000e+06   6.08929400e+06   4.34908398e+04
   2.62528594e+04   8.37141800e+06   4.32357650e+06   1.53140820e+03
   3.42931150e+06   8.02693700e+06   5.21880900e+06   1.42262817e+03
   6.33314950e+06   1.46358125e+06   6.78478600e+06   4.89548200e+06
   1.71902094e+05   5.77569300e+06   8.79464125e+05   7.70276500e+06
   6.65230518e+03   3.76212925e+06   2.58253325e+06   6.49129812e+05
   3.63911200e+06   1.83069838e+06   5.58207188e+05   1.03371588e+06
   1.43455439e+04   5.57886312e+05   3.33159156e+05   9.25712625e+05
   5.29919200e+06   4.04242812e+05   5.99543711e+04   8.62986900e+06
   1.83055109e+05   9.34219800e+06   4.87286650e+06   7.53504050e+06
   1.81700300e+06   8.73411562e+05   3.23563625e+06   1.15171975e+06
   3.40186500e+06   5.96319950e+06   3.57501133e+04   8.15639400e+06
   2.23180325e+06   2.93734062e+04   2.33886720e+07   6.64303125e+03]
[  4.71212850e+06   3.90978000e+06   2.51101391e+05   0.00000000e+00
   1.52998975e+04   2.79765775e+06   1.15718425e+06   1.73612675e+06
   1.57606620e+07   6.18667300e+06   1.04484120e+07   8.96320600e+06
   3.20028300e+06   2.50558141e+05   8.09771875e+03   2.61374000e+06
   1.71652175e+06   3.30483925e+06   3.43132750e+06   2.05651387e+04
   1.06374640e+07   2.85889050e+06   3.20921450e+06   1.84108145e+04
   6.87656062e+05   4.19402250e+05   1.78675575e+06   6.51563500e+06
   5.36890156e+04   6.47441250e+06   5.07151641e+04   1.45375140e+07
   5.31084100e+06   9.84172266e+04   1.89851725e+06   2.48270450e+06
   3.27169275e+06   1.25511890e+07   1.64985391e+05   3.06317832e+04
   2.70230875e+06   2.28475703e+04   2.34033281e+04   9.24328688e+05
   1.53302150e+06   1.06384830e+07   7.78899400e+06   5.13873050e+06
   3.32401425e+06   1.57646430e+07   3.83984025e+06   5.32316950e+06
   7.64272250e+06   1.27068725e+06   9.48226797e+04   1.48900719e+05
   4.55419400e+06   9.61981000e+05   4.98050728e+01   3.64474400e+06
   3.60537000e+06   8.96404600e+06   6.46966700e+06   3.79754950e+06
   7.96640312e+05   1.20419990e+07   5.13146125e+05   4.28719100e+06
   4.16169975e+06   9.36809100e+06   3.51769225e+06   1.55843190e+07
   1.11614190e+07   8.43110200e+06   2.06389580e+07   7.74997412e+03
   4.90172450e+06   2.42640625e+06   1.66097080e+07   3.59947450e+06
   3.26433975e+06   3.08994082e+04   8.97994300e+06   4.04613625e+06
   3.06844219e+04   7.86212050e+06   1.30608675e+06   4.35263950e+06
   3.91380352e+04   1.48861138e+06   1.07712484e+05   8.61292500e+06
   1.20893742e+05   1.05582750e+07   2.12074775e+06   2.77512350e+06
   8.78762188e+05   8.10744950e+06   1.20447712e+06   1.24224590e+07
   1.43732656e+05   4.52925219e+05   1.78521820e+07   2.51895605e+03
   1.41663281e+05   1.72614040e+07   3.84274800e+06   8.89565200e+06
   8.93369700e+06   9.48317300e+06   5.82212988e+03   4.76672700e+06
   5.80854312e+05   2.53332920e+07   4.78724250e+06   8.47495688e+05
   3.01947406e+05   4.50966550e+06   5.28943008e+04   2.76248320e+04
   1.77336880e+07   3.12396725e+06   3.37865234e+04   1.02573780e+07
   6.27008700e+06   2.92645175e+06   1.56370450e+07   1.06094690e+07]
[  0.00000000e+00   1.06810967e+04   1.70109562e+06   7.64253223e+03
   0.00000000e+00   3.78654900e+01   6.30308411e+02   3.58080368e+01
   2.66786275e+06   1.63716592e+04   1.53455627e+02   1.56004141e+04
   0.00000000e+00   6.70847891e+04   6.58238906e+04   1.47752344e+03
   4.10000977e+03   7.30004188e+05   3.31330664e+03   6.42756016e+04
   3.89055786e+01   4.88802588e+03   7.54793750e+05   4.18146436e+03
   1.44233877e+04   1.56422852e+02   2.06163962e+06   0.00000000e+00
   1.11975696e+03   1.90959180e+03   1.67962494e+02   2.23508057e+02
   2.77051002e-01   8.03621250e+05   4.09033594e+04   1.78296238e+06
   2.44668875e+06   6.79262695e+03   2.43942505e+03   1.43820166e+03
   1.41730371e+04   2.31756714e+03   5.49226318e+03   5.38188188e+05
   8.62925293e+03   3.14510498e+03   0.00000000e+00   1.85862141e+01
   1.16466875e+05   1.83353242e+04   8.27573906e+04   1.43394455e+02
   2.11617225e+06   7.25590375e+05   2.58424664e+01   1.40960203e+05
   6.41451188e+05   1.16293338e+06   1.38240198e+03   5.66834755e+01
   1.01328094e+05   3.04123164e+04   3.78319000e+05   8.49186406e+04
   1.21513275e+02   3.69534297e+04   1.79200452e+03   1.19772900e+03
   4.11020361e+03   9.81665703e+04   1.52754288e+06   1.94851025e+06
   0.00000000e+00   1.71330469e+04   8.21621475e+01   9.80654068e+01
   1.24687148e+04   3.39338188e+05   6.37530562e+05   1.20850578e+05
   8.26192344e+04   1.99386743e+03   1.05076084e+04   4.80397656e+03
   2.37893525e+06   2.74840625e+06   6.27152438e+05   1.81575238e+06
   1.66323219e+05   7.31424805e+02   4.00272900e+03   9.34950234e+04
   3.10751906e+05   6.95412646e+03   0.00000000e+00   6.86925830e+03
   4.05323975e+03   5.71727938e+05   6.45848730e+03   2.28526660e+04
   3.75955039e+04   4.48887695e+03   1.74510175e+06   9.29896875e+04
   1.15979651e+03   5.25955762e+03   1.67238633e+04   3.08087622e+03
   8.29630127e+01   6.02819062e+04   1.03479838e+06   2.94534570e+04
   0.00000000e+00   3.38884141e+04   4.01167896e+03   6.11479248e+03
   0.00000000e+00   4.39615332e+03   5.06157520e+03   2.51355725e+06
   1.11318447e+04   1.01923409e+02   1.51587070e+04   4.61739307e+03
   4.51493896e+03   1.67517350e+06   7.24944916e+01   0.00000000e+00
   1.02140619e+06   1.54027959e+04   1.66674453e+04   9.82474805e+03
   8.29316211e+03   1.64769088e+06   0.00000000e+00   8.96634277e+03
   3.31259675e+06   1.15244750e+06   1.57742061e+04   0.00000000e+00
   1.36904355e+04   2.58338032e+01   7.29612354e+03   6.64204625e+05
   7.05074219e+02   2.08518175e+06   1.18594482e+03   5.71493506e+03
   9.01186875e+04   2.71756506e+00   6.93319336e+03   2.36191284e+03
   2.08918734e+05   9.92780703e+04   9.28504562e+05   3.08636621e+03
   8.01406201e+03   3.98654969e+05   1.24174212e+06   2.42011453e+05
   2.95678158e+01   1.62857141e+05   1.67191350e+06   8.98334277e+03
   2.62217363e+04   2.53662425e+06   1.85048225e+06   1.15500305e+05
   2.57129551e+04   1.48431038e+06   1.78134412e+06   5.64899463e+03
   4.95380762e+03   5.54318312e+05   1.24045234e+04   1.00008818e+04
   2.27627750e+06   2.02149036e+03   2.64034750e+06   4.11842930e+04
   6.34400750e+05   9.11083906e+04   5.38163125e+05   7.67825830e+03
   5.63748877e+03   1.52006777e+04   6.33489570e+04   3.84792461e+04
   1.22172700e+06   1.16601074e+04   4.07959009e+03   1.81227512e+06
   9.09241714e+01   6.03502688e+05   1.74860644e+00   1.71906188e+06
   6.80107666e+03   5.51115875e+05   1.93781525e+06   1.21429075e+06
   9.70087585e+01   1.99777225e+06   1.23304750e+06   1.59332642e+03
   9.74150547e+04   5.27551392e+02   4.84484253e+01   4.59098975e+03
   3.85240796e+03   9.27163188e+05   2.99441969e+05   2.45461000e+06
   6.57243311e+03   1.86018496e+04   8.74833679e+00   1.70589590e+04
   1.11103552e+03   1.08471375e+06   3.63459102e+04   9.46433563e+01
   9.96955017e+02   1.66014209e+03   6.85609131e+02   8.40502188e+04
   4.77681062e+05   0.00000000e+00   0.00000000e+00   4.55331906e+05
   2.55495167e+01   1.09005488e+06   9.55546973e+03   7.06821045e+02
   1.68695850e+06   1.51911357e+04   1.09343962e+06   1.43011993e+02
   2.85286719e+03   2.71538145e+04   1.05082788e+06   1.98497424e+03
   1.00385369e+06   1.42267350e+06   2.68660352e+03   2.81002832e+03
   8.00385547e+04   6.38737988e+03   2.38633032e+03   1.95175854e+03
   7.60632109e+04   6.52460812e+05   1.23369297e+04   5.53354126e+02
   1.34122432e+04   0.00000000e+00   1.04784375e+03   6.15821375e+05]
[  2.19972025e+06   4.70228955e+03   9.77079773e+01   6.18613281e+02
   1.61117912e+06   1.56194962e+06   2.51832969e+05   6.75529541e+02
   1.05721680e+04   1.84336548e+03   8.52692505e+02   9.07017969e+03
   3.36680225e+03   4.29201523e+04   3.52876416e+03   5.04569336e+03
   1.00451306e+03   8.65630798e+01   1.12407175e+06   8.80909453e+04
   0.00000000e+00   2.11313446e+02   5.73710083e+02   7.30200938e+05
   0.00000000e+00   1.04131580e+03   0.00000000e+00   4.27110719e+05
   3.58899141e+04   1.27990198e+03   2.48424492e+04   2.22187354e+03
   3.32683618e+03   6.72099453e+04   1.56376868e+03   1.06563398e+04
   2.26634648e+04   8.08941040e+02   2.28603906e+03   0.00000000e+00
   1.26667047e+05   4.37121914e+04   8.91509082e+03   4.01944849e+03
   6.91716162e+03   8.39303809e+03   4.72781875e+05   2.70222305e+04
   1.38076359e+05   8.23696655e+02   6.99040576e+03   5.39848242e+03
   4.76777539e+03   1.03924189e+04   3.29776188e+05   8.59027109e+04
   4.88978398e+04   2.37419203e+05   1.81676438e+05   2.77155151e+03
   2.58957935e+03   6.57580547e+04   1.19906416e+01   1.79751492e+01
   0.00000000e+00   8.11029297e+03   3.51244281e+05   1.07528023e+02
   5.72999817e+02   3.01096855e+04   8.09458125e+05   4.91104340e+02
   4.28757891e+04   8.11919385e+03   2.04895195e+04   6.27012422e+04
   1.72266543e+04   1.56682012e+04   9.14809297e+04   5.95346375e+05
   2.44781876e+01   1.01863623e+04   2.52992678e+00   4.90740117e+04
   9.08385864e+02   6.83502891e+04   9.20360229e+02   1.16539131e+04
   1.00358594e+04   1.33048320e+04   1.43471465e+04   1.08317334e+04
   2.68974180e+04   9.19274188e+05   3.13730042e+02   0.00000000e+00
   2.98566344e+05   5.14991646e+01   6.36795752e+03   3.54145273e+04
   4.70325623e+02   1.76718711e+04   1.03266956e+06   0.00000000e+00
   1.95825977e+03   2.62149414e+04   7.56830078e+04   1.38454438e+05
   1.11638604e+04   1.89890475e+06   1.78006699e+02   7.04366125e+05
   3.03030567e+01   1.23873254e+03   6.21095752e+03   3.10532500e+04
   5.80690137e+03   1.88867012e+04   8.96407520e+03   4.75708281e+04
   2.02890051e+03   1.90959335e+02   5.67838086e+03   1.62974328e+05
   1.19639246e+03   1.99111011e+03   1.06141412e+00   2.28958965e+04
   7.25227234e+02   2.35731450e+06   1.83528867e+04   1.34257251e+03
   4.99217041e+03   1.77938088e+06   9.79770325e+02   2.44270742e+04
   5.00979336e+04   8.36647375e+05   1.02009064e+03   2.83441772e+01
   3.04049945e+00   1.27831177e+03   4.18990234e+03   1.31618328e+05
   0.00000000e+00   1.61488904e+03   3.00433154e+03   0.00000000e+00
   0.00000000e+00   9.86844788e+01   9.89170105e+02   8.46466797e+02
   8.82607438e+05   1.97617781e+05   3.20985699e+00   3.25986719e+05
   7.69301086e+02   9.29414654e+00   2.96027070e+04   1.68338588e+06
   7.36970568e+00   4.66891992e+03   6.00778076e+02   3.62059097e+01
   1.63047922e+05   0.00000000e+00   7.37896438e+05   1.78888098e+03
   2.20903656e+05   2.01469462e+06   0.00000000e+00   1.00298491e+01
   2.36459922e+04   2.67949594e+05   6.23207812e+05   3.63319067e+03
   2.43670190e+03   3.85071899e+03   9.78531055e+03   1.48588705e+01
   6.69207617e+03   3.60702515e+03   2.72397480e+01   1.20385283e+04
   2.05019531e+01   9.97549805e+02   2.85196328e+04   8.95629492e+03
   2.89510400e+03   9.82371521e+00   7.70921875e+05   3.28481787e+03
   9.87236176e+01   1.02180244e+04   4.69359609e+04   2.63637305e+03
   7.30454688e+04   1.96566055e+04   4.04472438e+05   5.44636786e-01
   1.30890055e+01   0.00000000e+00   5.17116188e+05   2.43863398e+04
   1.68537734e+04   9.31394806e+01   9.05840234e+03   7.00735562e+05
   8.04783047e+04   1.14688275e+06   1.29977350e+01   1.16846033e+03
   4.91658203e+03   2.09289863e+04   3.78801025e+02   3.51911812e+05
   3.86230750e+05   1.78448145e+03   1.09687080e+04   1.42100830e+03
   6.76741309e+03   1.35719707e+04   2.62292065e+03   1.08029077e+03
   0.00000000e+00   1.14656094e+05   6.65480469e+04   5.31592285e+02
   4.94965790e+02   0.00000000e+00   5.81300583e+01   2.76470508e+04
   2.65691750e+05   3.46607275e+03   1.31913450e+06   7.69208740e+03
   1.74214697e+03   1.35074775e+06   0.00000000e+00   1.66792145e+01
   3.05896362e+02   2.76951156e+05   8.46314716e+00   0.00000000e+00
   3.90435867e+01   1.22615562e+02   1.44518379e+04   6.12354395e+03
   8.03978812e+05   2.92866781e+05   7.36455938e+04   8.59857891e+04
   4.42216719e+04   6.45418562e+05   1.78960488e+04   1.80386914e+04]
[  2.41143953e+05   3.70866094e+04   7.18295410e+02   4.46257629e+02
   3.72827562e+05   4.33610352e+03   2.54339219e+04   5.41473750e+04
   2.13452954e+03   9.25094250e+05   5.07520215e+03   6.77186641e+04
   1.33201924e+04   3.24919287e+03   3.10339966e+03   6.79269287e+02
   0.00000000e+00   2.83755200e+03   1.38950601e-01   1.25064465e+03
   1.10900361e+04   2.54627766e+05   2.00900254e+04   5.56315625e+03
   4.58993622e+02   2.64816089e+03   1.98441492e+03   3.15148250e+05
   9.93583984e+03   3.16670219e+05   3.39217957e+02   1.05268682e+04
   2.98540176e+04   5.80583320e+04   9.21623474e+02   1.92507825e+03
   5.49164688e+05   1.50654488e+06   3.46109546e+03   1.39383988e+06
   1.45322229e+03   2.53194409e+03   2.58490552e+03   6.02522148e+04
   6.96481201e+03   9.37699023e+03   8.19506226e+02   2.63738711e+04
   1.12086328e+04   3.75290942e+03   5.25655078e+04   1.01860731e+06
   2.04292496e+02   4.15543365e+01   1.92286438e+02   4.47308350e+03
   2.25706738e+03   2.42919781e+05   0.00000000e+00   9.88593164e+03
   6.85844360e+02   3.73036016e+04   4.47636768e+03   7.13904980e+03
   1.20938252e+04   1.67763652e+04   7.34056152e+03   4.27549170e+03
   1.91497531e+05   8.44894375e+04   1.21224072e+04   6.69010803e+02
   6.70536328e+04   1.12594053e+04   4.21244000e+05   4.58985000e+04
   1.59223562e+05   2.36562148e+04   2.22123486e+03   7.20568298e+02
   6.56710625e+00   1.09926643e+02   5.85736641e+04   5.13072571e+02
   6.33497539e+04   3.31474571e+01   1.01950742e+05   2.66020355e+02
   0.00000000e+00   1.01658984e+03   2.52695023e+02   1.57555835e+03
   3.56550469e+04   2.77344775e+03   8.40915859e+04   1.17365889e+04
   1.21401917e+02   3.70246344e+05   6.38615688e+05   1.22083586e+05
   1.82938574e+04   2.13547637e+04   2.01185089e+02   4.50978577e+02
   4.59473789e+04   2.66191748e+03   5.61395812e+05   1.45941191e+04
   1.72245117e+02   7.86093262e+03   1.22668125e+04   9.05024609e+03
   1.82435684e+04   2.11746680e+03   6.04244324e+02   4.15357305e+04
   1.38370941e+02   1.19309992e+05   2.59133047e+04   4.21944492e+04
   1.10391445e+01   9.43972000e+05   2.40501328e+04   3.49771406e+05
   9.61131738e+03   1.36274500e+03   1.17913076e+04   1.81771553e+00
   6.69774597e+02   3.50100586e+02   1.15043457e+03   2.43406191e+04
   1.98998340e+04   5.45256836e+03   3.09842334e+03   1.19457529e+04
   4.58342725e+03   1.16468289e+05   6.86999268e+03   8.51499329e+02
   4.74027977e+01   2.56431230e+04   1.28627527e+03   4.51933086e+04
   4.38809883e+04   2.99104785e+03   7.51735449e+03   2.59536400e+01
   4.94386406e+04   2.86099072e+03   7.56897217e+03   1.10198273e+05
   5.43012256e+03   1.39969188e+05   3.12934753e+02   1.21884668e+04
   5.06255469e+04   4.32808502e+02   2.03158922e+05   2.54133255e+02
   3.65464722e+02   3.37111969e+02   6.15083008e+03   2.19383118e+02
   1.33096777e+03   1.13958118e+03   4.35272812e+04   2.37896375e+05
   7.11703735e+02   2.73545391e+04   4.46533432e+01   2.09671387e+03
   1.36305457e+03   3.84940015e+03   2.45226172e+04   1.26327451e+04
   4.63441562e+04   7.99344531e+03   6.45050312e+04   2.74973984e+04
   5.07382599e+02   4.41543164e+04   3.99697827e+03   5.35520020e+03
   5.17331914e+04   4.23146240e+02   1.32866875e+05   1.19713501e+03
   1.35835766e+05   5.49719312e+05   4.79376250e+04   3.87448462e+03
   6.81841187e+02   6.52254805e+04   3.27200584e+01   1.34633621e+02
   1.76904551e+04   5.95652344e+03   3.43805396e+03   1.13064629e+04
   2.37679102e+03   5.63789101e+01   1.68375527e+04   2.44624359e+05
   1.47741328e+05   5.60765686e+02   5.76895264e+03   1.10340400e+04
   4.03101344e+05   0.00000000e+00   1.15870544e+03   8.06140186e+03
   2.72011562e+04   2.44905879e+04   8.06436016e+04   8.22660294e+01
   1.04133047e+04   7.65957227e+03   8.63540344e+01   7.88803594e+04
   9.17504297e+03   4.50566406e+03   1.13326641e+04   3.70846719e+04
   2.99630879e+04   2.04473406e-01   2.51483597e+02   1.32800918e+04
   2.13599170e+03   2.44523652e+04   1.36905840e+04   1.07221172e+05
   1.12217871e+03   3.17284023e+04   1.45703262e+06   3.08753516e+03
   9.99052551e+02   2.95575757e+03   1.06612612e+06   1.97552600e+03
   6.60897266e+03   1.45142532e+02   1.28511584e+03   1.21425574e+03
   3.91606328e+04   3.91563344e+05   2.29248867e+01   3.11127930e+01
   1.92354844e+05   2.05099316e+04   4.79678571e-01   6.23376484e+04
   4.28734717e+03   1.34782544e+03   4.87899933e+02   2.07605420e+03]
[  2.75728882e+02   1.52156133e+04   3.70065078e+04   3.39110781e+04
   5.32473999e+02   9.11474141e+04   6.24972656e+02   5.48351123e+03
   8.02728119e+01   3.95428696e+01   7.47447188e+04   7.90118213e+03
   2.12846704e+03   4.01054810e+03   4.26306104e+03   2.49546860e+02
   1.72732305e+04   2.01698008e+04   3.32096055e+04   2.61930225e+03
   5.25392227e+01   8.98235391e+04   1.63347864e+03   1.71930984e+02
   4.37738359e+04   1.78349668e+04   9.61499844e+04   1.03244775e+04
   7.91944141e+04   2.07110918e+04   1.12923994e+04   1.24123172e+05
   1.36483975e+04   3.34269922e+04   4.18650430e+04   7.98239609e+04
   1.04995578e+05   1.70192639e+03   9.65377731e+01   3.30588359e+04
   5.47524033e+01   1.27339461e+05   5.30303164e+04   3.56767773e+04
   1.20726410e+02   9.43717578e+03   6.49194092e+03   2.11065430e+04
   0.00000000e+00   2.72542207e+04   8.91441484e+04   3.43261902e+02
   0.00000000e+00   1.39051279e+04   6.50667334e+03   9.34260059e+03
   2.08658447e+01   5.25059082e+02   1.39277435e+02   3.53065125e+02
   1.01948633e+03   1.41485672e+05   2.14317949e+04   1.91543542e+03
   1.11458435e+03   9.21522266e+03   9.95921143e+02   6.66537247e+01
   6.40964209e+03   1.31808569e+03   3.92775469e+04   1.93768164e+03
   6.15427852e+04   7.21906189e+02   8.63894558e+00   5.38183167e+02
   4.36648041e+02   1.47382679e+01   1.15570578e+05   6.05444336e+04
   9.01723099e+01   4.13268945e+03   1.72159961e+04   8.75278125e+04
   8.08969971e+02   0.00000000e+00   9.42029343e+01   6.14163818e+02
   1.20303031e+05   7.76674219e+04   1.05465996e+04   4.87434616e+01
   1.06442695e+05   2.62134688e+04   3.79077148e+04   1.06350361e+04
   1.85389473e+04   8.86504517e+01   4.52998125e+04   2.12081133e+04
   4.84983594e+03   1.87692337e+02   1.33651906e+05   3.90962085e+03
   3.66031797e+04   3.28815547e+04   1.50444055e+03   6.66893750e+04
   8.25820547e+04   1.38141504e+03   8.24699805e+03   4.24930267e+02
   2.57924004e+04   1.14415039e+02   4.98736847e+02   3.28911836e+04
   0.00000000e+00   1.58897646e+04   6.01084518e+00   3.56273594e+04
   7.04593994e+02   1.03912984e+05   1.75168828e+04   1.60297046e+03
   1.01633682e+04   4.25562656e+04   2.88066382e+03   2.19236328e+04
   1.97751328e+04   4.85363867e+03   4.34048218e+02   1.15131133e+04
   1.19397021e+04   1.10588857e+04   3.85272734e+04   1.67734718e+01
   3.90765283e+03   2.18250870e+02   1.80127600e+03   2.59197178e+01
   4.10868711e+04   1.78260144e+03   1.33701250e+04   6.91487350e+01
   3.62577100e+03   6.54045557e+03   2.11495898e+03   7.28214014e+03
   7.92805420e+02   1.59043477e+04   1.05121266e+05   5.05780957e+03
   4.98234314e+02   7.43385742e+02   1.13263641e+02   0.00000000e+00
   1.41291748e+02   5.55632019e+02   2.06942398e+02   1.04821477e+05
   1.51112568e+04   3.04592749e+03   2.46046094e+04   0.00000000e+00
   5.06453516e+04   1.21941614e+03   7.27814453e+04   3.06362133e+01
   4.68922539e+04   2.99651934e+04   7.56355103e+02   8.31617578e+03
   5.17335742e+04   1.60601794e+03   3.92088789e+04   6.67090391e+04
   3.23008555e+04   7.42716846e+03   1.00666387e+04   8.53915955e+02
   2.44065488e+04   7.36191654e+00   1.62652529e+04   2.11911875e+04
   3.02790601e+03   2.54019102e+04   7.40009531e+04   8.13640869e+03
   2.74299683e+03   9.51074951e+02   1.74755811e+03   1.47741992e+04
   9.10571973e+03   1.21021094e+05   8.78605547e+04   4.41327852e+04
   1.89331641e+04   2.32858066e+04   3.51556372e+03   3.08182690e+03
   1.21550594e+05   2.55215234e+04   1.16999102e+01   7.47835078e+04
   1.10763898e+05   1.76335770e+02   4.66824570e+04   8.39505469e+04
   0.00000000e+00   2.12435989e+01   4.34667877e+02   2.85228821e+02
   1.16282471e+02   1.92588940e+03   4.07569023e+04   1.79493066e+03
   3.43954810e+03   1.42453672e+04   3.38163438e+04   1.77406504e+04
   2.81939478e+03   9.25430703e+04   8.83192158e+00   0.00000000e+00
   4.19867031e+04   5.93750146e+03   1.43897949e+03   0.00000000e+00
   5.20621826e+02   1.70410095e+03   7.98305969e+01   1.44521008e+01
   6.15856914e+04   6.32903984e+04   6.77516016e+04   1.50985388e+03
   5.33358203e+04   1.73303943e+03   9.84255762e+03   4.05634497e+03
   1.57792373e+04   2.59543359e+04   4.35453223e+03   3.44686680e+04
   1.18732495e+03   1.34823578e+05   5.15479639e+03   2.93224468e+01
   1.90004180e+04   4.11253242e+04   2.89753594e+04   5.38833086e+04
   3.31175684e+03   1.27251648e+05   1.44585205e+04   6.34708750e+04
   8.22676719e+04   8.17040222e+02   2.15249195e+01   8.05051875e+04
   5.69589922e+04   1.66201416e+02   3.08603662e+03   1.61027222e+03
   2.41443386e+01   8.49768848e+03   6.05020935e+02   9.60804375e+04
   5.99424844e+04   4.32417480e+02   0.00000000e+00   4.86643982e+02
   8.28286426e+03   5.66334619e+03   1.03616523e+05   3.79396484e+04
   1.18933070e+00   2.03600883e+01   1.11814211e+05   8.10523242e+03
   1.60863628e+01   1.10229053e+03   5.38408936e+03   1.00433477e+05
   2.85908301e+03   1.93367078e+03   1.34850140e+01   4.99079559e+02
   3.98236115e+02   5.03309033e+03   1.27199639e+04   1.27310830e+04
   6.08593203e+04   2.56200508e+04   4.86215234e+04   1.43125378e+03
   1.40663576e+00   8.20004749e+00   2.32879395e+04   9.81872500e+04
   0.00000000e+00   1.21789771e+03   2.13250566e+04   2.11951694e+01
   7.01668152e+02   6.30685938e+04   3.09373438e+03   7.35813522e+01
   6.68932734e+04   3.43033112e+02   2.79294434e+01   1.55288486e+04
   2.33905823e+02   1.18926025e+03   7.62402734e+04   6.58809531e+04
   8.36768341e+01   4.40792617e+04   6.86787354e+03   8.33592676e+03
   2.46978088e+02   8.20456738e+03   1.06943977e+05   3.55750513e+03
   9.75522031e+04   1.12351797e+05   1.41821719e+05   3.19195723e+04
   3.88622617e+04   1.10145618e+03   3.68020938e+04   4.28344775e+03
   7.74859062e+04   2.03480179e+02   3.09375854e+03   6.40261211e+04
   5.67709167e+02   1.37793838e+04   2.12691333e+03   3.07616113e+04
   5.92056484e+04   1.12888318e+03   1.17730381e+04   3.42814636e+01
   6.75620728e+01   9.37943066e+03   1.84719805e+04   2.39130035e+02
   9.76551562e+03   6.91161072e+02   2.33201016e+04   1.94278458e+02
   6.77289062e+02   4.87784922e+04   4.25389600e+03   7.85703369e+02
   1.08787297e+05   1.09343933e+03   3.55329766e+04   1.70650938e+04
   4.69442656e+04   5.59249141e+04   1.94450287e+02   2.38878403e+02
   2.98891992e+03   8.71987793e+02   7.99086953e+04   4.55259863e+03
   5.25473555e+04   4.18999561e+03   5.58082471e+03   2.68455420e+03
   2.31932988e+04   1.03270935e+03   3.04772871e+04   1.01044209e+04
   8.58736426e+03   5.24684912e+03   4.37687805e+02   4.09054474e+02
   3.32207656e+04   1.08977900e+04   6.73548508e+01   1.62199131e+04
   2.27110962e+03   3.28508032e+03   3.64648218e+03   1.72076582e+04
   9.26133118e+02   8.03173752e+01   1.52131140e+03   1.27624634e+02
   6.74435693e+03   1.06080205e+04   3.32479492e+04   8.94840234e+04
   1.42281204e+02   5.46094788e+02   2.00608057e+03   2.88687408e+02
   1.34872513e+01   4.08610083e+03   3.66189609e+04   9.53846172e+04
   5.22276562e+04   8.19538379e+03   6.78738770e+03   7.01143417e+01
   3.21688747e+00   1.84004574e+01   1.66170508e+04   1.67552422e+04
   4.00665503e+03   9.48864319e+02   4.10151055e+04   1.92182930e+04
   7.85471558e+02   1.20535820e+04   4.39545664e+04   9.53466699e+03
   3.12478076e+03   3.81399707e+03   3.55611694e+03   5.43674336e+04
   6.26449375e+04   1.50746592e+04   3.10641641e+04   4.63067676e+03
   9.33513203e+04   1.06426257e+03   2.08891983e+02   5.73233740e+03
   7.15990938e+04   2.78638613e+04   1.73833242e+04   4.46811719e+03
   8.31929626e+01   7.68818359e+02   2.66030371e+04   8.89838477e+03
   2.53368613e+04   8.68305664e+03   5.07017578e+03   0.00000000e+00
   0.00000000e+00   2.67872422e+04   1.07713486e+02   2.62667065e+03
   3.20101221e+03   5.44458750e+04   1.28095459e+03   7.79044375e+04
   2.06361543e+04   0.00000000e+00   4.19950342e+03   4.58869517e-01
   1.14930151e+03   2.54304297e+04   4.29874153e+01   3.42076050e+03
   3.36396576e+02   8.88914258e+03   8.85215988e+01   6.80822754e+03
   1.50967832e+04   8.52156797e+04   6.27300964e+02   5.86829805e+00
   9.29490845e+02   1.74650452e+03   6.70255995e+00   1.07444421e+03
   6.32379883e+03   3.86904755e+01   1.64800671e+03   1.40058899e+03
   2.53606016e+04   7.41500732e+03   2.08121016e+04   0.00000000e+00
   1.26744507e+02   6.35131409e+02   6.14624414e+04   1.33603379e+04
   1.08579785e+04   3.45270228e+00   2.84714038e+03   2.26739502e+00
   1.20400986e+04   1.99978564e+03   1.37791359e+05   2.57098206e+02
   1.05161631e+04   1.47833167e+03   5.89238525e+03   4.89887402e+03
   3.55255127e+03   1.06379719e+05   3.29586963e+03   3.76681562e+04
   1.16993164e+03   2.16966476e+02   5.51947653e-01   1.70960469e+04
   1.54298987e+03   5.83338555e+04   2.74715039e+03   0.00000000e+00
   3.82498359e+04   4.14218292e+02   1.01290759e+03   1.54052312e+05]
[  5.71941602e+03   7.42527002e+03   1.21068640e+03   6.49075651e+00
   3.31349805e+04   1.82209511e+01   5.03650117e+04   1.85330742e+04
   9.93755000e+04   8.69216309e+01   2.81694489e+02   1.49053965e+04
   1.23098183e+02   8.43712188e+04   5.17444922e+03   5.38789654e+00
   8.21805847e+02   3.58164355e+03   9.03621460e+02   1.06275647e+03
   3.88232837e+03   3.10554517e+03   2.42217627e+03   3.65890694e+01
   1.54231155e+02   1.40061631e+04   1.21638660e+03   2.67156602e+04
   1.34776367e+03   4.57272614e+02   1.25548241e+02   2.34381485e+02
   5.36142456e+02   2.53845644e+00   4.57417969e+02   8.34904236e+02
   2.13260059e+03   6.69083405e+00   2.34145020e+04   3.14748779e+02
   1.44577422e+04   1.91818213e+03   1.22617836e+02   3.29328984e+04
   2.42982251e+03   5.42598389e+02   4.25323584e+03   2.14372040e+02
   6.94319275e+02   4.28126099e+02   3.50475098e+02   4.56320190e+00
   8.87106955e-02   5.94998535e+03   1.02924548e+03   4.11552979e+03
   8.13497266e+03   4.31520508e+02   8.14098511e+01   0.00000000e+00
   3.47742128e+00   7.63374573e+02   2.33089676e+02   6.37510925e+02
   1.31393448e+02   1.83099030e+02   8.75024316e+03   7.03030029e+03
   4.73874961e+04   1.22475746e+02   8.84155121e+01   4.97487734e+04
   9.06120224e+01   5.26238330e+03   6.21549988e+02   1.31429504e+03
   0.00000000e+00   6.41277686e+03   5.96572510e+02   6.82632935e+02
   9.24967224e+02   1.08348945e+05   4.30877695e+04   1.28622578e+04
   9.57682129e+02   3.74591408e+01   6.10725439e+03   1.62760352e+03
   2.40213672e+03   2.87064087e+02   1.51435088e+04   5.41180225e+03
   1.16284607e+03   0.00000000e+00   4.74968213e+03   5.23440323e+01
   1.02536511e+03   1.66643086e+04   8.16095361e+03   7.13766211e+03
   1.47772571e+03   4.45761084e+03   1.10180273e+03   2.13334484e+01
   1.08109863e+02   1.88530566e+03   2.18855645e+04   4.45163689e+01
   5.84851602e+04   8.72502656e+04   3.79882111e+02   1.19664040e+02
   1.76102905e+02   7.64714722e+02   8.06966719e+04   2.09204761e+03
   2.75922791e+02   1.31793555e+03   9.49634361e+00   1.54858429e+02
   2.20403687e+02   4.67342090e+03   9.22452759e+02   9.59948826e+00
   3.58460703e+04   8.65952301e+01   3.56768433e+03   3.53187103e+02
   1.42059113e+02   2.55124844e+04   1.26904182e+02   6.47126099e+02
   4.43772430e+02   7.57677295e+03   2.05696191e+04   1.22770395e+01
   2.79579285e+02   3.66537567e+02   1.76529805e+04   0.00000000e+00
   9.79031372e+01   1.70776108e+02   8.13477539e+03   8.94369049e+01
   4.38855762e+03   1.43685791e+04   2.58907129e+03   4.60114180e+04
   1.05640063e+03   3.79004492e+03   7.28884375e+04   5.46002197e+03
   1.86319590e+04   1.00549823e+03   1.21321480e+02   7.06375312e+04
   4.29858154e+03   2.03323203e+04   1.13199780e+03   3.68649805e+03
   4.40660107e+03   6.53062549e+03   0.00000000e+00   1.20672577e+02
   3.70114375e+04   3.60037866e+03   8.49298906e+04   1.25851316e+01
   4.90824170e+03   1.98309316e+04   4.37015503e+02   1.04754272e+03
   7.64208359e+04   1.70671230e+04   2.08196735e+01   2.24645874e+02
   2.12886621e+03   1.00610703e+04   6.89656250e+02   4.44509766e+02
   9.43481797e+04   3.36125793e+02   2.39771347e+02   0.00000000e+00
   1.82548516e+04   6.26619102e+04   9.02473354e+00   4.73640533e+02
   2.77952911e+02   7.15665547e+04   1.44603552e+03   2.26509903e+02
   4.68490887e+00   6.30401484e+04   5.96317383e+03   5.71932617e+03
   1.58723783e+01   1.78175645e+04   9.03285034e+02   4.89758945e+04
   2.70141348e+04   1.12750282e+02   0.00000000e+00   1.46955124e+02
   1.68256172e+04   3.90679932e+02   1.66311859e+02   3.10533765e+03
   1.32537521e+02   6.65561084e+03   1.43501843e+03   3.38137329e+02
   5.57522217e+03   8.45357031e+03   4.56383281e+04   7.89719844e+04
   4.17815508e+04   1.77634995e+02   2.22522263e+02   4.01192266e+04
   1.37246045e+04   3.10321693e+01   2.58149194e+03   1.14250885e+02
   7.44370068e+03   2.48311698e-01   4.95625928e+03   4.74542852e+04
   8.41176941e+02   4.82882275e+03   6.58260156e+04   7.30928101e+02
   1.74048264e+02   6.51977295e+03   5.25888920e+00   1.02799117e+05
   8.15456016e+04   2.66093799e+03   2.24434299e+01   4.11301537e+01
   2.23043628e+03   2.34864185e+03   7.42743912e+01   1.41355066e+03
   7.44555615e+03   4.08227832e+03   0.00000000e+00   7.56457031e+04
   5.93258896e+01   4.09411964e+01   1.23503833e+03   2.71656303e+01
   7.35845215e+03   2.25202727e+00   2.07560730e+01   9.43745956e+01
   3.27114349e+02   2.71310815e+03   5.00562891e+03   7.63986963e+03
   2.34419556e+03   1.42124011e+03   1.42784143e+03   3.37152954e+02
   1.46643713e+03   1.00829766e+04   1.83662048e+02   1.66046641e+04
   4.21647949e+03   5.52163281e+03   1.20400673e+02   3.23040405e+02
   3.51721741e+02   2.46497631e+01   2.70605350e+00   9.06706005e-02
   2.02618398e+04   0.00000000e+00   1.97849829e+03   1.49221162e+04
   5.68063379e+03   2.13861710e+02   2.06958477e+04   0.00000000e+00
   4.72823601e+01   1.14171445e+04   1.29282436e+01   2.43691133e+04
   5.19621094e+02   1.36360205e+03   7.76197815e+01   3.75264185e+03
   8.04365234e+04   7.97628418e+03   4.03588867e+03   1.39252344e+04
   5.38136758e+04   1.70926233e+03   7.40549545e+01   1.66501685e+03
   0.00000000e+00   2.06510571e+03   2.41935859e+04   9.35145187e+00
   3.09754321e+03   1.84522031e+04   2.79301636e+03   8.29188281e+04
   4.00272942e+01   2.12534988e+02   3.76222351e+02   3.53668652e+03
   3.22065332e+04   4.62692528e+01   8.97260437e+02   1.25036819e+02
   5.92458984e+04   3.77130508e+00   3.01123077e+02   8.50731354e+01
   1.39954028e+03   2.03079473e+04   2.14609512e+04   2.31120996e+04
   9.37008750e+04   5.55956665e+02   3.01508276e+03   1.18602529e+04
   2.03619049e+02   5.75650990e-01   8.41412969e+04   3.84150312e+04
   8.96521072e+01   1.42937231e+03   1.61636230e+04   2.98355884e+03
   0.00000000e+00   8.78074219e+03   1.85138489e+02   1.68966400e+02
   1.90869375e+04   5.98951953e+03   1.99214490e+03   4.61673672e+04
   3.84813461e+01   2.84403955e+03   3.37956390e+02   1.94722402e+04
   5.81953867e+04   3.38397614e+02   1.92093155e+02   1.38175891e+03
   3.38426147e+02   2.82931030e+03   1.03754086e+05   4.14508477e+04
   1.12448560e+03   2.36508209e+02   8.25293359e+03   3.33788261e+01
   5.18427686e+03   9.58975464e+02   4.19656515e+00   1.76423172e+02
   1.95197129e+04   3.84749453e+04   1.32227942e+03   1.53355967e+04
   1.77129700e+02   3.60890820e+04   4.15463352e+00   1.27494199e+04
   1.19198120e+03   9.04379141e+04   5.88588928e+02   1.54103979e+03
   1.21793236e+02   1.68789368e+02   2.14293994e+03   2.40909023e+04
   1.44408076e+04   6.71447656e+03   1.01092062e+01   5.31744385e+02
   3.85510254e+02   2.96828672e+04   4.30842461e+04   5.10339600e+03
   7.04469688e+04   2.33997119e+03   9.28479731e-01   9.56084538e+00
   4.10315967e+03   5.62848682e+03   1.92745386e+03   5.52756787e+03
   3.69569946e+03   2.02276230e+01   2.43401733e+02   1.20378552e+03
   1.99482224e+02   3.21299268e+03   1.66421191e+04   1.55877168e+04
   6.44956445e+03   0.00000000e+00   8.13196719e+04   7.36279968e+02
   2.62648901e+03   3.49439659e+01   8.63003027e+03   8.09126587e+02
   2.59092993e+03   6.75376367e+03   4.42498093e+01   1.16170824e+00
   6.48357086e+01   1.57808337e+03   6.78002148e+03   5.79958382e+01
   7.67129028e+02   2.26219788e+02   4.85161572e+03   4.60989062e+03
   5.59966504e+03   3.42014375e+04   1.85694458e+02   1.01400864e+00
   3.54912158e+03   6.53829117e+01   2.31678418e+03   4.26476562e+04
   1.97592249e+03   1.00913139e+02   4.01913910e+02   1.71370435e+03
   2.93045801e+03   9.27309509e+02   5.75900195e+04   8.16705127e+03
   1.49729844e+04   7.51778442e+02   2.83552539e+03   2.38519287e+03
   8.16136169e+00   5.63302307e+02   4.91794775e+03   4.18131439e+02
   4.13006134e+02   2.13719467e+02   0.00000000e+00   1.25222424e+03
   1.00244629e+00   0.00000000e+00   1.16248350e+04   0.00000000e+00
   0.00000000e+00   2.33989209e+03   0.00000000e+00   7.69894897e+02
   7.89556494e+03   4.16436768e+02   7.33319189e+03   5.46295593e+02
   8.14433047e+04   2.79310957e+04   6.51281616e+02   4.63833594e+03
   3.31056946e+02   1.58317500e+04   2.17289766e+04   1.70413086e+02
   3.36128296e+02   6.62322769e+01   5.81521790e+02   7.56377881e+03
   2.26725195e+03   2.87359558e+02   2.33529370e+03   0.00000000e+00
   9.29800293e+03   6.02975879e+03   1.41934106e+03   6.39518814e+01
   3.73275299e+02   7.87312927e+02   4.57395586e+04   1.24834764e+00
   1.96628326e+02   1.60751770e+02   1.01508930e+05   9.95995508e+03
   9.74924164e+01   1.78997147e+02   1.11072755e+00   6.19162500e+03
   2.88827942e+02   4.24251404e+01   9.74353394e+02   4.33281445e+03
   9.65867798e+02   1.67505762e+03   8.69780731e+00   4.24976624e+02
   8.17896057e+02   1.09994398e+05   4.47885132e+01   6.86668213e+02
   0.00000000e+00   1.67367949e+04   6.59815674e+03   4.63258789e+03]
[  1.86617172e+02   1.33262256e+04   1.56567093e+02   1.92164392e+03
   9.15881226e+02   2.45960840e+04   9.76932755e+01   1.11844365e+04
   7.92975781e+03   4.45850547e+04   4.10216644e+02   6.86708984e+01
   5.96854932e+03   3.67514414e+04   2.53440332e+03   3.20260071e+02
   1.97618335e+03   1.88902539e+03   6.88620469e+04   1.09009595e+03
   4.37594461e+00   3.90052295e+03   3.02511688e+02   6.19653931e+02
   1.39946777e+04   1.05198433e+02   1.26972324e+04   1.59479309e+02
   5.46420044e+02   2.35363232e+03   1.58352002e+03   1.89733679e+03
   6.46348999e+02   0.00000000e+00   3.76617163e+03   5.88434830e+01
   4.87990814e+02   8.09932188e+04   1.33213446e-01   5.92778076e+03
   8.03198242e+03   3.03608971e+01   4.61190045e-01   5.41945007e+02
   7.24236768e+03   1.82042297e+02   7.50974512e+03   1.29118740e+04
   2.29958206e+02   2.24979401e+01   6.56316650e+02   3.48083447e+03
   9.39365005e+01   1.48287393e+04   1.59193125e+04   4.28705430e+04
   3.77632599e+02   1.21165254e+04   2.15854950e+01   3.36341138e+03
   2.37763232e+03   9.47797058e+02   1.24961035e+03   3.74290955e+02
   3.84823999e+03   3.18458984e+02   8.53123245e+01   1.23822304e+02
   1.03342674e+02   2.92978268e+01   8.14024353e+02   1.48635654e+04
   4.01633203e+04   1.10438103e+02   2.97478770e+04   1.87456360e+01
   8.46153412e+01   4.08935669e+02   4.46498688e+02   1.95324805e+04
   9.09742920e+02   3.50741992e+04   2.29168574e+04   7.76691357e+03
   7.35216328e+04   4.14299927e+01   2.62947827e+03   1.14141211e+04
   1.31323652e+04   3.06291895e+04   1.06434946e+01   4.04520679e+03
   5.92513245e+02   8.33223438e+03   1.07393286e+03   5.27093506e+03
   9.89833594e+03   8.76540065e-01   1.45464355e+04   5.35524475e+02
   1.30332613e+01   1.48579016e+03   1.27865318e+02   4.41780615e+03
   1.58816707e+00   8.03853750e-01   9.84420227e+02   4.38228555e+04
   6.09312105e+00   2.45019434e+04   3.09199677e+02   6.28885742e+04
   2.23553296e+03   5.63576088e+01   3.23365593e+00   3.49643127e+02
   2.35465134e+02   2.35311875e+04   5.26519043e+02   2.14144421e+01
   0.00000000e+00   1.11177844e+03   7.64978711e+03   1.36569687e+02
   4.10847565e+02   9.89949414e+03   1.86937210e+02   1.41655540e+01
   5.69163513e+02   1.16286789e+02   2.10281191e+04   7.62001953e+02
   1.37577896e+02   2.18707593e+03   3.70503815e+02   5.74124805e+03
   5.08871523e+04   0.00000000e+00   1.23183952e+02   2.81221828e+01
   2.04919726e-01   9.45907211e+01   5.10386993e+02   5.48029785e+02
   1.42670059e+02   1.38255164e+03   3.19804175e+03   0.00000000e+00
   2.23610275e+02   5.14993828e+04   9.37212448e+01   1.09380524e+02
   1.05595984e+03   3.87933984e+03   3.87748474e+02   1.67071230e+04
   1.05653925e+01   5.03763458e+02   1.41203842e+02   9.88904199e+03
   1.21405113e+02   5.59067749e+02   2.06691452e+02   3.68862038e+01
   5.40534492e+04   7.31279449e+01   1.67252213e+02   5.07863184e+03
   6.90519238e+03   1.73976621e+04   0.00000000e+00   9.41790104e+00
   6.90358545e+03   8.77166199e+02   2.72644825e+01   2.81649341e+03
   4.92181992e+04   3.80183167e+02   4.23684023e+04   2.51770459e+03
   3.08196387e+04   2.21702910e+04   2.76373024e+01   4.58284326e+03
   1.51440454e+03   1.69917297e+00   2.15047290e+03   3.14768188e+03
   1.22772799e+01   4.58152985e+02   3.34506897e+02   1.25819107e+02
   1.57958545e+03   8.87787402e+03   9.21356873e+02   1.30525000e+04
   2.15897852e+03   3.39294189e+02   4.10221375e+02   2.71494409e+03
   2.33184058e+03   7.94286621e+02   9.36430908e+02   0.00000000e+00
   1.97792249e+03   2.14166397e+02   3.03149194e+03   2.62808276e+03
   5.84763867e+03   7.70380938e+04   1.08990395e+02   5.42987183e+02
   5.23585449e+03   5.06195410e+03   1.26877998e+02   1.19567031e+04
   7.54796719e+04   2.47533207e+01   1.01433319e+02   3.73362524e+03
   1.16503213e+04   8.34852829e+01   2.65497494e+01   1.46840588e+03
   3.38871521e+02   6.71494446e+01   1.37022924e+01   1.06897240e+02
   3.76540253e+02   1.37636185e+02   3.23150063e+01   1.80827927e+02
   1.23501733e+03   4.99111633e+01   2.29260235e+01   2.54819393e+01
   7.58179474e+01   2.55720612e+02   1.21808118e+03   3.27104568e+01
   9.21637821e+00   2.99532013e+01   1.36901758e+03   4.43106797e+04
   4.15651055e+04   7.93280859e+03   1.63705750e+02   9.63154053e+02
   3.22777214e+01   1.00323920e+03   4.76021820e+02   5.80873909e+01
   9.44069141e+03   7.55879639e+02   0.00000000e+00   1.36310272e+02
   2.48723730e+03   3.97980728e+01   1.10287842e+03   4.11716537e+01
   2.65393799e+02   1.06387024e+03   1.68379028e+02   1.72576504e+01
   4.63682305e+04   1.70821484e+03   4.01728438e+04   9.20059143e+02
   2.25869336e+03   4.83920193e+00   1.20471390e+02   1.11237061e+03
   4.94756813e+01   1.05848083e+01   4.47458008e+04   7.72893250e+02
   1.36754297e+03   8.77666504e+02   5.14958643e+03   8.78690430e+03
   5.35929382e+02   1.23227325e+02   5.12866760e+02   8.37758125e+04
   3.09106104e+03   1.55236523e+03   1.06201631e+04   4.17206177e+02
   7.61009155e+02   1.30524893e+04   2.58197192e+03   3.33542114e+03
   1.46875312e+04   1.12619470e+03   9.05036469e+01   1.08471082e+03
   2.88774390e+03   7.62479919e+02   6.61911719e+03   7.92207193e+00
   9.98854756e-01   5.91838501e+02   9.91738281e+03   1.29827576e+02
   1.63977832e+04   6.54508789e+04   1.02919531e+03   1.84947998e+03
   5.26923682e+03   4.82223340e+03   5.51326811e-01   3.24824634e+03
   3.77928257e+00   1.95392993e+03   4.95053564e+03   1.42654717e+04
   4.89468719e+02   3.93766577e+03   5.68602104e+01   1.60435762e+04
   5.05391309e+03   2.86547441e+04   1.61780249e+03   3.45880820e+04
   9.79893036e+01   6.13297180e+02   2.41377368e+03   6.34590515e+02
   7.41642883e+02   1.95395767e+02   7.18102734e+03   4.13325586e+03
   0.00000000e+00   2.02158887e+03   2.27286697e+02   1.95315845e+03
   3.19458923e+01   6.91904492e+03   1.66944507e+03   2.14214492e+04
   3.51879961e+04   1.19174695e+03   1.29574463e+02   2.39182205e+02
   3.21454310e+00   3.20562958e+02   2.22543926e+04   1.71253235e+03
   6.93049072e+03   7.88847119e+03   3.03641309e+03   7.41748438e+04
   1.81201202e+02   1.44240088e+03   1.40528503e+03   1.69342865e+02
   1.98390371e+04   2.67583130e+03   2.16763652e+04   9.60674953e+00
   5.90540273e+04   3.72260529e+02   3.49151758e+04   1.06382373e+03
   7.91877295e+03   2.54098846e+02   3.00246410e+01   4.11097070e+03
   4.44831146e+02   1.11018396e+03   1.39022079e+02   3.99036768e+03
   1.86635086e+02   7.61573535e+03   3.30003906e+02   1.22161109e+05
   1.48790127e+04   1.09255396e+03   6.51150781e+03   1.40421362e+03
   6.40746994e+01   1.44927594e+05   3.84160156e+03   4.61031860e+02
   4.71847900e+02   6.09354590e+03   1.21680313e+02   2.74958062e+00
   9.31368225e+02   7.90846436e+02   7.54854922e+04   3.39159326e+03
   2.69333960e+03   4.72982578e+04   6.98450547e+04   1.53240631e+02
   2.06250336e+02   7.73577637e+03   3.42227319e+03   7.84218701e+03
   2.38406784e+02   2.60986152e+04   2.43672168e+03   2.07002148e+03
   1.86797619e+01   1.78688867e+04   5.94073563e+01   2.12968359e+03
   1.05000842e+03   2.67933813e+03   1.21673645e+03   1.12523379e+04
   1.30923105e+04   6.85626770e+02   1.26839819e+03   3.34048986e+00
   1.39310144e+03   1.95672516e+02   2.39630923e-01   1.89199554e+02
   2.05343018e+02   3.18954258e+04   6.76778271e+03   1.26652613e+01
   3.52018768e+02   7.99809668e+03   5.59433472e+02   8.33094177e+01
   3.34456421e+03   6.55096191e+03   4.83570703e+04   4.42548492e+02
   9.25825391e+03   4.42979797e+02   7.18572998e+01   1.06706291e+02
   1.32899963e+02   0.00000000e+00   2.45655898e+04   6.68626738e+00
   3.75415382e+01   5.09114151e+01   7.43569260e+01   0.00000000e+00
   3.34146614e+01   1.90053828e+04   3.83697815e+02   2.19113480e+02
   1.56696045e+03   2.45767832e+04   9.29649200e+01   9.16681824e+02
   2.01121796e+02   1.52706641e+05   3.19264824e+04   8.24277401e+00
   2.34493384e+03   8.19630859e+03   1.97715020e+04   1.05940176e+04
   1.62773076e+04   1.62912246e+04   8.53841211e+03   2.23151343e+03
   1.21495791e+04   2.30312476e+03   1.82008057e+02   1.85334641e+02
   6.78486206e+02   3.31125488e+01   1.15939453e+04   1.27150195e+04
   1.60680693e+04   1.71775352e+04   6.11838318e+02   3.74581970e+02
   6.60806458e+02   1.12130957e+03   9.68012878e+02   2.58520879e+04
   3.68590161e+03   1.47022324e+02   1.81992207e+04   3.34855591e+02
   0.00000000e+00   0.00000000e+00   3.97494995e+03   7.29747498e+02
   1.47452393e+03   8.16509668e+03   5.57855977e+04   1.76313145e+04
   1.20756787e+04   1.44344373e+03   1.58728500e+02   4.62117645e+02
   9.80211853e+02   6.25688095e+01   2.14544629e+03   4.55898291e+03
   2.40246035e+04   2.16479824e+04   2.89053154e+01   1.19382349e+03
   1.37629170e+04   1.93620273e+04   1.70378922e+02   4.51628304e+01
   3.24651917e+02   6.16996231e+01   5.10430832e+01   1.64531582e+04]
[  2.52337265e+02   9.04582214e+00   0.00000000e+00   6.96517725e+03
   2.57678253e+02   1.03470497e+01   5.23797655e+00   0.00000000e+00
   8.82936020e+01   1.28033585e+02   2.37007580e+01   2.27826080e+02
   2.45192032e+01   1.18723267e+02   1.81821990e+00   0.00000000e+00
   0.00000000e+00   3.33449890e+02   0.00000000e+00   0.00000000e+00
   3.05433228e+02   1.49263535e+04   5.79093701e+03   9.67335129e+01
   5.93938112e-01   0.00000000e+00   0.00000000e+00   1.18661389e+03
   1.63022934e+02   7.60281006e+02   7.34346729e+03   4.62144623e+02
   2.14789453e+03   1.14305595e+02   3.96160507e+00   1.42724255e+03
   9.16088104e+00   1.14389717e+04   1.63691528e+03   1.35616309e+03
   5.99711523e+03   6.75364227e+01   2.18184888e+03   1.16813940e+03
   1.00631247e+01   1.15722094e+01   2.82005054e+03   1.29822254e+00
   2.69410820e+01   4.49269485e+00   3.69725418e+01   1.57727222e+03
   0.00000000e+00   5.58603973e+01   1.60800964e+02   1.05401802e+02
   4.75829297e+03   4.79371674e+02   0.00000000e+00   2.40002472e+02
   1.99868576e+02   9.46734047e+00   0.00000000e+00   5.94766907e+02
   5.64515038e+01   1.89395837e+03   1.62514534e+01   1.10804009e+00
   2.32935562e+02   2.42909863e+03   1.53730194e+02   1.08826942e+02
   2.69621348e+00   5.70173950e+02   8.29884768e-01   1.33817444e+03
   9.00870514e+00   1.03493298e+03   1.02996092e+01   1.72942104e+01
   0.00000000e+00   1.07334816e+02   1.68993683e+02   1.65036487e+03
   1.04384987e+02   1.73290024e+01   1.47046413e+01   3.39781284e+00
   1.16625811e+04   1.93265808e+02   1.16612939e+04   9.51239853e+01
   1.42672070e+04   2.96472809e+02   0.00000000e+00   3.02778107e+02
   1.05060234e+04   1.55968704e+01   3.00829395e+03   9.13518677e+01
   5.94978638e+02   2.08945351e+01   6.42362690e+00   2.03760549e-01
   8.63350159e+02   1.36490100e+03   0.00000000e+00   1.57116959e+02
   3.77450633e+00   0.00000000e+00   4.64384270e+00   1.39686722e+02
   2.43052026e+03   3.85246094e+03   5.13381119e+01   0.00000000e+00
   1.50882080e+03   8.38580383e+02   3.78085556e+01   5.78140831e+01
   0.00000000e+00   3.73767792e+02   1.00754726e+00   3.50464773e+00
   1.21292686e+01   5.69542885e-01   6.32487297e+00   2.02225876e+00
   1.07119665e+01   9.23482361e+02   4.35911652e+02   7.84478577e+02
   0.00000000e+00   5.94698639e+01   3.84271576e+02   1.03547173e+02
   1.00655664e+04   8.88550262e+01   2.74808693e+01   1.52660568e+02
   2.88205225e+03   1.37689114e+01   5.00242281e+00   4.22458252e+03
   3.99441872e+01   5.37873125e+00   3.49057503e+01   5.14025879e+00
   2.68231735e+01   5.05451262e-01   0.00000000e+00   6.60971603e+01
   1.09245316e+02   3.88219738e+00   9.66605568e+00   0.00000000e+00
   7.42330750e+02   8.33579159e+00   9.51099634e-01   5.57787466e+00
   2.26022995e+02   6.38503990e+01   1.42533535e+04   8.47162720e+02
   1.48846606e+03   8.68563281e+03   0.00000000e+00   2.98713330e+03
   5.61300476e+02   4.79561523e+03   2.19404197e+00   4.32319043e+03
   1.14005117e+01   6.67168640e+02   1.66840858e+01   0.00000000e+00
   7.20319824e+01   2.50452900e+00   2.77947662e+02   0.00000000e+00
   8.94694977e+01   2.61546509e+03   0.00000000e+00   1.34668530e+03
   2.00704651e+02   8.14229346e+03   5.21726322e+00   1.85045338e+00
   4.65983545e+03   3.17110138e+02   2.49864044e+01   5.73339996e+01
   1.68444324e+03   3.31137604e+02   3.73329315e+02   2.15833313e+02
   2.75730267e+01   1.78030286e+03   2.71055298e+03   4.90554883e+03
   1.15581293e+01   1.38270264e+04   1.47768564e+01   2.22804031e+01
   4.90026016e+01   1.64566727e+01   8.94754761e+02   2.54931348e+03
   0.00000000e+00   2.53056055e+03   4.22000342e+03   8.39171387e+02
   0.00000000e+00   1.51146606e-01   1.45297775e+02   3.02882666e+03
   2.50877792e+02   3.67160645e+01   5.03701496e+00   6.73278503e+01
   8.74996567e+01   1.39442368e+02   4.22477051e+02   1.72247434e+00
   6.36170898e+03   8.12938965e+03   1.79512426e-01   2.27930784e+00
   9.02202353e-02   5.64578003e+02   6.96505661e+01   3.17155792e+02
   1.91164131e+01   9.65891479e+02   2.33787012e+03   5.09177208e+01
   6.50563278e+01   9.23465918e+03   8.71817231e-01   1.05850525e+03
   0.00000000e+00   1.22329727e+04   4.02362251e+01   0.00000000e+00
   0.00000000e+00   2.83329224e+02   7.77798584e+03   1.20777726e+00
   0.00000000e+00   6.95819473e+00   7.33627734e+03   7.91096354e+00
   5.80535927e+01   4.82708817e+01   3.01132894e+00   1.12673206e+03
   1.35434094e+03   6.87579346e+00   1.87746406e-01   7.54669531e+03
   6.59848709e+01   9.90192871e+01   0.00000000e+00   0.00000000e+00
   4.44440991e-02   0.00000000e+00   0.00000000e+00   1.35728320e+03
   1.17927161e+03   1.22918488e+02   0.00000000e+00   1.62540234e+03
   9.55219078e+00   1.28443672e+04   3.28107520e+03   2.05551815e+01
   3.93784131e+03   4.03219299e+01   7.83599091e+01   4.63218689e+00
   4.78950214e+00   4.95381012e+02   1.03238721e+04   1.80927383e+02
   1.69267869e+00   1.52505569e+02   1.56725513e+03   7.08445435e+01
   6.49124682e-02   4.71653271e+00   1.06825020e+02   2.50543066e+03
   9.54527649e+02   3.11275970e+02   0.00000000e+00   0.00000000e+00
   1.01937897e+02   1.14098480e+02   1.91858311e+01   1.56112814e+01
   3.61939606e+02   3.49495758e+02   7.17609912e+03   0.00000000e+00
   2.04140732e+02   0.00000000e+00   1.79455292e+02   1.22408724e+00
   1.01339170e+04   0.00000000e+00   1.13888438e+04   1.45975380e+01
   2.64690742e+01   0.00000000e+00   1.98376961e+01   6.43640869e+03
   3.89105347e+03   4.10533154e+03   5.33307373e+02   2.43365650e+01
   1.54964807e+03   1.19899416e+01   3.25018215e+00   1.81020859e+02
   4.50378143e+02   0.00000000e+00   1.31174278e+01   8.89167862e+01
   1.47331528e+02   9.01457500e+00   3.03531837e+01   4.88784375e+03
   5.28936310e+01   7.88059692e+02   3.07186554e+02   2.75814282e+03
   9.58646973e+02   2.61458813e+03   6.02503955e+03   2.43428116e+01
   1.57509729e+03   0.00000000e+00   1.03318398e+02   4.54309464e+00
   1.92812512e+03   9.85856593e-01   3.54291992e+03   6.71630173e+01
   7.59975342e+02   2.61654034e+01   3.48560905e+01   1.16152585e+00
   4.60207471e+03   2.84856491e+01   5.07559240e-01   5.95996819e+01
   5.93282422e+03   6.41169043e+03   6.99153467e+03   1.20325315e+00
   3.96644402e+01   0.00000000e+00   3.77522736e+01   1.77609436e+02
   5.44979248e+02   4.95954132e+01   0.00000000e+00   3.15285553e+02
   1.54429169e+02   0.00000000e+00   1.39619995e+02   3.57405444e+03
   1.38283685e-01   1.31547699e+02   6.13670883e+01   6.66417236e+01
   3.30779791e+00   5.12639847e+01   4.20641661e+00   1.90919861e+02
   4.61864357e+01   1.50306787e+04   2.36230145e+01   6.91407910e+03
   1.14177185e+03   2.10270654e+03   2.16029272e+03   4.28809967e+01
   3.23150391e+03   3.87087616e+02   5.04358490e+02   1.93254700e+01
   1.22901249e+01   0.00000000e+00   4.68536720e+01   7.68663254e+01
   0.00000000e+00   4.15243387e+00   2.31826538e+02   7.17655563e+01
   5.22697067e+01   1.03177588e+03   8.12168164e+03   4.37537861e+00
   2.05747787e+02   4.44027786e+01   2.64564789e+02   6.45099688e+00
   1.53836937e+01   1.04702607e+04   6.58975887e+00   1.61476460e+01
   1.41091700e+01   5.49389465e+02   3.32209424e+03   1.59141739e+02
   6.17489600e+03   4.63704872e+01   0.00000000e+00   0.00000000e+00
   1.75609668e+04   8.52750732e+02   6.96888962e+01   1.22098970e+00
   3.14424469e+02   1.52173386e+02   2.55799913e+00   3.08241367e+01
   2.38946056e+00   8.17079712e+02   2.70449414e+03   1.65832062e+01
   1.14877258e+02   2.52026880e+03   6.48788696e+02   2.37371464e+01
   2.53516617e+01   6.69683899e+02   1.17014961e+04   2.97685394e+01
   2.62097855e+01   9.30813026e+00   4.24103737e+00   2.25167191e+02
   3.66155014e+01   1.14446812e+01   8.29709082e+03   6.90144287e+03
   1.13687002e+04   1.13734961e+00   1.18646423e+02   9.17744980e+01
   2.94367896e+03   5.92822552e-01   7.08497253e+02   3.28167145e+02
   8.20447617e+01   1.30484502e+04   1.52348801e+02   2.01752783e+03
   5.90993762e-01   3.67930756e+02   8.12566910e+01   5.16252785e+01
   7.17400977e+03   9.38232899e+00   5.18575363e+01   9.02629256e-01
   1.37164998e+00   3.50556641e+02   2.40004501e+02   1.25044632e+00
   6.83280106e+01   4.85393604e+03   0.00000000e+00   1.72645203e+03
   4.49808868e+02   2.43892151e+02   4.88684668e+03   1.70036865e+02
   6.21131201e+03   2.18886414e+02   1.76677948e+02   2.65040932e+01
   3.28104858e+01   1.30943823e+03   3.72544556e+01   6.55270264e+03
   5.62332964e+00   3.63304782e+00   5.85142040e+00   5.12979492e+03
   1.03025711e+02   2.20402565e+01   1.65247574e+01   0.00000000e+00
   3.27945581e+03   3.49163422e+02   5.30051147e+02   6.48741699e+03
   2.67669006e+02   1.22658455e+02   1.89718054e+03   4.71112451e+03
   7.55694437e+00   4.10436670e+03   3.39017725e+00   2.30119705e+02
   0.00000000e+00   9.43143945e+03   1.11949348e+01   1.73723206e+02]
[  1.32389431e+01   4.88371155e+02   7.34146805e+01   2.07177185e+02
   1.68599716e+02   1.26253601e+03   1.05587105e+02   2.45088943e+02
   4.42154770e+01   3.31473351e+01   1.68357043e+03   8.53835510e+02
   4.34860840e+03   1.68362518e+02   4.00352051e+03   3.41454315e+02
   3.51512694e+00   2.62273834e+02   1.05508679e+03   2.71738373e+02
   1.59989914e+02   2.15582371e+01   4.58455811e+03   8.66293182e+01
   1.71537918e+02   4.06208229e+01   2.93333855e+01   2.41967926e+01
   5.26601318e+03   2.25337200e+01   4.76791763e+00   5.06954041e+01
   4.03961206e+03   1.03473320e+02   1.10138235e+01   1.02396716e+03
   5.97852246e+03   4.79531670e+00   8.49896789e-01   1.69338098e+03
   5.45486523e+03   6.04184326e+02   3.70253682e-01   1.25388527e+00
   8.26287460e+00   7.07454224e+02   3.77051709e+03   7.83286209e+01
   3.33978577e+01   5.63892212e+01   6.44052048e+01   8.72626877e+01
   1.68013049e+03   6.48357666e+02   6.90239685e+02   5.00380713e+03
   3.78068781e+00   6.76701021e+00   1.92337292e+03   3.95181201e+03
   2.52729419e+03   3.18590729e+02   6.47282471e+03   5.44024420e+00
   1.85008793e+01   4.16556244e+02   7.04834747e+01   1.32123581e+02
   1.28492393e+01   9.36902893e+02   1.89659460e+03   1.08566248e+03
   3.75807953e+02   1.38551550e+01   1.04206886e+02   1.53681775e+03
   1.08132668e+02   7.24045166e+02   4.23181348e+03   1.75613046e+00
   2.60540409e+01   1.40322723e+02   2.63587915e+03   1.46850700e+01
   1.20690137e+03   4.29725977e+03   7.60564194e+01   1.30030289e+02
   4.57278125e+03   3.79818207e+02   1.63370972e+02   2.03436310e+02
   0.00000000e+00   2.82868457e+03   1.23185587e+01   2.58415508e+01
   2.15306076e+02   4.32328760e+03   1.87530304e+02   7.25009537e+01
   2.12438049e+01   1.55311766e+01   1.01793739e+02   1.01214390e+01
   1.89881763e+03   8.48760319e+00   1.93196167e+02   6.00740723e+03
   3.92615479e+03   1.48231491e+02   6.61762512e+02   2.12144737e+01
   2.00508887e+03   1.30793604e+03   3.25229004e+02   4.81192052e-01
   5.95140915e+01   7.28268433e+01   2.97130371e+03   5.23893051e+01
   9.21459351e+01   2.84087109e+03   0.00000000e+00   7.07457809e+01
   7.18673553e+01   4.42297211e+02   8.98935242e+01   3.67447784e+02
   4.80656592e+03   1.21416247e+00   1.70122879e+02   2.65691284e+03
   1.43543787e+03   7.07227230e+00   8.56085352e+03   1.03580942e+01
   3.98997688e+01   3.10491730e+02   3.73184738e+01   6.78520012e+00
   4.82392090e+03   0.00000000e+00   8.20139160e+02   8.74091644e+01
   3.31596405e+02   2.77723336e+00   3.13615173e-01   1.89737949e+01
   3.56659502e-01   1.13577858e+02   2.57704020e+00   8.09250793e+02
   1.96414581e+02   2.73484741e+03   2.73691467e+02   1.45256042e+03
   1.25899805e+03   1.05511057e+00   1.73733765e+03   7.01740784e+02
   1.11339758e+03   2.70613525e+03   1.66231327e+01   5.14675598e+02
   4.59647217e+03   1.22360498e+03   2.68674683e+02   1.61536026e+01
   1.81375694e+01   1.55505249e+03   5.01627380e+02   0.00000000e+00
   3.49905762e+02   4.52314913e-01   8.50306625e+01   1.57173586e+00
   7.07876587e+00   4.33432080e+03   1.52358505e+02   1.60929546e+01
   1.65804413e+02   1.34462471e+01   2.62666988e+00   2.31864586e+01
   3.92588135e+03   4.48473096e-01   9.54266739e+01   2.42619902e-01
   2.62543738e-01   2.46941833e+01   9.43390179e+00   1.45651352e+02
   9.79233074e+00   2.17805542e+02   4.56565155e+02   3.57892029e+02
   1.06460030e+02   4.80148354e+01   3.22660103e+01   1.16670561e+01
   2.45664005e+01   2.74126862e+02   0.00000000e+00   1.48846877e+00
   1.33923407e+01   3.39965630e+00   4.94154167e+00   2.65665863e+02
   5.23916245e+01   1.08606443e+01   2.43295850e+03   1.10340698e+02
   1.22092462e+00   4.84781191e-02   7.22922134e+01   9.38416901e+01
   4.23339577e+01   7.16086853e+02   2.81006195e+02   1.08138245e+02
   2.48124954e+02   9.16406067e+02   1.23884590e+02   1.71056165e+03
   3.17434349e+01   8.50404663e+01   2.78720728e+03   1.08645111e+02
   3.42261353e+03   3.90240137e+03   3.25092407e+03   8.23265610e+01
   0.00000000e+00   9.67983017e+01   2.22187469e+02   1.19081213e+03
   1.87623877e+03   5.37888241e+00   3.12321045e+03   5.62382263e+02
   6.18040419e+00   5.00112152e+01   4.10948090e+02   0.00000000e+00
   6.49259521e+02   1.29080457e+03   4.50611664e+02   0.00000000e+00
   4.87782196e+02   1.78646648e+00   0.00000000e+00   5.58918518e+02
   2.04985376e+03   0.00000000e+00   9.51228523e+00   6.67322510e+03
   7.20001698e-01   4.01631104e+02   1.40989090e+02   5.66690979e+01
   4.60608594e+03   0.00000000e+00   6.36367090e+03   7.65071411e+01
   3.05221391e+00   1.27485336e+02   4.76574341e+02   1.17059875e+03
   2.80475063e+01   6.12816406e+02   3.22837868e+01   6.49711487e+02
   0.00000000e+00   0.00000000e+00   1.21253937e+02   1.07908363e+02
   4.66279221e+01   9.19691696e+01   1.21469495e+03   7.84573120e+02
   6.76980877e+00   1.51765671e+02   4.35358105e+03   5.49427462e+00
   5.14822379e-02   3.32558569e+03   2.29214172e+02   4.44212723e+00
   3.98508618e+03   8.92486115e+01   6.23798714e+01   0.00000000e+00
   5.72810486e+02   3.37912445e+02   5.05280273e+03   2.80917149e+01
   1.52244202e+03   3.13584351e+02   5.73475418e+01   4.67765533e+02
   3.63442578e+03   1.29541272e+03   5.08463192e+00   8.87662232e-01
   4.64254248e+03   2.84778320e+03   7.64501270e+03   3.38539062e+02
   5.27387440e-01   3.26560913e+02   5.60572876e+02   8.84406281e+01
   1.44217873e+00   5.06155891e+01   6.80906372e+01   7.93911499e+02
   9.12468384e+02   9.14536057e+01   4.02805817e+02   0.00000000e+00
   5.57844698e-01   1.78733337e+03   8.35704193e+01   4.25564844e+03
   4.64965248e+01   1.62155914e+02   1.39205627e+02   0.00000000e+00
   2.62224674e+00   4.15779266e+02   3.30513191e+00   2.45649261e+01
   4.79761086e+01   9.29599991e+01   5.67824097e+02   1.98590908e+01
   5.25620728e+02   2.78702545e+02   2.77905731e+02   2.50404199e+03
   2.00190942e+03   1.66688196e+03   1.74208081e+03   2.48573470e+00
   1.00971428e+02   1.17597046e+03   2.22531616e+03   7.35994644e+01
   1.23127190e+02   4.05429907e+03   1.51626740e+01   0.00000000e+00
   4.96875732e+03   1.17414276e+02   1.50197119e+03   4.15878391e+00
   2.29177905e+03   4.70711731e+02   1.05953918e+02   3.22508354e+01
   1.05108063e+02   1.51852536e+00   1.86787155e+02   1.57298499e+03
   1.22376526e+03   1.58939648e+00   8.42513275e+01   5.87840919e+01
   2.33166523e+01   1.65461528e+00   6.20366699e+03   9.43476963e+00
   4.37515778e+02   1.62117737e+03   0.00000000e+00   4.66474762e+02
   1.35995557e+03   9.29057910e+03   1.53364212e+02   4.78678070e+02
   9.80397705e+02   1.12164974e+01   1.64477066e+02   6.30795670e+00
   1.30289856e+02   1.91589600e+02   4.38455925e+01   1.73856613e+02
   2.14995898e+03   3.83173714e+01   6.60305762e+03   9.41661682e+01
   6.43989502e+02   3.51526794e+01   1.62019864e-01   1.57602020e+02
   2.96061897e+00   6.33759521e+02   1.36289993e+02   2.15703156e+02
   3.42928589e+03   3.23727356e+02   6.21489143e+01   4.41123340e+03
   3.42745581e+03   2.88335297e+02   6.98817932e+02   2.54207945e+00
   6.77023315e+01   8.03815186e+03   8.60772018e+01   1.34126038e+03
   1.69740936e+02   1.97853203e+01   5.43187475e+00   0.00000000e+00
   9.34546814e+02   3.27430176e+03   1.87207153e+03   2.47905469e+03
   7.60706024e+01   2.48372288e+01   3.41375946e+02   0.00000000e+00
   5.39496918e+01   2.90905361e+01   3.35887604e+02   2.79223633e+03
   1.02219287e+03   9.51061157e+02   9.52177734e+03   9.25683880e+00
   1.37829147e+02   2.25189722e+03   9.17144470e+01   1.82964981e+02
   2.70279517e+03   4.83384657e+00   3.03139923e+02   3.46885193e+02
   3.33277855e+01   3.79650002e+01   1.15085892e+02   9.78409653e+01
   2.00728531e+02   2.05131699e+02   9.34647446e+01   1.40613914e+00
   2.04420776e+01   1.27311954e+01   0.00000000e+00   1.74373193e+03
   8.51956738e+03   2.12444531e+03   1.06577789e+02   6.51796265e+02
   9.60696387e+03   3.30010406e+02   1.41348328e+03   8.46226788e+00
   4.68612305e+02   9.03571243e+01   5.30061607e+01   0.00000000e+00
   1.41945544e+03   1.32972046e+03   6.60864563e+01   7.37942383e+03
   6.86944922e+03   5.97883179e+02   1.02288790e+01   7.92203979e+01
   2.49613476e+01   4.01802734e+02   4.96560822e+01   1.52244373e+03
   9.42132339e+01   0.00000000e+00   1.32816019e+01   5.12363315e-01
   1.61589478e+02   1.41782117e+03   7.05963440e+01   1.36443738e+03
   7.27077789e+01   2.01794505e+00   9.72322941e+00   7.61635156e+03
   5.30737829e+00   5.72762680e+01   6.97258911e+02   1.47938953e+03
   6.77933216e+00   0.00000000e+00   6.86833252e+02   9.14930115e+01
   6.51755714e+00   1.38443494e+03   6.88244141e+02   3.92179980e+03
   1.33512939e+03   9.17782898e+01   3.99628906e+02   5.16000977e+03
   1.61577362e+02   0.00000000e+00   1.97493423e+02   4.79425244e+03
   1.05371994e+02   3.82338928e+02   1.50326355e+02   4.50990527e+03]
[  6.52201782e+02   1.85565147e+01   1.56044364e+00   1.41272154e+01
   4.71918726e+00   2.10077783e+03   2.05395012e+01   8.42402191e+01
   2.92191887e+00   8.82604614e+02   1.57595005e+01   6.61704483e+01
   4.50801147e+02   1.75585999e+03   3.59759888e+02   1.65377975e-01
   2.63344364e+01   5.97575256e+02   1.07425156e+02   1.10688770e+00
   2.69890308e+01   3.66413221e-02   1.47238678e+02   1.36750098e+03
   0.00000000e+00   2.78572202e+00   6.71212006e+00   3.29649277e+01
   1.00675306e+01   4.44244118e+01   2.90294476e+01   8.90870810e-01
   1.50177078e+02   8.48034382e+00   3.00615039e+03   1.77189221e+03
   1.61309795e+01   1.49669775e+03   4.95601959e+01   7.80696259e+01
   1.15509033e+01   3.73121643e+01   1.60229187e+01   4.70343094e+01
   2.15646706e+01   6.53543777e+01   4.77223419e+02   0.00000000e+00
   4.52542572e+01   4.94032249e+01   1.27833923e+03   0.00000000e+00
   3.46986542e+01   6.39311256e+01   0.00000000e+00   3.52532463e+01
   2.04078522e+01   1.25868425e+01   2.37145813e+02   3.91529999e+02
   8.31273460e+00   7.21523514e+01   4.67462425e+01   5.11706085e+01
   1.60955696e+01   1.51303816e+01   2.81176788e+02   3.34510269e+01
   3.64156227e+01   2.50734921e+01   1.57068348e+01   1.46765991e+03
   2.41194458e+01   1.32661318e+04   1.85194788e+03   2.66018486e+00
   1.49740314e+01   1.26710424e+01   2.69128265e+01   6.39062214e+00
   4.64268341e+01   5.24788666e+01   4.58281326e+00   1.31570311e+01
   2.27915516e+01   4.61669588e+00   1.09039294e+03   1.09270210e+01
   1.25296066e+02   1.78297653e+01   2.28907051e+01   5.45984154e+01
   6.02571373e+01   6.33627625e+02   2.58626007e+02   2.36899033e+01
   4.04475174e+01   6.34893761e+01   9.95362320e+01   6.48676376e+01
   0.00000000e+00   2.56873627e+01   5.88746948e+01   5.28880997e+01
   1.36920071e+01   1.78827496e+01   4.71819937e-01   1.90272314e+03
   3.42014885e+01   1.17888391e+00   5.95965027e+02   9.65731716e+00
   1.00388803e+01   1.46805573e+02   0.00000000e+00   4.40045834e-01
   1.70868530e+01   8.39964142e+01   3.28493408e+03   2.07145691e+00
   3.34743225e+02   2.42221699e+01   1.32035351e+01   7.49565172e+00
   2.37697339e+00   1.49932871e+04   1.00402594e+00   4.55669518e+01
   1.33076062e+03   2.64300690e+02   2.68826275e+01   2.04836472e+02
   9.03466415e+01   5.82029390e+00   3.19774561e+03   4.08219862e+00
   4.99340439e+00   1.57199240e+01   2.26686206e+03   2.59960423e+01
   1.15445442e+01   1.03553699e+03   6.91267014e+00   1.20061609e+03
   1.54615278e+01   1.19921822e+02   1.08596921e+00   2.25685928e+02
   5.52815857e+02   7.33682442e+00   1.50361347e+01   3.79125488e+02
   1.18144827e+01   7.85610657e+01   1.09063489e+03   8.84272690e+01
   5.60331955e+01   0.00000000e+00   4.02074289e+00   1.91683704e+03
   5.90408252e+03   3.60484888e+03   6.58905649e+00   1.96620369e+01
   3.39835358e+01   4.90066643e+01   4.14788933e+01   5.36153183e+01
   2.60512199e+01   6.67367315e+00   2.11673126e+02   6.93133533e-01
   3.49494720e+00   7.11295227e+02   4.21628189e+01   1.43123154e+02
   1.46578484e+01   1.89303951e+01   5.87385750e+01   1.41654285e+03
   6.29049377e+02   4.14627495e+01   1.19509082e+03   3.47237213e+02
   8.02636261e+01   9.55478210e+01   3.75271082e-01   7.92194158e-02
   6.29541817e+01   1.45352432e+02   4.05143776e+01   3.41022110e+00
   5.26456982e+03   2.91371803e+01   3.42772627e+00   1.75309486e+01
   5.46466637e+01   3.57424431e+01   7.40694885e+01   1.54842017e+03
   3.77439995e+01   1.59478891e+00   8.40197937e+02   2.72744980e+01
   1.13804359e+01   4.76037598e+00   2.06221069e+03   4.88612270e+00
   4.09019814e+01   3.00869019e+02   7.32285004e+01   4.59705162e+00
   4.50868317e+02   5.07489204e+01   1.24077698e+02   3.72509705e+02
   0.00000000e+00   6.79516220e+01   2.68453857e+03   3.86771332e+02
   0.00000000e+00   9.60421562e+00   1.46401291e+01   1.51267815e+01
   1.07679840e+02   1.33649841e+03   9.33249359e+01   7.96716614e+01
   7.26632547e+00   6.94914322e+01   1.10376072e+01   1.35018848e+03
   7.09873169e+02   1.85981152e+03   0.00000000e+00   0.00000000e+00
   1.18209686e+02   2.79534204e+03   3.07942896e+03   9.51818180e+00
   5.60811348e+01   5.01003456e+01   4.55597763e+01   0.00000000e+00
   1.81966629e+01   0.00000000e+00   1.60419080e+03   0.00000000e+00
   6.59791031e+01   4.49652100e+01   9.68582764e+02   1.74616356e+01
   1.38076477e+01   8.76018372e+02   9.68162720e+02   1.11453209e+01
   7.82434387e+01   7.49213791e+01   1.95872021e+03   7.14423599e+01
   1.79743317e+02   5.20184088e+00   5.74023254e+02   5.76679001e+01
   1.26723423e+01   0.00000000e+00   1.22898125e+02   2.72567711e+01
   2.08760881e+00   4.65356674e+01   3.72093481e+03   3.06742371e+02
   3.39654579e+01   9.29254368e-02   8.26788177e+01   5.63213120e+01
   4.11540222e+02   3.80606308e+01   1.83563271e+01   7.33218145e+00
   8.71738220e+02   2.86380829e+02   1.01075127e+02   1.23691150e+03
   9.93812637e+01   2.11300049e+01   1.19795961e+01   3.15755138e+01
   1.02164909e+02   5.22611694e+01   1.97255884e+03   6.32351036e+01
   2.82418327e+01   3.41595497e+01   3.56965523e+01   3.36688690e+02
   1.52941132e+01   9.40777588e+02   5.01067009e+01   5.30649316e+03
   2.43221588e+02   5.65448341e+01   2.70711157e+03   2.53638733e+02
   1.67225555e+02   1.89836426e+02   3.70297661e+01   4.12885773e+02
   5.13616714e+01   8.91957321e+01   8.04417610e-01   1.53125896e+01
   1.29187593e+01   4.42998543e+01   2.61526855e+03   3.20946846e+01
   2.46876782e+03   9.67299640e-02   1.25034973e+03   8.06951752e+01
   3.05968475e+02   3.37218971e+01   8.93313751e+01   2.04323700e+02
   1.28925430e+02   7.46866531e+01   5.26136303e+00   1.26310646e+02
   9.73959732e+00   2.13379002e+01   2.98048186e+00   5.67488003e+00
   0.00000000e+00   2.37401077e+02   7.43411779e+00   5.06581329e+02
   2.62774158e+00   8.89031372e+01   2.14940090e+01   4.76289398e+02
   8.30763855e+01   0.00000000e+00   9.25847931e+01   2.27592316e+01
   1.13580368e-01   5.86089730e-01   9.83677826e+01   4.66308117e+00
   5.81204128e+00   2.41299706e+01   5.74219780e+01   1.17100525e+01
   0.00000000e+00   1.48438400e+02   1.61354752e+01   5.45032471e+03
   7.74489822e+01   9.34145203e+01   7.91818390e+01   1.46417084e+01
   2.64622355e+00   2.04503632e+02   6.47987366e+01   8.72126160e+01
   1.45988062e+03   1.25863228e+01   1.46134415e+01   5.42776155e+00
   9.45293579e+01   2.04860439e+01   0.00000000e+00   6.92598572e+02
   5.97477875e+01   0.00000000e+00   2.33538380e+01   7.60842514e+00
   2.27832861e+03   5.16018105e+00   1.83596916e+01   1.53599100e+01
   2.83108158e+01   2.37813892e+03   1.70535242e+03   0.00000000e+00
   5.26067444e+02   8.74227676e+01   3.55739021e+01   2.44460583e+00
   3.33624535e+01   0.00000000e+00   2.36713379e+03   5.47111549e+01
   1.91184952e+02   1.20291885e+02   1.74275464e+03   6.17607605e+02
   5.92851562e+02   3.11178341e+01   3.10157833e+01   1.97466760e+03
   1.27764076e+02   1.66694202e+01   4.26077366e+00   4.16549397e+00
   2.04505783e+02   1.72879163e+03   2.21929131e+01   7.16323624e+01
   6.65136337e+01   1.27154556e+02   1.10702271e+03   8.79400391e+02
   9.88082123e+00   1.05195972e+03   4.91204712e+02   0.00000000e+00
   5.15960426e+01   7.17404175e+00   1.73178674e+03   8.05691605e+01
   4.20124084e+02   1.62695274e+01   1.27833580e+02   4.41052818e+00
   7.95111465e+01   1.78488098e+03   3.30648987e+02   4.27260590e+01
   1.21644873e+04   1.96027222e+02   1.01274597e+02   3.19779453e+01
   1.05806770e+02   8.85170349e+02   9.77782669e+01   2.23964990e+03
   1.65768176e+03   1.39623703e+02   3.91756325e+01   9.86431122e+01
   8.43355370e+00   1.44992566e+03   1.58424927e+02   8.34703674e+01
   2.93996086e+01   6.31866112e+01   3.69292676e-01   1.07170280e+02
   6.95512199e+00   1.59525852e+01   1.08446205e+00   7.35692739e+00
   4.46978092e+00   2.53591309e+02   8.98232040e+01   4.46082227e+03
   4.71528015e+01   3.52693359e+03   1.90796066e+02   5.10867195e+01
   1.24286774e+02   5.98418640e+02   5.81999817e+01   1.92332821e+01
   9.80315491e+02   2.59731150e+00   2.39967798e+03   1.64532211e+02
   1.63237629e+01   2.06322365e+01   9.42889023e+01   7.83206482e+01
   1.35225769e+03   1.92403003e+03   9.54358673e+01   1.71542737e+03
   8.63038254e+00   0.00000000e+00   3.00904655e+00   8.57903898e-01
   8.17308578e+01   2.68217049e+01   1.60027502e+03   2.42790356e-01
   9.72524567e+01   1.03979435e+01   4.30576477e+01   2.12483008e+03
   8.67106056e+00   0.00000000e+00   2.19859581e+01   1.43476044e+02
   1.23406286e+01   1.41852808e+03   6.69991516e+02   1.31300598e+03
   1.23528101e+03   2.42097260e+02   6.24642982e+01   1.77777176e+01
   1.85434363e+03   9.67189312e+00   9.65690804e+00   2.23698242e+03
   1.28048141e+02   2.44753067e+02   1.17406130e+01   4.36770386e+02
   2.58388501e+03   6.83893860e+02   1.31176196e+03   2.38908505e+00]
